Step  Penalty
100  0.527846
200  0.510962
300  0.499745
400  0.488677
500  0.478401
600  0.465008
700  0.451768
800  0.44109
900  0.428868
1000  0.415034
1100  0.403431
1200  0.393
1300  0.382069
1400  0.370831
1500  0.359853
1600  0.349233
1700  0.338023
1800  0.326282
1900  0.315884
2000  0.306051
2100  0.297687
2200  0.290055
2300  0.282414
2400  0.275848
2500  0.269997
2600  0.264405
2700  0.259151
2800  0.253637
2900  0.248269
3000  0.244757
3100  0.241314
3200  0.23769
3300  0.23334
3400  0.229572
3500  0.226322
3600  0.223943
3700  0.221955
3800  0.220011
3900  0.218437
4000  0.217078
4100  0.215552
4200  0.213919
4300  0.21268
4400  0.21167
4500  0.210707
4600  0.209927
4700  0.209209
4800  0.208446
4900  0.20771
5000  0.206868
5100  0.206192
5200  0.205631
5300  0.204903
5400  0.204312
5500  0.203704
5600  0.203134
5700  0.202581
5800  0.202109
5900  0.201681
6000  0.201187
6100  0.200799
6200  0.200508
6300  0.200169
6400  0.199893
6500  0.199602
6600  0.199349
6700  0.199181
6800  0.198936
6900  0.198661
7000  0.198438
7100  0.198197
7200  0.19796
7300  0.197686
7400  0.197405
7500  0.197153
7600  0.196914
7700  0.196809
7800  0.196619
7900  0.196398
8000  0.196139
8100  0.19595
8200  0.195732
8300  0.195429
8400  0.195179
8500  0.194949
8600  0.194726
8700  0.19459
8800  0.194342
8900  0.194235
9000  0.194131
9100  0.194039
9200  0.193861
9300  0.193693
9400  0.193606
9500  0.193404
9600  0.193248
9700  0.193109
9800  0.193014
9900  0.192968
10000  0.19283
10100  0.192656
10200  0.192514
10300  0.192441
10400  0.192319
10500  0.192198
10600  0.192145
10700  0.191996
10800  0.191913
10900  0.191837
11000  0.191816
11100  0.191799
11200  0.191588
11300  0.191507
11400  0.191441
11500  0.191375
11600  0.191369
11700  0.191289
11800  0.191193
11900  0.191126
12000  0.191082
12100  0.191027
12200  0.190955
12300  0.190923
12400  0.190888
12500  0.190859
12600  0.190852
12700  0.190793
12800  0.190707
12900  0.190667
13000  0.190595
13100  0.19057
13200  0.190362
13300  0.190313
13400  0.190238
13500  0.190139
13600  0.190109
13700  0.190073
13800  0.190024
13900  0.189984
14000  0.189936
14100  0.189814
14200  0.189801
14300  0.189747
14400  0.189718
14500  0.189638
14600  0.189592
14700  0.189569
14800  0.18952
14900  0.189501
15000  0.189456
15100  0.189395
15200  0.18933
15300  0.189261
15400  0.189212
15500  0.18916
15600  0.189119
15700  0.189047
15800  0.188958
15900  0.188938
16000  0.18893
16100  0.188868
16200  0.188825
16300  0.188692
16400  0.188635
16500  0.188604
16600  0.18852
16700  0.18846
16800  0.188409
16900  0.188383
17000  0.18834
17100  0.18827
17200  0.188244
17300  0.188226
17400  0.188218
17500  0.188178
17600  0.188134
17700  0.188113
17800  0.188068
17900  0.188046
18000  0.188029
18100  0.187959
18200  0.187946
18300  0.187926
18400  0.187905
18500  0.187877
18600  0.187824
18700  0.187779
18800  0.187767
18900  0.187767
19000  0.187732
19100  0.187699
19200  0.187678
19300  0.187654
19400  0.187612
19500  0.187608
19600  0.187602
19700  0.187592
19800  0.187574
19900  0.187553
20000  0.187551
20100  0.18753
20200  0.187481
20300  0.187464
20400  0.187436
20500  0.187415
20600  0.187388
20700  0.187351
20800  0.18734
20900  0.187323
21000  0.187293
21100  0.187293
21200  0.187287
21300  0.18726
21400  0.187258
21500  0.187258
21600  0.187249
21700  0.18722
21800  0.187179
21900  0.187179
22000  0.187178
22100  0.187136
22200  0.187136
22300  0.187125
22400  0.187097
22500  0.187018
22600  0.187017
22700  0.186979
22800  0.186966
22900  0.186952
23000  0.186936
23100  0.186922
23200  0.186917
23300  0.186874
23400  0.186874
23500  0.186869
23600  0.186858
23700  0.186822
23800  0.186822
23900  0.186815
24000  0.186801
24100  0.186787
24200  0.186787
24300  0.186774
24400  0.186773
24500  0.186748
24600  0.186688
24700  0.186644
24800  0.186638
24900  0.186638
25000  0.186624
25100  0.186622
25200  0.186622
25300  0.186618
25400  0.186594
25500  0.186586
25600  0.186565
25700  0.186554
25800  0.186549
25900  0.186541
26000  0.186532
26100  0.186532
26200  0.186532
26300  0.186528
26400  0.186506
26500  0.186496
26600  0.186492
26700  0.186487
26800  0.186478
26900  0.186478
27000  0.186478
27100  0.18647
27200  0.18647
27300  0.186436
27400  0.186436
27500  0.186409
27600  0.186407
27700  0.186407
27800  0.186355
27900  0.186347
28000  0.18634
28100  0.186297
28200  0.186295
28300  0.186289
28400  0.186289
28500  0.186277
28600  0.186246
28700  0.18622
28800  0.186197
28900  0.186177
29000  0.186168
29100  0.186159
29200  0.186159
29300  0.186109
29400  0.186101
29500  0.186101
29600  0.186075
29700  0.186075
29800  0.186054
29900  0.186052
30000  0.186052
30100  0.186029
30200  0.185983
30300  0.185965
30400  0.185964
30500  0.185941
30600  0.185941
30700  0.185909
30800  0.185909
30900  0.185883
31000  0.18587
31100  0.18587
31200  0.18587
31300  0.185868
31400  0.185851
31500  0.185823
31600  0.185803
31700  0.18579
31800  0.18579
31900  0.185786
32000  0.185786
32100  0.185786
32200  0.185769
32300  0.185757
32400  0.185757
32500  0.185741
32600  0.185741
32700  0.185739
32800  0.185739
32900  0.185735
33000  0.185706
33100  0.185706
33200  0.185706
33300  0.185703
33400  0.185703
33500  0.185665
33600  0.185634
33700  0.185589
33800  0.185586
33900  0.185571
34000  0.185571
34100  0.185547
34200  0.185543
34300  0.185543
34400  0.185539
34500  0.185517
34600  0.185516
34700  0.185515
34800  0.185515
34900  0.185482
35000  0.185473
35100  0.185449
35200  0.185443
35300  0.185443
35400  0.185441
35500  0.185436
35600  0.185436
35700  0.185393
35800  0.185393
35900  0.185393
36000  0.185391
36100  0.185391
36200  0.185371
36300  0.185369
36400  0.185369
36500  0.185366
36600  0.185337
36700  0.185337
36800  0.185323
36900  0.185323
37000  0.185323
37100  0.185305
37200  0.185305
37300  0.185291
37400  0.185283
37500  0.185283
37600  0.185283
37700  0.185283
37800  0.185283
37900  0.185283
38000  0.185276
38100  0.185265
38200  0.18526
38300  0.18526
38400  0.18525
38500  0.185246
38600  0.18523
38700  0.185221
38800  0.185221
38900  0.185219
39000  0.185197
39100  0.185175
39200  0.185175
39300  0.185162
39400  0.185162
39500  0.185143
39600  0.185143
39700  0.185128
39800  0.185119
39900  0.185086
40000  0.185074
40100  0.185074
40200  0.185074
40300  0.185068
40400  0.185042
40500  0.185022
40600  0.185004
40700  0.185004
40800  0.184994
40900  0.184994
41000  0.184994
41100  0.184993
41200  0.184987
41300  0.184966
41400  0.184966
41500  0.184966
41600  0.184966
41700  0.184961
41800  0.184924
41900  0.184892
42000  0.184892
42100  0.184869
42200  0.184854
42300  0.184847
42400  0.184836
42500  0.184836
42600  0.184807
42700  0.184791
42800  0.184785
42900  0.184768
43000  0.184762
43100  0.18475
43200  0.184726
43300  0.184706
43400  0.184706
43500  0.184671
43600  0.184636
43700  0.184633
43800  0.184627
43900  0.18459
44000  0.18459
44100  0.184577
44200  0.184542
44300  0.184537
44400  0.18451
44500  0.18451
44600  0.18451
44700  0.184489
44800  0.184486
44900  0.184486
45000  0.184486
45100  0.184486
45200  0.184447
45300  0.184447
45400  0.184445
45500  0.184427
45600  0.184427
45700  0.18441
45800  0.184392
45900  0.184379
46000  0.184363
46100  0.184348
46200  0.184348
46300  0.184345
46400  0.184344
46500  0.184344
46600  0.184337
46700  0.184337
46800  0.184338
46900  0.184337
47000  0.184311
47100  0.184308
47200  0.184297
47300  0.184283
47400  0.184283
47500  0.184281
47600  0.184283
47700  0.184282
47800  0.184279
47900  0.184278
48000  0.184272
48100  0.184261
48200  0.184261
48300  0.184253
48400  0.184203
48500  0.184191
48600  0.184175
48700  0.184176
48800  0.184173
48900  0.184173
49000  0.18417
49100  0.184169
49200  0.184164
49300  0.184146
49400  0.184149
49500  0.184148
49600  0.184135
49700  0.184138
49800  0.184124
49900  0.184121
50000  0.184122
50100  0.184106
50200  0.184106
50300  0.184079
50400  0.184079
50500  0.184078
50600  0.184072
50700  0.184072
50800  0.184071
50900  0.184055
51000  0.184051
51100  0.184023
51200  0.18402
51300  0.184021
51400  0.184013
51500  0.184006
51600  0.184004
51700  0.184
51800  0.18399
51900  0.183977
52000  0.183974
52100  0.183968
52200  0.183951
52300  0.183943
52400  0.183943
52500  0.183939
52600  0.183923
52700  0.183903
52800  0.183907
52900  0.183904
53000  0.183907
53100  0.183907
53200  0.18388
53300  0.183884
53400  0.183877
53500  0.183882
53600  0.183854
53700  0.183861
53800  0.183858
53900  0.183837
54000  0.18384
54100  0.183822
54200  0.183827
54300  0.183822
54400  0.183815
54500  0.183811
54600  0.183808
54700  0.183808
54800  0.183792
54900  0.183777
55000  0.183774
55100  0.183738
55200  0.183722
55300  0.183711
55400  0.183697
55500  0.183696
55600  0.183677
55700  0.183642
55800  0.183623
55900  0.183591
56000  0.183561
56100  0.183507
56200  0.183496
56300  0.183478
56400  0.183454
56500  0.183439
56600  0.183421
56700  0.18341
56800  0.183404
56900  0.183406
57000  0.18336
57100  0.183353
57200  0.183314
57300  0.18329
57400  0.183194
57500  0.183166
57600  0.183106
57700  0.183099
57800  0.183078
57900  0.183074
58000  0.183038
58100  0.183015
58200  0.182941
58300  0.182914
58400  0.18283
58500  0.182738
58600  0.182665
58700  0.182646
58800  0.182613
58900  0.182592
59000  0.18247
59100  0.182421
59200  0.182428
59300  0.182397
59400  0.182371
59500  0.182299
59600  0.182255
59700  0.182187
59800  0.182117
59900  0.182093
60000  0.182049
60100  0.182014
60200  0.181902
