Step  Penalty
10  0.498038
20  0.498038
30  0.498038
40  0.498038
50  0.493368
60  0.493368
70  0.493368
80  0.493368
90  0.485203
100  0.485203
110  0.485203
120  0.485203
130  0.485203
140  0.485203
150  0.485203
160  0.485203
170  0.485203
180  0.485203
190  0.485203
200  0.485203
210  0.485203
220  0.485203
230  0.485203
240  0.485203
250  0.485203
260  0.485203
270  0.485203
280  0.485203
290  0.485203
300  0.485203
310  0.485203
320  0.485203
330  0.485203
340  0.485203
350  0.485203
360  0.485203
370  0.485203
380  0.485203
390  0.485203
400  0.485203
410  0.485203
420  0.485203
430  0.485203
440  0.485203
450  0.485203
460  0.485203
470  0.485203
480  0.485203
490  0.485203
500  0.485203
510  0.485203
520  0.485203
530  0.484009
540  0.484009
550  0.484009
560  0.484009
570  0.484009
580  0.484009
590  0.484009
600  0.484009
610  0.481755
620  0.481755
630  0.481755
640  0.481755
650  0.481755
660  0.481755
670  0.481755
680  0.481755
690  0.481755
700  0.481755
710  0.481755
720  0.481755
730  0.481755
740  0.472962
750  0.472962
760  0.472962
770  0.472962
780  0.472962
790  0.472962
800  0.472962
810  0.472962
820  0.472962
830  0.472962
840  0.472962
850  0.472962
860  0.472962
870  0.472962
880  0.472962
890  0.472962
900  0.472962
910  0.472962
920  0.472962
930  0.472962
940  0.472962
950  0.472962
960  0.472962
970  0.472962
980  0.472962
990  0.472962
1000  0.472962
1010  0.472962
1020  0.472962
1030  0.472962
1040  0.472962
1050  0.472962
1060  0.472962
1070  0.472962
1080  0.472962
1090  0.472962
1100  0.472962
1110  0.472962
1120  0.472962
1130  0.472962
1140  0.472962
1150  0.472962
1160  0.472962
1170  0.472962
1180  0.472962
1190  0.472962
1200  0.472962
1210  0.472962
1220  0.472962
1230  0.472962
1240  0.472962
1250  0.472962
1260  0.472962
1270  0.472962
1280  0.472962
1290  0.472962
1300  0.472962
1310  0.472962
1320  0.472962
1330  0.472962
1340  0.472962
1350  0.472343
1360  0.472343
1370  0.472343
1380  0.472343
1390  0.472343
1400  0.472343
1410  0.472343
1420  0.472343
1430  0.472343
1440  0.472343
1450  0.472343
1460  0.472343
1470  0.472343
1480  0.472343
1490  0.472343
1500  0.472343
1510  0.472343
1520  0.472343
1530  0.472343
1540  0.470469
1550  0.470469
1560  0.470469
1570  0.470469
1580  0.470469
1590  0.470469
1600  0.470469
1610  0.470469
1620  0.470469
1630  0.470469
1640  0.470469
1650  0.470469
1660  0.470469
1670  0.470469
1680  0.470469
1690  0.470469
1700  0.470469
1710  0.470469
1720  0.470469
1730  0.470469
1740  0.470469
1750  0.470469
1760  0.470469
1770  0.470469
1780  0.470469
1790  0.470469
1800  0.470469
1810  0.470469
1820  0.470469
1830  0.470469
1840  0.470469
1850  0.470469
1860  0.470469
1870  0.470469
1880  0.470469
1890  0.470469
1900  0.470469
1910  0.470469
1920  0.470469
1930  0.470469
1940  0.470469
1950  0.470469
1960  0.470469
1970  0.470469
1980  0.470469
1990  0.470469
2000  0.470469
2010  0.470469
2020  0.470469
2030  0.470469
2040  0.470469
2050  0.470469
2060  0.470469
2070  0.470469
2080  0.470469
2090  0.470469
2100  0.470469
2110  0.470469
2120  0.470469
2130  0.470469
2140  0.470469
2150  0.470469
2160  0.470469
2170  0.470469
2180  0.470469
2190  0.470469
2200  0.470469
2210  0.470469
2220  0.470469
2230  0.470469
2240  0.470469
2250  0.470469
2260  0.470469
2270  0.470469
2280  0.470469
2290  0.470469
2300  0.470469
2310  0.470469
2320  0.470469
2330  0.470469
2340  0.470469
2350  0.470469
2360  0.470469
2370  0.470469
2380  0.470469
2390  0.470469
2400  0.470469
2410  0.470469
2420  0.470469
2430  0.470469
2440  0.470469
2450  0.470469
2460  0.470469
2470  0.470469
2480  0.470469
2490  0.470469
2500  0.470469
2510  0.470469
2520  0.470469
2530  0.470469
2540  0.470469
2550  0.470469
2560  0.470469
2570  0.470469
2580  0.470469
2590  0.470469
2600  0.470469
2610  0.470469
2620  0.470469
2630  0.470469
2640  0.470469
2650  0.470469
2660  0.470469
2670  0.470469
2680  0.470469
2690  0.470469
2700  0.470469
2710  0.470469
2720  0.470469
2730  0.470469
2740  0.470469
2750  0.470469
2760  0.470469
2770  0.470469
2780  0.470469
2790  0.470469
2800  0.470469
2810  0.470469
2820  0.470469
2830  0.470469
2840  0.470469
2850  0.470469
2860  0.470469
2870  0.470469
2880  0.470469
2890  0.470469
2900  0.470469
2910  0.470469
2920  0.470469
2930  0.470469
2940  0.470469
2950  0.470469
2960  0.470469
2970  0.470469
2980  0.470469
2990  0.470469
3000  0.470469
3010  0.470469
3020  0.470469
3030  0.470469
3040  0.470469
3050  0.470469
3060  0.470469
3070  0.470469
3080  0.470469
3090  0.470469
3100  0.470469
3110  0.470469
3120  0.470469
3130  0.470469
3140  0.470469
3150  0.470469
3160  0.470469
3170  0.470469
3180  0.470469
3190  0.470469
3200  0.470469
3210  0.470469
3220  0.470469
3230  0.470469
3240  0.470469
3250  0.470469
3260  0.470469
3270  0.470469
3280  0.470469
3290  0.470469
3300  0.470469
3310  0.470469
3320  0.470469
3330  0.470469
3340  0.470469
3350  0.470469
3360  0.470469
3370  0.470469
3380  0.470469
3390  0.470469
3400  0.470469
3410  0.470469
3420  0.470469
3430  0.470469
3440  0.470469
3450  0.470469
3460  0.470469
3470  0.470469
3480  0.470469
3490  0.470469
3500  0.470469
3510  0.470469
3520  0.470469
3530  0.470469
3540  0.470469
3550  0.470469
3560  0.470469
3570  0.470469
3580  0.470469
3590  0.470469
3600  0.470469
3610  0.470469
3620  0.470469
3630  0.470469
3640  0.470469
3650  0.470469
3660  0.470469
3670  0.470469
3680  0.470469
3690  0.470469
3700  0.470469
3710  0.470469
3720  0.470469
3730  0.470469
3740  0.470469
3750  0.470469
3760  0.470469
3770  0.470469
3780  0.470469
3790  0.470469
3800  0.470469
3810  0.470469
3820  0.470469
3830  0.470469
3840  0.470469
3850  0.470469
3860  0.470469
3870  0.470469
3880  0.470469
3890  0.470469
3900  0.470469
3910  0.470469
3920  0.470469
3930  0.470469
3940  0.470469
3950  0.470469
3960  0.470469
3970  0.470469
3980  0.470469
3990  0.470469
4000  0.470469
4010  0.470469
4020  0.470469
4030  0.470469
4040  0.470469
4050  0.470469
4060  0.470469
4070  0.470469
4080  0.470469
4090  0.470469
4100  0.470469
4110  0.470469
4120  0.470469
4130  0.470469
4140  0.470469
4150  0.470469
4160  0.470469
4170  0.470469
4180  0.470469
4190  0.470469
4200  0.470469
4210  0.470469
4220  0.470469
4230  0.470469
4240  0.470469
4250  0.470469
4260  0.470469
4270  0.470469
4280  0.470469
4290  0.470469
4300  0.470469
4310  0.470469
4320  0.470469
4330  0.470469
4340  0.470469
4350  0.470469
4360  0.470469
4370  0.470469
4380  0.470469
4390  0.470469
4400  0.470469
4410  0.470469
4420  0.470469
4430  0.470469
4440  0.470469
4450  0.470469
4460  0.470469
4470  0.470469
4480  0.470469
4490  0.470469
4500  0.470469
4510  0.470469
4520  0.470469
4530  0.470469
4540  0.470469
4550  0.470469
4560  0.470469
4570  0.470469
4580  0.470469
4590  0.470469
4600  0.470469
4610  0.470469
4620  0.470469
4630  0.470469
4640  0.470469
4650  0.470469
4660  0.470469
4670  0.470469
4680  0.470469
4690  0.470469
4700  0.470469
4710  0.470469
4720  0.470469
4730  0.470469
4740  0.470469
4750  0.470469
4760  0.470469
4770  0.470469
4780  0.470469
4790  0.470469
4800  0.470469
4810  0.470469
4820  0.470469
4830  0.470469
4840  0.470469
4850  0.470469
4860  0.470469
4870  0.470469
4880  0.470469
4890  0.470469
4900  0.470469
4910  0.470469
4920  0.470469
4930  0.470469
4940  0.470469
4950  0.470469
4960  0.470469
4970  0.470469
4980  0.470469
4990  0.470469
5000  0.470469
5010  0.470469
5020  0.470469
5030  0.470469
5040  0.470469
5050  0.470469
5060  0.470469
5070  0.470469
5080  0.470469
5090  0.470469
5100  0.470469
5110  0.470469
5120  0.470469
5130  0.470469
5140  0.470469
5150  0.470469
5160  0.470469
5170  0.470469
5180  0.470469
5190  0.470469
5200  0.470469
5210  0.470469
5220  0.470469
5230  0.470469
5240  0.470469
5250  0.470469
5260  0.470469
5270  0.470469
5280  0.470469
5290  0.470469
5300  0.470469
5310  0.470469
5320  0.470469
5330  0.470469
5340  0.470469
5350  0.470469
5360  0.470469
5370  0.470469
5380  0.470469
5390  0.470469
5400  0.470469
5410  0.470469
5420  0.470469
5430  0.470469
5440  0.470469
5450  0.470469
5460  0.470469
5470  0.470469
5480  0.470469
5490  0.470469
5500  0.470469
5510  0.470469
5520  0.470469
5530  0.470469
5540  0.470469
5550  0.470469
5560  0.470469
5570  0.470469
5580  0.470469
5590  0.470469
5600  0.470469
5610  0.470469
5620  0.470469
5630  0.470469
5640  0.470469
5650  0.470469
5660  0.470469
5670  0.470469
5680  0.470469
5690  0.470469
5700  0.470469
5710  0.470469
5720  0.470469
5730  0.470469
5740  0.470469
5750  0.470469
5760  0.470469
5770  0.470469
5780  0.470469
5790  0.470469
5800  0.470469
5810  0.470469
5820  0.470469
5830  0.470469
5840  0.470469
5850  0.470469
5860  0.470469
5870  0.470469
5880  0.470469
5890  0.470469
5900  0.470469
5910  0.470469
5920  0.470469
5930  0.470469
5940  0.470469
5950  0.470469
5960  0.470469
5970  0.470469
5980  0.470469
5990  0.470469
6000  0.470469
6010  0.470469
6020  0.470469
6030  0.470469
6040  0.470469
6050  0.470469
6060  0.470469
6070  0.470469
6080  0.470469
6090  0.470469
6100  0.470469
6110  0.470469
6120  0.470469
6130  0.470469
6140  0.470469
6150  0.470469
6160  0.470469
6170  0.470469
6180  0.470469
6190  0.470469
6200  0.470469
6210  0.470469
6220  0.470469
6230  0.470469
6240  0.470469
6250  0.470469
6260  0.470469
6270  0.470469
6280  0.470469
6290  0.470469
6300  0.470469
6310  0.470469
6320  0.470469
6330  0.470469
6340  0.470469
6350  0.470469
6360  0.470469
6370  0.470469
6380  0.470469
6390  0.470469
6400  0.470469
6410  0.470469
6420  0.470469
6430  0.470469
6440  0.470469
6450  0.470469
6460  0.470469
6470  0.470469
6480  0.470469
6490  0.470469
6500  0.470469
6510  0.470469
6520  0.470469
6530  0.470469
6540  0.470469
6550  0.470469
6560  0.470469
6570  0.470469
6580  0.470469
6590  0.470469
6600  0.470469
6610  0.470469
6620  0.470469
6630  0.470469
6640  0.470469
6650  0.470469
6660  0.470469
6670  0.470469
6680  0.470469
6690  0.470469
6700  0.470469
6710  0.470469
6720  0.470469
6730  0.470469
6740  0.470469
6750  0.470469
6760  0.470469
6770  0.470469
6780  0.470469
6790  0.470469
6800  0.470469
6810  0.470469
6820  0.470469
6830  0.470469
6840  0.468987
6850  0.468987
6860  0.468987
6870  0.468987
6880  0.468987
6890  0.468987
6900  0.468987
6910  0.468987
6920  0.468987
6930  0.468987
6940  0.468987
6950  0.468987
6960  0.468987
6970  0.468987
6980  0.468987
6990  0.468987
7000  0.468987
7010  0.468987
7020  0.468987
7030  0.468987
7040  0.468987
7050  0.468987
7060  0.468987
7070  0.468987
7080  0.468987
7090  0.468987
7100  0.468987
7110  0.468987
7120  0.468987
7130  0.468987
7140  0.468987
7150  0.468987
7160  0.468987
7170  0.468987
7180  0.468987
7190  0.468987
7200  0.468987
7210  0.468987
7220  0.468987
7230  0.468987
7240  0.468987
7250  0.468987
7260  0.468987
7270  0.468987
7280  0.468987
7290  0.468987
7300  0.468987
7310  0.468987
7320  0.468987
7330  0.468987
7340  0.468987
7350  0.468987
7360  0.468987
7370  0.468987
7380  0.468987
7390  0.468987
7400  0.468987
7410  0.468987
7420  0.468987
7430  0.468987
7440  0.468987
7450  0.468987
7460  0.468987
7470  0.468987
7480  0.468987
7490  0.468987
7500  0.468987
7510  0.468987
7520  0.468987
7530  0.468987
7540  0.468987
7550  0.468987
7560  0.468987
7570  0.468987
7580  0.468987
7590  0.468987
7600  0.468987
7610  0.468987
7620  0.468987
7630  0.468987
7640  0.468987
7650  0.468987
7660  0.468987
7670  0.468987
7680  0.468987
7690  0.468987
7700  0.468987
7710  0.468987
7720  0.468987
7730  0.468987
7740  0.468987
7750  0.468987
7760  0.468987
7770  0.468987
7780  0.468987
7790  0.468987
7800  0.468987
7810  0.468987
7820  0.468987
7830  0.468987
7840  0.468987
7850  0.468987
7860  0.468987
7870  0.468987
7880  0.468987
7890  0.468987
7900  0.468987
7910  0.468987
7920  0.468987
7930  0.468987
7940  0.468987
7950  0.468987
7960  0.468987
7970  0.468987
7980  0.468987
7990  0.468987
8000  0.468987
8010  0.468987
8020  0.468987
8030  0.468987
8040  0.468987
8050  0.468987
8060  0.468987
8070  0.468987
8080  0.468987
8090  0.468987
8100  0.468987
8110  0.468987
8120  0.468987
8130  0.468987
8140  0.468987
8150  0.468987
8160  0.468987
8170  0.468987
8180  0.468987
8190  0.468987
8200  0.468987
8210  0.468987
8220  0.468987
8230  0.468987
8240  0.468987
8250  0.468987
8260  0.468987
8270  0.468987
8280  0.468987
8290  0.468987
8300  0.468987
8310  0.468987
8320  0.468987
8330  0.468987
8340  0.468987
8350  0.468987
8360  0.468987
8370  0.468987
8380  0.468987
8390  0.468987
8400  0.468987
8410  0.468987
8420  0.468987
8430  0.468987
8440  0.468987
8450  0.468987
8460  0.468987
8470  0.468987
8480  0.468987
8490  0.468987
8500  0.468987
8510  0.468987
8520  0.468987
8530  0.468987
8540  0.468987
8550  0.468987
8560  0.468987
8570  0.468987
8580  0.468987
8590  0.468987
8600  0.468987
8610  0.468987
8620  0.468987
8630  0.468987
8640  0.468987
8650  0.468987
8660  0.468987
8670  0.468987
8680  0.468987
8690  0.468987
8700  0.468987
8710  0.468987
8720  0.468987
8730  0.468987
8740  0.468987
8750  0.468987
8760  0.468987
8770  0.468987
8780  0.468987
8790  0.468987
8800  0.468987
8810  0.468987
8820  0.468987
8830  0.468987
8840  0.468987
8850  0.468987
8860  0.468987
8870  0.468987
8880  0.468987
8890  0.468987
8900  0.468987
8910  0.468987
8920  0.468987
8930  0.468987
8940  0.468987
8950  0.468987
8960  0.468987
8970  0.468987
8980  0.468987
8990  0.468987
9000  0.468987
9010  0.468987
9020  0.468987
9030  0.468987
9040  0.468987
9050  0.468987
9060  0.468987
9070  0.468987
9080  0.468987
9090  0.468987
9100  0.468987
9110  0.468987
9120  0.468987
9130  0.468987
9140  0.468987
9150  0.468987
9160  0.468987
9170  0.468987
9180  0.468987
9190  0.468987
9200  0.468987
9210  0.468987
9220  0.468987
9230  0.468987
9240  0.468987
9250  0.468987
9260  0.468987
9270  0.468987
9280  0.468987
9290  0.468987
9300  0.468987
9310  0.468987
9320  0.468987
9330  0.468987
9340  0.468987
9350  0.468987
9360  0.468987
9370  0.468987
9380  0.468987
9390  0.468987
9400  0.468987
9410  0.468987
9420  0.468987
9430  0.468987
9440  0.468987
9450  0.468987
9460  0.468987
9470  0.468987
9480  0.468987
9490  0.468987
9500  0.468987
9510  0.468987
9520  0.468987
9530  0.468987
9540  0.468987
9550  0.468987
9560  0.468987
9570  0.468987
9580  0.468987
9590  0.468987
9600  0.468987
9610  0.468987
9620  0.468987
9630  0.468987
9640  0.468987
9650  0.468987
9660  0.468987
9670  0.468987
9680  0.468987
9690  0.468987
9700  0.468987
9710  0.468987
9720  0.468987
9730  0.468987
9740  0.468987
9750  0.468987
9760  0.468987
9770  0.468987
9780  0.468987
9790  0.468987
9800  0.468987
9810  0.468987
9820  0.468987
9830  0.468987
9840  0.468987
9850  0.468987
9860  0.468987
9870  0.468987
9880  0.468987
9890  0.468987
9900  0.468987
9910  0.468987
9920  0.468987
9930  0.468987
9940  0.468987
9950  0.468987
9960  0.468987
9970  0.468987
9980  0.468987
9990  0.468987
10000  0.468987
10010  0.468987
10020  0.468987
10030  0.468987
10040  0.468987
10050  0.468987
10060  0.468987
10070  0.468987
10080  0.468987
10090  0.468987
10100  0.468987
10110  0.468987
10120  0.468987
10130  0.468987
10140  0.468987
10150  0.468987
10160  0.468987
10170  0.468987
10180  0.468987
10190  0.468987
10200  0.468987
10210  0.468987
10220  0.468987
10230  0.468987
10240  0.468987
10250  0.468987
10260  0.468987
10270  0.468987
10280  0.468987
10290  0.468987
10300  0.468987
10310  0.468987
10320  0.468987
10330  0.468987
10340  0.468987
10350  0.468987
10360  0.468987
10370  0.468987
10380  0.468987
10390  0.468987
10400  0.468987
10410  0.468987
10420  0.468987
10430  0.468987
10440  0.468987
10450  0.468987
10460  0.468987
10470  0.468987
10480  0.468987
10490  0.468987
10500  0.468987
10510  0.468987
10520  0.468987
10530  0.468987
10540  0.468987
10550  0.468987
10560  0.468987
10570  0.468987
10580  0.468987
10590  0.468987
10600  0.468987
10610  0.468987
10620  0.468987
10630  0.468987
10640  0.468987
10650  0.468987
10660  0.468987
10670  0.468987
10680  0.468987
10690  0.468987
10700  0.468987
10710  0.468987
10720  0.468987
10730  0.468987
10740  0.468987
10750  0.468987
10760  0.468987
10770  0.468987
10780  0.468987
10790  0.468987
10800  0.468987
10810  0.468987
10820  0.468987
10830  0.468987
10840  0.468987
10850  0.468987
10860  0.468987
10870  0.468987
10880  0.468987
10890  0.468987
10900  0.468987
10910  0.468987
10920  0.468987
10930  0.468987
10940  0.468987
10950  0.468987
10960  0.468987
10970  0.468987
10980  0.468987
10990  0.468987
11000  0.468987
11010  0.468987
11020  0.468987
11030  0.468987
11040  0.468987
11050  0.468987
11060  0.468987
11070  0.468987
11080  0.468987
11090  0.468987
11100  0.468987
11110  0.468987
11120  0.468987
11130  0.468987
11140  0.468987
11150  0.468987
11160  0.468987
11170  0.468987
11180  0.468987
11190  0.468987
11200  0.468987
11210  0.468987
11220  0.468987
11230  0.468987
11240  0.468987
11250  0.468987
11260  0.468987
11270  0.468987
11280  0.468987
11290  0.468987
11300  0.468987
11310  0.468987
11320  0.468987
11330  0.468987
11340  0.468987
11350  0.468987
11360  0.468987
11370  0.468987
11380  0.468987
11390  0.468987
11400  0.468987
11410  0.468987
11420  0.468987
11430  0.468987
11440  0.468987
11450  0.468987
11460  0.468987
11470  0.468987
11480  0.468987
11490  0.468987
11500  0.468987
11510  0.468987
11520  0.468987
11530  0.468987
11540  0.468987
11550  0.468987
11560  0.468987
11570  0.468987
11580  0.468987
11590  0.468987
11600  0.468987
11610  0.468987
11620  0.468987
11630  0.468987
11640  0.468987
11650  0.468987
11660  0.468987
11670  0.468987
11680  0.468987
11690  0.468987
11700  0.468987
11710  0.468987
11720  0.468987
11730  0.468987
11740  0.468987
11750  0.468987
11760  0.468987
11770  0.468987
11780  0.468987
11790  0.468987
11800  0.468987
11810  0.468987
11820  0.468987
11830  0.468987
11840  0.468987
11850  0.468987
11860  0.468987
11870  0.468987
11880  0.468987
11890  0.468987
11900  0.468987
11910  0.468987
11920  0.468987
11930  0.468987
11940  0.468987
11950  0.468987
11960  0.468987
11970  0.468987
11980  0.468987
11990  0.468987
12000  0.468987
12010  0.468987
12020  0.468987
12030  0.468987
12040  0.468987
12050  0.468987
12060  0.468987
12070  0.468987
12080  0.468987
12090  0.468987
12100  0.468987
12110  0.468987
12120  0.468987
12130  0.468987
12140  0.468987
12150  0.468987
12160  0.468987
12170  0.468987
12180  0.468987
12190  0.468987
12200  0.468987
12210  0.468987
12220  0.468987
12230  0.468987
12240  0.468987
12250  0.468987
12260  0.468987
12270  0.468987
12280  0.468987
12290  0.468987
12300  0.468987
12310  0.468987
12320  0.468987
12330  0.468987
12340  0.468987
12350  0.468987
12360  0.468987
12370  0.468987
12380  0.468987
12390  0.468987
12400  0.468987
12410  0.468987
12420  0.468987
12430  0.468987
12440  0.468987
12450  0.468987
12460  0.468987
12470  0.468987
12480  0.468987
12490  0.468987
12500  0.468987
12510  0.468987
12520  0.468987
12530  0.468987
12540  0.468987
12550  0.468987
12560  0.468987
12570  0.468987
12580  0.468987
12590  0.468987
12600  0.468987
12610  0.468987
12620  0.468987
12630  0.468987
12640  0.468987
12650  0.468987
12660  0.468987
12670  0.468987
12680  0.468987
12690  0.468987
12700  0.468987
12710  0.468987
12720  0.468987
12730  0.468987
12740  0.468987
12750  0.468987
12760  0.468987
12770  0.468987
12780  0.468987
12790  0.468987
12800  0.468987
12810  0.468987
12820  0.468987
12830  0.468987
12840  0.468987
12850  0.468987
12860  0.468987
12870  0.468987
12880  0.468987
12890  0.468987
12900  0.468987
12910  0.468987
12920  0.468987
12930  0.468987
12940  0.468987
12950  0.468987
12960  0.468987
12970  0.468987
12980  0.468987
12990  0.468987
13000  0.468987
13010  0.468987
13020  0.468987
13030  0.468987
13040  0.468987
13050  0.468987
13060  0.468987
13070  0.468987
13080  0.468987
13090  0.468987
13100  0.468987
13110  0.468987
13120  0.468987
13130  0.464786
13140  0.464786
13150  0.464786
13160  0.464786
13170  0.464786
13180  0.464786
13190  0.464786
13200  0.464786
13210  0.464786
13220  0.464786
13230  0.464786
13240  0.464786
13250  0.464786
13260  0.464786
13270  0.464786
13280  0.464786
13290  0.464786
13300  0.464786
13310  0.464786
13320  0.464786
13330  0.464786
13340  0.464786
13350  0.464786
13360  0.464786
13370  0.464786
13380  0.464786
13390  0.464786
13400  0.464786
13410  0.464786
13420  0.464786
13430  0.464786
13440  0.464786
13450  0.464786
13460  0.464786
13470  0.464786
13480  0.464786
13490  0.464786
13500  0.464786
13510  0.464786
13520  0.464786
13530  0.464786
13540  0.464786
13550  0.464786
13560  0.464786
13570  0.464786
13580  0.464786
13590  0.464786
13600  0.464786
13610  0.464786
13620  0.464786
13630  0.464786
13640  0.464786
13650  0.464786
13660  0.464786
13670  0.464786
13680  0.464786
13690  0.464786
13700  0.464786
13710  0.464786
13720  0.464786
13730  0.464786
13740  0.464786
13750  0.464786
13760  0.464786
13770  0.464786
13780  0.464786
13790  0.464786
13800  0.464786
13810  0.464786
13820  0.464786
13830  0.464786
13840  0.464786
13850  0.464786
13860  0.464786
13870  0.464786
13880  0.464786
13890  0.464786
13900  0.464786
13910  0.464786
13920  0.464786
13930  0.464786
13940  0.464786
13950  0.464786
13960  0.464786
13970  0.464786
13980  0.464786
13990  0.464786
14000  0.464786
14010  0.464786
14020  0.464786
14030  0.464786
14040  0.464786
14050  0.464786
14060  0.464786
14070  0.464786
14080  0.464786
14090  0.464786
14100  0.464786
14110  0.464786
14120  0.464786
14130  0.464786
14140  0.464786
14150  0.464786
14160  0.464786
14170  0.464786
14180  0.464786
14190  0.464786
14200  0.464786
14210  0.464786
14220  0.464786
14230  0.464786
14240  0.464786
14250  0.464786
14260  0.464786
14270  0.464786
14280  0.464786
14290  0.464786
14300  0.464786
14310  0.464786
14320  0.464786
14330  0.464786
14340  0.464786
14350  0.464786
14360  0.464786
14370  0.464786
14380  0.464786
14390  0.464786
14400  0.464786
14410  0.464786
14420  0.464786
14430  0.464786
14440  0.464786
14450  0.464786
14460  0.464786
14470  0.464786
14480  0.464786
14490  0.464786
14500  0.464786
14510  0.464786
14520  0.464786
14530  0.464786
14540  0.464786
14550  0.464786
14560  0.464786
14570  0.464786
14580  0.464786
14590  0.464786
14600  0.464786
14610  0.464786
14620  0.464786
14630  0.464786
14640  0.464786
14650  0.464786
14660  0.464786
14670  0.464786
14680  0.464786
14690  0.464786
14700  0.464786
14710  0.464786
14720  0.464786
14730  0.464786
14740  0.464786
14750  0.464786
14760  0.464786
14770  0.464786
14780  0.464786
14790  0.464786
14800  0.464786
14810  0.464786
14820  0.464786
14830  0.464786
14840  0.464786
14850  0.464786
14860  0.464786
14870  0.464786
14880  0.464786
14890  0.464786
14900  0.464786
14910  0.464786
14920  0.464786
14930  0.464786
14940  0.464786
14950  0.464786
14960  0.464786
14970  0.464786
14980  0.464786
14990  0.464786
15000  0.464786
15010  0.464786
15020  0.464786
15030  0.464786
15040  0.464786
15050  0.464786
15060  0.464786
15070  0.464786
15080  0.464786
15090  0.464786
15100  0.464786
15110  0.464786
15120  0.464786
15130  0.464786
15140  0.464786
15150  0.464786
15160  0.464786
15170  0.464786
15180  0.464786
15190  0.464786
15200  0.464786
15210  0.464786
15220  0.464786
15230  0.464786
15240  0.464786
15250  0.464786
15260  0.464786
15270  0.464786
15280  0.464786
15290  0.464786
15300  0.464786
15310  0.464786
15320  0.464786
15330  0.464786
15340  0.464786
15350  0.464786
15360  0.464786
15370  0.464786
15380  0.464786
15390  0.464786
15400  0.464786
15410  0.464786
15420  0.464786
15430  0.464786
15440  0.464786
15450  0.464786
15460  0.464786
15470  0.464786
15480  0.464786
15490  0.464786
15500  0.464786
15510  0.464786
15520  0.464786
15530  0.464786
15540  0.464786
15550  0.464786
15560  0.464786
15570  0.464786
15580  0.464786
15590  0.464786
15600  0.464786
15610  0.464786
15620  0.464786
15630  0.464786
15640  0.464786
15650  0.464786
15660  0.464786
15670  0.464786
15680  0.464786
15690  0.464786
15700  0.464786
15710  0.464786
15720  0.464786
15730  0.464786
15740  0.464786
15750  0.464786
15760  0.464786
15770  0.464786
15780  0.464786
15790  0.464786
15800  0.464786
15810  0.464786
15820  0.464786
15830  0.464786
15840  0.464786
15850  0.464786
15860  0.464786
15870  0.464786
15880  0.464786
15890  0.464786
15900  0.464786
15910  0.464786
15920  0.464786
15930  0.464786
15940  0.464786
15950  0.464786
15960  0.464786
15970  0.464786
15980  0.464786
15990  0.464786
16000  0.464786
16010  0.464786
16020  0.464786
16030  0.464786
16040  0.464786
16050  0.464786
16060  0.464786
16070  0.464786
16080  0.464786
16090  0.464786
16100  0.464786
16110  0.464786
16120  0.464786
16130  0.464786
16140  0.464786
16150  0.464786
16160  0.464786
16170  0.464786
16180  0.464786
16190  0.464786
16200  0.464786
16210  0.464786
16220  0.464786
16230  0.464786
16240  0.464786
16250  0.464786
16260  0.464786
16270  0.464786
16280  0.464786
16290  0.464786
16300  0.464786
16310  0.464786
16320  0.464786
16330  0.464786
16340  0.464786
16350  0.464786
16360  0.464786
16370  0.464786
16380  0.464786
16390  0.464786
16400  0.464786
16410  0.464786
16420  0.464786
16430  0.464786
16440  0.464786
16450  0.464786
16460  0.464786
16470  0.464786
16480  0.464786
16490  0.464786
16500  0.464786
16510  0.464786
16520  0.464786
16530  0.464786
16540  0.464786
16550  0.464786
16560  0.464786
16570  0.464786
16580  0.464786
16590  0.464786
16600  0.464786
16610  0.464786
16620  0.464786
16630  0.464786
16640  0.464786
16650  0.464786
16660  0.464786
16670  0.464786
16680  0.464786
16690  0.464786
16700  0.464786
16710  0.464786
16720  0.464786
16730  0.464786
16740  0.464786
16750  0.464786
16760  0.464786
16770  0.464786
16780  0.464786
16790  0.45922
16800  0.45922
16810  0.45922
16820  0.45922
16830  0.45922
16840  0.45922
16850  0.45922
16860  0.45922
16870  0.45922
16880  0.45922
16890  0.45922
16900  0.45922
16910  0.45922
16920  0.45922
16930  0.45922
16940  0.45922
16950  0.45922
16960  0.45922
16970  0.45922
16980  0.45922
16990  0.45922
17000  0.45922
17010  0.45922
17020  0.45922
17030  0.45922
17040  0.45922
17050  0.45922
17060  0.45922
17070  0.45922
17080  0.45922
17090  0.45922
17100  0.45922
17110  0.45922
17120  0.45922
17130  0.45922
17140  0.45922
17150  0.45922
17160  0.45922
17170  0.45922
17180  0.45922
17190  0.45922
17200  0.45922
17210  0.45922
17220  0.45922
17230  0.45922
17240  0.45922
17250  0.45922
17260  0.45922
17270  0.45922
17280  0.45922
17290  0.45922
17300  0.45922
17310  0.45922
17320  0.45922
17330  0.45922
17340  0.45922
17350  0.45922
17360  0.45922
17370  0.45922
17380  0.45922
17390  0.45922
17400  0.45922
17410  0.45922
17420  0.45922
17430  0.45922
17440  0.45922
17450  0.45922
17460  0.45922
17470  0.45922
17480  0.45922
17490  0.45922
17500  0.45922
17510  0.45922
17520  0.45922
17530  0.45922
17540  0.45922
17550  0.45922
17560  0.45922
17570  0.45922
17580  0.45922
17590  0.45922
17600  0.45922
17610  0.45922
17620  0.45922
17630  0.45922
17640  0.45922
17650  0.45922
17660  0.45922
17670  0.45922
17680  0.45922
17690  0.45922
17700  0.45922
17710  0.45922
17720  0.45922
17730  0.45922
17740  0.45922
17750  0.45922
17760  0.45922
17770  0.45922
17780  0.45922
17790  0.45922
17800  0.45922
17810  0.45922
17820  0.45922
17830  0.45922
17840  0.45922
17850  0.45922
17860  0.45922
17870  0.45922
17880  0.45922
17890  0.45922
17900  0.45922
17910  0.45922
17920  0.45922
17930  0.45922
17940  0.45922
17950  0.45922
17960  0.45922
17970  0.45922
17980  0.45922
17990  0.45922
18000  0.45922
18010  0.45922
18020  0.45922
18030  0.45922
18040  0.45922
18050  0.45922
18060  0.45922
18070  0.45922
18080  0.45922
18090  0.45922
18100  0.45922
18110  0.45922
18120  0.45922
18130  0.45922
18140  0.45922
18150  0.45922
18160  0.45922
18170  0.45922
18180  0.45922
18190  0.45922
18200  0.45922
18210  0.45922
18220  0.45922
18230  0.45922
18240  0.45922
18250  0.45922
18260  0.45922
18270  0.45922
18280  0.45922
18290  0.45922
18300  0.45922
18310  0.45922
18320  0.45922
18330  0.45922
18340  0.45922
18350  0.45922
18360  0.45922
18370  0.45922
18380  0.45922
18390  0.45922
18400  0.45922
18410  0.45922
18420  0.45922
18430  0.45922
18440  0.45922
18450  0.45922
18460  0.45922
18470  0.45922
18480  0.45922
18490  0.45922
18500  0.45922
18510  0.45922
18520  0.45922
18530  0.45922
18540  0.45922
18550  0.45922
18560  0.45922
18570  0.45922
18580  0.45922
18590  0.45922
18600  0.45922
18610  0.45922
18620  0.45922
18630  0.45922
18640  0.45922
18650  0.45922
18660  0.45922
18670  0.45922
18680  0.45922
18690  0.45922
18700  0.45922
18710  0.45922
18720  0.45922
18730  0.45922
18740  0.45922
18750  0.45922
18760  0.45922
18770  0.45922
18780  0.45922
18790  0.45922
18800  0.45922
18810  0.45922
18820  0.45922
18830  0.45922
18840  0.45922
18850  0.45922
18860  0.45922
18870  0.45922
18880  0.45922
18890  0.45922
18900  0.45922
18910  0.45922
18920  0.45922
18930  0.45922
18940  0.45922
18950  0.45922
18960  0.45922
18970  0.45922
18980  0.45922
18990  0.45922
19000  0.45922
19010  0.45922
19020  0.45922
19030  0.45922
19040  0.45922
19050  0.45922
19060  0.45922
19070  0.45922
19080  0.45922
19090  0.45922
19100  0.45922
19110  0.45922
19120  0.45922
19130  0.45922
19140  0.45922
19150  0.45922
19160  0.45922
19170  0.45922
19180  0.45922
19190  0.45922
19200  0.45922
19210  0.45922
19220  0.45922
19230  0.45922
19240  0.45922
19250  0.45922
19260  0.45922
19270  0.45922
19280  0.45922
19290  0.45922
19300  0.45922
19310  0.45922
19320  0.45922
19330  0.45922
19340  0.45922
19350  0.45922
19360  0.45922
19370  0.45922
19380  0.45922
19390  0.45922
19400  0.45922
19410  0.45922
19420  0.45922
19430  0.45922
19440  0.45922
19450  0.45922
19460  0.45922
19470  0.45922
19480  0.45922
19490  0.45922
19500  0.45922
19510  0.45922
19520  0.45922
19530  0.45922
19540  0.45922
19550  0.45922
19560  0.45922
19570  0.45922
19580  0.45922
19590  0.45922
19600  0.45922
19610  0.45922
19620  0.45922
19630  0.45922
19640  0.45922
19650  0.45922
19660  0.45922
19670  0.45922
19680  0.45922
19690  0.45922
19700  0.45922
19710  0.45922
19720  0.45922
19730  0.45922
19740  0.45922
19750  0.45922
19760  0.45922
19770  0.45922
19780  0.45922
19790  0.45922
19800  0.45922
19810  0.45922
19820  0.45922
19830  0.45922
19840  0.45922
19850  0.45922
19860  0.45922
19870  0.45922
19880  0.45922
19890  0.45922
19900  0.45922
19910  0.45922
19920  0.45922
19930  0.45922
19940  0.45922
19950  0.45922
19960  0.45922
19970  0.45922
19980  0.45922
19990  0.45922
20000  0.45922
20010  0.45922
20020  0.45922
20030  0.45922
20040  0.45922
20050  0.45922
20060  0.45922
20070  0.45922
20080  0.45922
20090  0.45922
20100  0.45922
20110  0.45922
20120  0.45922
20130  0.45922
20140  0.45922
20150  0.45922
20160  0.45922
20170  0.45922
20180  0.45922
20190  0.45922
20200  0.45922
20210  0.45922
20220  0.45922
20230  0.45922
20240  0.45922
20250  0.45922
20260  0.45922
20270  0.45922
20280  0.45922
20290  0.45922
20300  0.45922
20310  0.45922
20320  0.45922
20330  0.45922
20340  0.45922
20350  0.45922
20360  0.45922
20370  0.45922
20380  0.45922
20390  0.45922
20400  0.45922
20410  0.45922
20420  0.45922
20430  0.45922
20440  0.45922
20450  0.45922
20460  0.45922
20470  0.45922
20480  0.45922
20490  0.45922
20500  0.45922
20510  0.45922
20520  0.45922
20530  0.45922
20540  0.45922
20550  0.45922
20560  0.45922
20570  0.45922
20580  0.45922
20590  0.45922
20600  0.45922
20610  0.45922
20620  0.45922
20630  0.45922
20640  0.45922
20650  0.45922
20660  0.45922
20670  0.45922
20680  0.45922
20690  0.45922
20700  0.45922
20710  0.45922
20720  0.45922
20730  0.45922
20740  0.45922
20750  0.45922
20760  0.45922
20770  0.45922
20780  0.45922
20790  0.45922
20800  0.45922
20810  0.45922
20820  0.45922
20830  0.45922
20840  0.45922
20850  0.45922
20860  0.45922
20870  0.45922
20880  0.45922
20890  0.45922
20900  0.45922
20910  0.45922
20920  0.45922
20930  0.45922
20940  0.45922
20950  0.45922
20960  0.45922
20970  0.45922
20980  0.45922
20990  0.45922
21000  0.45922
21010  0.45922
21020  0.45922
21030  0.45922
21040  0.45922
21050  0.45922
21060  0.45922
21070  0.45922
21080  0.45922
21090  0.45922
21100  0.45922
21110  0.45922
21120  0.45922
21130  0.45922
21140  0.45922
21150  0.45922
21160  0.45922
21170  0.45922
21180  0.45922
21190  0.45922
21200  0.45922
21210  0.45922
21220  0.45922
21230  0.45922
21240  0.45922
21250  0.45922
21260  0.45922
21270  0.45922
21280  0.45922
21290  0.45922
21300  0.45922
21310  0.45922
21320  0.45922
21330  0.45922
21340  0.45922
21350  0.45922
21360  0.45922
21370  0.45922
21380  0.45922
21390  0.45922
21400  0.45922
21410  0.45922
21420  0.45922
21430  0.45922
21440  0.45922
21450  0.45922
21460  0.45922
21470  0.45922
21480  0.45922
21490  0.45922
21500  0.45922
21510  0.45922
21520  0.45922
21530  0.45922
21540  0.45922
21550  0.45922
21560  0.45922
21570  0.45922
21580  0.45922
21590  0.45922
21600  0.45922
21610  0.45922
21620  0.45922
21630  0.45922
21640  0.45922
21650  0.45922
21660  0.45922
21670  0.45922
21680  0.45922
21690  0.45922
21700  0.45922
21710  0.45922
21720  0.45922
21730  0.45922
21740  0.45922
21750  0.45922
21760  0.45922
21770  0.45922
21780  0.45922
21790  0.45922
21800  0.45922
21810  0.45922
21820  0.45922
21830  0.45922
21840  0.45922
21850  0.45922
21860  0.45922
21870  0.45922
21880  0.45922
21890  0.45922
21900  0.45922
21910  0.45922
21920  0.45922
21930  0.45922
21940  0.45922
21950  0.45922
21960  0.45922
21970  0.45922
21980  0.45922
21990  0.45922
22000  0.45922
22010  0.45922
22020  0.45922
22030  0.45922
22040  0.45922
22050  0.45922
22060  0.45922
22070  0.45922
22080  0.45922
22090  0.45922
22100  0.45922
22110  0.45922
22120  0.45922
22130  0.45922
22140  0.45922
22150  0.45922
22160  0.45922
22170  0.45922
22180  0.45922
22190  0.45922
22200  0.45922
22210  0.45922
22220  0.45922
22230  0.45922
22240  0.45922
22250  0.45922
22260  0.45922
22270  0.45922
22280  0.45922
22290  0.45922
22300  0.45922
22310  0.45922
22320  0.45922
22330  0.45922
22340  0.45922
22350  0.45922
22360  0.45922
22370  0.45922
22380  0.45922
22390  0.45922
22400  0.45922
22410  0.45922
22420  0.45922
22430  0.45922
22440  0.45922
22450  0.45922
22460  0.45922
22470  0.45922
22480  0.45922
22490  0.45922
22500  0.45922
22510  0.45922
22520  0.45922
22530  0.45922
22540  0.45922
22550  0.45922
22560  0.45922
22570  0.45922
22580  0.45922
22590  0.45922
22600  0.45922
22610  0.45922
22620  0.45922
22630  0.45922
22640  0.45922
22650  0.45922
22660  0.45922
22670  0.45922
22680  0.45922
22690  0.45922
22700  0.45922
22710  0.45922
22720  0.45922
22730  0.45922
22740  0.45922
22750  0.45922
22760  0.45922
22770  0.45922
22780  0.45922
22790  0.45922
22800  0.45922
22810  0.45922
22820  0.45922
22830  0.45922
22840  0.45922
22850  0.45922
22860  0.45922
22870  0.45922
22880  0.45922
22890  0.45922
22900  0.45922
22910  0.45922
22920  0.45922
22930  0.45922
22940  0.45922
22950  0.45922
22960  0.45922
22970  0.45922
22980  0.45922
22990  0.45922
23000  0.45922
23010  0.45922
23020  0.45922
23030  0.45922
23040  0.45922
23050  0.45922
23060  0.45922
23070  0.45922
23080  0.45922
23090  0.45922
23100  0.45922
23110  0.45922
23120  0.45922
23130  0.45922
23140  0.45922
23150  0.45922
23160  0.45922
23170  0.45922
23180  0.45922
23190  0.45922
23200  0.45922
23210  0.45922
23220  0.45922
23230  0.45922
23240  0.45922
23250  0.45922
23260  0.45922
23270  0.45922
23280  0.45922
23290  0.45922
23300  0.45922
23310  0.45922
23320  0.45922
23330  0.45922
23340  0.45922
23350  0.45922
23360  0.45922
23370  0.45922
23380  0.45922
23390  0.45922
23400  0.45922
23410  0.45922
23420  0.45922
23430  0.45922
23440  0.45922
23450  0.45922
23460  0.45922
23470  0.45922
23480  0.45922
23490  0.45922
23500  0.45922
23510  0.45922
23520  0.45922
23530  0.45922
23540  0.45922
23550  0.45922
23560  0.45922
23570  0.45922
23580  0.45922
23590  0.45922
23600  0.45922
23610  0.45922
23620  0.45922
23630  0.45922
23640  0.45922
23650  0.45922
23660  0.45922
23670  0.45922
23680  0.45922
23690  0.45922
23700  0.45922
23710  0.45922
23720  0.45922
23730  0.45922
23740  0.45922
23750  0.45922
23760  0.45922
23770  0.45922
23780  0.45922
23790  0.45922
23800  0.45922
23810  0.45922
23820  0.45922
23830  0.45922
23840  0.45922
23850  0.45922
23860  0.45922
23870  0.45922
23880  0.45922
23890  0.45922
23900  0.45922
23910  0.45922
23920  0.45922
23930  0.45922
23940  0.45922
23950  0.45922
23960  0.45922
23970  0.45922
23980  0.45922
23990  0.45922
24000  0.45922
24010  0.45922
24020  0.45922
24030  0.45922
24040  0.45922
24050  0.45922
24060  0.45922
24070  0.45922
24080  0.45922
24090  0.45922
24100  0.45922
24110  0.45922
24120  0.45922
24130  0.45922
24140  0.45922
24150  0.45922
24160  0.45922
24170  0.45922
24180  0.45922
24190  0.45922
24200  0.45922
24210  0.45922
24220  0.45922
24230  0.45922
24240  0.45922
24250  0.45922
24260  0.45922
24270  0.45922
24280  0.45922
24290  0.45922
24300  0.45922
24310  0.45922
24320  0.45922
24330  0.45922
24340  0.45922
24350  0.45922
24360  0.45922
24370  0.45922
24380  0.45922
24390  0.45922
24400  0.45922
24410  0.45922
24420  0.45922
24430  0.45922
24440  0.45922
24450  0.45922
24460  0.45922
24470  0.45922
24480  0.45922
24490  0.45922
24500  0.45922
24510  0.45922
24520  0.45922
24530  0.45922
24540  0.45922
24550  0.45922
24560  0.45922
24570  0.45922
24580  0.45922
24590  0.45922
24600  0.45922
24610  0.45922
24620  0.45922
24630  0.45922
24640  0.45922
24650  0.45922
24660  0.45922
24670  0.45922
24680  0.45922
24690  0.45922
24700  0.45922
24710  0.45922
24720  0.45922
24730  0.45922
24740  0.45922
24750  0.45922
24760  0.45922
24770  0.45922
24780  0.45922
24790  0.45922
24800  0.45922
24810  0.45922
24820  0.45922
24830  0.45922
24840  0.45922
24850  0.45922
24860  0.45922
24870  0.45922
24880  0.45922
24890  0.45922
24900  0.45922
24910  0.45922
24920  0.45922
24930  0.45922
24940  0.45922
24950  0.45922
24960  0.45922
24970  0.45922
24980  0.45922
24990  0.45922
25000  0.45922
25010  0.45922
25020  0.45922
25030  0.45922
25040  0.45922
25050  0.45922
25060  0.45922
25070  0.45922
25080  0.45922
25090  0.45922
25100  0.45922
25110  0.45922
25120  0.45922
25130  0.45922
25140  0.45922
25150  0.45922
25160  0.45922
25170  0.45922
25180  0.45922
25190  0.45922
25200  0.45922
25210  0.45922
25220  0.45922
25230  0.45922
25240  0.45922
25250  0.45922
25260  0.45922
25270  0.45922
25280  0.45922
25290  0.45922
25300  0.45922
25310  0.45922
25320  0.45922
25330  0.45922
25340  0.45922
25350  0.45922
25360  0.45922
25370  0.45922
25380  0.45922
25390  0.45922
25400  0.45922
25410  0.45922
25420  0.45922
25430  0.45922
25440  0.45922
25450  0.45922
25460  0.45922
25470  0.45922
25480  0.45922
25490  0.45922
25500  0.45922
25510  0.45922
25520  0.45922
25530  0.45922
25540  0.45922
25550  0.45922
25560  0.45922
25570  0.45922
25580  0.45922
25590  0.45922
25600  0.45922
25610  0.45922
25620  0.45922
25630  0.45922
25640  0.45922
25650  0.45922
25660  0.45922
25670  0.45922
25680  0.45922
25690  0.45922
25700  0.45922
25710  0.45922
25720  0.45922
25730  0.45922
25740  0.45922
25750  0.45922
25760  0.45922
25770  0.45922
25780  0.45922
25790  0.45922
25800  0.45922
25810  0.45922
25820  0.45922
25830  0.45922
25840  0.45922
25850  0.45922
25860  0.45922
25870  0.45922
25880  0.45922
25890  0.45922
25900  0.45922
25910  0.45922
25920  0.45922
25930  0.45922
25940  0.45922
25950  0.45922
25960  0.45922
25970  0.45922
25980  0.45922
25990  0.45922
26000  0.45922
26010  0.45922
26020  0.45922
26030  0.45922
26040  0.45922
26050  0.45922
26060  0.45922
26070  0.45922
26080  0.45922
26090  0.45922
26100  0.45922
26110  0.45922
26120  0.45922
26130  0.45922
26140  0.45922
26150  0.45922
26160  0.45922
26170  0.45922
26180  0.45922
26190  0.45922
26200  0.45922
26210  0.45922
26220  0.45922
26230  0.45922
26240  0.45922
26250  0.45922
26260  0.45922
26270  0.45922
26280  0.45922
26290  0.45922
26300  0.45922
26310  0.45922
26320  0.45922
26330  0.45922
26340  0.45922
26350  0.45922
26360  0.45922
26370  0.45922
26380  0.45922
26390  0.45922
26400  0.45922
26410  0.45922
26420  0.45922
26430  0.45922
26440  0.45922
26450  0.45922
26460  0.45922
26470  0.45922
26480  0.45922
26490  0.45922
26500  0.45922
26510  0.45922
26520  0.45922
26530  0.45922
26540  0.45922
26550  0.45922
26560  0.45922
26570  0.45922
26580  0.45922
26590  0.45922
26600  0.45922
26610  0.45922
26620  0.45922
26630  0.45922
26640  0.45922
26650  0.45922
26660  0.45922
26670  0.45922
26680  0.45922
26690  0.45922
26700  0.45922
26710  0.45922
26720  0.45922
26730  0.45922
26740  0.45922
26750  0.45922
26760  0.45922
26770  0.45922
26780  0.45922
26790  0.45922
26800  0.45922
26810  0.45922
26820  0.45922
26830  0.45922
26840  0.45922
26850  0.45922
26860  0.45922
26870  0.45922
26880  0.45922
26890  0.45922
26900  0.45922
26910  0.45922
26920  0.45922
26930  0.45922
26940  0.45922
26950  0.45922
26960  0.45922
26970  0.45922
26980  0.45922
26990  0.45922
27000  0.45922
27010  0.45922
27020  0.45922
27030  0.45922
27040  0.45922
27050  0.45922
27060  0.45922
27070  0.45922
27080  0.45922
27090  0.45922
27100  0.45922
27110  0.45922
27120  0.45922
27130  0.45922
27140  0.45922
27150  0.45922
27160  0.45922
27170  0.45922
27180  0.45922
27190  0.45922
27200  0.45922
27210  0.45922
27220  0.45922
27230  0.45922
27240  0.45922
27250  0.45922
27260  0.45922
27270  0.45922
27280  0.45922
27290  0.45922
27300  0.45922
27310  0.45922
27320  0.45922
27330  0.45922
27340  0.45922
27350  0.45922
27360  0.45922
27370  0.45922
27380  0.45922
27390  0.45922
27400  0.45922
27410  0.45922
27420  0.45922
27430  0.45922
27440  0.45922
27450  0.45922
27460  0.45922
27470  0.45922
27480  0.45922
27490  0.45922
27500  0.45922
27510  0.45922
27520  0.45922
27530  0.45922
27540  0.45922
27550  0.45922
27560  0.45922
27570  0.45922
27580  0.45922
27590  0.45922
27600  0.45922
27610  0.45922
27620  0.45922
27630  0.45922
27640  0.45922
27650  0.45922
27660  0.45922
27670  0.45922
27680  0.45922
27690  0.45922
27700  0.45922
27710  0.45922
27720  0.45922
27730  0.45922
27740  0.45922
27750  0.45922
27760  0.45922
27770  0.45922
27780  0.45922
27790  0.45922
27800  0.45922
27810  0.45922
27820  0.45922
27830  0.45922
27840  0.45922
27850  0.45922
27860  0.45922
27870  0.45922
27880  0.45922
27890  0.45922
27900  0.45922
27910  0.45922
27920  0.45922
27930  0.45922
27940  0.45922
27950  0.45922
27960  0.45922
27970  0.45922
27980  0.45922
27990  0.45922
28000  0.45922
28010  0.45922
28020  0.45922
28030  0.45922
28040  0.45922
28050  0.45922
28060  0.45922
28070  0.45922
28080  0.45922
28090  0.45922
28100  0.45922
28110  0.45922
28120  0.45922
28130  0.45922
28140  0.45922
28150  0.45922
28160  0.45922
28170  0.45922
28180  0.45922
28190  0.45922
28200  0.45922
28210  0.45922
28220  0.45922
28230  0.45922
28240  0.45922
28250  0.45922
28260  0.45922
28270  0.45922
28280  0.45922
28290  0.45922
28300  0.45922
28310  0.45922
28320  0.45922
28330  0.45922
28340  0.45922
28350  0.45922
28360  0.45922
28370  0.45922
28380  0.45922
28390  0.45922
28400  0.45922
28410  0.45922
28420  0.45922
28430  0.45922
28440  0.45922
28450  0.45922
28460  0.45922
28470  0.45922
28480  0.45922
28490  0.45922
28500  0.45922
28510  0.45922
28520  0.45922
28530  0.45922
28540  0.45922
28550  0.45922
28560  0.45922
28570  0.45922
28580  0.45922
28590  0.45922
28600  0.45922
28610  0.45922
28620  0.45922
28630  0.45922
28640  0.45922
28650  0.45922
28660  0.45922
28670  0.45922
28680  0.45922
28690  0.45922
28700  0.45922
28710  0.45922
28720  0.45922
28730  0.45922
28740  0.45922
28750  0.45922
28760  0.45922
28770  0.45922
28780  0.45922
28790  0.45922
28800  0.457569
28810  0.457569
28820  0.457569
28830  0.457569
28840  0.457569
28850  0.457569
28860  0.457569
28870  0.457569
28880  0.457569
28890  0.457569
28900  0.457569
28910  0.457569
28920  0.457569
28930  0.457569
28940  0.457569
28950  0.457569
28960  0.457569
28970  0.457569
28980  0.457569
28990  0.457569
29000  0.457569
29010  0.457569
29020  0.457569
29030  0.457569
29040  0.457569
29050  0.457569
29060  0.457569
29070  0.457569
29080  0.457569
29090  0.457569
29100  0.457569
29110  0.457569
29120  0.457569
29130  0.457569
29140  0.457569
29150  0.457569
29160  0.457569
29170  0.457569
29180  0.457569
29190  0.457569
29200  0.457569
29210  0.457569
29220  0.457569
29230  0.457569
29240  0.457569
29250  0.457569
29260  0.457569
29270  0.457569
29280  0.457569
29290  0.457569
29300  0.457569
29310  0.457569
29320  0.457569
29330  0.457569
29340  0.457569
29350  0.457569
29360  0.457569
29370  0.457569
29380  0.457569
29390  0.457569
29400  0.457569
29410  0.457569
29420  0.457569
29430  0.457569
29440  0.457569
29450  0.457569
29460  0.457569
29470  0.457569
29480  0.457569
29490  0.457569
29500  0.457569
29510  0.457569
29520  0.457569
29530  0.457569
29540  0.457569
29550  0.457569
29560  0.457569
29570  0.457569
29580  0.457569
29590  0.457569
29600  0.457569
29610  0.457569
29620  0.457569
29630  0.457569
29640  0.457569
29650  0.457569
29660  0.457569
29670  0.457569
29680  0.457569
29690  0.457569
29700  0.457569
29710  0.457569
29720  0.457569
29730  0.457569
29740  0.457569
29750  0.457569
29760  0.457569
29770  0.457569
29780  0.457569
29790  0.457569
29800  0.457569
29810  0.457569
29820  0.457569
29830  0.457569
29840  0.457569
29850  0.457569
29860  0.457569
29870  0.457569
29880  0.457569
29890  0.457569
29900  0.457569
29910  0.457569
29920  0.457569
29930  0.457569
29940  0.457569
29950  0.457569
29960  0.457569
29970  0.457569
29980  0.457569
29990  0.457569
30000  0.457569
30010  0.457569
