Step  Penalty
32  0.529294
64  0.511878
96  0.49768
128  0.487969
160  0.477293
192  0.470095
224  0.461652
256  0.452906
288  0.443156
320  0.43286
352  0.421258
384  0.412551
416  0.402708
448  0.395289
480  0.389555
512  0.381592
544  0.375268
576  0.365532
608  0.357203
640  0.351907
672  0.348755
704  0.344376
736  0.33976
768  0.334816
800  0.328875
832  0.324013
864  0.319019
896  0.315635
928  0.312356
960  0.309916
992  0.30795
1024  0.303987
1056  0.300588
1088  0.297471
1120  0.294396
1152  0.290298
1184  0.287872
1216  0.285918
1248  0.284554
1280  0.283175
1312  0.28073
1344  0.277923
1376  0.275611
1408  0.273196
1440  0.27058
1472  0.267672
1504  0.265135
1536  0.262044
1568  0.260254
1600  0.259507
1632  0.257028
1664  0.255051
1696  0.25394
1728  0.253139
1760  0.252742
1792  0.251975
1824  0.251353
1856  0.250657
1888  0.249978
1920  0.24969
1952  0.249262
1984  0.248679
2016  0.248056
2048  0.247765
2080  0.247269
2112  0.246868
2144  0.246835
2176  0.246479
2208  0.246361
2240  0.246298
2272  0.246118
2304  0.245897
2336  0.245762
2368  0.244871
2400  0.24444
2432  0.244362
2464  0.244302
2496  0.244003
2528  0.243807
2560  0.243776
2592  0.242928
2624  0.242113
2656  0.241559
2688  0.241315
2720  0.240649
2752  0.239978
2784  0.239807
2816  0.239221
2848  0.238729
2880  0.238547
2912  0.2384
2944  0.237698
2976  0.237421
3008  0.236811
3040  0.236237
3072  0.235971
3104  0.235936
3136  0.235821
3168  0.235814
3200  0.235788
3232  0.235716
3264  0.235571
3296  0.235424
3328  0.235421
3360  0.235119
3392  0.234973
3424  0.234803
3456  0.234712
3488  0.234714
3520  0.234663
3552  0.234663
3584  0.234663
3616  0.234483
3648  0.234432
3680  0.234196
3712  0.234088
3744  0.233726
3776  0.233726
3808  0.233713
3840  0.233713
3872  0.233641
3904  0.233641
3936  0.2333
3968  0.233293
4000  0.233293
4032  0.233136
4064  0.232869
4096  0.232855
4128  0.232831
4160  0.232792
4192  0.232792
4224  0.232711
4256  0.232678
4288  0.232678
4320  0.232678
4352  0.232577
4384  0.232577
4416  0.232463
4448  0.23233
4480  0.232315
4512  0.232309
4544  0.232309
4576  0.232209
4608  0.232103
4640  0.232101
4672  0.232078
4704  0.23207
4736  0.232069
4768  0.231981
4800  0.231691
4832  0.231691
4864  0.231683
4896  0.231683
4928  0.231467
4960  0.231467
4992  0.231452
5024  0.231415
5056  0.231415
5088  0.231405
5120  0.231405
5152  0.231319
5184  0.231126
5216  0.231036
5248  0.230979
5280  0.230901
5312  0.230901
5344  0.230756
5376  0.230756
5408  0.230702
5440  0.230702
5472  0.230573
5504  0.230573
5536  0.230573
5568  0.230543
5600  0.230543
5632  0.230543
5664  0.230416
5696  0.23029
5728  0.230261
5760  0.230261
5792  0.230053
5824  0.230053
5856  0.230053
5888  0.230053
5920  0.230053
5952  0.230053
5984  0.230028
6016  0.230028
6048  0.230028
6080  0.230028
6112  0.230028
6144  0.229973
6176  0.229973
6208  0.229973
6240  0.229973
6272  0.229957
6304  0.229957
6336  0.229957
6368  0.229957
6400  0.229917
6432  0.229834
6464  0.229834
6496  0.229834
6528  0.229834
6560  0.229834
6592  0.229834
6624  0.229834
6656  0.229792
6688  0.22974
6720  0.2295
6752  0.229328
6784  0.229328
6816  0.229328
6848  0.229328
6880  0.229328
6912  0.22932
6944  0.229125
6976  0.229036
7008  0.228793
7040  0.228793
7072  0.22865
7104  0.22865
7136  0.22865
7168  0.228544
7200  0.228279
7232  0.228222
7264  0.228222
7296  0.228222
7328  0.22808
7360  0.227942
7392  0.227942
7424  0.227625
7456  0.227625
7488  0.227499
7520  0.227499
7552  0.227323
7584  0.227311
7616  0.226934
7648  0.226746
7680  0.226689
7712  0.226689
7744  0.226688
7776  0.226413
7808  0.226324
7840  0.226283
7872  0.226174
7904  0.225983
7936  0.225983
7968  0.225983
8000  0.225526
8032  0.225311
8064  0.225311
8096  0.224819
8128  0.224148
8160  0.223876
8192  0.223664
8224  0.223664
8256  0.223298
8288  0.223114
8320  0.22291
8352  0.222763
8384  0.222726
8416  0.222726
8448  0.222364
8480  0.222119
8512  0.222108
8544  0.222085
8576  0.221589
8608  0.221401
8640  0.2213
8672  0.221223
8704  0.220986
8736  0.220825
8768  0.220825
8800  0.22077
8832  0.220652
8864  0.220652
8896  0.220537
8928  0.220537
8960  0.220537
8992  0.220222
9024  0.220164
9056  0.220141
9088  0.220047
9120  0.220047
9152  0.219687
9184  0.219659
9216  0.219562
9248  0.219511
9280  0.219257
9312  0.219034
9344  0.218743
9376  0.218455
9408  0.21809
9440  0.217852
9472  0.217808
9504  0.2178
9536  0.21767
9568  0.217589
9600  0.217589
9632  0.217577
9664  0.217392
9696  0.217392
9728  0.217111
9760  0.21685
9792  0.216713
9824  0.216646
9856  0.216646
9888  0.216625
9920  0.216464
9952  0.216261
9984  0.216058
10016  0.215882
10048  0.215786
10080  0.215758
10112  0.215437
10144  0.215437
10176  0.215388
10208  0.215353
10240  0.21513
10272  0.214976
10304  0.214963
10336  0.214963
10368  0.21494
10400  0.214902
10432  0.214902
10464  0.214751
10496  0.214748
10528  0.214603
10560  0.214508
10592  0.214508
10624  0.21446
10656  0.214343
10688  0.214343
10720  0.214091
10752  0.213679
10784  0.21359
10816  0.21359
10848  0.213449
10880  0.213404
10912  0.213391
10944  0.213377
10976  0.213365
11008  0.213327
11040  0.213268
11072  0.213268
11104  0.213268
11136  0.213122
11168  0.213046
11200  0.212878
11232  0.212875
11264  0.21278
11296  0.21278
11328  0.212594
11360  0.212445
11392  0.212403
11424  0.212349
11456  0.212173
11488  0.211839
11520  0.21168
11552  0.211268
11584  0.211164
11616  0.210924
11648  0.210642
11680  0.210548
11712  0.210501
11744  0.210391
11776  0.210263
11808  0.209997
11840  0.209997
11872  0.209883
11904  0.209727
11936  0.209601
11968  0.209328
12000  0.209144
12032  0.209144
12064  0.208958
12096  0.208802
12128  0.208586
12160  0.208527
12192  0.208497
12224  0.208497
12256  0.208395
12288  0.208314
12320  0.208238
12352  0.208138
12384  0.207901
12416  0.207813
12448  0.207813
12480  0.20779
12512  0.20779
12544  0.207784
12576  0.207714
12608  0.207686
12640  0.207518
12672  0.207486
12704  0.207486
12736  0.207486
12768  0.207486
12800  0.207486
12832  0.207425
12864  0.207319
12896  0.207254
12928  0.207125
12960  0.207118
12992  0.207118
13024  0.207016
13056  0.206996
13088  0.206928
13120  0.206928
13152  0.206928
13184  0.206928
13216  0.206838
13248  0.206838
13280  0.206838
13312  0.206811
13344  0.206792
13376  0.206713
13408  0.206713
13440  0.206691
13472  0.206691
13504  0.206564
13536  0.206564
13568  0.206513
13600  0.206488
13632  0.206488
13664  0.206421
13696  0.206417
13728  0.206417
13760  0.206409
13792  0.206337
13824  0.206328
13856  0.206298
13888  0.206185
13920  0.206144
13952  0.206115
13984  0.206115
14016  0.206115
14048  0.205986
14080  0.205986
14112  0.205956
14144  0.205875
14176  0.205875
14208  0.205847
14240  0.205847
14272  0.205847
14304  0.205847
14336  0.205847
14368  0.205847
14400  0.205847
14432  0.205847
14464  0.205847
14496  0.205838
14528  0.205838
14560  0.205838
14592  0.20576
14624  0.20576
14656  0.205668
14688  0.205627
14720  0.205627
14752  0.205627
14784  0.205627
14816  0.205627
14848  0.205627
14880  0.205547
14912  0.205471
14944  0.205471
14976  0.205471
15008  0.205471
15040  0.205249
15072  0.205249
15104  0.205201
15136  0.205025
15168  0.204928
15200  0.204925
15232  0.204925
15264  0.204925
15296  0.204925
15328  0.204878
15360  0.204878
15392  0.204878
15424  0.204827
15456  0.204827
15488  0.204827
15520  0.204813
15552  0.204813
15584  0.204813
15616  0.204813
15648  0.204797
15680  0.204797
15712  0.204797
15744  0.204797
15776  0.204727
15808  0.204727
15840  0.204727
15872  0.204649
15904  0.204649
15936  0.204517
15968  0.204517
16000  0.204517
16032  0.204506
16064  0.204493
16096  0.204494
16128  0.204492
16160  0.204338
16192  0.204338
16224  0.204338
16256  0.204338
16288  0.204338
16320  0.204338
16352  0.204281
16384  0.204281
16416  0.204235
16448  0.204235
16480  0.204235
16512  0.204235
16544  0.204235
16576  0.204235
16608  0.204235
16640  0.204235
16672  0.204235
16704  0.204235
16736  0.204235
16768  0.20411
16800  0.20411
16832  0.20411
16864  0.204015
16896  0.204015
16928  0.204007
16960  0.204007
16992  0.204007
17024  0.204007
17056  0.203921
17088  0.203885
17120  0.203885
17152  0.203885
17184  0.203885
17216  0.203885
17248  0.203885
17280  0.203885
17312  0.203885
17344  0.203885
17376  0.203885
17408  0.203797
17440  0.203797
17472  0.203787
17504  0.203787
17536  0.203755
17568  0.203626
17600  0.203626
17632  0.203626
17664  0.203626
17696  0.203626
17728  0.203626
17760  0.203626
17792  0.203626
17824  0.203626
17856  0.203626
17888  0.203626
17920  0.203626
17952  0.203626
17984  0.203626
18016  0.20359
18048  0.20359
18080  0.20359
18112  0.20359
18144  0.20359
18176  0.20359
18208  0.203528
18240  0.203528
18272  0.203528
18304  0.203509
18336  0.203509
18368  0.203509
18400  0.203509
18432  0.203509
18464  0.203509
18496  0.203509
18528  0.203509
18560  0.203509
18592  0.203509
18624  0.203402
18656  0.203402
18688  0.203402
18720  0.203402
18752  0.203402
18784  0.203402
18816  0.20338
18848  0.20338
18880  0.20338
18912  0.20338
18944  0.203294
18976  0.203294
19008  0.203294
19040  0.203294
19072  0.203036
19104  0.203036
19136  0.203036
19168  0.203036
19200  0.203036
19232  0.203036
19264  0.202924
19296  0.202924
19328  0.202924
19360  0.202924
19392  0.202924
19424  0.202906
19456  0.202831
19488  0.202831
19520  0.20272
19552  0.202698
19584  0.202698
19616  0.20265
19648  0.20265
19680  0.202603
19712  0.202603
19744  0.202603
19776  0.202603
19808  0.202603
19840  0.20252
19872  0.202514
19904  0.202514
19936  0.202496
19968  0.202496
20000  0.202454
20032  0.202429
20064  0.202302
20096  0.202302
20128  0.202302
20160  0.202217
20192  0.202217
20224  0.202138
20256  0.202089
20288  0.201864
20320  0.201844
20352  0.201787
20384  0.2017
20416  0.201464
20448  0.201397
20480  0.201396
20512  0.201271
20544  0.201259
20576  0.201259
20608  0.201259
20640  0.201171
20672  0.201085
20704  0.201064
20736  0.201038
20768  0.201038
20800  0.200906
20832  0.200906
20864  0.200889
20896  0.200853
20928  0.200853
20960  0.200853
20992  0.200853
21024  0.200853
21056  0.200853
21088  0.200675
21120  0.200302
21152  0.200245
21184  0.200146
21216  0.200026
21248  0.200024
21280  0.199918
21312  0.199814
21344  0.199814
21376  0.199738
21408  0.199733
21440  0.199692
21472  0.199619
21504  0.199486
21536  0.199432
21568  0.199397
21600  0.199373
21632  0.199284
21664  0.199241
21696  0.199117
21728  0.199117
21760  0.199117
21792  0.198878
21824  0.198878
21856  0.198878
21888  0.198878
21920  0.19876
21952  0.198719
21984  0.198719
22016  0.198719
22048  0.198719
22080  0.198513
22112  0.198513
22144  0.198513
22176  0.198497
22208  0.198409
22240  0.198277
22272  0.198222
22304  0.198222
22336  0.198222
22368  0.198222
22400  0.19817
22432  0.19817
22464  0.19817
22496  0.19814
22528  0.19814
22560  0.198101
22592  0.198101
22624  0.198075
22656  0.197991
22688  0.197991
22720  0.197975
22752  0.197975
22784  0.197967
22816  0.197921
22848  0.197868
22880  0.197822
22912  0.197781
22944  0.197781
22976  0.197781
23008  0.197781
23040  0.197781
23072  0.197781
23104  0.197754
23136  0.197754
23168  0.197754
23200  0.197754
23232  0.197754
23264  0.197736
23296  0.197736
23328  0.197643
23360  0.197643
23392  0.197643
23424  0.197643
23456  0.197643
23488  0.197622
23520  0.197622
23552  0.197608
23584  0.197608
23616  0.197608
23648  0.197608
23680  0.197608
23712  0.197608
23744  0.197443
23776  0.197355
23808  0.197355
23840  0.197315
23872  0.197286
23904  0.197286
23936  0.197286
23968  0.197228
24000  0.197228
24032  0.197172
24064  0.197172
24096  0.197159
24128  0.197089
24160  0.197089
24192  0.197089
24224  0.197066
24256  0.197066
24288  0.197066
24320  0.197066
24352  0.196988
24384  0.196895
24416  0.196895
24448  0.196804
24480  0.196804
24512  0.196804
24544  0.196804
24576  0.196804
24608  0.196738
24640  0.196738
24672  0.196738
24704  0.196738
24736  0.196738
24768  0.196728
24800  0.196728
24832  0.196728
24864  0.196728
24896  0.196728
24928  0.196723
24960  0.196723
24992  0.196723
25024  0.196723
25056  0.196723
25088  0.196723
25120  0.196723
25152  0.196723
25184  0.196723
25216  0.196723
25248  0.196723
25280  0.196711
25312  0.196711
25344  0.196711
25376  0.196711
25408  0.196704
25440  0.196684
25472  0.196684
25504  0.196684
25536  0.196684
25568  0.196657
25600  0.196644
25632  0.196644
25664  0.196607
25696  0.196606
25728  0.196606
25760  0.196604
25792  0.196604
25824  0.196596
25856  0.196596
25888  0.196596
25920  0.196596
25952  0.196596
25984  0.196596
26016  0.19656
26048  0.19656
26080  0.196546
26112  0.196546
26144  0.196546
26176  0.196546
26208  0.196546
26240  0.196529
26272  0.196529
26304  0.196529
26336  0.196507
26368  0.196507
26400  0.19648
26432  0.19648
26464  0.19648
26496  0.19648
26528  0.19648
26560  0.19648
26592  0.19648
26624  0.19648
26656  0.19648
26688  0.196444
26720  0.196395
26752  0.196395
26784  0.196382
26816  0.196382
26848  0.196382
26880  0.196382
26912  0.196382
26944  0.196382
26976  0.196382
27008  0.196382
27040  0.196382
27072  0.196382
27104  0.196382
27136  0.196382
27168  0.196382
27200  0.196382
27232  0.196382
27264  0.196382
27296  0.196382
27328  0.196382
27360  0.196382
27392  0.196321
27424  0.196321
27456  0.196306
27488  0.19627
27520  0.196151
27552  0.196151
27584  0.196151
27616  0.196151
27648  0.196151
27680  0.196151
27712  0.196104
27744  0.196104
27776  0.196104
27808  0.196104
27840  0.196104
27872  0.196104
27904  0.196048
27936  0.196048
27968  0.196048
28000  0.196048
28032  0.196011
28064  0.195991
28096  0.195991
28128  0.195991
28160  0.195991
28192  0.195991
28224  0.195991
28256  0.195991
28288  0.195991
28320  0.195991
28352  0.195991
28384  0.195991
28416  0.195991
28448  0.195962
28480  0.195962
28512  0.195962
28544  0.195962
28576  0.195949
28608  0.195949
28640  0.195909
28672  0.195892
28704  0.195892
28736  0.195892
28768  0.195892
28800  0.195892
28832  0.195892
28864  0.195892
28896  0.195892
28928  0.195892
28960  0.195892
28992  0.195892
29024  0.195892
29056  0.195892
29088  0.195892
29120  0.195857
29152  0.195846
29184  0.195846
29216  0.195846
29248  0.195846
29280  0.195846
29312  0.195846
29344  0.195846
29376  0.195846
29408  0.195846
29440  0.195846
29472  0.195846
29504  0.195846
29536  0.195846
29568  0.195846
29600  0.195825
29632  0.195825
29664  0.195825
29696  0.195825
29728  0.195825
29760  0.195825
29792  0.195826
29824  0.195826
29856  0.195826
29888  0.195826
29920  0.195826
29952  0.195826
29984  0.195826
30016  0.195818
30048  0.195818
30080  0.195818
30112  0.195818
30144  0.195795
30176  0.195795
30208  0.195795
30240  0.195795
30272  0.195795
30304  0.195795
30336  0.195795
30368  0.195748
30400  0.195748
30432  0.195748
30464  0.195748
30496  0.195748
30528  0.195748
30560  0.195748
30592  0.195748
30624  0.195748
30656  0.195748
30688  0.195748
30720  0.195748
30752  0.195748
30784  0.195748
30816  0.195748
30848  0.195748
30880  0.195748
30912  0.195748
30944  0.195748
30976  0.195748
31008  0.195748
31040  0.195748
31072  0.195748
31104  0.195748
31136  0.195748
31168  0.195748
31200  0.195681
31232  0.195681
31264  0.195681
31296  0.195681
31328  0.195681
31360  0.195681
31392  0.195681
31424  0.195667
31456  0.195648
31488  0.195648
31520  0.195648
31552  0.195648
31584  0.195648
31616  0.195648
31648  0.195648
31680  0.195648
31712  0.195648
31744  0.195648
31776  0.195648
31808  0.195551
31840  0.195551
31872  0.195551
31904  0.195551
31936  0.195551
31968  0.195551
32000  0.195551
32032  0.195551
32064  0.195551
32096  0.195513
32128  0.195513
32160  0.195513
32192  0.195513
32224  0.195513
32256  0.195513
32288  0.195513
32320  0.195513
32352  0.195439
32384  0.195439
32416  0.195422
32448  0.195422
32480  0.195422
32512  0.195422
32544  0.195407
32576  0.195407
32608  0.195407
32640  0.195407
32672  0.195407
32704  0.195407
32736  0.195407
32768  0.195407
32800  0.195407
32832  0.195407
32864  0.195407
32896  0.195407
32928  0.195391
32960  0.195391
32992  0.195376
33024  0.195374
33056  0.195374
33088  0.195374
33120  0.195374
33152  0.195374
33184  0.195374
33216  0.195374
33248  0.195374
33280  0.195374
33312  0.195374
33344  0.195347
33376  0.195347
33408  0.195347
33440  0.195347
33472  0.195347
33504  0.195347
33536  0.195301
33568  0.195301
33600  0.195301
33632  0.195301
33664  0.195301
33696  0.195301
33728  0.195301
33760  0.195301
33792  0.195301
33824  0.195301
33856  0.195301
33888  0.195301
33920  0.195301
33952  0.19529
33984  0.19529
34016  0.19529
34048  0.195282
34080  0.195282
34112  0.195253
34144  0.195253
34176  0.195253
34208  0.195241
34240  0.195241
34272  0.195241
34304  0.195241
34336  0.195241
34368  0.195241
34400  0.195241
34432  0.195241
34464  0.195241
34496  0.195241
34528  0.195164
34560  0.195164
34592  0.195164
34624  0.195164
34656  0.195164
34688  0.195119
34720  0.195119
34752  0.195119
34784  0.195119
34816  0.1951
34848  0.1951
34880  0.1951
34912  0.1951
34944  0.1951
34976  0.1951
35008  0.1951
35040  0.1951
35072  0.1951
35104  0.1951
35136  0.1951
35168  0.1951
35200  0.1951
35232  0.195091
35264  0.195091
35296  0.195091
35328  0.195091
35360  0.195091
35392  0.195091
35424  0.195091
35456  0.195091
35488  0.195091
35520  0.195091
35552  0.195091
35584  0.195091
35616  0.195091
35648  0.195091
35680  0.195091
35712  0.195091
35744  0.195091
35776  0.195091
35808  0.195091
35840  0.195091
35872  0.195091
35904  0.195091
35936  0.195091
35968  0.195047
36000  0.195047
36032  0.195047
36064  0.195047
36096  0.195047
36128  0.195047
36160  0.195047
36192  0.195047
36224  0.195047
36256  0.195047
36288  0.195047
36320  0.195047
36352  0.195047
36384  0.195047
36416  0.195047
36448  0.195047
36480  0.195047
36512  0.195047
36544  0.195047
36576  0.195047
36608  0.195047
36640  0.195047
36672  0.195047
36704  0.195047
36736  0.195047
36768  0.195047
36800  0.195047
36832  0.195047
36864  0.195047
36896  0.195047
36928  0.195047
36960  0.195047
36992  0.195047
37024  0.195047
37056  0.195047
37088  0.195047
37120  0.195047
37152  0.195047
37184  0.195047
37216  0.195047
37248  0.195047
37280  0.195047
37312  0.195047
37344  0.195047
37376  0.195031
37408  0.194881
37440  0.194881
37472  0.194881
37504  0.194881
37536  0.194834
37568  0.194834
37600  0.194834
37632  0.194834
37664  0.194834
37696  0.194834
37728  0.194834
37760  0.194834
37792  0.194834
37824  0.194834
37856  0.194834
37888  0.194834
37920  0.194834
37952  0.194834
37984  0.194774
38016  0.194774
38048  0.194774
38080  0.194774
38112  0.194774
38144  0.194774
38176  0.194774
38208  0.194774
38240  0.194774
38272  0.194774
38304  0.194774
38336  0.194774
38368  0.194774
38400  0.194774
38432  0.194774
38464  0.194774
38496  0.194774
38528  0.194774
38560  0.194774
38592  0.194694
38624  0.194694
38656  0.194694
38688  0.194694
38720  0.194694
38752  0.194694
38784  0.194694
38816  0.194694
38848  0.194694
38880  0.194694
38912  0.194686
38944  0.194686
38976  0.194686
39008  0.194686
39040  0.19466
39072  0.19466
39104  0.19466
39136  0.19466
39168  0.19466
39200  0.19466
39232  0.19466
39264  0.19466
39296  0.19466
39328  0.19466
39360  0.19466
39392  0.19466
39424  0.19466
39456  0.19466
39488  0.194652
39520  0.194652
39552  0.194652
39584  0.194652
39616  0.194652
39648  0.194652
39680  0.194652
39712  0.194652
39744  0.194652
39776  0.194652
39808  0.194652
39840  0.194652
39872  0.194652
39904  0.194652
39936  0.194652
39968  0.194625
40000  0.194625
40032  0.194625
40064  0.194604
40096  0.194604
40128  0.194604
40160  0.194604
40192  0.194604
40224  0.194604
40256  0.194604
40288  0.194604
40320  0.194604
40352  0.194604
40384  0.194604
40416  0.194604
40448  0.194604
40480  0.194539
40512  0.194539
40544  0.194539
40576  0.194539
40608  0.194496
40640  0.194496
40672  0.194496
40704  0.194496
40736  0.194496
40768  0.194496
40800  0.194496
40832  0.194496
40864  0.194479
40896  0.194479
40928  0.194479
40960  0.194479
40992  0.194479
41024  0.194479
41056  0.194479
41088  0.194479
41120  0.194414
41152  0.194414
41184  0.194414
41216  0.194414
41248  0.194414
41280  0.194414
41312  0.194414
41344  0.194414
41376  0.194414
41408  0.194414
41440  0.194414
41472  0.194407
41504  0.194407
41536  0.194407
41568  0.194407
41600  0.194407
41632  0.194407
41664  0.194407
41696  0.194407
41728  0.194377
41760  0.194377
41792  0.194377
41824  0.194351
41856  0.194351
41888  0.194351
41920  0.194351
41952  0.194351
41984  0.194351
42016  0.194351
42048  0.194351
42080  0.194351
42112  0.194351
42144  0.194351
42176  0.194351
42208  0.194351
42240  0.194351
42272  0.194351
42304  0.194346
42336  0.194346
42368  0.194346
42400  0.194346
42432  0.194346
42464  0.194346
42496  0.194346
42528  0.194346
42560  0.194346
42592  0.194346
42624  0.19432
42656  0.19432
42688  0.19432
42720  0.19432
42752  0.19432
42784  0.19432
42816  0.194234
42848  0.194234
42880  0.194234
42912  0.194234
42944  0.194234
42976  0.194234
43008  0.194234
43040  0.194234
43072  0.194234
43104  0.194234
43136  0.194234
43168  0.194234
43200  0.194234
43232  0.194234
43264  0.194234
43296  0.194234
43328  0.194234
43360  0.194234
43392  0.194234
43424  0.194148
43456  0.194148
43488  0.194147
43520  0.194147
43552  0.194147
43584  0.194147
43616  0.194147
43648  0.194147
43680  0.194147
43712  0.194147
43744  0.194147
43776  0.194147
43808  0.194147
43840  0.194147
43872  0.194147
43904  0.194147
43936  0.194147
43968  0.194147
44000  0.194147
44032  0.194147
44064  0.194147
44096  0.194147
44128  0.194147
44160  0.194147
44192  0.194147
44224  0.194147
44256  0.194147
44288  0.194147
44320  0.194147
44352  0.194147
44384  0.194147
44416  0.194147
44448  0.194147
44480  0.194147
44512  0.194147
44544  0.194147
44576  0.194147
44608  0.194147
44640  0.194147
44672  0.194147
44704  0.194147
44736  0.19413
44768  0.19413
44800  0.19413
44832  0.19413
44864  0.19413
44896  0.19413
44928  0.19413
44960  0.19413
44992  0.19413
45024  0.194042
45056  0.194042
45088  0.194042
45120  0.194042
45152  0.194042
45184  0.194042
45216  0.194042
45248  0.194042
45280  0.194042
45312  0.194042
45344  0.194042
45376  0.194042
45408  0.194042
45440  0.194006
45472  0.194006
45504  0.194006
45536  0.194006
45568  0.194006
45600  0.194006
45632  0.193907
45664  0.193907
45696  0.193907
45728  0.193907
45760  0.193907
45792  0.193907
45824  0.193816
45856  0.193816
45888  0.193816
45920  0.193815
45952  0.193815
45984  0.193815
46016  0.193815
46048  0.193815
46080  0.193815
46112  0.193815
46144  0.193815
46176  0.193815
46208  0.193815
46240  0.193815
46272  0.193815
46304  0.193815
46336  0.193815
46368  0.193815
46400  0.193799
46432  0.193799
46464  0.193799
46496  0.193799
46528  0.193799
46560  0.193799
46592  0.193799
46624  0.193799
46656  0.193799
46688  0.193799
46720  0.193799
46752  0.193799
46784  0.193757
46816  0.193757
46848  0.193757
46880  0.193757
46912  0.19375
46944  0.19375
46976  0.19375
47008  0.19375
47040  0.19375
47072  0.19375
47104  0.19375
47136  0.19375
47168  0.19375
47200  0.19375
47232  0.19375
47264  0.19375
47296  0.19375
47328  0.19375
47360  0.19375
47392  0.19375
47424  0.19375
47456  0.19375
47488  0.19375
47520  0.19375
47552  0.19375
47584  0.19375
47616  0.19375
47648  0.19375
47680  0.19375
47712  0.19375
47744  0.19375
47776  0.19375
47808  0.19375
47840  0.19375
47872  0.19375
47904  0.19375
47936  0.19375
47968  0.19375
48000  0.19375
48032  0.19375
48064  0.19375
48096  0.19375
48128  0.19375
48160  0.19375
48192  0.19375
48224  0.19375
48256  0.19375
48288  0.193735
48320  0.193735
48352  0.193722
48384  0.193722
48416  0.193722
48448  0.193722
48480  0.193722
48512  0.193722
48544  0.193722
48576  0.193722
48608  0.193722
48640  0.193722
48672  0.193722
48704  0.193722
48736  0.193722
48768  0.193722
48800  0.193722
48832  0.193722
48864  0.193722
48896  0.193722
48928  0.193722
48960  0.193722
48992  0.193722
49024  0.193722
49056  0.193722
49088  0.193722
49120  0.193722
49152  0.193722
49184  0.193722
49216  0.193722
49248  0.193722
49280  0.193722
49312  0.193722
49344  0.193722
49376  0.193722
49408  0.193722
49440  0.193722
49472  0.193722
49504  0.193722
49536  0.193722
49568  0.193722
49600  0.193722
49632  0.193722
49664  0.193722
49696  0.193722
49728  0.193722
49760  0.193722
49792  0.193722
49824  0.193722
49856  0.193685
49888  0.193685
49920  0.193685
49952  0.193685
49984  0.193685
50016  0.193685
50048  0.193685
50080  0.193685
50112  0.193685
50144  0.193685
50176  0.193685
50208  0.193685
50240  0.193685
50272  0.193685
50304  0.193685
50336  0.193685
50368  0.193685
50400  0.193685
50432  0.193685
50464  0.193685
50496  0.193667
50528  0.193667
50560  0.193658
50592  0.193658
50624  0.193658
50656  0.193658
50688  0.193658
50720  0.193658
50752  0.193658
50784  0.193658
50816  0.193658
50848  0.193658
50880  0.193658
50912  0.193658
50944  0.193658
50976  0.193658
51008  0.193658
51040  0.193658
51072  0.193658
51104  0.193658
51136  0.193658
51168  0.193658
51200  0.193658
51232  0.193658
51264  0.193658
51296  0.193658
51328  0.193658
51360  0.193658
51392  0.193658
51424  0.193658
51456  0.193658
51488  0.193617
51520  0.193617
51552  0.193617
51584  0.193617
51616  0.193617
51648  0.193617
51680  0.193617
51712  0.193617
51744  0.193617
51776  0.193617
51808  0.193617
51840  0.193617
51872  0.193606
51904  0.193578
51936  0.193578
51968  0.193578
52000  0.193578
52032  0.193578
52064  0.193578
52096  0.193578
52128  0.193578
52160  0.193578
52192  0.193578
52224  0.193578
52256  0.193578
52288  0.193578
52320  0.193578
52352  0.193578
52384  0.193578
52416  0.193578
52448  0.193578
52480  0.193578
52512  0.193578
52544  0.193578
52576  0.193578
52608  0.193578
52640  0.193578
52672  0.193578
52704  0.193578
52736  0.193578
52768  0.193578
52800  0.193578
52832  0.193578
52864  0.193578
52896  0.193578
52928  0.193578
52960  0.193578
52992  0.193578
53024  0.193578
53056  0.193578
53088  0.193578
53120  0.193578
53152  0.193578
53184  0.19354
53216  0.19354
53248  0.19354
53280  0.19354
53312  0.19354
53344  0.19354
53376  0.19354
53408  0.19354
53440  0.19354
53472  0.19354
53504  0.19354
53536  0.19354
53568  0.19354
53600  0.19354
53632  0.19354
53664  0.19354
53696  0.19354
53728  0.19354
53760  0.19354
53792  0.19354
53824  0.19354
53856  0.19354
53888  0.19354
53920  0.19354
53952  0.19354
53984  0.19354
54016  0.19354
54048  0.19354
54080  0.19354
54112  0.19354
54144  0.19354
54176  0.19354
54208  0.19354
54240  0.19354
54272  0.19354
54304  0.19354
54336  0.19354
54368  0.19354
54400  0.19354
54432  0.19354
54464  0.19354
54496  0.19354
54528  0.19354
54560  0.19354
54592  0.19354
54624  0.19354
54656  0.19354
54688  0.19354
54720  0.19354
54752  0.19354
54784  0.19354
54816  0.19354
54848  0.19354
54880  0.19354
54912  0.19354
54944  0.19354
54976  0.19354
55008  0.19354
55040  0.19354
55072  0.19354
55104  0.19354
55136  0.19354
55168  0.19354
55200  0.19354
55232  0.19354
55264  0.19354
55296  0.193509
55328  0.193509
55360  0.193509
55392  0.193509
55424  0.193509
55456  0.193509
55488  0.193509
55520  0.193509
55552  0.193509
55584  0.193509
55616  0.193509
55648  0.193509
55680  0.193509
55712  0.193509
55744  0.193509
55776  0.193509
55808  0.193509
55840  0.193509
55872  0.193509
55904  0.193509
55936  0.193509
55968  0.193509
56000  0.193509
56032  0.193509
56064  0.193509
56096  0.193509
56128  0.193509
56160  0.193509
56192  0.193509
56224  0.193509
56256  0.193509
56288  0.193509
56320  0.193509
56352  0.193509
56384  0.193509
56416  0.193509
56448  0.193509
56480  0.193509
56512  0.193509
56544  0.193509
56576  0.193509
56608  0.193509
56640  0.193509
56672  0.193509
56704  0.193465
56736  0.193465
56768  0.193465
56800  0.193465
56832  0.193465
56864  0.193465
56896  0.193465
56928  0.193465
56960  0.193465
56992  0.193465
57024  0.193465
57056  0.193465
57088  0.193465
57120  0.193465
57152  0.193465
57184  0.193465
57216  0.193465
57248  0.193465
57280  0.193465
57312  0.193465
57344  0.193465
57376  0.193465
57408  0.193465
57440  0.193448
57472  0.193448
57504  0.193448
57536  0.193448
57568  0.193448
57600  0.193448
57632  0.193448
57664  0.193448
57696  0.193448
57728  0.193448
57760  0.193448
57792  0.193448
57824  0.193448
57856  0.193448
57888  0.193448
57920  0.193448
57952  0.193448
57984  0.193448
58016  0.193448
58048  0.193448
58080  0.193448
58112  0.193448
58144  0.193448
58176  0.193448
58208  0.193394
58240  0.193394
58272  0.193394
58304  0.193394
58336  0.193394
58368  0.193394
58400  0.193394
58432  0.193394
58464  0.193394
58496  0.193394
58528  0.193394
58560  0.193394
58592  0.193394
58624  0.193391
58656  0.193391
58688  0.193391
58720  0.193391
58752  0.193391
58784  0.193391
58816  0.193391
58848  0.193391
58880  0.193391
58912  0.193391
58944  0.193385
58976  0.193385
59008  0.193385
59040  0.193385
59072  0.193385
59104  0.193385
59136  0.193385
59168  0.193385
59200  0.193385
59232  0.193385
59264  0.193385
59296  0.193385
59328  0.193385
59360  0.193385
59392  0.193385
59424  0.193385
59456  0.193385
59488  0.193385
59520  0.193385
59552  0.193385
59584  0.193385
59616  0.193385
59648  0.193387
59680  0.193387
59712  0.193387
59744  0.193387
59776  0.193387
59808  0.193387
59840  0.193387
59872  0.193387
59904  0.193387
59936  0.193387
59968  0.193387
60000  0.193387
60032  0.193387
60064  0.193387
60096  0.193387
60128  0.193387
60160  0.193387
60192  0.193387
60224  0.193387
60256  0.193387
60288  0.193387
60320  0.193387
60352  0.193376
60384  0.193376
60416  0.193376
60448  0.193376
60480  0.193376
60512  0.193376
60544  0.193376
60576  0.193376
60608  0.193376
60640  0.193376
60672  0.193376
60704  0.193376
60736  0.193376
60768  0.193376
60800  0.193376
60832  0.193376
60864  0.193376
60896  0.193376
60928  0.193376
60960  0.193376
60992  0.193376
61024  0.193376
61056  0.193376
61088  0.193373
61120  0.193373
61152  0.193373
61184  0.193373
61216  0.193373
61248  0.193373
61280  0.193373
61312  0.193373
61344  0.193373
61376  0.193373
61408  0.193371
61440  0.193371
61472  0.193371
61504  0.193371
61536  0.193371
61568  0.193371
61600  0.193371
61632  0.193371
61664  0.193371
61696  0.193371
61728  0.193356
61760  0.193356
61792  0.193356
61824  0.193356
61856  0.193356
61888  0.193356
61920  0.193356
61952  0.193356
61984  0.193356
62016  0.193356
62048  0.193356
62080  0.193356
62112  0.193356
62144  0.193356
62176  0.193356
62208  0.193356
62240  0.193356
62272  0.19332
62304  0.19332
62336  0.19332
62368  0.19332
62400  0.19332
62432  0.19332
62464  0.19332
62496  0.19332
62528  0.19332
62560  0.19332
62592  0.19332
62624  0.19332
62656  0.19332
62688  0.19332
62720  0.19332
62752  0.19332
62784  0.19332
62816  0.19332
62848  0.19332
62880  0.19332
62912  0.19332
62944  0.19332
62976  0.19332
63008  0.19332
63040  0.19332
63072  0.19332
63104  0.19332
63136  0.19332
63168  0.19332
63200  0.19332
63232  0.19332
63264  0.19332
63296  0.19332
63328  0.19332
63360  0.19332
63392  0.19332
63424  0.19332
63456  0.19332
63488  0.19332
63520  0.19332
63552  0.19332
63584  0.19332
63616  0.19332
63648  0.19332
63680  0.19332
63712  0.19332
63744  0.19332
63776  0.19332
63808  0.19332
63840  0.19332
63872  0.19332
63904  0.19332
63936  0.19332
63968  0.19332
64000  0.19332
64032  0.19332
64064  0.19332
64096  0.19332
64128  0.19332
64160  0.19332
64192  0.19332
64224  0.19332
64256  0.19332
64288  0.19332
64320  0.19332
64352  0.19332
64384  0.19332
64416  0.19332
64448  0.19332
64480  0.193318
64512  0.193318
64544  0.193318
64576  0.193318
64608  0.193318
64640  0.193318
64672  0.193318
64704  0.193318
64736  0.193318
64768  0.193318
64800  0.193318
64832  0.193318
64864  0.193318
64896  0.193318
64928  0.193318
64960  0.193318
64992  0.193318
65024  0.193318
65056  0.193318
65088  0.193308
65120  0.193308
65152  0.193308
65184  0.193308
65216  0.193308
65248  0.193308
65280  0.193308
65312  0.193308
65344  0.193308
65376  0.193308
65408  0.193308
65440  0.193308
65472  0.193308
65504  0.193308
65536  0.193308
65568  0.193308
65600  0.193308
65632  0.193308
65664  0.193308
65696  0.193308
65728  0.193308
65760  0.193308
65792  0.193308
65824  0.193308
65856  0.193308
65888  0.193308
65920  0.193308
65952  0.193308
65984  0.193308
66016  0.193308
66048  0.193288
66080  0.193288
66112  0.193288
66144  0.193288
66176  0.193288
66208  0.193288
66240  0.193288
66272  0.193288
66304  0.193288
66336  0.193288
66368  0.193288
66400  0.193288
66432  0.193288
66464  0.193288
66496  0.193288
66528  0.193288
66560  0.193288
66592  0.193288
66624  0.193288
66656  0.193288
66688  0.193288
66720  0.193288
66752  0.193288
66784  0.193288
66816  0.193254
66848  0.193254
66880  0.193254
66912  0.193254
66944  0.193254
66976  0.193254
67008  0.193254
67040  0.193254
67072  0.193254
67104  0.193254
67136  0.193254
67168  0.193254
67200  0.193254
67232  0.193254
67264  0.193254
67296  0.193254
67328  0.193254
67360  0.193254
67392  0.193254
67424  0.193254
67456  0.193254
67488  0.193254
67520  0.193254
67552  0.193254
67584  0.193254
67616  0.193254
67648  0.193254
67680  0.193254
67712  0.193254
67744  0.193254
67776  0.193254
67808  0.193254
67840  0.193254
67872  0.193254
67904  0.193254
67936  0.193254
67968  0.193254
68000  0.193254
68032  0.193252
68064  0.193252
68096  0.193252
68128  0.193252
68160  0.193252
68192  0.193252
68224  0.193252
68256  0.193252
68288  0.193252
68320  0.193234
68352  0.193234
68384  0.193234
68416  0.193234
68448  0.193234
68480  0.193234
68512  0.193234
68544  0.193234
68576  0.193234
68608  0.193234
68640  0.193234
68672  0.193234
68704  0.193234
68736  0.193234
68768  0.193234
68800  0.193234
68832  0.193234
68864  0.193234
68896  0.193234
68928  0.193234
68960  0.193234
68992  0.193234
69024  0.193234
69056  0.193234
69088  0.193234
69120  0.193234
69152  0.193234
69184  0.193234
69216  0.193234
69248  0.193234
69280  0.193234
69312  0.193234
69344  0.193234
69376  0.193234
69408  0.193234
69440  0.193234
69472  0.193234
69504  0.193234
69536  0.193234
69568  0.193234
69600  0.193234
69632  0.193234
69664  0.193234
69696  0.193234
69728  0.193234
69760  0.193234
69792  0.193234
69824  0.193234
69856  0.193234
69888  0.193234
69920  0.193234
69952  0.193234
69984  0.193234
70016  0.193234
70048  0.193234
70080  0.193234
70112  0.193234
70144  0.193234
70176  0.193234
70208  0.193234
70240  0.193234
70272  0.193234
70304  0.193234
70336  0.193234
70368  0.193234
70400  0.193234
70432  0.193234
70464  0.193234
70496  0.193234
70528  0.193234
70560  0.193234
70592  0.193234
70624  0.193234
70656  0.193234
70688  0.193234
70720  0.193234
70752  0.193234
70784  0.193234
70816  0.193234
70848  0.193234
70880  0.193234
70912  0.193234
70944  0.193234
70976  0.193234
71008  0.193234
71040  0.193234
71072  0.193234
71104  0.193234
71136  0.193234
71168  0.193234
71200  0.193234
71232  0.193234
71264  0.193234
71296  0.193234
71328  0.193234
71360  0.193234
71392  0.193207
71424  0.193207
71456  0.193207
71488  0.193207
71520  0.193207
71552  0.193207
71584  0.193207
71616  0.193207
71648  0.193207
71680  0.193207
71712  0.193207
71744  0.193207
71776  0.193207
71808  0.193207
71840  0.193207
71872  0.193207
71904  0.193207
71936  0.193207
71968  0.193207
72000  0.193133
72032  0.193133
72064  0.193133
72096  0.193133
72128  0.193133
72160  0.193133
72192  0.193133
72224  0.193133
72256  0.193133
72288  0.193133
72320  0.193133
72352  0.193133
72384  0.193133
72416  0.193133
72448  0.193133
72480  0.193133
72512  0.193133
72544  0.193133
72576  0.193133
72608  0.193133
72640  0.193133
72672  0.193133
72704  0.193133
72736  0.193133
72768  0.193133
72800  0.193133
72832  0.193133
72864  0.193133
72896  0.193133
72928  0.193133
72960  0.193133
72992  0.193133
73024  0.193133
73056  0.193133
73088  0.19313
73120  0.19313
73152  0.19313
73184  0.19313
73216  0.19313
73248  0.19313
73280  0.19313
73312  0.19313
73344  0.19313
73376  0.19313
73408  0.19313
73440  0.19313
73472  0.19313
73504  0.19313
73536  0.19313
73568  0.19313
73600  0.19313
73632  0.19313
73664  0.19313
73696  0.19313
73728  0.19313
73760  0.193104
73792  0.193104
73824  0.193104
73856  0.193104
73888  0.193104
73920  0.193104
73952  0.193104
73984  0.193104
74016  0.193104
74048  0.193104
74080  0.193104
74112  0.193104
74144  0.193104
74176  0.193104
74208  0.193104
74240  0.193104
74272  0.193104
74304  0.193104
74336  0.193104
74368  0.193104
74400  0.193104
74432  0.193104
74464  0.193104
74496  0.193104
74528  0.193104
74560  0.193104
74592  0.193104
74624  0.193104
74656  0.193104
74688  0.193104
74720  0.193104
74752  0.193104
74784  0.193104
74816  0.193104
74848  0.193104
74880  0.193104
74912  0.193104
74944  0.193104
74976  0.193104
75008  0.193104
75040  0.193104
75072  0.193104
75104  0.193104
75136  0.193104
75168  0.193104
75200  0.193104
75232  0.193104
75264  0.193104
75296  0.193104
75328  0.193104
75360  0.193104
75392  0.193104
75424  0.193104
75456  0.193104
75488  0.193104
75520  0.193104
75552  0.193104
75584  0.193104
75616  0.193104
75648  0.193104
75680  0.193104
75712  0.193104
75744  0.193104
75776  0.193104
75808  0.193104
75840  0.193104
75872  0.193104
75904  0.193104
75936  0.193104
75968  0.193104
76000  0.193104
76032  0.193104
76064  0.193104
76096  0.193104
76128  0.193104
76160  0.193104
76192  0.193104
76224  0.193104
76256  0.193104
76288  0.193104
76320  0.193104
76352  0.193104
76384  0.193104
76416  0.193104
76448  0.193104
76480  0.193104
76512  0.193104
76544  0.193104
76576  0.193104
76608  0.193085
76640  0.193085
76672  0.193085
76704  0.193085
76736  0.193085
76768  0.193085
76800  0.193085
76832  0.193085
76864  0.193085
76896  0.193085
76928  0.193085
76960  0.19304
76992  0.19304
77024  0.19304
77056  0.19304
77088  0.19304
77120  0.19304
77152  0.19304
77184  0.19304
77216  0.19304
77248  0.19304
77280  0.19304
77312  0.19304
77344  0.19304
77376  0.19304
77408  0.19304
77440  0.19304
77472  0.19304
77504  0.19304
77536  0.19304
77568  0.19304
77600  0.193025
77632  0.193025
77664  0.193025
77696  0.193025
77728  0.193025
77760  0.193025
77792  0.193025
77824  0.193025
77856  0.193025
77888  0.193025
77920  0.193025
77952  0.193025
77984  0.193025
78016  0.193025
78048  0.193025
78080  0.193025
78112  0.193025
78144  0.193025
78176  0.193025
78208  0.193025
78240  0.193025
78272  0.193025
78304  0.193025
78336  0.193025
78368  0.193025
78400  0.193025
78432  0.193025
78464  0.193025
78496  0.193025
78528  0.193025
78560  0.193025
78592  0.193025
78624  0.193025
78656  0.193025
78688  0.193025
78720  0.193025
78752  0.193025
78784  0.193025
78816  0.193025
78848  0.193025
78880  0.193025
78912  0.193025
78944  0.193025
78976  0.193025
79008  0.193025
79040  0.193025
79072  0.193025
79104  0.193025
79136  0.193025
79168  0.193025
79200  0.193025
79232  0.193025
79264  0.193025
79296  0.193025
79328  0.193025
79360  0.193025
79392  0.193025
79424  0.193025
79456  0.193025
79488  0.193025
79520  0.193025
79552  0.193025
79584  0.193025
79616  0.193025
79648  0.193025
79680  0.193025
79712  0.193025
79744  0.193025
79776  0.193025
79808  0.193025
79840  0.193025
79872  0.193025
79904  0.193025
79936  0.193025
79968  0.193025
80000  0.193025
80032  0.193025
80064  0.193025
80096  0.193025
80128  0.193025
80160  0.193025
80192  0.193025
80224  0.193025
80256  0.193025
80288  0.193025
80320  0.193025
80352  0.193025
80384  0.193025
80416  0.193025
80448  0.193025
80480  0.193025
80512  0.193025
80544  0.193025
80576  0.193025
80608  0.193025
80640  0.193025
80672  0.193025
80704  0.193025
80736  0.193025
80768  0.193025
80800  0.193025
80832  0.193025
80864  0.193025
80896  0.193025
80928  0.193025
80960  0.193025
80992  0.193025
81024  0.193025
81056  0.193025
81088  0.193025
81120  0.193025
81152  0.193025
81184  0.193025
81216  0.193025
81248  0.193025
81280  0.193025
81312  0.193025
81344  0.193025
81376  0.193025
81408  0.193025
81440  0.193025
81472  0.193025
81504  0.193025
81536  0.193025
81568  0.193025
81600  0.193025
81632  0.193025
81664  0.193025
81696  0.193025
81728  0.193025
81760  0.193025
81792  0.193025
81824  0.193025
81856  0.192986
81888  0.192986
81920  0.192986
81952  0.192986
81984  0.192986
82016  0.192986
82048  0.192986
82080  0.192986
82112  0.192986
82144  0.192986
82176  0.192986
82208  0.192986
82240  0.192986
82272  0.192986
82304  0.192986
82336  0.192986
82368  0.192986
82400  0.192986
82432  0.192986
82464  0.192986
82496  0.192986
82528  0.192986
82560  0.192986
82592  0.192986
82624  0.192986
82656  0.192986
82688  0.192986
82720  0.192986
82752  0.192986
82784  0.192986
82816  0.192986
82848  0.192986
82880  0.192986
82912  0.192986
82944  0.192986
82976  0.192963
83008  0.192932
83040  0.192932
83072  0.192932
83104  0.192932
83136  0.192932
83168  0.192932
83200  0.192932
83232  0.192932
83264  0.192932
83296  0.192932
83328  0.192932
83360  0.192932
83392  0.192932
83424  0.192932
83456  0.192932
83488  0.192932
83520  0.192932
83552  0.192932
83584  0.192932
83616  0.192932
83648  0.192932
83680  0.192932
83712  0.192932
83744  0.192932
83776  0.192932
83808  0.192932
83840  0.192932
83872  0.192932
83904  0.192932
83936  0.192932
83968  0.192932
84000  0.192932
84032  0.192932
84064  0.192932
84096  0.192932
84128  0.192932
84160  0.192932
84192  0.192932
84224  0.192932
84256  0.192932
84288  0.192932
84320  0.192932
84352  0.192932
84384  0.192932
84416  0.192932
84448  0.192932
84480  0.192932
84512  0.192932
84544  0.192932
84576  0.192932
84608  0.192932
84640  0.192932
84672  0.192932
84704  0.192932
84736  0.192932
84768  0.192932
84800  0.192932
84832  0.192932
84864  0.192876
84896  0.192876
84928  0.192803
84960  0.192803
84992  0.192803
85024  0.192803
85056  0.192803
85088  0.192803
85120  0.192803
85152  0.192803
85184  0.192803
85216  0.192803
85248  0.192803
85280  0.192803
85312  0.192803
85344  0.192803
85376  0.192803
85408  0.192803
85440  0.192803
85472  0.192803
85504  0.192803
85536  0.192803
85568  0.192803
85600  0.192803
85632  0.192803
85664  0.192803
85696  0.192803
85728  0.192803
85760  0.192803
85792  0.192803
85824  0.192803
85856  0.192803
85888  0.192803
85920  0.192803
85952  0.192803
85984  0.192803
86016  0.192803
86048  0.192803
86080  0.192803
86112  0.192803
86144  0.192803
86176  0.192803
86208  0.192803
86240  0.192803
86272  0.192803
86304  0.192803
86336  0.192803
86368  0.192803
86400  0.192803
86432  0.192803
86464  0.192803
86496  0.192803
86528  0.192803
86560  0.192803
86592  0.192803
86624  0.192803
86656  0.192803
86688  0.192803
86720  0.192803
86752  0.192803
86784  0.192803
86816  0.192782
86848  0.192782
86880  0.192782
86912  0.192782
86944  0.192782
86976  0.192782
87008  0.192782
87040  0.192782
87072  0.192782
87104  0.192782
87136  0.192782
87168  0.192782
87200  0.192782
87232  0.192782
87264  0.192782
87296  0.192782
87328  0.192782
87360  0.192782
87392  0.192782
87424  0.192782
87456  0.192782
87488  0.192782
87520  0.192775
87552  0.192775
87584  0.192775
87616  0.192775
87648  0.192775
87680  0.192775
87712  0.192775
87744  0.192775
87776  0.192775
87808  0.192775
87840  0.192775
87872  0.192775
87904  0.192775
87936  0.192775
87968  0.192775
88000  0.192775
88032  0.192775
88064  0.192775
88096  0.192775
88128  0.192775
88160  0.192775
88192  0.192775
88224  0.192775
88256  0.192775
88288  0.192775
88320  0.192775
88352  0.192775
88384  0.192775
88416  0.192775
88448  0.192775
88480  0.192775
88512  0.192775
88544  0.192775
88576  0.192775
88608  0.192775
88640  0.192775
88672  0.192775
88704  0.192775
88736  0.192775
88768  0.192775
88800  0.192775
88832  0.192775
88864  0.192775
88896  0.192775
88928  0.192775
88960  0.192775
88992  0.192775
89024  0.192775
89056  0.192775
89088  0.192775
89120  0.192775
89152  0.192775
89184  0.192775
89216  0.192775
89248  0.192775
89280  0.192775
89312  0.192775
89344  0.192775
89376  0.192775
89408  0.192775
89440  0.192775
89472  0.192775
89504  0.192775
89536  0.192775
89568  0.192775
89600  0.192775
89632  0.192775
89664  0.192775
89696  0.192775
89728  0.192775
89760  0.192775
89792  0.192775
89824  0.192775
89856  0.192775
89888  0.192775
89920  0.192775
89952  0.192775
89984  0.192775
90016  0.192775
90048  0.192775
90080  0.192775
90112  0.192775
90144  0.192775
90176  0.192775
90208  0.192775
90240  0.192775
90272  0.192775
90304  0.192775
90336  0.192775
90368  0.192775
90400  0.192775
90432  0.192775
90464  0.192775
90496  0.192775
90528  0.192775
90560  0.192775
90592  0.192775
90624  0.192775
90656  0.192775
90688  0.192775
90720  0.192775
90752  0.192767
90784  0.192767
90816  0.192767
90848  0.192767
90880  0.192767
90912  0.192767
90944  0.192767
90976  0.192767
91008  0.192767
91040  0.192767
91072  0.192767
91104  0.192767
91136  0.192767
91168  0.192767
91200  0.192767
91232  0.192767
91264  0.192767
91296  0.192767
91328  0.192767
91360  0.192767
91392  0.192727
91424  0.192727
91456  0.192727
91488  0.192727
91520  0.192727
91552  0.192727
91584  0.192727
91616  0.192727
91648  0.192727
91680  0.192727
91712  0.192727
91744  0.192727
91776  0.192727
91808  0.192727
91840  0.192727
91872  0.192727
91904  0.192727
91936  0.192727
91968  0.192727
92000  0.192727
92032  0.192727
92064  0.192727
92096  0.192727
92128  0.192727
92160  0.192727
92192  0.192727
92224  0.192727
92256  0.192727
92288  0.192727
92320  0.192727
92352  0.192727
92384  0.192727
92416  0.192727
92448  0.192727
92480  0.192727
92512  0.192727
92544  0.192727
92576  0.192727
92608  0.192727
92640  0.192727
92672  0.192727
92704  0.192727
92736  0.192727
92768  0.192727
92800  0.192727
92832  0.192727
92864  0.192727
92896  0.192727
92928  0.192727
92960  0.192701
92992  0.192701
93024  0.192701
93056  0.192701
93088  0.192701
93120  0.192701
93152  0.192701
93184  0.192701
93216  0.192701
93248  0.192701
93280  0.192701
93312  0.192701
93344  0.192701
93376  0.192701
93408  0.192649
93440  0.192641
93472  0.192623
93504  0.192623
93536  0.192614
93568  0.192614
93600  0.192614
93632  0.192614
93664  0.192614
93696  0.192614
93728  0.192614
93760  0.192614
93792  0.192614
93824  0.192614
93856  0.192614
93888  0.192614
93920  0.192614
93952  0.192614
93984  0.192614
94016  0.192614
94048  0.192614
94080  0.192614
94112  0.192614
94144  0.192614
94176  0.192614
94208  0.192614
94240  0.192614
94272  0.192614
94304  0.192614
94336  0.192614
94368  0.192614
94400  0.192614
94432  0.192614
94464  0.192614
94496  0.192614
94528  0.19254
94560  0.19254
94592  0.19254
94624  0.19254
94656  0.19254
94688  0.19254
94720  0.19254
94752  0.19254
94784  0.19254
94816  0.19254
94848  0.19254
94880  0.19254
94912  0.19254
94944  0.19254
94976  0.19254
95008  0.19254
95040  0.19254
95072  0.19254
95104  0.19254
95136  0.19254
95168  0.19254
95200  0.19254
95232  0.19254
95264  0.19254
95296  0.19254
95328  0.19254
95360  0.19254
95392  0.19254
95424  0.19254
95456  0.19254
95488  0.19254
95520  0.19254
95552  0.19254
95584  0.19254
95616  0.19254
95648  0.19254
95680  0.19254
95712  0.19254
95744  0.19254
95776  0.19254
95808  0.19254
95840  0.19254
95872  0.19254
95904  0.19254
95936  0.19254
95968  0.19254
96000  0.19254
96032  0.19254
