Step  Penalty
32  0.581993
64  0.54695
96  0.54695
128  0.54695
160  0.544932
192  0.542747
224  0.541976
256  0.540699
288  0.540328
320  0.539434
352  0.538548
384  0.536052
416  0.534781
448  0.534781
480  0.534583
512  0.534084
544  0.533832
576  0.533832
608  0.531682
640  0.530184
672  0.528789
704  0.527133
736  0.527133
768  0.525841
800  0.525543
832  0.521151
864  0.518461
896  0.516381
928  0.511693
960  0.510586
992  0.507135
1024  0.503714
1056  0.501951
1088  0.501046
1120  0.498332
1152  0.496757
1184  0.495372
1216  0.492201
1248  0.489813
1280  0.487681
1312  0.485672
1344  0.483778
1376  0.482046
1408  0.480887
1440  0.480238
1472  0.478968
1504  0.478255
1536  0.476418
1568  0.476046
1600  0.474346
1632  0.473572
1664  0.472639
1696  0.472386
1728  0.471439
1760  0.469617
1792  0.469115
1824  0.467514
1856  0.466551
1888  0.465451
1920  0.463506
1952  0.461672
1984  0.459618
2016  0.459232
2048  0.45657
2080  0.45478
2112  0.452518
2144  0.449191
2176  0.448295
2208  0.444619
2240  0.442942
2272  0.44127
2304  0.439006
2336  0.438163
2368  0.437478
2400  0.436377
2432  0.435677
2464  0.434906
2496  0.434842
2528  0.433993
2560  0.432871
2592  0.43182
2624  0.429288
2656  0.428342
2688  0.427391
2720  0.427206
2752  0.425805
2784  0.424861
2816  0.422956
2848  0.422131
2880  0.420071
2912  0.418974
2944  0.418698
2976  0.418407
3008  0.417884
3040  0.417327
3072  0.417003
3104  0.416359
3136  0.415553
3168  0.415107
3200  0.415107
3232  0.413807
3264  0.413807
3296  0.413391
3328  0.413186
3360  0.412855
3392  0.412273
3424  0.411723
3456  0.411402
3488  0.411289
3520  0.410718
3552  0.410697
3584  0.41002
3616  0.409981
3648  0.409981
3680  0.409233
3712  0.408661
3744  0.408661
3776  0.40804
3808  0.407921
3840  0.406974
3872  0.406541
3904  0.406106
3936  0.406073
3968  0.405599
4000  0.405092
4032  0.405092
4064  0.404942
4096  0.404131
4128  0.40314
4160  0.403047
4192  0.402708
4224  0.402262
4256  0.401999
4288  0.401999
4320  0.401319
4352  0.400851
4384  0.400214
4416  0.399116
4448  0.398647
4480  0.398347
4512  0.397991
4544  0.397532
4576  0.396441
4608  0.396261
4640  0.395717
4672  0.39455
4704  0.393288
4736  0.392435
4768  0.391641
4800  0.391297
4832  0.390423
4864  0.390196
4896  0.389352
4928  0.388324
4960  0.387644
4992  0.387592
5024  0.386537
5056  0.385819
5088  0.385802
5120  0.384167
5152  0.383354
5184  0.382653
5216  0.382617
5248  0.381756
5280  0.381449
5312  0.380713
5344  0.380223
5376  0.380067
5408  0.379759
5440  0.378847
5472  0.378538
5504  0.378125
5536  0.377829
5568  0.377728
5600  0.377728
5632  0.377728
5664  0.377567
5696  0.376973
5728  0.376973
5760  0.376773
5792  0.376773
5824  0.376567
5856  0.376044
5888  0.375693
5920  0.37564
5952  0.375638
5984  0.375398
6016  0.374934
6048  0.374772
6080  0.374619
6112  0.37431
6144  0.374245
6176  0.373618
6208  0.373318
6240  0.37269
6272  0.372623
6304  0.371365
6336  0.370774
6368  0.370453
6400  0.369498
6432  0.368539
6464  0.368302
6496  0.368284
6528  0.368004
6560  0.367731
6592  0.367731
6624  0.367731
6656  0.367674
6688  0.367008
6720  0.366846
6752  0.366419
6784  0.366391
6816  0.366388
6848  0.366356
6880  0.366293
6912  0.365539
6944  0.365455
6976  0.365176
7008  0.365033
7040  0.364742
7072  0.364742
7104  0.364682
7136  0.364593
7168  0.364345
7200  0.364154
7232  0.364154
7264  0.364074
7296  0.363623
7328  0.363623
7360  0.363595
7392  0.363483
7424  0.363436
7456  0.363251
7488  0.36322
7520  0.362528
7552  0.362328
7584  0.361672
7616  0.361172
7648  0.36099
7680  0.360884
7712  0.360879
7744  0.360443
7776  0.360421
7808  0.359998
7840  0.359774
7872  0.359353
7904  0.358973
7936  0.358573
7968  0.35856
8000  0.358482
8032  0.35822
8064  0.357602
8096  0.357192
8128  0.357021
8160  0.357021
8192  0.357021
8224  0.356721
8256  0.35633
8288  0.356093
8320  0.355787
8352  0.355524
8384  0.355289
8416  0.355142
8448  0.355142
8480  0.354861
8512  0.354861
8544  0.354416
8576  0.354351
8608  0.354201
8640  0.35325
8672  0.352502
8704  0.352357
8736  0.352153
8768  0.352112
8800  0.351801
8832  0.351539
8864  0.351226
8896  0.35066
8928  0.350457
8960  0.350457
8992  0.350079
9024  0.349651
9056  0.349369
9088  0.348584
9120  0.348584
9152  0.348376
9184  0.348234
9216  0.348234
9248  0.348234
9280  0.348234
9312  0.347956
9344  0.347907
9376  0.347532
9408  0.347532
9440  0.347314
9472  0.347171
9504  0.347
9536  0.346607
9568  0.346211
9600  0.345892
9632  0.345663
9664  0.345296
9696  0.344887
9728  0.344362
9760  0.343937
9792  0.343019
9824  0.342596
9856  0.341504
9888  0.341029
9920  0.340473
9952  0.339952
9984  0.339689
10016  0.339246
10048  0.338441
10080  0.338271
10112  0.337576
10144  0.337396
10176  0.337396
10208  0.336995
10240  0.336902
10272  0.336866
10304  0.336773
10336  0.336717
10368  0.336646
10400  0.336268
10432  0.336268
10464  0.336155
10496  0.335649
10528  0.335413
10560  0.335221
10592  0.334905
10624  0.334229
10656  0.334088
10688  0.334063
10720  0.333888
10752  0.333836
10784  0.333758
10816  0.33336
10848  0.333098
10880  0.333098
10912  0.332472
10944  0.33206
10976  0.331692
11008  0.33135
11040  0.330934
11072  0.330451
11104  0.330235
11136  0.330115
11168  0.329992
11200  0.329641
11232  0.329054
11264  0.32861
11296  0.328311
11328  0.328245
11360  0.32768
11392  0.32768
11424  0.32756
11456  0.32756
11488  0.327132
11520  0.327132
11552  0.326967
11584  0.326766
11616  0.326414
11648  0.326388
11680  0.32638
11712  0.325817
11744  0.325728
11776  0.325668
11808  0.325577
11840  0.325399
11872  0.325307
11904  0.325276
11936  0.325101
11968  0.325101
12000  0.324788
12032  0.324643
12064  0.324643
12096  0.324609
12128  0.324609
12160  0.3242
12192  0.3242
12224  0.324159
12256  0.324014
12288  0.323842
12320  0.323278
12352  0.322916
12384  0.322255
12416  0.322085
12448  0.322085
12480  0.32194
12512  0.321717
12544  0.321606
12576  0.321386
12608  0.321185
12640  0.320896
12672  0.320725
12704  0.320244
12736  0.319841
12768  0.319841
12800  0.319841
12832  0.319558
12864  0.319179
12896  0.319114
12928  0.319114
12960  0.318728
12992  0.318517
13024  0.318208
13056  0.318136
13088  0.318023
13120  0.317571
13152  0.31741
13184  0.317138
13216  0.317138
13248  0.316927
13280  0.316192
13312  0.316165
13344  0.316088
13376  0.316049
13408  0.316049
13440  0.315989
13472  0.315701
13504  0.315642
13536  0.315605
13568  0.315376
13600  0.314808
13632  0.314538
13664  0.314306
13696  0.314157
13728  0.313859
13760  0.313845
13792  0.313845
13824  0.313542
13856  0.313338
13888  0.313238
13920  0.312947
13952  0.312836
13984  0.312836
14016  0.31274
14048  0.31274
14080  0.31274
14112  0.312277
14144  0.312118
14176  0.311943
14208  0.311943
14240  0.311937
14272  0.311786
14304  0.311786
14336  0.311626
14368  0.311626
14400  0.31158
14432  0.311476
14464  0.311326
14496  0.311326
14528  0.311326
14560  0.311326
14592  0.311219
14624  0.310963
14656  0.310878
14688  0.31059
14720  0.310396
14752  0.310396
14784  0.310218
14816  0.310124
14848  0.310025
14880  0.309916
14912  0.309916
14944  0.309878
14976  0.309367
15008  0.309367
15040  0.309268
15072  0.309201
15104  0.309048
15136  0.309009
15168  0.308646
15200  0.308326
15232  0.308234
15264  0.307552
15296  0.307485
15328  0.307485
15360  0.307429
15392  0.307429
15424  0.306889
15456  0.306749
15488  0.306693
15520  0.30648
15552  0.30648
15584  0.306441
15616  0.306187
15648  0.305979
15680  0.305979
15712  0.305979
15744  0.305877
15776  0.305877
15808  0.305752
15840  0.305752
15872  0.305606
15904  0.305493
15936  0.305493
15968  0.305493
16000  0.305493
16032  0.305493
16064  0.305451
16096  0.305214
16128  0.305214
16160  0.305214
16192  0.305214
16224  0.305214
16256  0.304966
16288  0.304966
16320  0.304966
16352  0.304853
16384  0.304801
16416  0.304801
16448  0.30449
16480  0.30449
16512  0.30449
16544  0.304479
16576  0.30446
16608  0.304129
16640  0.304047
16672  0.304047
16704  0.30397
16736  0.30397
16768  0.303959
16800  0.303589
16832  0.303589
16864  0.303331
16896  0.30319
16928  0.30319
16960  0.303077
16992  0.303077
17024  0.303077
17056  0.303077
17088  0.303077
17120  0.302869
17152  0.302869
17184  0.302869
17216  0.302789
17248  0.302772
17280  0.302625
17312  0.302625
17344  0.302624
17376  0.302596
17408  0.302596
17440  0.302596
17472  0.3025
17504  0.3025
17536  0.3025
17568  0.302411
17600  0.3024
17632  0.302272
17664  0.302272
17696  0.302195
17728  0.302155
17760  0.302155
17792  0.302155
17824  0.30206
17856  0.302002
17888  0.301998
17920  0.301998
17952  0.30183
17984  0.30183
18016  0.301716
18048  0.301672
18080  0.301637
18112  0.301637
18144  0.301637
18176  0.301614
18208  0.301614
18240  0.301614
18272  0.301614
18304  0.301614
18336  0.301554
18368  0.301554
18400  0.301554
18432  0.301554
18464  0.301422
18496  0.301355
18528  0.301355
18560  0.301355
18592  0.301355
18624  0.301355
18656  0.301336
18688  0.301303
18720  0.300876
18752  0.300876
18784  0.300815
18816  0.300792
18848  0.300686
18880  0.300523
18912  0.300268
18944  0.299991
18976  0.299698
19008  0.299698
19040  0.299698
19072  0.299698
19104  0.299642
19136  0.299545
19168  0.299509
19200  0.299444
19232  0.2994
19264  0.299314
19296  0.299314
19328  0.299261
19360  0.299261
19392  0.299261
19424  0.2992
19456  0.2992
19488  0.299198
19520  0.299198
19552  0.299198
19584  0.298977
19616  0.298977
19648  0.298977
19680  0.298977
19712  0.298881
19744  0.298581
19776  0.298581
19808  0.298559
19840  0.298422
19872  0.298422
19904  0.298273
19936  0.298273
19968  0.298273
20000  0.298273
20032  0.298173
20064  0.297915
20096  0.297835
20128  0.297809
20160  0.297754
20192  0.297691
20224  0.297632
20256  0.297632
20288  0.297622
20320  0.297622
20352  0.297622
20384  0.297622
20416  0.297569
20448  0.297435
20480  0.297338
20512  0.297262
20544  0.297183
20576  0.297183
20608  0.296983
20640  0.296752
20672  0.296688
20704  0.296583
20736  0.296583
20768  0.296583
20800  0.296433
20832  0.296433
20864  0.29634
20896  0.29634
20928  0.296272
20960  0.29604
20992  0.29604
21024  0.296021
21056  0.295937
21088  0.295937
21120  0.295937
21152  0.295937
21184  0.295937
21216  0.295937
21248  0.295817
21280  0.295778
21312  0.295524
21344  0.295456
21376  0.295456
21408  0.295456
21440  0.295424
21472  0.295345
21504  0.295185
21536  0.295185
21568  0.295185
21600  0.295016
21632  0.294999
21664  0.294999
21696  0.294907
21728  0.294907
21760  0.294907
21792  0.294805
21824  0.294805
21856  0.294747
21888  0.294747
21920  0.294747
21952  0.294747
21984  0.29466
22016  0.294398
22048  0.294398
22080  0.294317
22112  0.294212
22144  0.294061
22176  0.293981
22208  0.293981
22240  0.293936
22272  0.293936
22304  0.293936
22336  0.293936
22368  0.293936
22400  0.293875
22432  0.293875
22464  0.293875
22496  0.293875
22528  0.293875
22560  0.293824
22592  0.293824
22624  0.293824
22656  0.293377
22688  0.293377
22720  0.293377
22752  0.293288
22784  0.293181
22816  0.293181
22848  0.293133
22880  0.293133
22912  0.293133
22944  0.293026
22976  0.293026
23008  0.292957
23040  0.292957
23072  0.292943
23104  0.292912
23136  0.292827
23168  0.292418
23200  0.292418
23232  0.29222
23264  0.292087
23296  0.291962
23328  0.291962
23360  0.291962
23392  0.291962
23424  0.291962
23456  0.291962
23488  0.291962
23520  0.291962
23552  0.291962
23584  0.29195
23616  0.29195
23648  0.29195
23680  0.29195
23712  0.29195
23744  0.29195
23776  0.29195
23808  0.291702
23840  0.291702
23872  0.291609
23904  0.291348
23936  0.291348
23968  0.291348
24000  0.291347
24032  0.291347
24064  0.291252
24096  0.291252
24128  0.291252
24160  0.291252
24192  0.290889
24224  0.290716
24256  0.290571
24288  0.290509
24320  0.290509
24352  0.290477
24384  0.290425
24416  0.290283
24448  0.2902
24480  0.290169
24512  0.289955
24544  0.289878
24576  0.289878
24608  0.289819
24640  0.289768
24672  0.2897
24704  0.2897
24736  0.289496
24768  0.289413
24800  0.289413
24832  0.28928
24864  0.289094
24896  0.288942
24928  0.288942
24960  0.288716
24992  0.288716
25024  0.288686
25056  0.288686
25088  0.288359
25120  0.288212
25152  0.288075
25184  0.288075
25216  0.288075
25248  0.287971
25280  0.287971
25312  0.287844
25344  0.287844
25376  0.287759
25408  0.287635
25440  0.287601
25472  0.287601
25504  0.287232
25536  0.287232
25568  0.287232
25600  0.287075
25632  0.286819
25664  0.28661
25696  0.286524
25728  0.286524
25760  0.286524
25792  0.286328
25824  0.286328
25856  0.286286
25888  0.286181
25920  0.286073
25952  0.286015
25984  0.285893
26016  0.285893
26048  0.285736
26080  0.285736
26112  0.285652
26144  0.285364
26176  0.285247
26208  0.285199
26240  0.285199
26272  0.285199
26304  0.284914
26336  0.284914
26368  0.284914
26400  0.284882
26432  0.284882
26464  0.284768
26496  0.284668
26528  0.284668
26560  0.284668
26592  0.284616
26624  0.284505
26656  0.284505
26688  0.284505
26720  0.284462
26752  0.284414
26784  0.284205
26816  0.284205
26848  0.284205
26880  0.284068
26912  0.284068
26944  0.283866
26976  0.283866
27008  0.283777
27040  0.283777
27072  0.283771
27104  0.283645
27136  0.283429
27168  0.283216
27200  0.282515
27232  0.282412
27264  0.282353
27296  0.282353
27328  0.282271
27360  0.282271
27392  0.282271
27424  0.282271
27456  0.282069
27488  0.282069
27520  0.282069
27552  0.282047
27584  0.282047
27616  0.282047
27648  0.282047
27680  0.282047
27712  0.282047
27744  0.281956
27776  0.281956
27808  0.281761
27840  0.281761
27872  0.281761
27904  0.281761
27936  0.281761
27968  0.281761
28000  0.281761
28032  0.281761
28064  0.281761
28096  0.281603
28128  0.281603
28160  0.281551
28192  0.281509
28224  0.281509
28256  0.281237
28288  0.281237
28320  0.281237
28352  0.281237
28384  0.281237
28416  0.281204
28448  0.281204
28480  0.281063
28512  0.281063
28544  0.281063
28576  0.281063
28608  0.281063
28640  0.281063
28672  0.281063
28704  0.281063
28736  0.281063
28768  0.28096
28800  0.28096
28832  0.28096
28864  0.28096
28896  0.28096
28928  0.280874
28960  0.280874
28992  0.28075
29024  0.28075
29056  0.28075
29088  0.28075
29120  0.28075
29152  0.28075
29184  0.2807
29216  0.280674
29248  0.280674
29280  0.280402
29312  0.280225
29344  0.280225
29376  0.280198
29408  0.280198
29440  0.280198
29472  0.280198
29504  0.280198
29536  0.280198
29568  0.28013
29600  0.28013
29632  0.28013
29664  0.28013
29696  0.28013
29728  0.28013
29760  0.28013
29792  0.28013
29824  0.28013
29856  0.28013
29888  0.28013
29920  0.28013
29952  0.28013
29984  0.28013
30016  0.28013
30048  0.280117
30080  0.280117
30112  0.280117
30144  0.279961
30176  0.279961
30208  0.279914
30240  0.279894
30272  0.279894
30304  0.279894
30336  0.279823
30368  0.279808
30400  0.279808
30432  0.279808
30464  0.279808
30496  0.279808
30528  0.279808
30560  0.279628
30592  0.279628
30624  0.279628
30656  0.279563
30688  0.279563
30720  0.279563
30752  0.279563
30784  0.279517
30816  0.279517
30848  0.279517
30880  0.279517
30912  0.279471
30944  0.279339
30976  0.279208
31008  0.279208
31040  0.279208
31072  0.279007
31104  0.279007
31136  0.279007
31168  0.279007
31200  0.279007
31232  0.27869
31264  0.278613
31296  0.278613
31328  0.278613
31360  0.278333
31392  0.278333
31424  0.278333
31456  0.278333
31488  0.278333
31520  0.278333
31552  0.278333
31584  0.278274
31616  0.278274
31648  0.278264
31680  0.278124
31712  0.278124
31744  0.278124
31776  0.278023
31808  0.278023
31840  0.278023
31872  0.277983
31904  0.277804
31936  0.277804
31968  0.277673
32000  0.277611
32032  0.277611
32064  0.277521
32096  0.277521
32128  0.277521
32160  0.277481
32192  0.277428
32224  0.277351
32256  0.277351
32288  0.277136
32320  0.277136
32352  0.277136
32384  0.277136
32416  0.277136
32448  0.277097
32480  0.277097
32512  0.277006
32544  0.277006
32576  0.276921
32608  0.276916
32640  0.276916
32672  0.276916
32704  0.276916
32736  0.276916
32768  0.276783
32800  0.276727
32832  0.276421
32864  0.276421
32896  0.276421
32928  0.276402
32960  0.276402
32992  0.276402
33024  0.276214
33056  0.276214
33088  0.276214
33120  0.276214
33152  0.276214
33184  0.276214
33216  0.276214
33248  0.276214
33280  0.276214
33312  0.276214
33344  0.27621
33376  0.27621
33408  0.27621
33440  0.276181
33472  0.276181
33504  0.276159
33536  0.276159
33568  0.276159
33600  0.276152
33632  0.276152
33664  0.276152
33696  0.276152
33728  0.276152
33760  0.276152
33792  0.276092
33824  0.276053
33856  0.276053
33888  0.275849
33920  0.275849
33952  0.275849
33984  0.275834
34016  0.275796
34048  0.275796
34080  0.275796
34112  0.275796
34144  0.275796
34176  0.275796
34208  0.275796
34240  0.275533
34272  0.275533
34304  0.275533
34336  0.275533
34368  0.275533
34400  0.275533
34432  0.275533
34464  0.275439
34496  0.275251
34528  0.275251
34560  0.275166
34592  0.275166
34624  0.275058
34656  0.275058
34688  0.275058
34720  0.274948
34752  0.274838
34784  0.274838
34816  0.274838
34848  0.274838
34880  0.274796
34912  0.274796
34944  0.274796
34976  0.274796
35008  0.274796
35040  0.274751
35072  0.274751
35104  0.27465
35136  0.274614
35168  0.27451
35200  0.274433
35232  0.274433
35264  0.274433
35296  0.274433
35328  0.274433
35360  0.274293
35392  0.274161
35424  0.274144
35456  0.274066
35488  0.274066
35520  0.274066
35552  0.27401
35584  0.27401
35616  0.27401
35648  0.273911
35680  0.273911
35712  0.273911
35744  0.273911
35776  0.273911
35808  0.273811
35840  0.273811
35872  0.273811
35904  0.273811
35936  0.273811
35968  0.273811
36000  0.273811
36032  0.273811
36064  0.273811
36096  0.273811
36128  0.273811
36160  0.273811
36192  0.273811
36224  0.273811
36256  0.273811
36288  0.273811
36320  0.273714
36352  0.273714
36384  0.273598
36416  0.273598
36448  0.273303
36480  0.273303
36512  0.273266
36544  0.273129
36576  0.273129
36608  0.273129
36640  0.273129
36672  0.273014
36704  0.273014
36736  0.273014
36768  0.272927
36800  0.272927
36832  0.272927
36864  0.27291
36896  0.272843
36928  0.272843
36960  0.272777
36992  0.272777
37024  0.272777
37056  0.272701
37088  0.272701
37120  0.272701
37152  0.272701
37184  0.272689
37216  0.272639
37248  0.272639
37280  0.272639
37312  0.272604
37344  0.272604
37376  0.272604
37408  0.272604
37440  0.272494
37472  0.272494
37504  0.272494
37536  0.27245
37568  0.272409
37600  0.272373
37632  0.272236
37664  0.272236
37696  0.272236
37728  0.272236
37760  0.272236
37792  0.272236
37824  0.272136
37856  0.272136
37888  0.272136
37920  0.272136
37952  0.272136
37984  0.271798
38016  0.271798
38048  0.271798
38080  0.271798
38112  0.271798
38144  0.271798
38176  0.271798
38208  0.271798
38240  0.271766
38272  0.271766
38304  0.271766
38336  0.271766
38368  0.271654
38400  0.271582
38432  0.271497
38464  0.271497
38496  0.271497
38528  0.271497
38560  0.271497
38592  0.271497
38624  0.271497
38656  0.271497
38688  0.271406
38720  0.271406
38752  0.271406
38784  0.271364
38816  0.271364
38848  0.271316
38880  0.271316
38912  0.271316
38944  0.271316
38976  0.271316
39008  0.271316
39040  0.271045
39072  0.270884
39104  0.270884
39136  0.270884
39168  0.270884
39200  0.270884
39232  0.270781
39264  0.270623
39296  0.270623
39328  0.270623
39360  0.270485
39392  0.270485
39424  0.270485
39456  0.270485
39488  0.270485
39520  0.270485
39552  0.270358
39584  0.270339
39616  0.270339
39648  0.270339
39680  0.27027
39712  0.27027
39744  0.27027
39776  0.27027
39808  0.270085
39840  0.270085
39872  0.270085
39904  0.27006
39936  0.27006
39968  0.27006
40000  0.27006
40032  0.27006
40064  0.27006
40096  0.27006
40128  0.27006
40160  0.269945
40192  0.269945
40224  0.269945
40256  0.269945
40288  0.269945
40320  0.269945
40352  0.269945
40384  0.269945
40416  0.269945
40448  0.269945
40480  0.269945
40512  0.269945
40544  0.269861
40576  0.269811
40608  0.269811
40640  0.269811
40672  0.269762
40704  0.269762
40736  0.269718
40768  0.269718
40800  0.269618
40832  0.269618
40864  0.269618
40896  0.269618
40928  0.269618
40960  0.269586
40992  0.269396
41024  0.269396
41056  0.269396
41088  0.269396
41120  0.269396
41152  0.269396
41184  0.269396
41216  0.269352
41248  0.269352
41280  0.269352
41312  0.269352
41344  0.269318
41376  0.269209
41408  0.269209
41440  0.269209
41472  0.269209
41504  0.269209
41536  0.269209
41568  0.269209
41600  0.269209
41632  0.269209
41664  0.269209
41696  0.269209
41728  0.269209
41760  0.269209
41792  0.269209
41824  0.269209
41856  0.269209
41888  0.269209
41920  0.269209
41952  0.269209
41984  0.269209
42016  0.269209
42048  0.269209
42080  0.269209
42112  0.269209
42144  0.269209
42176  0.268763
42208  0.268763
42240  0.268763
42272  0.268763
42304  0.268763
42336  0.268763
42368  0.268623
42400  0.268623
42432  0.268623
42464  0.268623
42496  0.268544
42528  0.268518
42560  0.268518
42592  0.268518
42624  0.268518
42656  0.268518
42688  0.268466
42720  0.268466
42752  0.268466
42784  0.268466
42816  0.268466
42848  0.268466
42880  0.268466
42912  0.268466
42944  0.268466
42976  0.268466
43008  0.268466
43040  0.268391
43072  0.268337
43104  0.268269
43136  0.268269
43168  0.268269
43200  0.268269
43232  0.268125
43264  0.268125
43296  0.267913
43328  0.267671
43360  0.267671
43392  0.267627
43424  0.267588
43456  0.267588
43488  0.267442
43520  0.267442
43552  0.267442
43584  0.267442
43616  0.267439
43648  0.267289
43680  0.267289
43712  0.267289
43744  0.267289
43776  0.267254
43808  0.267254
43840  0.267204
43872  0.267204
43904  0.267204
43936  0.267204
43968  0.267204
44000  0.267204
44032  0.267204
44064  0.267204
44096  0.267173
44128  0.267075
44160  0.267007
44192  0.266906
44224  0.26682
44256  0.26682
44288  0.266733
44320  0.266733
44352  0.266696
44384  0.266677
44416  0.266623
44448  0.266587
44480  0.266587
44512  0.266363
44544  0.265936
44576  0.265936
44608  0.265936
44640  0.265936
44672  0.265936
44704  0.265776
44736  0.26576
44768  0.26576
44800  0.265496
44832  0.265283
44864  0.265283
44896  0.265248
44928  0.265248
44960  0.265248
44992  0.265073
45024  0.265073
45056  0.265073
45088  0.265073
45120  0.265073
45152  0.265073
45184  0.265073
45216  0.265008
45248  0.265008
45280  0.265003
45312  0.265003
45344  0.264898
45376  0.264898
45408  0.264787
45440  0.264602
45472  0.264602
45504  0.264602
45536  0.264602
45568  0.264602
45600  0.264582
45632  0.264478
45664  0.264478
45696  0.264494
45728  0.264426
45760  0.264426
45792  0.26437
45824  0.26437
45856  0.264044
45888  0.264044
45920  0.26402
45952  0.26402
45984  0.264015
46016  0.263833
46048  0.263833
46080  0.263833
46112  0.263833
46144  0.263833
46176  0.263798
46208  0.263798
46240  0.263693
46272  0.263693
46304  0.263693
46336  0.263587
46368  0.263293
46400  0.263293
46432  0.263167
46464  0.263167
46496  0.263167
46528  0.263083
46560  0.263047
46592  0.263047
46624  0.263047
46656  0.262839
46688  0.262839
46720  0.262788
46752  0.262788
46784  0.26263
46816  0.26263
46848  0.262618
46880  0.262618
46912  0.262553
46944  0.262553
46976  0.262553
47008  0.262553
47040  0.262553
47072  0.262553
47104  0.262553
47136  0.262553
47168  0.262457
47200  0.262373
47232  0.262373
47264  0.262373
47296  0.262373
47328  0.262342
47360  0.262342
47392  0.262342
47424  0.262342
47456  0.262342
47488  0.262324
47520  0.262263
47552  0.262263
47584  0.262254
47616  0.262254
47648  0.262182
47680  0.262182
47712  0.262182
47744  0.262153
47776  0.262153
47808  0.262122
47840  0.262122
47872  0.262122
47904  0.262122
47936  0.262122
47968  0.262122
48000  0.262122
48032  0.262122
48064  0.262122
48096  0.262063
48128  0.262063
48160  0.262063
48192  0.261985
48224  0.261985
48256  0.261985
48288  0.261977
48320  0.261853
48352  0.261853
48384  0.261853
48416  0.261853
48448  0.261853
48480  0.261853
48512  0.261825
48544  0.261756
48576  0.261748
48608  0.261741
48640  0.261741
48672  0.261741
48704  0.261741
48736  0.261741
48768  0.261741
48800  0.261741
48832  0.261741
48864  0.261741
48896  0.261741
48928  0.261693
48960  0.261693
48992  0.261693
49024  0.261678
49056  0.261678
49088  0.261678
49120  0.261678
49152  0.261678
49184  0.261678
49216  0.261631
49248  0.261631
49280  0.261631
49312  0.261631
49344  0.261631
49376  0.261305
49408  0.261305
49440  0.261305
49472  0.261294
49504  0.261294
49536  0.261294
49568  0.261294
49600  0.261283
49632  0.261283
49664  0.261283
49696  0.261283
49728  0.261216
49760  0.261216
49792  0.261216
49824  0.261216
49856  0.261216
49888  0.261138
49920  0.260952
49952  0.260952
49984  0.260952
50016  0.26062
50048  0.26062
50080  0.26062
50112  0.26062
50144  0.26062
50176  0.26062
50208  0.26062
50240  0.26043
50272  0.26043
50304  0.26043
50336  0.26043
50368  0.26043
50400  0.26043
50432  0.26043
50464  0.260373
50496  0.260373
50528  0.260373
50560  0.260373
50592  0.260373
50624  0.260373
50656  0.260373
50688  0.260373
50720  0.260373
50752  0.260373
50784  0.260373
50816  0.260321
50848  0.260321
50880  0.260321
50912  0.260321
50944  0.260321
50976  0.260169
51008  0.260169
51040  0.260108
51072  0.260108
51104  0.260108
51136  0.260108
51168  0.260108
51200  0.260108
51232  0.260108
51264  0.260032
51296  0.259954
51328  0.259954
51360  0.259924
51392  0.259924
51424  0.259924
51456  0.259917
51488  0.259917
51520  0.259917
51552  0.259917
51584  0.259815
51616  0.259815
51648  0.259717
51680  0.259717
51712  0.259717
51744  0.259665
51776  0.259665
51808  0.259665
51840  0.259665
51872  0.259626
51904  0.259422
51936  0.259422
51968  0.259422
52000  0.259398
52032  0.259375
52064  0.259375
52096  0.259375
52128  0.259375
52160  0.259226
52192  0.259226
52224  0.259226
52256  0.259226
52288  0.259226
52320  0.259226
52352  0.259226
52384  0.259175
52416  0.259175
52448  0.259175
52480  0.259067
52512  0.259067
52544  0.259067
52576  0.259067
52608  0.258881
52640  0.258772
52672  0.258772
52704  0.258772
52736  0.258772
52768  0.258595
52800  0.258594
52832  0.258594
52864  0.258594
52896  0.258566
52928  0.258566
52960  0.258566
52992  0.258566
53024  0.258566
53056  0.25847
53088  0.25847
53120  0.258455
53152  0.258455
53184  0.258431
53216  0.258431
53248  0.258431
53280  0.258202
53312  0.258202
53344  0.258202
53376  0.258202
53408  0.258202
53440  0.258085
53472  0.258085
53504  0.257964
53536  0.257964
53568  0.257964
53600  0.257958
53632  0.257958
53664  0.257931
53696  0.257931
53728  0.257919
53760  0.257892
53792  0.257892
53824  0.257858
53856  0.257764
53888  0.257764
53920  0.257764
53952  0.257764
53984  0.257764
54016  0.257729
54048  0.257729
54080  0.257729
54112  0.257729
54144  0.257729
54176  0.25764
54208  0.257628
54240  0.257447
54272  0.257447
54304  0.257345
54336  0.257345
54368  0.257345
54400  0.257345
54432  0.257345
54464  0.257321
54496  0.257321
54528  0.257321
54560  0.257225
54592  0.257225
54624  0.25718
54656  0.25718
54688  0.25718
54720  0.25718
54752  0.25718
54784  0.25718
54816  0.25718
54848  0.25718
54880  0.257097
54912  0.257097
54944  0.257057
54976  0.256842
55008  0.256764
55040  0.256598
55072  0.256598
55104  0.256584
55136  0.256134
55168  0.256134
55200  0.256134
55232  0.256134
55264  0.256134
55296  0.256134
55328  0.256042
55360  0.256042
55392  0.255968
55424  0.255968
55456  0.255968
55488  0.255968
55520  0.255968
55552  0.255968
55584  0.255968
55616  0.255968
55648  0.255891
55680  0.255891
55712  0.255891
55744  0.255891
55776  0.255888
55808  0.255888
55840  0.255888
55872  0.255888
55904  0.255821
55936  0.255821
55968  0.255821
56000  0.255821
56032  0.255765
56064  0.255765
56096  0.255765
56128  0.255765
56160  0.255765
56192  0.255657
56224  0.255657
56256  0.255657
56288  0.255657
56320  0.255657
56352  0.255596
56384  0.255596
56416  0.255596
56448  0.255596
56480  0.255596
56512  0.255596
56544  0.255596
56576  0.255596
56608  0.255596
56640  0.255596
56672  0.255443
56704  0.255443
56736  0.255259
56768  0.255259
56800  0.255259
56832  0.255259
56864  0.255259
56896  0.255259
56928  0.255259
56960  0.25513
56992  0.25513
57024  0.254976
57056  0.254833
57088  0.254792
57120  0.254792
57152  0.254792
57184  0.254792
57216  0.254792
57248  0.254792
57280  0.254734
57312  0.254734
57344  0.254734
57376  0.254734
57408  0.254734
57440  0.254594
57472  0.254594
57504  0.254594
57536  0.254594
57568  0.254594
57600  0.254574
57632  0.254574
57664  0.254574
57696  0.254574
57728  0.254574
57760  0.254574
57792  0.25457
57824  0.25457
57856  0.25457
57888  0.25457
57920  0.254491
57952  0.254491
57984  0.254491
58016  0.254491
58048  0.254491
58080  0.254491
58112  0.254491
58144  0.254491
58176  0.254431
58208  0.254431
58240  0.254431
58272  0.254431
58304  0.254431
58336  0.254431
58368  0.254431
58400  0.254431
58432  0.254431
58464  0.254407
58496  0.25432
58528  0.25432
58560  0.25432
58592  0.25432
58624  0.25432
58656  0.254107
58688  0.253868
58720  0.253868
58752  0.253868
58784  0.253868
58816  0.253868
58848  0.253868
58880  0.253868
58912  0.253868
58944  0.253868
58976  0.253868
59008  0.253868
59040  0.253868
59072  0.253673
59104  0.253673
59136  0.253673
59168  0.253673
59200  0.253662
59232  0.253614
59264  0.253614
59296  0.253614
59328  0.253614
59360  0.253614
59392  0.253614
59424  0.253614
59456  0.253614
59488  0.253614
59520  0.253614
59552  0.253614
59584  0.253614
59616  0.2535
59648  0.2535
59680  0.2535
59712  0.2535
59744  0.253415
59776  0.253415
59808  0.253415
59840  0.253415
59872  0.253415
59904  0.253369
59936  0.253369
59968  0.253369
60000  0.253369
60032  0.253237
60064  0.253237
60096  0.253199
60128  0.253199
60160  0.253122
60192  0.253122
60224  0.253122
60256  0.253122
60288  0.253122
60320  0.253122
60352  0.253122
60384  0.253122
60416  0.253122
60448  0.253122
60480  0.253122
60512  0.253122
60544  0.253047
60576  0.253047
60608  0.253047
60640  0.253047
60672  0.253047
60704  0.253047
60736  0.253047
60768  0.253031
60800  0.253031
60832  0.253031
60864  0.252903
60896  0.252903
60928  0.252903
60960  0.252903
60992  0.252903
61024  0.252903
61056  0.252903
61088  0.252903
61120  0.252903
61152  0.252903
61184  0.252903
61216  0.252903
61248  0.252903
61280  0.252903
61312  0.252903
61344  0.252903
61376  0.252875
61408  0.252875
61440  0.252719
61472  0.252666
61504  0.252666
61536  0.252666
61568  0.252666
61600  0.252666
61632  0.252666
61664  0.252568
61696  0.252568
61728  0.252568
61760  0.252568
61792  0.252568
61824  0.252568
61856  0.252568
61888  0.252568
61920  0.252493
61952  0.252477
61984  0.252477
62016  0.252477
62048  0.252477
62080  0.252477
62112  0.252346
62144  0.252346
62176  0.252346
62208  0.252346
62240  0.252346
62272  0.252346
62304  0.252346
62336  0.252346
62368  0.252346
62400  0.252346
62432  0.252346
62464  0.252344
62496  0.252344
62528  0.252305
62560  0.252238
62592  0.252238
62624  0.252238
62656  0.252043
62688  0.251979
62720  0.251965
62752  0.251923
62784  0.251923
62816  0.251923
62848  0.25174
62880  0.25174
62912  0.25174
62944  0.25174
62976  0.25174
63008  0.25174
63040  0.25174
63072  0.25174
63104  0.25174
63136  0.25174
63168  0.25174
63200  0.251621
63232  0.251621
63264  0.251621
63296  0.251542
63328  0.251542
63360  0.251542
63392  0.251542
63424  0.251542
63456  0.251542
63488  0.251542
63520  0.251542
63552  0.251542
63584  0.251542
63616  0.251542
63648  0.251469
63680  0.251469
63712  0.251469
63744  0.251469
63776  0.251281
63808  0.251281
63840  0.251227
63872  0.25119
63904  0.25119
63936  0.25119
63968  0.25119
64000  0.25119
64032  0.25119
64064  0.25119
64096  0.251137
64128  0.251137
64160  0.251081
64192  0.251081
64224  0.251081
64256  0.250966
64288  0.250966
64320  0.250966
64352  0.250938
64384  0.250938
64416  0.250916
64448  0.250916
64480  0.250916
64512  0.250916
64544  0.250916
64576  0.250916
64608  0.250916
64640  0.250916
64672  0.250916
64704  0.250886
64736  0.250886
64768  0.250755
64800  0.250755
64832  0.250605
64864  0.250605
64896  0.250605
64928  0.250605
64960  0.250605
64992  0.250605
65024  0.250605
65056  0.250605
65088  0.250535
65120  0.250535
65152  0.25052
65184  0.25052
65216  0.250313
65248  0.25026
65280  0.250114
65312  0.250114
65344  0.250114
65376  0.250114
65408  0.250114
65440  0.250114
65472  0.250015
65504  0.250015
65536  0.250015
65568  0.250015
65600  0.250015
65632  0.250015
65664  0.250015
65696  0.250015
65728  0.250015
65760  0.249767
65792  0.249767
65824  0.249767
65856  0.249745
65888  0.249745
65920  0.249745
65952  0.24967
65984  0.249554
66016  0.249554
66048  0.249554
66080  0.249554
66112  0.249541
66144  0.249505
66176  0.249419
66208  0.249419
66240  0.249419
66272  0.249317
66304  0.249317
66336  0.249317
66368  0.249317
66400  0.249303
66432  0.249303
66464  0.249303
66496  0.249303
66528  0.249303
66560  0.249128
66592  0.248999
66624  0.248999
66656  0.248999
66688  0.248999
66720  0.248999
66752  0.248999
66784  0.248999
66816  0.248999
66848  0.248933
66880  0.248933
66912  0.248933
66944  0.248933
66976  0.248933
67008  0.248933
67040  0.24884
67072  0.24884
67104  0.24884
67136  0.24884
67168  0.24884
67200  0.24884
67232  0.24884
67264  0.24884
67296  0.24884
67328  0.24884
67360  0.248822
67392  0.248822
67424  0.248822
67456  0.248822
67488  0.248822
67520  0.248822
67552  0.248822
67584  0.248822
67616  0.248822
67648  0.248822
67680  0.248822
67712  0.248812
67744  0.248812
67776  0.248812
67808  0.248723
67840  0.248723
67872  0.248723
67904  0.248723
67936  0.248656
67968  0.248656
68000  0.248656
68032  0.248656
68064  0.248554
68096  0.248554
68128  0.248554
68160  0.248554
68192  0.248554
68224  0.248554
68256  0.248554
68288  0.248422
68320  0.248422
68352  0.248404
68384  0.248404
68416  0.248404
68448  0.248341
68480  0.248341
68512  0.248341
68544  0.248341
68576  0.248341
68608  0.248336
68640  0.248336
68672  0.248282
68704  0.248249
68736  0.248249
68768  0.248249
68800  0.248249
68832  0.248249
68864  0.248203
68896  0.248062
68928  0.248062
68960  0.247795
68992  0.247795
69024  0.247795
69056  0.247795
69088  0.247795
69120  0.247795
69152  0.247795
69184  0.247795
69216  0.247795
69248  0.247795
69280  0.247795
69312  0.247795
69344  0.247795
69376  0.247795
69408  0.247795
69440  0.247795
69472  0.247762
69504  0.247762
69536  0.247762
69568  0.247762
69600  0.247762
69632  0.247762
69664  0.247762
69696  0.247762
69728  0.247762
69760  0.247762
69792  0.247693
69824  0.247693
69856  0.247635
69888  0.247635
69920  0.247574
69952  0.247574
69984  0.247518
70016  0.247518
70048  0.247518
70080  0.247518
70112  0.247518
70144  0.247518
70176  0.247518
70208  0.247518
70240  0.247518
70272  0.247518
70304  0.247518
70336  0.247518
70368  0.247518
70400  0.247518
70432  0.247518
70464  0.247518
70496  0.247518
70528  0.247518
70560  0.247518
70592  0.247518
70624  0.247518
70656  0.247518
70688  0.247518
70720  0.247518
70752  0.247518
70784  0.247518
70816  0.247518
70848  0.247518
70880  0.247518
70912  0.247438
70944  0.247438
70976  0.247438
71008  0.247438
71040  0.247438
71072  0.247421
71104  0.247421
71136  0.24732
71168  0.24732
71200  0.24732
71232  0.24732
71264  0.24732
71296  0.24732
71328  0.24732
71360  0.24732
71392  0.24732
71424  0.24732
71456  0.24732
71488  0.24732
71520  0.247248
71552  0.247248
71584  0.247248
71616  0.247248
71648  0.247248
71680  0.247248
71712  0.247248
71744  0.247248
71776  0.247248
71808  0.247248
71840  0.2471
71872  0.2471
71904  0.2471
71936  0.247022
71968  0.247022
72000  0.247022
72032  0.247022
72064  0.247022
72096  0.247022
72128  0.247022
72160  0.247022
72192  0.247022
72224  0.247022
72256  0.247022
72288  0.247022
72320  0.247022
72352  0.246979
72384  0.246979
72416  0.246979
72448  0.246979
72480  0.246979
72512  0.246979
72544  0.246979
72576  0.246979
72608  0.246901
72640  0.246901
72672  0.246901
72704  0.246901
72736  0.246901
72768  0.246901
72800  0.246901
72832  0.246901
72864  0.246901
72896  0.246901
72928  0.246901
72960  0.246901
72992  0.246901
73024  0.246901
73056  0.246901
73088  0.24685
73120  0.24685
73152  0.24685
73184  0.24685
73216  0.24685
73248  0.24685
73280  0.24685
73312  0.24685
73344  0.24685
73376  0.24685
73408  0.24685
73440  0.24685
73472  0.24685
73504  0.24685
73536  0.24685
73568  0.246827
73600  0.246827
73632  0.246827
73664  0.246827
73696  0.246827
73728  0.246827
73760  0.246827
73792  0.246813
73824  0.246813
73856  0.246813
73888  0.246813
73920  0.246813
73952  0.246769
73984  0.246769
74016  0.246769
74048  0.246769
74080  0.246769
74112  0.246769
74144  0.246769
74176  0.246769
74208  0.246769
74240  0.246769
74272  0.246769
74304  0.246769
74336  0.246769
74368  0.246769
74400  0.246769
74432  0.246646
74464  0.246646
74496  0.246646
74528  0.246646
74560  0.246646
74592  0.246646
74624  0.246646
74656  0.246646
74688  0.246646
74720  0.246646
74752  0.246646
74784  0.246646
74816  0.246646
74848  0.246646
74880  0.246594
74912  0.246594
74944  0.246594
74976  0.246514
75008  0.246514
75040  0.246514
75072  0.246499
75104  0.246499
75136  0.246499
75168  0.246499
75200  0.246467
75232  0.246467
75264  0.246467
75296  0.246467
75328  0.246467
75360  0.246467
75392  0.246467
75424  0.246467
75456  0.246467
75488  0.246467
75520  0.246467
75552  0.246467
75584  0.246467
75616  0.246467
75648  0.246333
75680  0.246333
75712  0.246307
75744  0.246307
75776  0.246307
75808  0.246307
75840  0.246307
75872  0.246307
75904  0.246307
75936  0.246307
75968  0.246286
76000  0.246286
76032  0.246286
76064  0.246286
76096  0.246225
76128  0.246225
76160  0.246225
76192  0.246225
76224  0.246225
76256  0.246173
76288  0.246115
76320  0.246115
76352  0.246115
76384  0.246115
76416  0.246115
76448  0.246115
76480  0.246115
76512  0.246115
76544  0.246062
76576  0.246012
76608  0.246012
76640  0.246012
76672  0.246012
76704  0.246012
76736  0.246011
76768  0.246011
76800  0.245912
76832  0.245912
76864  0.245912
76896  0.245912
76928  0.245912
76960  0.245912
76992  0.245912
77024  0.245912
77056  0.245912
77088  0.245912
77120  0.245724
77152  0.245724
77184  0.245724
77216  0.245724
77248  0.245724
77280  0.245724
77312  0.245724
77344  0.245707
77376  0.245707
77408  0.245707
77440  0.245707
77472  0.245707
77504  0.245707
77536  0.245707
77568  0.245567
77600  0.245567
77632  0.245567
77664  0.245567
77696  0.245567
77728  0.245567
77760  0.245567
77792  0.245567
77824  0.245567
77856  0.245567
77888  0.245567
77920  0.245567
77952  0.245567
77984  0.245567
78016  0.245567
78048  0.245567
78080  0.245567
78112  0.245567
78144  0.245567
78176  0.245567
78208  0.245567
78240  0.245567
78272  0.245567
78304  0.245567
78336  0.245504
78368  0.245504
78400  0.245504
78432  0.245504
78464  0.245504
78496  0.245504
78528  0.245493
78560  0.245493
78592  0.245493
78624  0.245493
78656  0.245493
78688  0.245493
78720  0.245493
78752  0.245493
78784  0.245493
78816  0.245493
78848  0.245493
78880  0.24542
78912  0.24542
78944  0.24542
78976  0.24542
79008  0.24542
79040  0.24542
79072  0.24542
79104  0.24542
79136  0.24542
79168  0.24542
79200  0.24542
79232  0.24542
79264  0.24542
79296  0.24542
79328  0.24542
79360  0.24542
79392  0.24542
79424  0.24542
79456  0.24542
79488  0.245347
79520  0.245347
79552  0.245347
79584  0.245347
79616  0.245297
79648  0.245297
79680  0.245297
79712  0.245297
79744  0.245297
79776  0.245297
79808  0.245297
79840  0.245297
79872  0.245297
79904  0.245297
79936  0.245297
79968  0.245297
80000  0.245297
80032  0.245297
80064  0.245297
80096  0.245297
80128  0.245297
80160  0.245297
80192  0.245297
80224  0.245297
80256  0.245297
80288  0.245297
80320  0.245297
80352  0.245297
80384  0.245297
80416  0.245297
80448  0.245297
80480  0.245297
80512  0.245297
80544  0.245297
80576  0.245297
80608  0.245297
80640  0.245297
80672  0.245297
80704  0.245297
80736  0.245297
80768  0.245297
80800  0.245297
80832  0.245297
80864  0.245297
80896  0.245297
80928  0.245297
80960  0.245297
80992  0.245297
81024  0.245297
81056  0.245297
81088  0.245297
81120  0.245297
81152  0.245297
81184  0.245297
81216  0.245297
81248  0.245297
81280  0.245297
81312  0.245297
81344  0.245297
81376  0.245297
81408  0.245297
81440  0.245297
81472  0.245297
81504  0.245297
81536  0.245297
81568  0.245297
81600  0.245297
81632  0.245297
81664  0.245297
81696  0.245297
81728  0.245297
81760  0.245297
81792  0.245297
81824  0.245297
81856  0.245297
81888  0.245297
81920  0.245297
81952  0.245297
81984  0.245297
82016  0.245297
82048  0.245297
82080  0.245297
82112  0.245297
82144  0.245297
82176  0.245297
82208  0.245297
82240  0.245297
82272  0.245297
82304  0.245297
82336  0.245297
82368  0.245297
82400  0.245297
82432  0.245297
82464  0.245297
82496  0.245297
82528  0.245297
82560  0.245297
82592  0.245297
82624  0.245297
82656  0.245297
82688  0.245297
82720  0.245297
82752  0.245297
82784  0.245297
82816  0.245297
82848  0.245297
82880  0.245297
82912  0.245297
82944  0.245297
82976  0.245297
83008  0.245297
83040  0.245297
83072  0.245297
83104  0.245297
83136  0.245255
83168  0.245255
83200  0.245255
83232  0.245255
83264  0.245255
83296  0.245112
83328  0.245108
83360  0.245108
83392  0.245094
83424  0.245094
83456  0.245094
83488  0.245094
83520  0.245094
83552  0.245094
83584  0.245094
83616  0.245094
83648  0.245094
83680  0.245094
83712  0.245045
83744  0.245045
83776  0.245045
83808  0.245045
83840  0.245045
83872  0.244972
83904  0.244972
83936  0.244972
83968  0.244972
84000  0.244972
84032  0.244972
84064  0.244972
84096  0.244972
84128  0.244972
84160  0.244972
84192  0.244972
84224  0.244972
84256  0.244972
84288  0.244972
84320  0.244972
84352  0.244972
84384  0.244972
84416  0.244972
84448  0.244964
84480  0.244845
84512  0.244845
84544  0.244845
84576  0.244845
84608  0.244845
84640  0.244845
84672  0.244845
84704  0.244845
84736  0.244845
84768  0.244845
84800  0.244845
84832  0.244845
84864  0.244845
84896  0.244845
84928  0.244845
84960  0.244651
84992  0.244651
85024  0.244651
85056  0.244651
85088  0.244651
