Step  Penalty
32  0.556507
64  0.522385
96  0.514675
128  0.511533
160  0.507341
192  0.504201
224  0.502874
256  0.499866
288  0.497018
320  0.496777
352  0.494973
384  0.493958
416  0.4935
448  0.4935
480  0.492448
512  0.491971
544  0.490614
576  0.489874
608  0.48865
640  0.487971
672  0.487971
704  0.487736
736  0.487516
768  0.487516
800  0.487234
832  0.487234
864  0.486598
896  0.486485
928  0.48623
960  0.48623
992  0.486163
1024  0.486163
1056  0.485155
1088  0.485048
1120  0.48468
1152  0.48468
1184  0.483696
1216  0.483696
1248  0.483696
1280  0.483696
1312  0.483696
1344  0.482512
1376  0.482191
1408  0.482191
1440  0.482137
1472  0.482137
1504  0.481561
1536  0.481161
1568  0.481161
1600  0.481161
1632  0.481161
1664  0.481161
1696  0.481117
1728  0.480914
1760  0.480914
1792  0.480714
1824  0.480714
1856  0.480197
1888  0.480066
1920  0.479885
1952  0.479885
1984  0.479635
2016  0.479635
2048  0.479538
2080  0.479538
2112  0.479513
2144  0.479135
2176  0.479086
2208  0.479086
2240  0.478933
2272  0.478933
2304  0.478836
2336  0.478836
2368  0.478683
2400  0.47823
2432  0.478131
2464  0.477944
2496  0.477653
2528  0.477079
2560  0.476997
2592  0.476428
2624  0.476428
2656  0.476428
2688  0.476256
2720  0.475686
2752  0.475385
2784  0.475325
2816  0.475325
2848  0.474933
2880  0.474933
2912  0.474933
2944  0.474933
2976  0.474216
3008  0.474171
3040  0.474171
3072  0.474171
3104  0.473682
3136  0.473673
3168  0.473673
3200  0.473673
3232  0.473673
3264  0.473673
3296  0.473471
3328  0.473471
3360  0.473471
3392  0.473471
3424  0.473471
3456  0.473471
3488  0.473471
3520  0.473471
3552  0.473471
3584  0.473471
3616  0.473471
3648  0.473471
3680  0.473471
3712  0.473471
3744  0.473471
3776  0.473471
3808  0.473471
3840  0.473471
3872  0.473359
3904  0.473359
3936  0.473359
3968  0.473359
4000  0.473359
4032  0.47323
4064  0.47323
4096  0.47323
4128  0.47323
4160  0.47323
4192  0.47323
4224  0.47318
4256  0.47318
4288  0.47318
4320  0.47318
4352  0.47318
4384  0.4731
4416  0.4731
4448  0.4731
4480  0.4731
4512  0.4731
4544  0.4731
4576  0.4731
4608  0.472743
4640  0.472735
4672  0.472735
4704  0.472735
4736  0.472735
4768  0.472735
4800  0.472735
4832  0.472735
4864  0.472735
4896  0.47262
4928  0.47262
4960  0.47262
4992  0.47262
5024  0.47262
5056  0.471867
5088  0.471867
5120  0.471867
5152  0.471867
5184  0.471633
5216  0.471633
5248  0.471633
5280  0.471633
5312  0.471633
5344  0.471633
5376  0.471633
5408  0.471633
5440  0.471633
5472  0.471633
5504  0.471282
5536  0.471282
5568  0.471282
5600  0.471282
5632  0.471282
5664  0.471282
5696  0.470598
5728  0.470598
5760  0.470598
5792  0.470598
5824  0.470332
5856  0.470332
5888  0.470332
5920  0.470332
5952  0.470332
5984  0.470332
6016  0.470332
6048  0.470332
6080  0.470332
6112  0.469378
6144  0.469378
6176  0.469378
6208  0.468943
6240  0.468943
6272  0.468943
6304  0.468943
6336  0.46891
6368  0.46891
6400  0.46891
6432  0.46891
6464  0.46891
6496  0.46891
6528  0.46891
6560  0.46891
6592  0.468566
6624  0.468566
6656  0.468566
6688  0.468566
6720  0.468566
6752  0.468566
6784  0.468566
6816  0.468566
6848  0.468566
6880  0.468566
6912  0.468566
6944  0.468566
6976  0.468566
7008  0.468566
7040  0.468566
7072  0.468374
7104  0.468374
7136  0.468374
7168  0.468374
7200  0.468374
7232  0.468374
7264  0.468374
7296  0.46825
7328  0.46825
7360  0.46825
7392  0.46825
7424  0.468063
7456  0.468063
7488  0.468063
7520  0.468063
7552  0.467709
7584  0.467709
7616  0.467709
7648  0.467709
7680  0.467709
7712  0.467709
7744  0.467709
7776  0.467709
7808  0.467709
7840  0.467709
7872  0.467709
7904  0.467709
7936  0.467709
7968  0.467709
8000  0.467538
8032  0.467538
8064  0.467538
8096  0.467538
8128  0.467538
8160  0.467538
8192  0.467538
8224  0.467538
8256  0.467538
8288  0.467471
8320  0.467471
8352  0.467471
8384  0.467471
8416  0.467471
8448  0.467471
8480  0.467471
8512  0.467471
8544  0.467471
8576  0.467471
8608  0.467471
8640  0.467471
8672  0.467471
8704  0.467471
8736  0.467471
8768  0.467471
8800  0.467129
8832  0.467129
8864  0.467129
8896  0.467129
8928  0.467129
8960  0.467129
8992  0.467129
9024  0.466807
9056  0.466807
9088  0.466807
9120  0.466807
9152  0.466807
9184  0.466807
9216  0.466807
9248  0.466807
9280  0.466807
9312  0.466807
9344  0.466807
9376  0.466807
9408  0.466807
9440  0.466807
9472  0.466807
9504  0.466807
9536  0.466807
9568  0.466807
9600  0.466807
9632  0.466807
9664  0.466807
9696  0.466807
9728  0.466807
9760  0.466807
9792  0.466807
9824  0.466807
9856  0.466807
9888  0.466807
9920  0.466635
9952  0.466635
9984  0.466635
10016  0.466635
10048  0.466635
10080  0.466635
10112  0.466577
10144  0.466577
10176  0.466577
10208  0.466577
10240  0.466577
10272  0.466577
10304  0.466577
10336  0.466577
10368  0.466552
10400  0.466552
10432  0.466552
10464  0.466552
10496  0.466387
10528  0.466387
10560  0.466387
10592  0.466387
10624  0.466387
10656  0.466387
10688  0.466387
10720  0.466387
10752  0.466387
10784  0.466387
10816  0.466387
10848  0.466387
10880  0.466387
10912  0.466387
10944  0.466387
10976  0.466387
11008  0.466387
11040  0.466387
11072  0.466387
11104  0.466387
11136  0.466387
11168  0.46631
11200  0.46631
11232  0.46631
11264  0.46631
11296  0.46631
11328  0.46631
11360  0.46631
11392  0.46631
11424  0.46631
11456  0.46631
11488  0.46631
11520  0.46631
11552  0.46631
11584  0.46631
11616  0.46631
11648  0.46631
11680  0.46631
11712  0.46631
11744  0.46631
11776  0.46631
11808  0.46631
11840  0.466187
11872  0.466187
11904  0.466187
11936  0.466187
11968  0.466187
12000  0.466187
12032  0.466187
12064  0.466187
12096  0.466187
12128  0.466187
12160  0.466187
12192  0.466187
12224  0.466187
12256  0.466187
12288  0.466187
12320  0.466187
12352  0.466187
12384  0.466187
12416  0.466187
12448  0.466187
12480  0.466187
12512  0.466187
12544  0.466187
12576  0.466187
12608  0.466187
12640  0.466187
12672  0.466187
12704  0.466079
12736  0.466079
12768  0.466079
12800  0.466079
12832  0.466079
12864  0.466079
12896  0.466079
12928  0.466079
12960  0.466079
12992  0.466079
13024  0.466079
13056  0.465921
13088  0.465921
13120  0.465921
13152  0.465921
13184  0.465921
13216  0.465921
13248  0.465921
13280  0.465921
13312  0.465921
13344  0.465921
13376  0.465921
13408  0.465921
13440  0.465921
13472  0.465921
13504  0.465921
13536  0.465921
13568  0.465921
13600  0.465921
13632  0.465921
13664  0.465921
13696  0.465921
13728  0.465921
13760  0.465921
13792  0.465921
13824  0.465921
13856  0.465921
13888  0.465921
13920  0.465921
13952  0.465921
13984  0.465921
14016  0.465921
14048  0.465921
14080  0.465921
14112  0.465921
14144  0.465921
14176  0.465921
14208  0.465921
14240  0.465921
14272  0.465921
14304  0.465921
14336  0.465921
14368  0.46579
14400  0.46579
14432  0.46579
14464  0.46579
14496  0.46579
14528  0.46579
14560  0.46579
14592  0.46579
14624  0.46579
14656  0.46579
14688  0.46579
14720  0.46579
14752  0.465551
14784  0.465551
14816  0.465551
14848  0.465551
14880  0.465551
14912  0.465551
14944  0.465551
14976  0.465551
15008  0.465551
15040  0.465551
15072  0.465551
15104  0.465551
15136  0.465551
15168  0.465551
15200  0.465551
15232  0.465551
15264  0.465407
15296  0.465407
15328  0.465407
15360  0.465407
15392  0.465407
15424  0.465407
15456  0.465407
15488  0.465407
15520  0.465407
15552  0.465407
15584  0.465407
15616  0.465407
15648  0.465407
15680  0.465407
15712  0.465371
15744  0.465371
15776  0.465371
15808  0.465371
15840  0.465221
15872  0.465221
15904  0.465221
15936  0.465221
15968  0.465221
16000  0.465221
16032  0.465221
16064  0.465221
16096  0.465221
16128  0.465221
16160  0.465221
16192  0.465221
16224  0.465221
16256  0.465221
16288  0.465221
16320  0.465221
16352  0.465221
16384  0.465221
16416  0.465221
16448  0.465221
16480  0.465221
16512  0.465221
16544  0.464568
16576  0.464568
16608  0.464568
16640  0.464568
16672  0.464568
16704  0.464568
16736  0.464568
16768  0.464568
16800  0.464568
16832  0.464568
16864  0.464568
16896  0.464568
16928  0.464568
16960  0.464568
16992  0.464568
17024  0.464568
17056  0.464568
17088  0.464495
17120  0.464495
17152  0.464495
17184  0.464495
17216  0.464495
17248  0.464495
17280  0.464495
17312  0.464495
17344  0.464495
17376  0.464495
17408  0.464495
17440  0.464338
17472  0.464338
17504  0.464338
17536  0.464021
17568  0.464021
17600  0.464021
17632  0.464021
17664  0.464021
17696  0.464021
17728  0.464021
17760  0.464021
17792  0.464021
17824  0.464021
17856  0.464021
17888  0.464021
17920  0.464021
17952  0.464021
17984  0.464021
18016  0.464021
18048  0.464021
18080  0.464021
18112  0.464021
18144  0.464021
18176  0.464021
18208  0.464021
18240  0.464021
18272  0.464021
18304  0.464021
18336  0.464021
18368  0.464021
18400  0.464021
18432  0.464021
18464  0.464021
18496  0.464021
18528  0.464021
18560  0.464021
18592  0.464021
18624  0.464021
18656  0.464021
18688  0.464021
18720  0.464021
18752  0.464021
18784  0.464021
18816  0.464021
18848  0.464021
18880  0.464021
18912  0.464021
18944  0.464021
18976  0.464021
19008  0.464021
19040  0.464021
19072  0.464021
19104  0.463672
19136  0.463672
19168  0.463672
19200  0.463672
19232  0.463672
19264  0.463672
19296  0.463672
19328  0.463672
19360  0.463672
19392  0.463508
19424  0.463508
19456  0.463508
19488  0.463508
19520  0.463508
19552  0.463478
19584  0.463478
19616  0.463478
19648  0.463478
19680  0.463478
19712  0.463478
19744  0.463478
19776  0.463478
19808  0.463478
19840  0.463478
19872  0.463478
19904  0.463478
19936  0.463478
19968  0.463478
20000  0.463478
20032  0.463478
20064  0.463478
20096  0.463478
20128  0.463478
20160  0.463478
20192  0.463478
20224  0.463478
20256  0.463478
20288  0.463425
20320  0.463425
20352  0.463425
20384  0.463425
20416  0.463425
20448  0.463425
20480  0.463425
20512  0.463425
20544  0.463425
20576  0.463362
20608  0.463362
20640  0.463362
20672  0.463362
20704  0.463362
20736  0.462772
20768  0.462772
20800  0.462772
20832  0.462772
20864  0.462772
20896  0.462756
20928  0.462756
20960  0.462756
20992  0.462756
21024  0.462756
21056  0.462756
21088  0.462756
21120  0.462756
21152  0.462756
21184  0.462756
21216  0.462756
21248  0.462756
21280  0.462756
21312  0.462756
21344  0.462756
21376  0.462756
21408  0.462756
21440  0.462482
21472  0.462482
21504  0.462482
21536  0.462482
21568  0.462482
21600  0.462482
21632  0.462482
21664  0.462482
21696  0.462427
21728  0.462427
21760  0.462427
21792  0.462427
21824  0.462427
21856  0.462427
21888  0.462427
21920  0.462427
21952  0.462427
21984  0.462427
22016  0.462427
22048  0.462427
22080  0.462427
22112  0.462427
22144  0.462427
22176  0.462021
22208  0.462021
22240  0.462021
22272  0.462021
22304  0.462021
22336  0.462021
22368  0.462021
22400  0.462021
22432  0.462021
22464  0.461576
22496  0.461576
22528  0.461576
22560  0.46101
22592  0.46101
22624  0.46101
22656  0.46101
22688  0.46101
22720  0.46101
22752  0.46101
22784  0.46101
22816  0.46101
22848  0.46101
22880  0.46101
22912  0.460786
22944  0.460786
22976  0.460786
23008  0.460786
23040  0.460786
23072  0.460786
23104  0.460786
23136  0.460786
23168  0.460786
23200  0.460786
23232  0.460786
23264  0.460786
23296  0.460622
23328  0.460622
23360  0.460622
23392  0.460622
23424  0.460622
23456  0.460622
23488  0.460622
23520  0.460622
23552  0.460622
23584  0.460622
23616  0.460622
23648  0.460622
23680  0.460622
23712  0.460622
23744  0.460622
23776  0.460622
23808  0.460622
23840  0.460622
23872  0.460622
23904  0.460622
23936  0.460622
23968  0.460297
24000  0.460148
24032  0.460148
24064  0.460148
24096  0.460148
24128  0.460148
24160  0.460148
24192  0.460148
24224  0.460148
24256  0.460148
24288  0.460148
24320  0.460148
24352  0.460148
24384  0.460148
24416  0.460148
24448  0.460148
24480  0.460148
24512  0.460148
24544  0.460021
24576  0.460021
24608  0.460021
24640  0.460021
24672  0.460021
24704  0.460021
24736  0.460021
24768  0.460021
24800  0.460021
24832  0.460021
24864  0.460021
24896  0.460021
24928  0.460021
24960  0.460021
24992  0.460021
25024  0.460021
25056  0.460021
25088  0.460021
25120  0.460021
25152  0.460021
25184  0.460021
25216  0.460021
25248  0.460021
25280  0.460021
25312  0.460021
25344  0.460021
25376  0.460021
25408  0.460021
25440  0.460021
25472  0.460021
25504  0.460021
25536  0.460021
25568  0.459928
25600  0.459928
25632  0.459928
25664  0.459928
25696  0.459928
25728  0.459928
25760  0.459886
25792  0.459886
25824  0.459886
25856  0.459886
25888  0.459886
25920  0.459886
25952  0.459874
25984  0.459874
26016  0.459874
26048  0.459874
26080  0.459874
26112  0.459874
26144  0.459874
26176  0.459874
26208  0.459874
26240  0.45982
26272  0.45982
26304  0.45982
26336  0.45982
26368  0.45982
26400  0.45982
26432  0.45982
26464  0.45982
26496  0.45982
26528  0.45982
26560  0.45982
26592  0.45982
26624  0.45982
26656  0.45982
26688  0.45982
26720  0.45982
26752  0.45982
26784  0.45982
26816  0.45982
26848  0.45982
26880  0.45982
26912  0.45982
26944  0.459765
26976  0.459765
27008  0.459765
27040  0.459765
27072  0.459765
27104  0.459765
27136  0.459765
27168  0.459765
27200  0.459765
27232  0.459765
27264  0.459765
27296  0.459765
27328  0.459765
27360  0.459765
27392  0.459765
27424  0.459765
27456  0.459765
27488  0.459765
27520  0.459765
27552  0.459765
27584  0.459765
27616  0.459765
27648  0.459765
27680  0.459765
27712  0.459765
27744  0.459765
27776  0.459765
27808  0.459765
27840  0.459765
27872  0.459765
27904  0.459765
27936  0.459765
27968  0.459765
28000  0.459765
28032  0.459765
28064  0.459765
28096  0.459765
28128  0.459765
28160  0.459765
28192  0.459765
28224  0.459765
28256  0.459247
28288  0.459247
28320  0.459247
28352  0.459247
28384  0.459247
28416  0.459247
28448  0.459247
28480  0.459247
28512  0.459247
28544  0.459247
28576  0.459247
28608  0.459247
28640  0.459247
28672  0.459247
28704  0.459247
28736  0.459247
28768  0.459247
28800  0.459247
28832  0.459247
28864  0.459247
28896  0.459247
28928  0.459247
28960  0.459247
28992  0.459247
29024  0.459247
29056  0.459247
29088  0.459247
29120  0.459247
29152  0.459247
29184  0.459247
29216  0.459124
29248  0.459124
29280  0.459103
29312  0.459103
29344  0.459103
29376  0.459103
29408  0.459103
29440  0.459103
29472  0.459103
29504  0.459103
29536  0.459103
29568  0.459103
29600  0.459103
29632  0.459103
29664  0.459103
29696  0.459103
29728  0.459103
29760  0.459103
29792  0.459103
29824  0.459103
29856  0.459103
29888  0.459103
29920  0.459103
29952  0.459103
29984  0.459103
30016  0.459103
30048  0.459103
30080  0.459103
30112  0.459103
30144  0.459103
30176  0.459103
30208  0.459103
30240  0.459103
30272  0.459103
30304  0.459103
30336  0.458772
30368  0.458772
30400  0.458772
30432  0.458772
30464  0.458772
30496  0.458772
30528  0.458772
30560  0.458772
30592  0.458772
30624  0.458772
30656  0.458772
30688  0.458772
30720  0.458772
30752  0.458772
30784  0.458772
30816  0.458772
30848  0.458538
30880  0.458538
30912  0.458538
30944  0.457922
30976  0.457922
31008  0.457922
31040  0.457922
31072  0.457922
31104  0.457922
31136  0.457922
31168  0.457922
31200  0.457922
31232  0.457922
31264  0.457922
31296  0.457922
31328  0.457922
31360  0.457922
31392  0.457922
31424  0.457922
31456  0.457922
31488  0.457922
31520  0.457922
31552  0.457922
31584  0.457922
31616  0.457922
31648  0.457922
31680  0.457922
31712  0.457922
31744  0.457922
31776  0.457922
31808  0.457922
31840  0.457922
31872  0.457922
31904  0.457736
31936  0.457736
31968  0.457736
32000  0.457736
32032  0.457736
32064  0.457736
32096  0.457736
32128  0.457736
32160  0.457736
32192  0.457736
32224  0.457736
32256  0.457736
32288  0.457736
32320  0.457617
32352  0.457617
32384  0.457617
32416  0.457617
32448  0.457617
32480  0.457617
32512  0.457617
32544  0.457617
32576  0.457617
32608  0.457617
32640  0.457617
32672  0.457617
32704  0.457617
32736  0.457617
32768  0.457617
32800  0.457617
32832  0.457617
32864  0.457617
32896  0.457617
32928  0.457617
32960  0.457617
32992  0.457617
33024  0.457617
33056  0.457617
33088  0.457517
33120  0.457517
33152  0.457517
33184  0.457517
33216  0.457517
33248  0.457517
33280  0.457517
33312  0.457517
33344  0.457517
33376  0.457517
33408  0.457517
33440  0.457517
33472  0.457517
33504  0.457517
33536  0.457517
33568  0.457517
33600  0.457517
33632  0.457517
33664  0.457517
33696  0.457517
33728  0.457517
33760  0.457517
33792  0.457517
33824  0.457517
33856  0.457517
33888  0.457396
33920  0.456981
33952  0.456981
33984  0.456981
34016  0.456981
34048  0.456981
34080  0.456981
34112  0.456981
34144  0.456981
34176  0.456981
34208  0.456981
34240  0.456981
34272  0.456981
34304  0.456981
34336  0.456981
34368  0.456981
34400  0.456981
34432  0.456981
34464  0.456981
34496  0.456981
34528  0.456981
34560  0.456981
34592  0.456981
34624  0.456981
34656  0.456981
34688  0.456981
34720  0.456981
34752  0.456981
34784  0.456981
34816  0.456981
34848  0.456981
34880  0.456981
34912  0.456686
34944  0.456686
34976  0.456686
35008  0.456686
35040  0.456686
35072  0.456686
35104  0.456686
35136  0.456686
35168  0.456686
35200  0.456686
35232  0.456686
35264  0.456686
35296  0.456686
35328  0.456686
35360  0.456686
35392  0.456686
35424  0.456686
35456  0.456686
35488  0.456686
35520  0.456686
35552  0.456686
35584  0.456686
35616  0.456686
35648  0.456686
35680  0.456686
35712  0.456686
35744  0.456686
35776  0.456686
35808  0.456686
35840  0.456686
35872  0.456686
35904  0.456686
35936  0.456686
35968  0.456686
36000  0.456686
36032  0.456686
36064  0.456686
36096  0.456686
36128  0.456686
36160  0.456686
36192  0.456686
36224  0.456686
36256  0.456686
36288  0.456686
36320  0.456686
36352  0.456686
36384  0.456686
36416  0.456686
36448  0.456686
36480  0.456686
36512  0.456686
36544  0.456686
36576  0.456686
36608  0.456686
36640  0.456686
36672  0.456686
36704  0.456686
36736  0.456686
36768  0.456686
36800  0.456686
36832  0.456686
36864  0.456686
36896  0.456686
36928  0.456686
36960  0.456686
36992  0.456686
37024  0.456686
37056  0.456686
37088  0.456686
37120  0.456686
37152  0.456686
37184  0.456686
37216  0.456686
37248  0.456686
37280  0.456686
37312  0.456686
37344  0.456686
37376  0.456686
37408  0.456686
37440  0.456686
37472  0.456686
37504  0.456686
37536  0.456686
37568  0.456686
37600  0.456686
37632  0.456686
37664  0.456686
37696  0.456686
37728  0.456686
37760  0.456548
37792  0.456548
37824  0.456548
37856  0.456548
37888  0.456548
37920  0.456548
37952  0.456548
37984  0.456548
38016  0.456548
38048  0.456548
38080  0.456548
38112  0.456548
38144  0.456548
38176  0.456548
38208  0.456548
38240  0.456548
38272  0.456548
38304  0.456548
38336  0.456548
38368  0.456548
38400  0.456548
38432  0.456548
38464  0.456548
38496  0.456548
38528  0.456548
38560  0.456548
38592  0.456548
38624  0.456548
38656  0.456548
38688  0.456548
38720  0.456548
38752  0.456548
38784  0.456548
38816  0.456548
38848  0.456548
38880  0.456548
38912  0.456548
38944  0.456548
38976  0.456548
39008  0.456548
39040  0.456548
39072  0.456548
39104  0.456548
39136  0.456548
39168  0.456548
39200  0.456548
39232  0.456548
39264  0.456525
39296  0.456525
39328  0.456525
39360  0.456525
39392  0.456525
39424  0.456525
39456  0.456525
39488  0.456525
39520  0.456525
39552  0.456525
39584  0.456525
39616  0.456525
39648  0.456525
39680  0.456525
39712  0.456525
39744  0.456525
39776  0.456525
39808  0.456525
39840  0.456525
39872  0.456525
39904  0.456525
39936  0.456525
39968  0.456525
40000  0.456525
40032  0.456525
40064  0.456525
40096  0.456525
40128  0.456293
40160  0.456293
40192  0.456293
40224  0.456293
40256  0.456293
40288  0.456293
40320  0.456293
40352  0.456293
40384  0.456293
40416  0.456293
40448  0.456293
40480  0.456293
40512  0.456293
40544  0.456293
40576  0.456293
40608  0.456293
40640  0.456293
40672  0.456293
40704  0.456293
40736  0.456293
40768  0.456293
40800  0.456293
40832  0.456293
40864  0.456293
40896  0.45604
40928  0.45604
40960  0.45604
40992  0.45604
41024  0.45604
41056  0.45604
41088  0.45604
41120  0.45604
41152  0.45604
41184  0.45604
41216  0.45604
41248  0.45604
41280  0.45604
41312  0.45604
41344  0.45604
41376  0.45604
41408  0.45604
41440  0.45604
41472  0.455783
41504  0.455783
41536  0.455783
41568  0.455783
41600  0.455783
41632  0.455783
41664  0.455783
41696  0.455783
41728  0.455783
41760  0.455783
41792  0.455783
41824  0.455783
41856  0.455783
41888  0.455783
41920  0.455783
41952  0.455783
41984  0.455783
42016  0.455783
42048  0.455783
42080  0.455783
42112  0.455783
42144  0.455783
42176  0.455783
42208  0.455783
42240  0.455783
42272  0.455783
42304  0.455783
42336  0.455783
42368  0.455783
42400  0.455783
42432  0.455783
42464  0.455783
42496  0.455783
42528  0.455783
42560  0.455416
42592  0.455416
42624  0.455416
42656  0.455416
42688  0.455416
42720  0.455416
42752  0.455416
42784  0.455416
42816  0.455416
42848  0.455416
42880  0.455416
42912  0.455416
42944  0.455416
42976  0.455416
43008  0.455416
43040  0.455416
43072  0.455239
43104  0.455239
43136  0.455239
43168  0.455239
43200  0.455239
43232  0.455239
43264  0.455239
43296  0.455239
43328  0.455239
43360  0.455239
43392  0.455239
43424  0.455239
43456  0.455239
43488  0.455239
43520  0.455239
43552  0.455239
43584  0.455239
43616  0.455239
43648  0.455239
43680  0.455239
43712  0.455239
43744  0.455239
43776  0.455239
43808  0.455239
43840  0.455239
43872  0.455239
43904  0.455239
43936  0.455239
43968  0.455239
44000  0.455239
44032  0.455239
44064  0.455239
44096  0.455239
44128  0.455239
44160  0.455239
44192  0.455239
44224  0.455239
44256  0.455239
44288  0.455239
44320  0.455239
44352  0.455239
44384  0.455239
44416  0.455239
44448  0.455239
44480  0.455239
44512  0.455239
44544  0.455239
44576  0.455239
44608  0.455239
44640  0.455239
44672  0.455239
44704  0.455239
44736  0.455239
44768  0.455239
44800  0.455239
44832  0.455239
44864  0.455239
44896  0.455239
44928  0.455239
44960  0.455239
44992  0.455239
45024  0.455239
45056  0.455156
45088  0.455156
45120  0.455156
45152  0.455156
45184  0.455156
45216  0.455156
45248  0.455156
45280  0.455156
45312  0.455156
45344  0.455156
45376  0.455156
45408  0.455156
45440  0.455156
45472  0.455137
45504  0.455137
45536  0.455137
45568  0.455137
45600  0.455137
45632  0.455137
45664  0.455137
45696  0.455137
45728  0.455137
45760  0.455137
45792  0.455137
45824  0.455137
45856  0.455137
45888  0.455137
45920  0.455137
45952  0.455137
45984  0.455137
46016  0.455137
46048  0.455137
46080  0.455137
46112  0.455137
46144  0.455137
46176  0.455137
46208  0.455137
46240  0.455137
46272  0.455137
46304  0.455137
46336  0.455137
46368  0.455137
46400  0.455137
46432  0.455137
46464  0.455137
46496  0.455137
46528  0.455137
46560  0.455137
46592  0.454992
46624  0.454992
46656  0.454992
46688  0.454992
46720  0.454992
46752  0.454992
46784  0.454992
46816  0.454992
46848  0.454992
46880  0.454992
46912  0.454992
46944  0.454992
46976  0.454992
47008  0.454992
47040  0.454992
47072  0.454992
47104  0.454992
47136  0.454992
47168  0.454992
47200  0.454992
47232  0.454992
47264  0.454992
47296  0.454992
47328  0.454992
47360  0.454992
47392  0.454992
47424  0.454992
47456  0.454992
47488  0.454992
47520  0.454992
47552  0.454992
47584  0.454992
47616  0.454992
47648  0.454992
47680  0.454992
47712  0.454992
47744  0.454888
47776  0.454888
47808  0.454888
47840  0.454888
47872  0.454888
47904  0.454888
47936  0.454888
47968  0.454888
48000  0.454888
48032  0.454888
48064  0.454888
48096  0.454888
48128  0.454888
48160  0.454728
48192  0.454728
48224  0.454728
48256  0.454728
48288  0.454728
48320  0.454728
48352  0.454728
48384  0.454728
48416  0.454728
48448  0.454728
48480  0.454728
48512  0.454728
48544  0.454728
48576  0.454728
48608  0.454728
48640  0.454728
48672  0.454728
48704  0.454728
48736  0.454728
48768  0.454728
48800  0.454728
48832  0.454728
48864  0.454728
48896  0.454728
48928  0.454728
48960  0.454728
48992  0.454728
49024  0.454728
49056  0.454728
49088  0.454728
49120  0.454728
49152  0.454728
49184  0.454728
49216  0.454728
49248  0.454728
49280  0.454728
49312  0.454728
49344  0.454728
49376  0.454728
49408  0.454728
49440  0.454728
49472  0.454728
49504  0.454728
49536  0.454728
49568  0.454728
49600  0.454728
49632  0.454728
49664  0.454728
49696  0.454666
49728  0.454666
49760  0.454666
49792  0.454666
49824  0.454666
49856  0.454666
49888  0.454666
49920  0.454666
49952  0.454666
49984  0.454666
50016  0.454666
50048  0.454666
50080  0.454666
50112  0.454666
50144  0.454666
50176  0.454666
50208  0.454666
50240  0.454666
50272  0.454666
50304  0.454666
50336  0.454666
50368  0.454666
50400  0.454666
50432  0.454666
50464  0.454666
50496  0.454666
50528  0.454666
50560  0.454666
50592  0.454666
50624  0.454666
50656  0.454666
50688  0.454666
50720  0.454666
50752  0.454666
50784  0.454666
50816  0.454666
50848  0.454666
50880  0.454666
50912  0.454666
50944  0.454666
50976  0.454666
51008  0.454666
51040  0.454666
51072  0.454666
51104  0.454666
51136  0.454666
51168  0.454666
51200  0.4543
51232  0.4543
51264  0.4543
51296  0.4543
51328  0.4543
51360  0.4543
51392  0.4543
51424  0.4543
51456  0.4543
51488  0.4543
51520  0.4543
51552  0.4543
51584  0.4543
51616  0.4543
51648  0.4543
51680  0.4543
51712  0.4543
51744  0.4543
51776  0.4543
51808  0.4543
51840  0.4543
51872  0.4543
51904  0.4543
51936  0.4543
51968  0.4543
52000  0.4543
52032  0.4543
52064  0.4543
52096  0.4543
52128  0.4543
52160  0.4543
52192  0.4543
52224  0.4543
52256  0.4543
52288  0.4543
52320  0.4543
52352  0.4543
52384  0.4543
52416  0.4543
52448  0.4543
52480  0.4543
52512  0.4543
52544  0.4543
52576  0.4543
52608  0.4543
52640  0.4543
52672  0.4543
52704  0.4543
52736  0.4543
52768  0.4543
52800  0.4543
52832  0.4543
52864  0.4543
52896  0.4543
52928  0.4543
52960  0.4543
52992  0.4543
53024  0.4543
53056  0.4543
53088  0.4543
53120  0.4543
53152  0.4543
53184  0.4543
53216  0.454244
53248  0.454244
53280  0.454244
53312  0.454244
53344  0.454244
53376  0.454244
53408  0.454244
53440  0.454244
53472  0.454244
53504  0.454244
53536  0.454244
53568  0.454244
53600  0.454244
53632  0.454244
53664  0.454244
53696  0.454244
53728  0.454244
53760  0.454244
53792  0.454244
53824  0.454244
53856  0.454244
53888  0.454244
53920  0.454244
53952  0.454244
53984  0.454244
54016  0.454244
54048  0.454244
54080  0.454244
54112  0.454244
54144  0.454244
54176  0.454244
54208  0.454244
54240  0.454244
54272  0.454244
54304  0.454193
54336  0.454193
54368  0.454193
54400  0.454193
54432  0.454193
54464  0.454193
54496  0.454193
54528  0.454193
54560  0.454193
54592  0.454193
54624  0.454193
54656  0.454193
54688  0.454193
54720  0.454193
54752  0.454193
54784  0.454193
54816  0.454193
54848  0.454193
54880  0.454193
54912  0.454193
54944  0.454193
54976  0.454193
55008  0.453717
55040  0.453717
55072  0.453717
55104  0.453717
55136  0.453717
55168  0.453717
55200  0.453717
55232  0.453717
55264  0.453717
55296  0.453717
55328  0.453717
55360  0.453717
55392  0.453717
55424  0.453717
55456  0.453717
55488  0.453717
55520  0.453717
55552  0.453717
55584  0.453717
55616  0.453717
55648  0.453717
55680  0.453717
55712  0.453717
55744  0.453717
55776  0.453717
55808  0.453717
55840  0.453717
55872  0.453717
55904  0.453717
55936  0.453717
55968  0.453717
56000  0.453717
56032  0.453717
56064  0.453717
56096  0.453717
56128  0.453717
56160  0.453717
56192  0.453717
56224  0.453559
56256  0.453559
56288  0.453559
56320  0.453559
56352  0.453559
56384  0.453559
56416  0.453559
56448  0.453559
56480  0.453559
56512  0.453559
56544  0.453387
56576  0.453387
56608  0.453387
56640  0.453387
56672  0.453387
56704  0.453387
56736  0.453387
56768  0.453387
56800  0.453387
56832  0.453362
56864  0.45309
56896  0.45309
56928  0.45309
56960  0.45309
56992  0.45309
57024  0.45309
57056  0.45309
57088  0.45309
57120  0.45309
57152  0.45309
57184  0.45309
57216  0.45309
57248  0.45309
57280  0.45309
57312  0.45309
57344  0.45309
57376  0.45309
57408  0.45309
57440  0.45309
57472  0.45309
57504  0.45309
57536  0.45309
57568  0.45309
57600  0.45309
57632  0.45309
57664  0.45309
57696  0.45309
57728  0.45309
57760  0.45309
57792  0.45309
57824  0.45309
57856  0.45309
57888  0.45309
57920  0.45309
57952  0.45309
57984  0.45309
58016  0.45309
58048  0.45309
58080  0.45309
58112  0.45309
58144  0.45309
58176  0.45309
58208  0.45309
58240  0.45309
58272  0.45309
58304  0.45309
58336  0.45309
58368  0.45309
58400  0.45309
58432  0.45309
58464  0.45309
58496  0.45309
58528  0.45309
58560  0.45309
58592  0.45309
58624  0.45309
58656  0.45309
58688  0.45309
58720  0.45309
58752  0.45309
58784  0.45309
58816  0.45309
58848  0.45309
58880  0.45309
58912  0.45309
58944  0.45309
58976  0.45309
59008  0.45309
59040  0.45309
59072  0.45309
59104  0.45309
59136  0.45309
59168  0.45309
59200  0.45309
59232  0.45309
59264  0.45309
59296  0.45309
59328  0.45309
59360  0.45309
59392  0.45309
59424  0.45309
59456  0.45309
59488  0.45309
59520  0.45309
59552  0.45309
59584  0.45309
59616  0.45309
59648  0.45309
59680  0.45309
59712  0.45309
59744  0.45309
59776  0.45309
59808  0.45309
59840  0.45309
59872  0.45309
59904  0.45309
59936  0.45309
59968  0.45309
60000  0.45309
60032  0.45309
60064  0.45309
60096  0.45309
60128  0.45309
60160  0.45309
60192  0.45309
60224  0.45309
60256  0.45309
60288  0.45309
60320  0.45309
60352  0.45309
60384  0.45309
60416  0.45309
60448  0.45309
60480  0.45309
60512  0.45309
60544  0.45309
60576  0.45309
60608  0.45309
60640  0.45309
60672  0.45309
60704  0.45309
60736  0.45309
60768  0.45309
60800  0.45309
60832  0.45309
60864  0.45309
60896  0.45309
60928  0.45309
60960  0.45309
60992  0.45309
61024  0.45309
61056  0.45309
61088  0.45309
61120  0.45309
61152  0.45309
61184  0.45309
61216  0.452734
61248  0.452734
61280  0.452734
61312  0.452734
61344  0.452734
61376  0.452734
61408  0.452734
61440  0.452734
61472  0.452734
61504  0.452734
61536  0.452734
61568  0.452734
61600  0.452734
61632  0.452734
61664  0.452734
61696  0.452734
61728  0.452734
61760  0.452734
61792  0.452734
61824  0.452734
61856  0.452734
61888  0.452734
61920  0.452734
61952  0.452734
61984  0.452734
62016  0.452734
62048  0.452734
62080  0.452734
62112  0.452734
62144  0.452734
62176  0.452734
62208  0.452734
62240  0.452686
62272  0.452667
62304  0.452667
62336  0.452667
62368  0.452667
62400  0.452667
62432  0.452667
62464  0.452667
62496  0.452667
62528  0.452667
62560  0.452667
62592  0.452667
62624  0.452667
62656  0.452667
62688  0.452667
62720  0.452667
62752  0.452667
62784  0.452667
62816  0.452667
62848  0.452667
62880  0.452667
62912  0.452667
62944  0.452667
62976  0.452667
63008  0.452667
63040  0.452667
63072  0.452667
63104  0.452667
63136  0.452667
63168  0.452667
63200  0.452667
63232  0.452667
63264  0.452667
63296  0.452667
63328  0.452667
63360  0.452667
63392  0.452667
63424  0.452667
63456  0.45248
63488  0.45248
63520  0.45248
63552  0.45248
63584  0.452292
63616  0.452292
63648  0.452292
63680  0.452292
63712  0.452292
63744  0.452292
63776  0.452292
63808  0.452036
63840  0.452036
63872  0.452036
63904  0.452036
63936  0.452036
63968  0.452036
64000  0.452036
64032  0.452036
64064  0.452036
64096  0.452036
64128  0.452036
64160  0.452036
64192  0.452036
64224  0.452036
64256  0.452036
64288  0.452036
64320  0.452036
64352  0.452036
64384  0.452036
64416  0.452036
64448  0.452036
64480  0.452036
64512  0.452036
64544  0.452036
64576  0.452036
64608  0.452036
64640  0.452036
64672  0.452036
64704  0.452036
64736  0.452036
64768  0.452036
64800  0.452036
64832  0.452036
64864  0.451969
64896  0.451969
64928  0.451969
64960  0.451969
64992  0.451969
65024  0.451739
65056  0.451739
65088  0.451739
65120  0.451739
65152  0.451739
65184  0.451739
65216  0.451739
65248  0.451739
65280  0.451739
65312  0.451739
65344  0.451739
65376  0.451739
65408  0.451739
65440  0.451739
65472  0.451739
65504  0.451739
65536  0.451739
65568  0.451739
65600  0.451739
65632  0.451739
65664  0.451739
65696  0.451739
65728  0.451739
65760  0.451739
65792  0.451739
65824  0.451739
65856  0.451739
65888  0.451739
65920  0.451739
65952  0.451739
65984  0.451739
66016  0.451739
66048  0.451739
66080  0.451739
66112  0.451739
66144  0.451739
66176  0.451739
66208  0.451739
66240  0.451739
66272  0.451739
66304  0.451739
66336  0.451739
66368  0.451739
66400  0.451739
66432  0.451739
66464  0.451739
66496  0.451739
66528  0.451739
66560  0.451739
66592  0.451739
66624  0.451739
66656  0.451739
66688  0.451739
66720  0.451739
66752  0.451739
66784  0.451739
66816  0.451739
66848  0.451739
66880  0.451739
66912  0.451739
66944  0.451739
66976  0.451739
67008  0.451739
67040  0.451739
67072  0.451739
67104  0.451739
67136  0.451739
67168  0.451739
67200  0.451739
67232  0.451739
67264  0.451739
67296  0.451739
67328  0.451739
67360  0.451739
67392  0.451739
67424  0.451739
67456  0.451739
67488  0.451739
67520  0.451739
67552  0.451739
67584  0.451739
67616  0.451739
67648  0.451739
67680  0.451739
67712  0.451739
67744  0.451739
67776  0.451751
67808  0.451751
67840  0.451508
67872  0.451508
67904  0.451508
67936  0.451508
67968  0.451508
68000  0.451508
68032  0.451508
68064  0.451508
68096  0.451508
68128  0.451508
68160  0.451508
68192  0.451508
68224  0.451508
68256  0.451508
68288  0.451508
68320  0.451508
68352  0.451508
68384  0.451508
68416  0.451508
68448  0.451508
68480  0.451508
68512  0.451508
68544  0.451508
68576  0.451508
68608  0.451508
68640  0.451508
68672  0.451508
68704  0.451508
68736  0.451508
68768  0.451508
68800  0.451508
68832  0.451508
68864  0.451508
68896  0.451508
68928  0.451508
68960  0.451508
68992  0.451425
69024  0.451425
69056  0.451425
69088  0.451425
69120  0.451425
69152  0.451425
69184  0.451425
69216  0.451425
69248  0.451425
69280  0.451425
69312  0.451425
69344  0.451425
69376  0.451425
69408  0.451425
69440  0.451425
69472  0.451425
69504  0.451425
69536  0.451425
69568  0.451425
69600  0.451425
69632  0.451425
69664  0.451425
69696  0.451425
69728  0.451425
69760  0.451425
69792  0.451425
69824  0.451425
69856  0.451425
69888  0.451425
69920  0.451425
69952  0.451306
69984  0.451306
70016  0.451306
70048  0.451306
70080  0.451306
70112  0.451306
70144  0.451306
70176  0.451306
70208  0.451306
70240  0.451306
70272  0.451306
70304  0.451306
70336  0.451306
70368  0.450975
70400  0.450975
70432  0.450975
70464  0.450975
70496  0.450975
70528  0.450975
70560  0.450975
70592  0.450975
70624  0.450975
70656  0.450975
70688  0.450975
70720  0.450975
70752  0.450975
70784  0.450975
70816  0.450975
70848  0.450975
70880  0.450975
70912  0.450975
70944  0.450975
70976  0.450975
71008  0.450975
71040  0.450975
71072  0.450975
71104  0.450975
71136  0.450975
71168  0.450975
71200  0.450975
71232  0.450975
71264  0.450975
71296  0.450975
71328  0.450975
71360  0.450639
71392  0.450228
71424  0.450228
71456  0.450228
71488  0.450228
71520  0.450228
71552  0.450228
71584  0.450228
71616  0.450228
71648  0.450228
71680  0.450228
71712  0.450228
71744  0.450228
71776  0.450228
71808  0.450228
71840  0.450228
71872  0.450228
71904  0.450228
71936  0.450228
71968  0.450228
72000  0.450228
72032  0.450228
72064  0.450228
72096  0.450228
72128  0.450228
72160  0.450228
72192  0.450228
72224  0.450228
72256  0.450228
72288  0.450228
72320  0.450228
72352  0.450228
72384  0.450228
72416  0.450228
72448  0.450228
72480  0.450228
72512  0.450164
72544  0.450164
72576  0.450164
72608  0.450164
72640  0.450164
72672  0.450164
72704  0.450164
72736  0.450164
72768  0.450164
72800  0.450164
72832  0.450164
72864  0.450164
72896  0.450164
72928  0.450164
72960  0.450164
72992  0.450164
73024  0.450164
73056  0.450164
73088  0.450164
73120  0.450164
73152  0.450164
73184  0.450164
73216  0.450164
73248  0.450164
73280  0.450164
73312  0.450164
73344  0.450164
73376  0.450164
73408  0.450164
73440  0.450164
73472  0.450164
73504  0.450164
73536  0.450164
73568  0.450164
73600  0.450164
73632  0.450164
73664  0.450164
73696  0.450164
73728  0.450164
73760  0.450164
73792  0.450164
73824  0.450164
73856  0.450164
73888  0.450164
73920  0.450164
