Step  Penalty
10  0.554305
20  0.520269
30  0.509094
40  0.485807
50  0.432933
60  0.408489
70  0.385389
80  0.351543
90  0.332686
100  0.312299
110  0.289938
120  0.283417
130  0.275515
140  0.268058
150  0.261822
160  0.257824
170  0.25581
180  0.253946
190  0.252652
200  0.25135
210  0.249883
220  0.249341
230  0.247441
240  0.246517
250  0.245503
260  0.244996
270  0.244996
280  0.24416
290  0.244067
300  0.243822
310  0.243563
320  0.243036
330  0.242419
340  0.242419
350  0.242419
360  0.242288
370  0.242288
380  0.241184
390  0.241184
400  0.241184
410  0.241184
420  0.241049
430  0.241049
440  0.241049
450  0.241049
460  0.240717
470  0.240717
480  0.240717
490  0.240453
500  0.240453
510  0.240453
520  0.240453
530  0.240453
540  0.240453
550  0.240453
560  0.24008
570  0.24008
580  0.24008
590  0.240026
600  0.240026
610  0.240026
620  0.240026
630  0.240026
640  0.239956
650  0.239956
660  0.239766
670  0.239368
680  0.239295
690  0.239282
700  0.239282
710  0.239282
720  0.239282
730  0.239148
740  0.238553
750  0.23847
760  0.23847
770  0.23847
780  0.23847
790  0.238366
800  0.238366
810  0.238366
820  0.238366
830  0.238366
840  0.238245
850  0.238245
860  0.237971
870  0.237971
880  0.237907
890  0.237907
900  0.237907
910  0.237907
920  0.237858
930  0.237739
940  0.237739
950  0.237739
960  0.237602
970  0.237602
980  0.237602
990  0.237602
1000  0.237602
1010  0.237446
1020  0.237446
1030  0.237446
1040  0.237141
1050  0.237141
1060  0.237141
1070  0.237141
1080  0.237141
1090  0.237141
1100  0.237141
1110  0.236971
1120  0.236971
1130  0.236971
1140  0.236971
1150  0.236971
1160  0.236971
1170  0.236971
1180  0.236971
1190  0.236971
1200  0.236971
1210  0.236971
1220  0.236971
1230  0.236971
1240  0.236971
1250  0.236971
1260  0.236971
1270  0.236971
1280  0.236971
1290  0.236971
1300  0.236781
1310  0.236781
1320  0.236781
1330  0.236781
1340  0.235912
1350  0.235912
1360  0.235912
1370  0.235912
1380  0.235912
1390  0.235912
1400  0.235893
1410  0.235893
1420  0.235893
1430  0.235893
1440  0.235893
1450  0.235893
1460  0.235893
1470  0.235893
1480  0.235893
1490  0.235893
1500  0.235893
1510  0.235893
1520  0.235893
1530  0.235893
1540  0.235893
1550  0.235893
1560  0.235893
1570  0.235893
1580  0.235893
1590  0.235893
1600  0.235893
1610  0.235893
1620  0.235893
1630  0.235893
1640  0.235885
1650  0.235836
1660  0.235836
1670  0.235836
1680  0.235836
1690  0.235836
1700  0.235836
1710  0.235836
1720  0.235836
1730  0.235836
1740  0.235822
1750  0.235822
1760  0.235822
1770  0.235822
1780  0.235822
1790  0.235822
1800  0.235822
1810  0.235822
1820  0.235822
1830  0.235822
1840  0.235822
1850  0.235822
1860  0.235822
1870  0.235822
1880  0.235822
1890  0.235822
1900  0.235822
1910  0.235822
1920  0.235822
1930  0.235822
1940  0.235822
1950  0.235822
1960  0.235822
1970  0.235822
1980  0.235822
1990  0.235822
2000  0.235822
2010  0.23568
2020  0.23568
2030  0.23568
2040  0.23568
2050  0.23568
2060  0.23568
2070  0.23568
2080  0.23568
2090  0.23568
2100  0.23568
2110  0.23568
2120  0.23568
2130  0.23568
2140  0.23568
2150  0.23568
2160  0.23568
2170  0.23568
2180  0.23568
2190  0.23568
2200  0.235428
2210  0.235428
2220  0.235428
2230  0.235428
2240  0.235428
2250  0.235428
2260  0.235428
2270  0.235428
2280  0.235428
2290  0.235428
2300  0.234976
2310  0.234976
2320  0.234976
2330  0.234976
2340  0.234976
2350  0.234976
2360  0.234976
2370  0.234976
2380  0.234976
2390  0.234847
2400  0.234847
2410  0.234847
2420  0.234847
2430  0.234847
2440  0.234847
2450  0.234847
2460  0.234847
2470  0.234847
2480  0.234847
2490  0.234847
2500  0.234847
2510  0.234847
2520  0.234847
2530  0.234847
2540  0.234847
2550  0.234847
2560  0.234847
2570  0.234847
2580  0.234847
2590  0.234847
2600  0.234847
2610  0.234847
2620  0.234735
2630  0.234735
2640  0.234735
2650  0.234735
2660  0.234735
2670  0.234735
2680  0.234735
2690  0.234735
2700  0.234735
2710  0.234735
2720  0.234735
2730  0.234735
2740  0.234735
2750  0.234735
2760  0.234735
2770  0.234735
2780  0.234735
2790  0.234735
2800  0.234735
2810  0.234699
2820  0.234699
2830  0.234699
2840  0.234699
2850  0.234699
2860  0.234699
2870  0.234699
2880  0.234699
2890  0.234699
2900  0.234699
2910  0.234699
2920  0.234699
2930  0.234699
2940  0.234699
2950  0.234699
2960  0.234699
2970  0.234699
2980  0.234699
2990  0.234699
3000  0.234699
3010  0.234699
3020  0.234699
3030  0.234699
3040  0.234699
3050  0.234699
3060  0.234699
3070  0.234699
3080  0.234699
3090  0.234699
3100  0.234699
3110  0.234699
3120  0.234699
3130  0.234699
3140  0.234699
3150  0.234699
3160  0.234699
3170  0.234699
3180  0.234699
3190  0.234699
3200  0.234699
3210  0.234699
3220  0.234699
3230  0.234699
3240  0.234699
3250  0.234699
3260  0.234699
3270  0.234699
3280  0.234699
3290  0.234699
3300  0.234699
3310  0.234699
3320  0.234699
3330  0.234699
3340  0.234699
3350  0.234699
3360  0.234699
3370  0.234699
3380  0.234699
3390  0.234699
3400  0.234699
3410  0.234699
3420  0.234699
3430  0.234699
3440  0.234699
3450  0.234699
3460  0.234699
3470  0.234699
3480  0.234699
3490  0.234699
3500  0.234699
3510  0.234699
3520  0.234699
3530  0.234699
3540  0.234699
3550  0.234699
3560  0.234699
3570  0.234699
3580  0.234699
3590  0.234699
3600  0.234699
3610  0.234699
3620  0.234699
3630  0.234699
3640  0.234699
3650  0.234699
3660  0.234699
3670  0.234699
3680  0.234699
3690  0.234699
3700  0.234699
3710  0.234699
3720  0.234699
3730  0.234699
3740  0.234699
3750  0.234699
3760  0.234699
3770  0.234699
3780  0.234699
3790  0.234699
3800  0.234699
3810  0.234699
3820  0.234699
3830  0.234699
3840  0.234699
3850  0.234699
3860  0.234699
3870  0.234699
3880  0.234699
3890  0.234699
3900  0.234699
3910  0.234699
3920  0.234699
3930  0.234629
3940  0.234629
3950  0.234629
3960  0.234629
3970  0.234629
3980  0.234543
3990  0.234543
4000  0.234543
4010  0.234543
4020  0.234543
4030  0.234543
4040  0.234543
4050  0.234543
4060  0.234543
4070  0.234543
4080  0.234543
4090  0.234543
4100  0.234543
4110  0.234543
4120  0.234543
4130  0.234543
4140  0.234543
4150  0.234543
4160  0.234543
4170  0.234403
4180  0.234403
4190  0.234403
4200  0.234403
4210  0.234403
4220  0.234403
4230  0.234403
4240  0.234403
4250  0.234403
4260  0.234403
4270  0.234403
4280  0.234403
4290  0.234403
4300  0.234403
4310  0.234403
4320  0.234403
4330  0.234403
4340  0.234403
4350  0.234403
4360  0.234403
4370  0.234403
4380  0.234403
4390  0.234403
4400  0.234403
4410  0.234403
4420  0.234403
4430  0.234403
4440  0.234403
4450  0.234403
4460  0.234403
4470  0.234403
4480  0.234403
4490  0.234403
4500  0.234403
4510  0.234403
4520  0.234403
4530  0.234403
4540  0.234403
4550  0.234403
4560  0.234403
4570  0.234403
4580  0.234403
4590  0.234403
4600  0.234403
4610  0.234403
4620  0.234403
4630  0.234403
4640  0.234403
4650  0.234403
4660  0.234403
4670  0.234403
4680  0.234403
4690  0.234403
4700  0.234403
4710  0.234403
4720  0.234403
4730  0.234403
4740  0.234403
4750  0.234403
4760  0.234403
4770  0.234403
4780  0.234403
4790  0.234403
4800  0.234403
4810  0.234403
4820  0.234403
4830  0.234403
4840  0.234403
4850  0.234403
4860  0.234403
4870  0.234403
4880  0.234403
4890  0.234403
4900  0.234403
4910  0.234403
4920  0.234403
4930  0.234403
4940  0.234403
4950  0.234403
4960  0.234403
4970  0.234403
4980  0.234403
4990  0.234403
5000  0.234403
5010  0.234403
5020  0.234403
5030  0.234403
5040  0.234403
5050  0.234403
5060  0.234403
5070  0.234403
5080  0.234403
5090  0.234403
5100  0.234403
5110  0.234403
5120  0.234403
5130  0.234403
5140  0.234403
5150  0.234403
5160  0.234403
5170  0.234403
5180  0.234403
5190  0.234403
5200  0.234403
5210  0.234403
5220  0.234403
5230  0.234403
5240  0.234403
5250  0.234403
5260  0.234403
5270  0.234403
5280  0.234403
5290  0.234403
5300  0.234403
5310  0.234403
5320  0.234403
5330  0.234403
5340  0.234403
5350  0.234403
5360  0.234403
5370  0.234403
5380  0.234403
5390  0.234403
5400  0.234403
5410  0.234403
5420  0.234403
5430  0.234403
5440  0.234403
5450  0.234403
5460  0.234403
5470  0.234403
5480  0.234403
5490  0.234403
5500  0.234403
5510  0.234403
5520  0.234403
5530  0.234403
5540  0.234403
5550  0.234403
5560  0.234403
5570  0.234403
5580  0.234403
5590  0.234403
5600  0.234403
5610  0.234403
5620  0.234403
5630  0.234403
5640  0.234403
5650  0.234403
5660  0.234403
5670  0.234403
5680  0.234403
5690  0.234403
5700  0.234403
5710  0.234403
5720  0.234403
5730  0.234403
5740  0.234403
5750  0.234403
5760  0.234403
5770  0.234403
5780  0.234403
5790  0.234403
5800  0.234403
5810  0.234403
5820  0.234403
5830  0.234403
5840  0.234403
5850  0.234403
5860  0.234403
5870  0.234403
5880  0.234403
5890  0.234403
5900  0.234403
5910  0.234403
5920  0.234403
5930  0.234403
5940  0.234403
5950  0.234403
5960  0.234403
5970  0.234403
5980  0.234403
5990  0.234403
6000  0.234403
6010  0.234403
6020  0.234403
6030  0.234403
6040  0.234403
6050  0.234403
6060  0.234403
6070  0.234403
6080  0.234403
6090  0.234403
6100  0.234403
6110  0.234403
6120  0.234403
6130  0.234403
6140  0.234403
6150  0.234403
6160  0.234403
6170  0.234403
6180  0.234403
6190  0.234403
6200  0.234403
6210  0.234403
6220  0.234403
6230  0.234403
6240  0.234403
6250  0.234403
6260  0.234403
6270  0.234403
6280  0.234403
6290  0.234403
6300  0.234403
6310  0.234403
6320  0.234403
6330  0.234403
6340  0.234403
6350  0.234403
6360  0.234403
6370  0.234403
6380  0.234403
6390  0.234403
6400  0.234403
6410  0.234403
6420  0.234403
6430  0.234403
6440  0.234403
6450  0.234403
6460  0.234403
6470  0.234403
6480  0.234403
6490  0.234403
6500  0.234403
6510  0.234403
6520  0.234403
6530  0.234403
6540  0.234403
6550  0.234403
6560  0.234403
6570  0.234403
6580  0.234403
6590  0.234403
6600  0.234403
6610  0.234403
6620  0.234403
6630  0.234403
6640  0.234403
6650  0.234403
6660  0.234403
6670  0.234403
6680  0.234403
6690  0.234403
6700  0.234403
6710  0.234403
6720  0.234403
6730  0.234403
6740  0.234403
6750  0.234403
6760  0.234403
6770  0.234403
6780  0.234403
6790  0.234403
6800  0.234403
6810  0.234403
6820  0.234403
6830  0.234403
6840  0.234403
6850  0.234403
6860  0.234403
6870  0.234403
6880  0.234403
6890  0.234403
6900  0.234403
6910  0.234403
6920  0.234403
6930  0.234403
6940  0.234403
6950  0.234403
6960  0.234403
6970  0.234403
6980  0.234403
6990  0.234403
7000  0.234403
7010  0.234403
7020  0.234403
7030  0.234403
7040  0.234403
7050  0.234403
7060  0.234403
7070  0.234403
7080  0.234403
7090  0.234403
7100  0.234403
7110  0.234403
7120  0.234403
7130  0.234403
7140  0.233794
7150  0.233794
7160  0.233794
7170  0.233794
7180  0.233794
7190  0.233794
7200  0.233794
7210  0.233794
7220  0.233794
7230  0.233794
7240  0.233794
7250  0.233794
7260  0.233794
7270  0.233794
7280  0.233794
7290  0.233794
7300  0.233794
7310  0.233794
7320  0.233794
7330  0.233794
7340  0.233794
7350  0.233794
7360  0.233794
7370  0.233794
7380  0.233794
7390  0.233794
7400  0.233794
7410  0.233794
7420  0.233794
7430  0.233794
7440  0.233794
7450  0.233794
7460  0.233794
7470  0.233794
7480  0.233794
7490  0.233794
7500  0.233794
7510  0.233794
7520  0.233794
7530  0.233794
7540  0.233794
7550  0.233794
7560  0.233794
7570  0.233794
7580  0.233794
7590  0.233794
7600  0.233794
7610  0.233794
7620  0.233794
7630  0.233794
7640  0.233794
7650  0.233794
7660  0.233794
7670  0.233794
7680  0.233794
7690  0.233794
7700  0.233794
7710  0.233794
7720  0.233794
7730  0.233794
7740  0.233794
7750  0.233794
7760  0.233794
7770  0.233794
7780  0.233794
7790  0.233794
7800  0.233794
7810  0.233794
7820  0.233794
7830  0.233794
7840  0.233794
7850  0.233794
7860  0.233794
7870  0.233794
7880  0.233794
7890  0.233794
7900  0.233794
7910  0.233794
7920  0.233794
7930  0.233794
7940  0.233794
7950  0.233794
7960  0.233794
7970  0.233794
7980  0.233794
7990  0.233794
8000  0.233794
8010  0.233794
8020  0.233794
8030  0.233794
8040  0.233794
8050  0.233794
8060  0.233794
8070  0.233794
8080  0.233641
8090  0.233641
8100  0.233641
8110  0.233641
8120  0.233641
8130  0.233641
8140  0.233641
8150  0.233641
8160  0.233641
8170  0.233641
8180  0.233641
8190  0.233641
8200  0.233641
8210  0.233641
8220  0.233641
8230  0.233641
8240  0.233641
8250  0.233641
8260  0.233641
8270  0.233641
8280  0.233641
8290  0.233641
8300  0.233641
8310  0.233504
8320  0.233504
8330  0.233504
8340  0.233504
8350  0.233504
8360  0.233504
8370  0.233504
8380  0.233504
8390  0.233504
8400  0.233504
8410  0.233504
8420  0.233504
8430  0.233504
8440  0.233504
8450  0.233504
8460  0.233504
8470  0.233504
8480  0.233504
8490  0.233504
8500  0.233504
8510  0.233504
8520  0.233504
8530  0.233504
8540  0.233504
8550  0.233504
8560  0.233504
8570  0.233504
8580  0.233504
8590  0.233504
8600  0.233504
8610  0.233504
8620  0.233504
8630  0.233504
8640  0.233504
8650  0.233504
8660  0.233504
8670  0.233504
8680  0.233504
8690  0.233504
8700  0.233504
8710  0.233504
8720  0.233504
8730  0.233504
8740  0.233504
8750  0.233504
8760  0.233504
8770  0.233504
8780  0.233504
8790  0.233504
8800  0.233504
8810  0.233504
8820  0.233504
8830  0.233504
8840  0.233504
8850  0.233504
8860  0.233504
8870  0.233504
8880  0.233504
8890  0.233504
8900  0.233504
8910  0.233504
8920  0.233504
8930  0.233504
8940  0.233504
8950  0.233504
8960  0.233504
8970  0.233504
8980  0.233504
8990  0.233504
9000  0.233504
9010  0.233504
9020  0.233504
9030  0.233504
9040  0.233504
9050  0.233504
9060  0.233504
9070  0.233504
9080  0.233504
9090  0.233504
9100  0.233504
9110  0.233504
9120  0.233504
9130  0.233504
9140  0.233504
9150  0.233504
9160  0.233504
9170  0.233504
9180  0.233504
9190  0.233504
9200  0.233504
9210  0.233504
9220  0.233504
9230  0.233504
9240  0.233504
9250  0.233504
9260  0.233504
9270  0.233504
9280  0.233504
9290  0.233504
9300  0.233504
9310  0.233504
9320  0.233504
9330  0.233504
9340  0.233504
9350  0.233504
9360  0.233504
9370  0.233504
9380  0.233504
9390  0.233504
9400  0.233504
9410  0.233504
9420  0.233504
9430  0.233504
9440  0.233504
9450  0.233504
9460  0.233504
9470  0.233504
9480  0.233504
9490  0.233504
9500  0.233504
9510  0.233504
9520  0.233504
9530  0.233504
9540  0.233504
9550  0.233504
9560  0.233504
9570  0.233504
9580  0.233504
9590  0.233504
9600  0.233504
9610  0.233504
9620  0.233504
9630  0.233504
9640  0.233504
9650  0.233504
9660  0.233504
9670  0.233504
9680  0.233504
9690  0.233504
9700  0.233504
9710  0.233504
9720  0.233504
9730  0.233504
9740  0.233504
9750  0.233504
9760  0.233504
9770  0.233504
9780  0.233504
9790  0.233504
9800  0.233504
9810  0.233504
9820  0.233504
9830  0.233504
9840  0.233504
9850  0.233504
9860  0.233504
9870  0.233504
9880  0.233504
9890  0.233504
9900  0.233504
9910  0.233504
9920  0.233504
9930  0.233504
9940  0.233504
9950  0.233504
9960  0.233504
9970  0.233504
9980  0.233504
9990  0.233504
10000  0.233504
10010  0.233504
10020  0.233504
10030  0.233504
10040  0.233504
10050  0.233504
10060  0.233504
10070  0.233504
10080  0.233504
10090  0.233504
10100  0.233504
10110  0.233504
10120  0.233504
10130  0.233504
10140  0.233504
10150  0.233504
10160  0.233504
10170  0.233504
10180  0.233504
10190  0.233504
10200  0.233504
10210  0.233504
10220  0.233504
10230  0.233504
10240  0.233504
10250  0.233504
10260  0.233504
10270  0.233504
10280  0.233504
10290  0.233504
10300  0.233504
10310  0.233504
10320  0.233504
10330  0.233504
10340  0.233504
10350  0.233504
10360  0.233504
10370  0.233504
10380  0.233504
10390  0.233504
10400  0.233504
10410  0.233504
10420  0.233504
10430  0.233504
10440  0.233504
10450  0.233504
10460  0.233504
10470  0.233504
10480  0.233504
10490  0.233504
10500  0.233504
10510  0.233504
10520  0.233504
10530  0.233504
10540  0.233504
10550  0.233504
10560  0.233504
10570  0.233504
10580  0.233504
10590  0.233504
10600  0.233504
10610  0.233504
10620  0.233504
10630  0.233504
10640  0.233504
10650  0.233504
10660  0.233504
10670  0.233504
10680  0.233504
10690  0.233504
10700  0.233504
10710  0.233504
10720  0.233504
10730  0.233504
10740  0.233504
10750  0.233504
10760  0.233504
10770  0.233504
10780  0.233504
10790  0.233504
10800  0.233504
10810  0.233504
10820  0.233504
10830  0.233504
10840  0.233504
10850  0.233504
10860  0.233504
10870  0.233504
10880  0.233504
10890  0.233504
10900  0.233504
10910  0.233504
10920  0.233504
10930  0.233504
10940  0.233504
10950  0.233504
10960  0.233504
10970  0.233504
10980  0.233504
10990  0.233504
11000  0.233504
11010  0.233504
11020  0.233504
11030  0.233504
11040  0.233504
11050  0.233504
11060  0.233504
11070  0.233504
11080  0.233504
11090  0.233504
11100  0.233504
11110  0.233504
11120  0.233504
11130  0.233504
11140  0.233504
11150  0.233504
11160  0.233504
11170  0.233504
11180  0.233504
11190  0.233504
11200  0.233504
11210  0.233504
11220  0.233504
11230  0.233504
11240  0.233504
11250  0.233504
11260  0.233504
11270  0.233504
11280  0.233504
11290  0.233504
11300  0.233504
11310  0.233504
11320  0.233435
11330  0.233435
11340  0.233435
11350  0.233435
11360  0.233435
11370  0.233435
11380  0.233435
11390  0.233435
11400  0.233435
11410  0.233435
11420  0.233435
11430  0.233435
11440  0.233435
11450  0.233435
11460  0.233435
11470  0.233435
11480  0.233435
11490  0.233435
11500  0.233435
11510  0.233435
11520  0.233435
11530  0.233435
11540  0.233435
11550  0.233435
11560  0.233435
11570  0.233435
11580  0.233435
11590  0.233435
11600  0.233435
11610  0.233435
11620  0.233435
11630  0.233435
11640  0.233435
11650  0.233435
11660  0.233435
11670  0.233435
11680  0.233435
11690  0.233435
11700  0.233435
11710  0.233435
11720  0.233435
11730  0.233435
11740  0.233435
11750  0.233435
11760  0.233435
11770  0.233435
11780  0.233435
11790  0.233435
11800  0.233435
11810  0.233435
11820  0.233435
11830  0.233435
11840  0.233435
11850  0.233435
11860  0.233435
11870  0.233435
11880  0.233435
11890  0.233435
11900  0.233435
11910  0.233435
11920  0.233435
11930  0.233435
11940  0.233435
11950  0.233435
11960  0.233435
11970  0.233435
11980  0.233435
11990  0.233435
12000  0.233435
12010  0.233435
12020  0.233435
12030  0.233435
12040  0.233435
12050  0.233435
12060  0.233435
12070  0.233435
12080  0.233435
12090  0.233435
12100  0.233435
12110  0.233435
12120  0.233435
12130  0.233435
12140  0.233435
12150  0.233435
12160  0.233435
12170  0.233435
12180  0.233435
12190  0.233435
12200  0.233435
12210  0.233435
12220  0.233435
12230  0.233435
12240  0.233435
12250  0.233435
12260  0.233435
12270  0.233435
12280  0.233435
12290  0.233435
12300  0.233435
12310  0.233435
12320  0.233435
12330  0.233435
12340  0.233435
12350  0.233435
12360  0.233435
12370  0.233435
12380  0.233435
12390  0.233435
12400  0.233435
12410  0.233435
12420  0.233353
12430  0.233353
12440  0.233353
12450  0.233353
12460  0.233353
12470  0.233353
12480  0.233353
12490  0.233353
12500  0.233353
12510  0.233353
12520  0.233353
12530  0.233353
12540  0.233353
12550  0.233353
12560  0.233353
12570  0.233353
12580  0.233353
12590  0.233353
12600  0.233353
12610  0.233353
12620  0.233353
12630  0.233353
12640  0.233353
12650  0.233353
12660  0.233353
12670  0.233353
12680  0.233353
12690  0.233353
12700  0.233353
12710  0.233353
12720  0.233353
12730  0.233353
12740  0.233353
12750  0.233353
12760  0.233353
12770  0.233353
12780  0.233353
12790  0.233353
12800  0.233353
12810  0.233353
12820  0.233353
12830  0.233353
12840  0.233353
12850  0.233353
12860  0.233353
12870  0.233353
12880  0.233353
12890  0.233353
12900  0.233353
12910  0.233353
12920  0.233353
12930  0.233353
12940  0.233353
12950  0.233353
12960  0.233353
12970  0.233353
12980  0.233353
12990  0.233353
13000  0.233353
13010  0.233353
13020  0.233353
13030  0.233353
13040  0.233353
13050  0.233353
13060  0.233353
13070  0.233353
13080  0.233353
13090  0.233353
13100  0.233353
13110  0.233353
13120  0.233353
13130  0.233353
13140  0.233353
13150  0.233353
13160  0.233353
13170  0.233353
13180  0.233353
13190  0.233353
13200  0.233353
13210  0.233353
13220  0.233353
13230  0.233353
13240  0.233353
13250  0.233353
13260  0.233353
13270  0.233353
13280  0.233353
13290  0.233353
13300  0.233353
13310  0.233353
13320  0.233353
13330  0.233353
13340  0.233353
13350  0.233353
13360  0.233353
13370  0.233353
13380  0.233353
13390  0.233353
13400  0.233353
13410  0.233353
13420  0.233353
13430  0.233353
13440  0.233353
13450  0.233353
13460  0.233353
13470  0.233353
13480  0.233353
13490  0.233353
13500  0.233353
13510  0.233353
13520  0.233353
13530  0.233353
13540  0.233353
13550  0.233353
13560  0.233353
13570  0.233353
13580  0.233353
13590  0.233353
13600  0.233353
13610  0.233353
13620  0.233353
13630  0.233353
13640  0.233353
13650  0.233353
13660  0.233353
13670  0.233353
13680  0.233353
13690  0.233353
13700  0.233353
13710  0.233353
13720  0.233353
13730  0.233353
13740  0.233353
13750  0.233353
13760  0.233353
13770  0.233353
13780  0.233353
13790  0.233353
13800  0.233353
13810  0.233353
13820  0.233353
13830  0.233353
13840  0.233353
13850  0.233353
13860  0.233353
13870  0.233353
13880  0.233353
13890  0.233353
13900  0.233353
13910  0.233353
13920  0.233353
13930  0.233353
13940  0.233353
13950  0.233353
13960  0.233353
13970  0.233353
13980  0.233353
13990  0.233353
14000  0.233353
14010  0.233353
14020  0.233353
14030  0.233353
14040  0.233353
14050  0.233353
14060  0.233353
14070  0.233353
14080  0.233353
14090  0.233353
14100  0.233353
14110  0.233353
14120  0.233353
14130  0.233353
14140  0.233353
14150  0.233353
14160  0.233353
14170  0.233353
14180  0.233353
14190  0.233353
14200  0.233353
14210  0.233353
14220  0.233353
14230  0.233353
14240  0.233353
14250  0.233353
14260  0.233353
14270  0.233353
14280  0.233353
14290  0.233353
14300  0.233353
14310  0.233353
14320  0.233353
14330  0.233353
14340  0.233353
14350  0.233353
14360  0.233353
14370  0.233353
14380  0.233353
14390  0.233353
14400  0.233353
14410  0.233353
14420  0.233353
14430  0.233353
14440  0.233353
14450  0.233353
14460  0.233353
14470  0.233353
14480  0.233353
14490  0.233353
14500  0.233353
14510  0.233353
14520  0.233353
14530  0.233353
14540  0.233353
14550  0.233353
14560  0.233353
14570  0.233353
14580  0.233353
14590  0.233353
14600  0.233353
14610  0.233353
14620  0.233353
14630  0.233353
14640  0.233353
14650  0.233353
14660  0.233353
14670  0.233353
14680  0.233353
14690  0.233353
14700  0.233353
14710  0.233353
14720  0.233353
14730  0.233353
14740  0.233353
14750  0.233353
14760  0.233353
14770  0.233353
14780  0.233353
14790  0.233353
14800  0.233353
14810  0.233353
14820  0.233353
14830  0.233353
14840  0.233353
14850  0.233353
14860  0.233353
14870  0.233353
14880  0.233353
14890  0.233353
14900  0.233353
14910  0.233353
14920  0.233353
14930  0.233353
14940  0.233353
14950  0.233353
14960  0.233353
14970  0.233353
14980  0.233353
14990  0.233353
15000  0.233353
15010  0.233353
15020  0.233353
15030  0.233353
15040  0.233353
15050  0.233353
15060  0.233353
15070  0.233353
15080  0.233353
15090  0.233353
15100  0.233353
15110  0.233353
15120  0.233353
15130  0.233353
15140  0.233353
15150  0.233353
15160  0.233353
15170  0.233353
15180  0.233353
15190  0.233353
15200  0.233353
15210  0.233353
15220  0.233353
15230  0.233353
15240  0.233353
15250  0.233353
15260  0.233353
15270  0.233353
15280  0.233353
15290  0.233353
15300  0.233353
15310  0.233353
15320  0.233353
15330  0.233353
15340  0.233353
15350  0.233353
15360  0.233353
15370  0.233353
15380  0.233353
15390  0.233353
15400  0.233353
15410  0.233353
15420  0.233353
15430  0.233353
15440  0.233353
15450  0.233353
15460  0.233353
15470  0.233353
15480  0.233353
15490  0.233353
15500  0.233353
15510  0.233353
15520  0.233353
15530  0.233353
15540  0.233353
15550  0.233353
15560  0.233353
15570  0.233353
15580  0.233353
15590  0.233353
15600  0.233353
15610  0.233353
15620  0.233353
15630  0.233353
15640  0.233353
15650  0.233353
15660  0.233353
15670  0.233353
15680  0.233353
15690  0.233353
15700  0.233353
15710  0.233353
15720  0.233353
15730  0.233353
15740  0.233353
15750  0.233353
15760  0.233353
15770  0.233353
15780  0.233353
15790  0.233353
15800  0.233353
15810  0.233353
15820  0.233353
15830  0.233353
15840  0.233353
15850  0.233353
15860  0.233353
15870  0.233353
15880  0.233353
15890  0.233353
15900  0.233353
15910  0.233353
15920  0.233353
15930  0.233353
15940  0.233353
15950  0.233353
15960  0.233353
15970  0.233353
15980  0.233353
15990  0.233353
16000  0.233353
16010  0.233353
16020  0.233353
16030  0.233353
16040  0.233353
16050  0.233353
16060  0.233353
16070  0.233353
16080  0.233353
16090  0.233353
16100  0.233353
16110  0.233353
16120  0.233353
16130  0.233353
16140  0.233353
16150  0.233353
16160  0.233353
16170  0.233353
16180  0.233353
16190  0.233353
16200  0.233353
16210  0.233353
16220  0.233353
16230  0.233353
16240  0.233353
16250  0.233353
16260  0.233353
16270  0.233353
16280  0.233353
16290  0.233353
16300  0.233353
16310  0.233353
16320  0.233353
16330  0.233353
16340  0.233353
16350  0.233353
16360  0.233353
16370  0.233353
16380  0.233353
16390  0.233353
16400  0.233353
16410  0.233353
16420  0.233353
16430  0.233353
16440  0.233353
16450  0.233353
16460  0.233353
16470  0.233353
16480  0.233353
16490  0.233353
16500  0.233353
16510  0.233353
16520  0.233353
16530  0.233353
16540  0.233353
16550  0.233353
16560  0.233353
16570  0.233353
16580  0.233353
16590  0.233353
16600  0.233353
16610  0.233353
16620  0.233353
16630  0.233353
16640  0.233353
16650  0.233353
16660  0.233353
16670  0.233353
16680  0.233353
16690  0.233353
16700  0.233353
16710  0.233353
16720  0.233353
16730  0.233353
16740  0.233353
16750  0.233353
16760  0.233353
16770  0.233353
16780  0.233353
16790  0.233353
16800  0.233353
16810  0.233353
16820  0.233353
16830  0.233353
16840  0.233353
16850  0.233353
16860  0.233353
16870  0.233353
16880  0.233353
16890  0.233353
16900  0.233353
16910  0.233353
16920  0.233353
16930  0.233353
16940  0.233353
16950  0.233353
16960  0.233353
16970  0.233353
16980  0.233353
16990  0.233353
17000  0.233353
17010  0.233353
17020  0.233353
17030  0.233353
17040  0.233353
17050  0.233353
17060  0.233353
17070  0.233353
17080  0.233353
17090  0.233353
17100  0.233353
17110  0.233353
17120  0.233353
17130  0.233353
17140  0.233353
17150  0.233353
17160  0.233353
17170  0.233231
17180  0.233231
17190  0.233231
17200  0.233231
17210  0.233231
17220  0.233231
17230  0.233231
17240  0.233231
17250  0.233231
17260  0.233231
17270  0.233231
17280  0.233231
17290  0.233231
17300  0.233231
17310  0.233231
17320  0.233231
17330  0.233231
17340  0.233231
17350  0.233231
17360  0.233231
17370  0.233231
17380  0.233231
17390  0.233231
17400  0.233231
17410  0.233231
17420  0.233231
17430  0.233231
17440  0.233231
17450  0.233231
17460  0.233231
17470  0.233231
17480  0.233231
17490  0.233231
17500  0.233231
17510  0.233231
17520  0.233231
17530  0.233231
17540  0.233231
17550  0.233231
17560  0.233231
17570  0.233231
17580  0.233231
17590  0.233231
17600  0.233231
17610  0.233231
17620  0.233231
17630  0.233231
17640  0.233231
17650  0.233231
17660  0.233231
17670  0.233231
17680  0.233231
17690  0.233231
17700  0.233231
17710  0.233231
17720  0.233231
17730  0.233231
17740  0.233231
17750  0.233231
17760  0.233231
17770  0.233231
17780  0.233231
17790  0.233231
17800  0.233231
17810  0.233231
17820  0.233231
17830  0.233231
17840  0.233231
17850  0.233231
17860  0.233231
17870  0.233231
17880  0.233231
17890  0.233231
17900  0.233231
17910  0.233231
17920  0.233231
17930  0.233231
17940  0.233231
17950  0.233231
17960  0.233231
17970  0.233231
17980  0.233231
17990  0.233231
18000  0.233231
18010  0.233231
18020  0.233231
18030  0.233231
18040  0.233231
18050  0.233231
18060  0.233231
18070  0.233231
18080  0.233231
18090  0.233231
18100  0.233231
18110  0.233231
18120  0.233231
18130  0.233231
18140  0.233231
18150  0.233231
18160  0.233231
18170  0.233231
18180  0.233231
18190  0.233107
18200  0.233107
18210  0.233107
18220  0.233107
18230  0.233107
18240  0.233107
18250  0.233107
18260  0.233107
18270  0.233107
18280  0.233107
18290  0.233107
18300  0.233107
18310  0.233107
18320  0.233107
18330  0.233107
18340  0.233107
18350  0.233107
18360  0.233107
18370  0.233107
18380  0.233107
18390  0.233107
18400  0.233107
18410  0.233107
18420  0.233107
18430  0.233107
18440  0.233107
18450  0.233107
18460  0.233107
18470  0.233107
18480  0.233107
18490  0.233107
18500  0.233107
18510  0.233107
18520  0.233107
18530  0.233107
18540  0.233107
18550  0.233107
18560  0.233107
18570  0.233107
18580  0.233107
18590  0.233107
18600  0.233107
18610  0.233107
18620  0.233107
18630  0.233107
18640  0.233107
18650  0.233107
18660  0.233107
18670  0.233107
18680  0.233107
18690  0.233107
18700  0.233107
18710  0.233107
18720  0.233107
18730  0.233107
18740  0.233107
18750  0.233107
18760  0.233107
18770  0.233107
18780  0.233107
18790  0.233107
18800  0.233107
18810  0.233107
18820  0.233107
18830  0.233107
18840  0.233107
18850  0.233107
18860  0.233021
18870  0.233021
18880  0.233021
18890  0.233021
18900  0.233021
18910  0.233021
18920  0.233021
18930  0.233021
18940  0.233021
18950  0.233021
18960  0.233021
18970  0.233021
18980  0.233021
18990  0.233021
19000  0.233021
19010  0.233021
19020  0.233021
19030  0.233021
19040  0.233021
19050  0.233021
19060  0.233021
19070  0.233021
19080  0.233021
19090  0.233021
19100  0.233021
19110  0.233021
19120  0.233021
19130  0.233021
19140  0.233021
19150  0.233021
19160  0.233021
19170  0.233021
19180  0.233021
19190  0.233021
19200  0.233021
19210  0.233021
19220  0.233021
19230  0.233021
19240  0.233021
19250  0.233021
19260  0.233021
19270  0.233021
19280  0.233021
19290  0.233021
19300  0.233021
19310  0.233021
19320  0.233021
19330  0.233021
19340  0.233021
19350  0.233021
19360  0.233021
19370  0.233021
19380  0.233021
19390  0.233021
19400  0.233021
19410  0.233021
19420  0.233021
19430  0.233021
19440  0.233021
19450  0.233021
19460  0.233021
19470  0.233021
19480  0.233021
19490  0.233021
19500  0.233021
19510  0.233021
19520  0.233021
19530  0.233021
19540  0.233021
19550  0.233021
19560  0.233021
19570  0.233021
19580  0.233021
19590  0.233021
19600  0.233021
19610  0.233021
19620  0.233021
19630  0.233021
19640  0.233021
19650  0.233021
19660  0.233021
19670  0.233021
19680  0.233021
19690  0.233021
19700  0.233021
19710  0.233021
19720  0.233021
19730  0.233021
19740  0.233021
19750  0.233021
19760  0.233021
19770  0.233021
19780  0.233021
19790  0.233021
19800  0.233021
19810  0.233021
19820  0.233021
19830  0.233021
19840  0.233021
19850  0.233021
19860  0.233021
19870  0.233021
19880  0.233021
19890  0.233021
19900  0.233021
19910  0.233021
19920  0.233021
19930  0.233021
19940  0.233021
19950  0.233021
19960  0.233021
19970  0.233021
19980  0.233021
19990  0.233021
20000  0.233021
20010  0.233021
20020  0.233021
20030  0.233021
20040  0.233021
20050  0.233021
20060  0.233021
20070  0.233021
20080  0.233021
20090  0.233021
20100  0.233021
20110  0.233021
20120  0.233021
20130  0.233021
20140  0.233021
20150  0.233021
20160  0.233021
20170  0.233021
20180  0.233021
20190  0.233021
20200  0.233021
20210  0.233021
20220  0.233021
20230  0.233021
20240  0.233021
20250  0.233021
20260  0.233021
20270  0.233021
20280  0.233021
20290  0.233021
20300  0.233021
20310  0.233021
20320  0.233021
20330  0.233021
20340  0.233021
20350  0.233021
20360  0.233021
20370  0.233021
20380  0.233021
20390  0.233021
20400  0.233021
20410  0.233021
20420  0.233021
20430  0.233021
20440  0.233021
20450  0.233021
20460  0.233021
20470  0.233021
20480  0.233021
20490  0.233021
20500  0.233021
20510  0.233021
20520  0.233021
20530  0.233021
20540  0.233021
20550  0.233021
20560  0.233021
20570  0.233021
20580  0.233021
20590  0.233021
20600  0.233021
20610  0.233021
20620  0.233021
20630  0.233021
20640  0.233021
20650  0.233021
20660  0.233021
20670  0.233021
20680  0.233021
20690  0.233021
20700  0.233021
20710  0.233021
20720  0.233021
20730  0.233021
20740  0.233021
20750  0.233021
20760  0.233021
20770  0.233021
20780  0.233021
20790  0.233021
20800  0.233021
20810  0.233021
20820  0.233021
20830  0.233021
20840  0.233021
20850  0.233021
20860  0.233021
20870  0.233021
20880  0.233021
20890  0.233021
20900  0.233021
20910  0.233021
20920  0.233021
20930  0.233021
20940  0.233021
20950  0.233021
20960  0.233021
20970  0.233021
20980  0.233021
20990  0.233021
21000  0.233021
21010  0.233021
21020  0.233021
21030  0.233021
21040  0.233021
21050  0.233021
21060  0.233021
21070  0.233021
21080  0.233021
21090  0.233021
21100  0.233021
21110  0.233021
21120  0.233021
21130  0.233021
21140  0.233021
21150  0.233021
21160  0.233021
21170  0.233021
21180  0.233021
21190  0.233021
21200  0.233021
21210  0.233021
21220  0.233021
21230  0.233021
21240  0.233021
21250  0.233021
21260  0.233021
21270  0.233021
21280  0.233021
21290  0.233021
21300  0.233021
21310  0.233021
21320  0.233021
21330  0.233021
21340  0.233021
21350  0.233021
21360  0.233021
21370  0.233021
21380  0.233021
21390  0.233021
21400  0.233021
21410  0.233021
21420  0.233021
21430  0.233021
21440  0.233021
21450  0.233021
21460  0.233021
21470  0.233021
21480  0.233021
21490  0.233021
21500  0.233021
21510  0.233021
21520  0.233021
21530  0.233021
21540  0.233021
21550  0.233021
21560  0.233021
21570  0.233021
21580  0.233021
21590  0.233021
21600  0.233021
21610  0.233021
21620  0.233021
21630  0.233021
21640  0.233021
21650  0.233021
21660  0.233021
21670  0.233021
21680  0.233021
21690  0.233021
21700  0.233021
21710  0.233021
21720  0.233021
21730  0.233021
21740  0.233021
21750  0.233021
21760  0.233021
21770  0.233021
21780  0.233021
21790  0.233021
21800  0.233021
21810  0.233021
21820  0.233021
21830  0.233021
21840  0.233021
21850  0.233021
21860  0.233021
21870  0.233021
21880  0.233021
21890  0.233021
21900  0.233021
21910  0.23293
21920  0.23293
21930  0.23293
21940  0.23293
21950  0.23293
21960  0.23293
21970  0.23293
21980  0.23293
21990  0.23293
22000  0.23293
22010  0.23293
22020  0.23293
22030  0.23293
22040  0.23293
22050  0.23293
22060  0.23293
22070  0.23293
22080  0.23293
22090  0.23293
22100  0.23293
22110  0.23293
22120  0.23293
22130  0.23293
22140  0.23293
22150  0.23293
22160  0.23293
22170  0.23293
22180  0.23293
22190  0.23293
22200  0.23293
22210  0.23293
22220  0.23293
22230  0.23293
22240  0.23293
22250  0.23293
22260  0.23293
22270  0.23293
22280  0.23293
22290  0.23293
22300  0.23293
22310  0.23293
22320  0.23293
22330  0.23293
22340  0.23293
22350  0.23293
22360  0.23293
22370  0.23293
22380  0.23293
22390  0.23293
22400  0.23293
22410  0.23293
22420  0.23293
22430  0.23293
22440  0.23293
22450  0.23293
22460  0.23293
22470  0.23293
22480  0.23293
22490  0.23293
22500  0.23293
22510  0.23293
22520  0.23293
22530  0.23293
22540  0.23293
22550  0.23293
22560  0.23293
22570  0.23293
22580  0.23293
22590  0.23293
22600  0.23293
22610  0.23293
22620  0.23293
22630  0.23293
22640  0.232909
22650  0.232909
22660  0.232909
22670  0.232909
22680  0.232909
22690  0.232909
22700  0.232909
22710  0.232909
22720  0.232909
22730  0.232909
22740  0.232909
22750  0.232909
22760  0.232909
22770  0.232909
22780  0.232909
22790  0.232909
22800  0.232909
22810  0.232909
22820  0.232909
22830  0.232909
22840  0.232909
22850  0.232909
22860  0.232909
22870  0.232909
22880  0.232909
22890  0.232909
22900  0.232909
22910  0.232909
22920  0.232909
22930  0.232909
22940  0.232909
22950  0.232909
22960  0.232909
22970  0.232909
22980  0.232909
22990  0.232909
23000  0.232909
23010  0.232909
23020  0.232909
23030  0.232909
23040  0.232909
23050  0.232909
23060  0.232909
23070  0.232909
23080  0.232909
23090  0.232909
23100  0.232909
23110  0.232909
23120  0.232909
23130  0.232909
23140  0.232909
23150  0.232909
23160  0.232909
23170  0.232909
23180  0.232909
23190  0.232909
23200  0.232909
23210  0.232909
23220  0.232909
23230  0.232909
23240  0.232909
23250  0.232909
23260  0.232909
23270  0.232909
23280  0.232909
23290  0.232909
23300  0.232909
23310  0.232909
23320  0.232909
23330  0.232909
23340  0.232723
23350  0.232723
23360  0.232723
23370  0.232723
23380  0.232723
23390  0.232723
23400  0.232723
23410  0.232723
23420  0.232723
23430  0.232723
23440  0.232723
23450  0.232723
23460  0.232723
23470  0.232723
23480  0.232723
23490  0.232723
23500  0.232723
23510  0.232723
23520  0.232723
23530  0.232723
23540  0.232723
23550  0.232723
23560  0.232723
23570  0.232723
23580  0.232723
23590  0.232723
23600  0.232723
23610  0.232723
23620  0.232723
23630  0.232723
23640  0.232723
23650  0.232723
23660  0.232723
23670  0.232723
23680  0.232723
23690  0.232723
23700  0.232723
23710  0.232723
23720  0.232723
23730  0.232723
23740  0.232723
23750  0.232723
23760  0.232723
23770  0.232723
23780  0.232723
23790  0.232723
23800  0.232723
23810  0.232723
23820  0.232723
23830  0.232723
23840  0.232723
23850  0.232723
23860  0.232723
23870  0.232723
23880  0.232723
23890  0.232723
23900  0.232723
23910  0.232723
23920  0.232723
23930  0.232723
23940  0.232723
23950  0.232723
23960  0.232723
23970  0.232723
23980  0.232723
23990  0.232723
24000  0.232723
24010  0.232723
24020  0.232723
24030  0.232723
24040  0.232723
24050  0.232723
24060  0.232723
24070  0.232723
24080  0.232723
24090  0.232723
24100  0.232723
24110  0.232723
24120  0.232723
24130  0.232723
24140  0.232723
24150  0.232723
24160  0.232723
24170  0.232723
24180  0.232723
24190  0.232723
24200  0.232723
24210  0.232723
24220  0.232723
24230  0.232723
24240  0.232723
24250  0.232723
24260  0.232723
24270  0.232723
24280  0.232723
24290  0.232723
24300  0.232723
24310  0.232723
24320  0.232723
24330  0.232723
24340  0.232723
24350  0.232723
24360  0.232723
24370  0.232723
24380  0.232723
24390  0.232723
24400  0.232723
24410  0.232723
24420  0.232723
24430  0.232723
24440  0.232723
24450  0.232723
24460  0.232723
24470  0.232723
24480  0.232723
24490  0.232723
24500  0.232439
24510  0.232439
24520  0.232439
24530  0.232439
24540  0.232439
24550  0.232439
24560  0.232439
24570  0.232439
24580  0.232439
24590  0.232439
24600  0.232439
24610  0.232439
24620  0.232439
24630  0.232439
24640  0.232439
24650  0.232439
24660  0.232439
24670  0.232439
24680  0.232439
24690  0.232439
24700  0.232439
24710  0.232439
24720  0.232439
24730  0.232439
24740  0.232439
24750  0.232439
24760  0.232439
24770  0.232439
24780  0.232439
24790  0.232439
24800  0.232439
24810  0.232439
24820  0.232439
24830  0.232439
24840  0.232439
24850  0.232439
24860  0.232439
24870  0.232439
24880  0.232439
24890  0.232439
24900  0.232439
24910  0.232439
24920  0.232439
24930  0.232439
24940  0.232439
24950  0.232439
24960  0.232439
24970  0.232439
24980  0.232393
24990  0.232393
25000  0.232393
25010  0.232393
25020  0.232393
25030  0.232393
25040  0.232393
25050  0.232393
25060  0.232393
25070  0.232393
25080  0.232393
25090  0.232393
25100  0.232393
25110  0.232393
25120  0.232393
25130  0.232393
25140  0.232393
25150  0.232393
25160  0.232393
25170  0.232393
25180  0.232393
25190  0.232393
25200  0.232393
25210  0.232393
25220  0.232393
25230  0.232393
25240  0.232393
25250  0.232393
25260  0.232393
25270  0.232393
25280  0.232393
25290  0.232393
25300  0.232393
25310  0.232393
25320  0.232393
25330  0.232393
25340  0.232393
25350  0.232393
25360  0.232393
25370  0.232393
25380  0.232393
25390  0.232393
25400  0.232393
25410  0.232393
25420  0.232393
25430  0.232393
25440  0.232393
25450  0.232393
25460  0.232393
25470  0.232393
25480  0.232393
25490  0.232393
25500  0.232393
25510  0.232393
25520  0.232393
25530  0.232393
25540  0.232393
25550  0.232393
25560  0.232393
25570  0.232393
25580  0.232393
25590  0.232393
25600  0.232393
25610  0.232393
25620  0.232393
25630  0.232393
25640  0.232393
25650  0.232393
25660  0.232393
25670  0.232393
25680  0.232393
25690  0.232393
25700  0.232393
25710  0.232393
25720  0.232393
25730  0.232393
25740  0.232393
25750  0.232393
25760  0.232393
25770  0.232393
25780  0.232393
25790  0.232393
25800  0.232393
25810  0.232393
25820  0.232393
25830  0.232393
25840  0.232393
25850  0.232393
25860  0.232393
25870  0.232393
25880  0.232393
25890  0.232393
25900  0.232393
25910  0.232393
25920  0.232393
25930  0.232393
25940  0.232399
25950  0.232399
25960  0.232399
25970  0.232399
25980  0.232399
25990  0.232399
26000  0.232399
26010  0.232399
26020  0.232399
26030  0.232399
26040  0.232399
26050  0.232399
26060  0.232399
26070  0.232399
26080  0.232399
26090  0.232399
26100  0.232399
26110  0.232399
26120  0.232399
26130  0.232399
26140  0.232399
26150  0.232399
26160  0.232399
26170  0.232399
26180  0.232399
26190  0.232399
26200  0.232399
26210  0.232399
26220  0.232399
26230  0.232399
26240  0.232399
26250  0.232399
26260  0.232399
26270  0.232399
26280  0.232399
26290  0.232399
26300  0.232399
26310  0.232399
26320  0.232399
26330  0.232399
26340  0.232399
26350  0.232399
26360  0.232399
26370  0.232399
26380  0.232399
26390  0.232399
26400  0.232399
26410  0.232399
26420  0.232399
26430  0.232399
26440  0.232399
26450  0.232399
26460  0.232399
26470  0.232399
26480  0.232399
26490  0.232399
26500  0.232399
26510  0.232399
26520  0.232399
26530  0.232399
26540  0.232399
26550  0.232399
26560  0.232399
26570  0.232399
26580  0.232399
26590  0.232399
26600  0.232399
26610  0.232399
26620  0.232399
26630  0.232399
26640  0.232399
26650  0.232399
26660  0.232399
26670  0.232399
26680  0.232399
26690  0.232399
26700  0.232399
26710  0.232399
26720  0.232399
26730  0.232399
26740  0.232399
26750  0.232399
26760  0.232399
26770  0.232399
26780  0.232399
26790  0.232399
26800  0.232399
26810  0.232399
26820  0.232399
26830  0.232399
26840  0.232399
26850  0.232399
26860  0.232399
26870  0.232399
26880  0.232399
26890  0.232399
26900  0.232399
26910  0.232399
26920  0.232399
26930  0.232399
26940  0.232399
26950  0.232399
26960  0.232399
26970  0.232399
26980  0.232399
26990  0.232399
27000  0.232399
27010  0.232399
27020  0.232399
27030  0.232399
27040  0.232399
27050  0.232399
27060  0.232399
27070  0.232399
27080  0.232399
27090  0.232399
27100  0.232399
27110  0.232399
27120  0.232399
27130  0.232399
27140  0.232399
27150  0.232399
27160  0.232399
27170  0.232399
27180  0.232399
27190  0.232399
27200  0.232399
27210  0.232399
27220  0.232399
27230  0.232399
27240  0.232399
27250  0.232399
27260  0.232399
27270  0.232399
27280  0.232399
27290  0.232399
27300  0.232399
27310  0.232399
27320  0.232399
27330  0.232399
27340  0.232399
27350  0.232399
27360  0.232399
27370  0.232399
27380  0.232399
27390  0.232399
27400  0.232399
27410  0.232399
27420  0.232399
27430  0.232399
27440  0.232399
27450  0.232399
27460  0.232399
27470  0.232399
27480  0.232399
27490  0.232399
27500  0.232399
27510  0.232399
27520  0.232399
27530  0.232399
27540  0.232399
27550  0.232399
27560  0.232399
27570  0.232399
27580  0.232399
27590  0.232399
27600  0.232399
27610  0.232399
27620  0.232399
27630  0.232399
27640  0.232399
27650  0.232399
27660  0.232399
27670  0.232399
27680  0.232399
27690  0.232399
27700  0.232399
27710  0.232399
27720  0.232399
27730  0.232399
27740  0.232399
27750  0.232399
27760  0.232399
27770  0.232399
27780  0.232399
27790  0.232399
27800  0.232399
27810  0.232399
27820  0.232399
27830  0.232399
27840  0.232399
27850  0.232399
27860  0.232399
27870  0.232399
27880  0.232399
27890  0.232399
27900  0.232399
27910  0.232399
27920  0.232399
27930  0.232399
27940  0.232399
27950  0.232399
27960  0.232399
27970  0.232399
27980  0.232399
27990  0.232399
28000  0.232399
28010  0.232399
28020  0.232399
28030  0.232399
28040  0.232399
28050  0.232399
28060  0.232399
28070  0.232399
28080  0.232399
28090  0.232399
28100  0.232399
28110  0.232399
28120  0.232399
28130  0.232399
28140  0.232399
28150  0.232399
28160  0.232399
28170  0.232399
28180  0.232399
28190  0.232378
28200  0.232378
28210  0.232378
28220  0.232378
28230  0.232378
28240  0.232378
28250  0.232378
28260  0.232378
28270  0.232378
28280  0.232378
28290  0.232378
28300  0.232378
28310  0.232378
28320  0.232378
28330  0.232378
28340  0.232378
28350  0.232378
28360  0.232378
28370  0.232378
28380  0.232378
28390  0.232378
28400  0.232378
28410  0.232378
28420  0.232378
28430  0.232378
28440  0.232378
28450  0.232378
28460  0.232378
28470  0.232378
28480  0.232378
28490  0.232378
28500  0.232378
28510  0.232378
28520  0.232378
28530  0.232378
28540  0.232378
28550  0.232378
28560  0.232378
28570  0.232378
28580  0.232378
28590  0.232378
28600  0.232378
28610  0.232378
28620  0.232378
28630  0.232378
28640  0.232378
28650  0.232378
28660  0.232378
28670  0.232378
28680  0.232378
28690  0.232378
28700  0.232378
28710  0.232378
28720  0.232378
28730  0.232378
28740  0.232378
28750  0.232378
28760  0.232378
28770  0.232378
28780  0.232378
28790  0.232378
28800  0.232378
28810  0.232378
28820  0.232378
28830  0.232378
28840  0.232378
28850  0.232241
28860  0.232241
28870  0.232241
28880  0.232241
28890  0.232241
28900  0.232241
28910  0.232241
28920  0.232241
28930  0.232241
28940  0.232241
28950  0.232241
28960  0.232241
28970  0.232241
28980  0.232241
28990  0.232241
29000  0.232241
29010  0.232241
29020  0.232241
29030  0.232241
29040  0.232241
29050  0.232241
29060  0.232241
29070  0.232241
29080  0.232241
29090  0.232241
29100  0.232241
29110  0.232241
29120  0.232241
29130  0.232241
29140  0.232241
29150  0.232241
29160  0.232241
29170  0.232241
29180  0.232241
29190  0.232241
29200  0.232241
29210  0.232241
29220  0.232241
29230  0.232241
29240  0.232241
29250  0.232241
29260  0.232241
29270  0.232241
29280  0.232241
29290  0.232241
29300  0.232241
29310  0.232241
29320  0.232241
29330  0.232241
29340  0.232241
29350  0.232241
29360  0.232241
29370  0.232241
29380  0.232241
29390  0.232241
29400  0.232241
29410  0.232241
29420  0.232241
29430  0.232241
29440  0.232241
29450  0.232241
29460  0.232241
29470  0.232241
29480  0.232241
29490  0.232241
29500  0.232241
29510  0.232241
29520  0.232241
29530  0.232241
29540  0.232241
29550  0.232241
29560  0.232241
29570  0.232241
29580  0.232241
29590  0.232241
29600  0.232241
29610  0.232241
29620  0.232241
29630  0.232241
29640  0.232241
29650  0.232241
29660  0.232241
29670  0.232241
29680  0.232241
29690  0.232241
29700  0.232241
29710  0.232241
29720  0.232241
29730  0.232241
29740  0.232241
29750  0.232241
29760  0.232241
29770  0.232241
29780  0.232241
29790  0.232241
29800  0.232241
29810  0.232241
29820  0.232241
29830  0.232241
29840  0.232241
29850  0.232241
29860  0.232241
29870  0.232241
29880  0.232241
29890  0.232241
29900  0.232241
29910  0.232241
29920  0.232241
29930  0.232241
29940  0.232241
29950  0.232241
29960  0.232241
29970  0.232241
29980  0.232241
29990  0.232241
30000  0.232241
30010  0.232241
