Step  Penalty
100  0.495798
200  0.479209
300  0.467364
400  0.463976
500  0.448682
600  0.440124
700  0.400716
800  0.400716
900  0.400716
1000  0.400716
1100  0.400716
1200  0.400716
1300  0.398758
1400  0.392493
1500  0.377654
1600  0.37125
1700  0.359891
1800  0.357202
1900  0.352328
2000  0.330344
2100  0.324797
2200  0.324797
2300  0.305608
2400  0.305608
2500  0.298214
2600  0.298214
2700  0.29053
2800  0.28191
2900  0.281881
3000  0.272886
3100  0.270448
3200  0.263912
3300  0.255396
3400  0.249861
3500  0.249861
3600  0.247159
3700  0.245881
3800  0.240732
3900  0.233445
4000  0.228664
4100  0.223372
4200  0.219816
4300  0.21912
4400  0.21912
4500  0.216268
4600  0.211833
4700  0.211833
4800  0.210076
4900  0.199335
5000  0.199335
5100  0.199335
5200  0.199335
5300  0.199335
5400  0.198748
5500  0.196833
5600  0.196833
5700  0.196833
5800  0.196582
5900  0.192723
6000  0.192723
6100  0.192723
6200  0.192723
6300  0.192723
6400  0.190158
6500  0.190158
6600  0.189737
6700  0.189737
6800  0.189737
6900  0.184294
7000  0.184294
7100  0.184294
7200  0.184294
7300  0.184294
7400  0.184294
7500  0.184294
7600  0.184294
7700  0.184294
7800  0.184294
7900  0.184294
8000  0.179858
8100  0.179858
8200  0.179858
8300  0.179858
8400  0.179858
8500  0.179858
8600  0.179858
8700  0.179858
8800  0.179858
8900  0.179858
9000  0.179858
9100  0.179858
9200  0.179858
9300  0.179858
9400  0.179858
9500  0.179858
9600  0.179858
9700  0.178991
9800  0.178991
9900  0.178991
10000  0.178991
10100  0.178991
10200  0.178991
10300  0.178991
10400  0.176112
10500  0.176112
10600  0.176112
10700  0.176112
10800  0.176112
10900  0.176112
11000  0.176112
11100  0.176112
11200  0.176112
11300  0.176112
11400  0.176112
11500  0.176112
11600  0.176112
11700  0.176112
11800  0.176112
11900  0.176112
12000  0.176112
12100  0.176112
12200  0.176112
12300  0.176112
12400  0.176112
12500  0.176112
12600  0.176112
12700  0.176112
12800  0.176112
12900  0.176112
13000  0.176112
13100  0.176112
13200  0.176112
13300  0.176112
13400  0.176112
13500  0.176112
13600  0.176112
13700  0.176112
13800  0.176112
13900  0.176112
14000  0.176112
14100  0.176112
14200  0.176112
14300  0.176112
14400  0.176112
14500  0.176112
14600  0.176112
14700  0.176112
14800  0.174721
14900  0.174721
15000  0.174721
15100  0.174721
15200  0.174721
15300  0.174721
15400  0.174721
15500  0.174721
15600  0.174721
15700  0.174721
15800  0.174721
15900  0.174721
16000  0.174721
16100  0.174721
16200  0.174721
16300  0.174721
16400  0.174721
16500  0.174721
16600  0.174721
16700  0.174721
16800  0.174721
16900  0.174721
17000  0.174721
17100  0.174721
17200  0.174721
17300  0.174721
17400  0.174721
17500  0.174721
17600  0.174721
17700  0.174721
17800  0.174721
17900  0.174721
18000  0.174721
18100  0.174721
18200  0.174721
18300  0.174721
18400  0.174721
18500  0.174721
18600  0.174721
18700  0.174721
18800  0.174721
18900  0.174721
19000  0.174721
19100  0.174721
19200  0.174721
19300  0.174721
19400  0.174721
19500  0.174721
19600  0.174721
19700  0.174721
19800  0.174721
19900  0.174721
20000  0.174721
20100  0.174721
20200  0.174721
20300  0.174721
20400  0.174721
20500  0.174721
20600  0.174721
20700  0.174721
20800  0.174721
20900  0.174721
21000  0.174721
21100  0.174721
21200  0.174721
21300  0.174721
21400  0.174721
21500  0.174721
21600  0.174721
21700  0.174721
21800  0.174721
21900  0.174721
22000  0.174721
22100  0.174721
22200  0.174721
22300  0.1743
22400  0.1743
22500  0.1743
22600  0.1743
22700  0.1743
22800  0.1743
22900  0.1743
23000  0.1743
23100  0.1743
23200  0.1743
23300  0.1743
23400  0.1743
23500  0.1743
23600  0.1743
23700  0.1743
23800  0.1743
23900  0.1743
24000  0.1743
24100  0.1743
24200  0.1743
24300  0.1743
24400  0.1743
24500  0.1743
24600  0.1743
24700  0.1743
24800  0.1743
24900  0.1743
25000  0.1743
25100  0.1743
25200  0.1743
25300  0.1743
25400  0.1743
25500  0.1743
25600  0.1743
25700  0.1743
25800  0.1743
25900  0.1743
26000  0.1743
26100  0.1743
26200  0.1743
26300  0.1743
26400  0.1743
26500  0.1743
26600  0.1743
26700  0.1743
26800  0.1743
26900  0.1743
27000  0.1743
27100  0.1743
27200  0.1743
27300  0.1743
27400  0.1743
27500  0.1743
27600  0.1743
27700  0.1743
27800  0.1743
27900  0.1743
28000  0.1743
28100  0.1743
28200  0.1743
28300  0.1743
28400  0.1743
28500  0.1743
28600  0.1743
28700  0.1743
28800  0.1743
28900  0.1743
29000  0.1743
29100  0.1743
29200  0.1743
29300  0.1743
29400  0.1743
29500  0.1743
29600  0.1743
29700  0.1743
29800  0.1743
29900  0.1743
30000  0.1743
30100  0.1743
30200  0.1743
30300  0.1743
30400  0.1743
30500  0.1743
30600  0.1743
30700  0.1743
30800  0.1743
30900  0.1743
31000  0.1743
31100  0.1743
31200  0.1743
31300  0.1743
31400  0.1743
31500  0.1743
31600  0.1743
31700  0.1743
31800  0.1743
31900  0.1743
32000  0.1743
32100  0.1743
32200  0.1743
32300  0.173831
32400  0.173831
32500  0.173831
32600  0.173831
32700  0.173831
32800  0.173831
32900  0.173831
33000  0.173831
33100  0.173831
33200  0.173831
33300  0.173831
33400  0.173831
33500  0.173831
33600  0.173831
33700  0.173831
33800  0.173831
33900  0.173831
34000  0.173831
34100  0.173831
34200  0.173831
34300  0.173831
34400  0.173831
34500  0.173831
34600  0.173831
34700  0.173831
34800  0.173831
34900  0.173831
35000  0.173831
35100  0.173831
35200  0.173831
35300  0.173831
35400  0.173831
35500  0.173831
35600  0.173831
35700  0.173831
35800  0.173831
35900  0.173831
36000  0.173831
36100  0.173831
36200  0.173831
36300  0.173831
36400  0.173831
36500  0.171181
36600  0.171181
36700  0.171181
36800  0.171181
36900  0.171181
37000  0.171181
37100  0.171181
37200  0.171181
37300  0.171181
37400  0.171181
37500  0.171181
37600  0.171181
37700  0.171181
37800  0.171181
37900  0.171181
38000  0.171181
38100  0.171181
38200  0.171181
38300  0.171181
38400  0.171181
38500  0.171181
38600  0.171181
38700  0.171181
38800  0.171181
38900  0.171181
39000  0.171181
39100  0.171181
39200  0.171181
39300  0.171181
39400  0.171181
39500  0.171181
39600  0.171181
39700  0.171181
39800  0.171181
39900  0.171181
40000  0.171181
40100  0.171181
40200  0.171181
40300  0.171181
40400  0.171181
40500  0.171181
40600  0.171181
40700  0.171181
40800  0.171181
40900  0.171181
41000  0.171181
41100  0.171181
41200  0.171181
41300  0.171181
41400  0.171181
41500  0.171181
41600  0.171181
41700  0.171181
41800  0.171181
41900  0.171181
42000  0.171181
42100  0.171181
42200  0.171181
42300  0.171181
42400  0.171181
42500  0.171181
42600  0.171181
42700  0.171181
42800  0.171181
42900  0.171181
43000  0.171181
43100  0.171181
43200  0.171181
43300  0.171181
43400  0.171181
43500  0.171181
43600  0.171181
43700  0.171181
43800  0.171181
43900  0.171181
44000  0.171181
44100  0.171181
44200  0.171181
44300  0.171181
44400  0.171181
44500  0.171181
44600  0.171181
44700  0.171181
44800  0.171181
44900  0.171181
45000  0.171181
45100  0.171181
45200  0.171181
45300  0.171181
45400  0.171181
45500  0.171181
45600  0.171181
45700  0.171181
45800  0.171181
45900  0.171181
46000  0.171181
46100  0.171181
46200  0.171181
46300  0.171181
46400  0.171181
46500  0.171181
46600  0.171181
46700  0.171181
46800  0.171181
46900  0.171181
47000  0.171181
47100  0.171181
47200  0.171181
47300  0.171181
47400  0.171181
47500  0.171181
47600  0.171181
47700  0.171181
47800  0.171181
47900  0.171181
48000  0.171181
48100  0.171181
48200  0.171181
48300  0.171181
48400  0.171181
48500  0.171181
48600  0.171181
48700  0.171181
48800  0.171181
48900  0.171181
49000  0.171181
49100  0.171181
49200  0.171181
49300  0.171181
49400  0.171181
49500  0.171181
49600  0.171181
49700  0.171181
49800  0.171181
49900  0.171181
50000  0.171181
50100  0.171181
50200  0.171181
50300  0.171181
50400  0.171181
50500  0.171181
50600  0.171181
50700  0.171181
50800  0.171181
50900  0.171181
51000  0.171181
51100  0.171181
51200  0.171181
51300  0.171181
51400  0.171181
51500  0.171181
51600  0.171181
51700  0.171181
51800  0.171181
51900  0.171181
52000  0.171181
52100  0.171181
52200  0.171181
52300  0.171181
52400  0.171181
52500  0.171181
52600  0.171181
52700  0.171181
52800  0.171181
52900  0.171181
53000  0.171181
53100  0.171181
53200  0.171181
53300  0.171181
53400  0.171181
53500  0.171181
53600  0.171181
53700  0.171181
53800  0.171181
53900  0.171181
54000  0.171181
54100  0.171181
54200  0.171181
54300  0.171181
54400  0.171181
54500  0.171181
54600  0.171181
54700  0.171181
54800  0.171181
54900  0.171181
55000  0.171181
55100  0.171181
55200  0.171181
55300  0.171181
55400  0.171181
55500  0.171181
55600  0.171181
55700  0.171181
55800  0.171181
55900  0.171181
56000  0.171181
56100  0.171181
56200  0.171181
56300  0.171181
56400  0.171181
56500  0.171181
56600  0.171181
56700  0.171181
56800  0.171181
56900  0.171181
57000  0.171181
57100  0.171181
57200  0.171181
57300  0.171181
57400  0.171181
57500  0.171181
57600  0.171181
57700  0.171181
57800  0.171181
57900  0.171181
58000  0.171181
58100  0.171181
58200  0.171181
58300  0.171181
58400  0.171181
58500  0.171181
58600  0.171181
58700  0.171181
58800  0.171181
58900  0.171181
59000  0.171181
59100  0.171181
59200  0.171181
59300  0.171181
59400  0.171181
59500  0.171181
59600  0.171181
59700  0.171181
59800  0.171181
59900  0.171181
60000  0.171181
60100  0.171181
60200  0.171181
60300  0.171181
60400  0.171181
60500  0.171181
60600  0.171181
60700  0.171181
60800  0.171181
60900  0.171181
61000  0.171181
61100  0.171181
61200  0.171181
61300  0.171181
61400  0.171181
61500  0.170787
61600  0.169623
61700  0.169623
61800  0.169623
61900  0.169623
62000  0.169623
62100  0.169623
62200  0.169623
62300  0.169623
62400  0.169623
62500  0.169623
62600  0.169623
62700  0.169623
62800  0.169623
62900  0.169623
63000  0.169623
63100  0.169623
63200  0.169623
63300  0.169623
63400  0.169623
63500  0.169623
63600  0.169623
63700  0.169623
63800  0.169623
63900  0.169623
64000  0.169623
64100  0.169623
64200  0.169623
64300  0.169623
64400  0.169623
64500  0.169623
64600  0.169623
64700  0.169623
64800  0.169623
64900  0.169623
65000  0.169623
65100  0.169623
65200  0.169623
65300  0.169623
65400  0.169623
65500  0.169623
65600  0.169623
65700  0.169623
65800  0.169623
65900  0.169623
66000  0.169623
66100  0.169623
66200  0.169623
66300  0.169623
66400  0.169623
66500  0.169623
66600  0.169623
66700  0.169623
66800  0.169623
66900  0.169623
67000  0.169623
67100  0.169623
67200  0.169623
67300  0.169623
67400  0.169623
67500  0.169623
67600  0.169623
67700  0.169623
67800  0.169623
67900  0.169623
68000  0.169623
68100  0.169623
68200  0.169623
68300  0.169623
68400  0.169623
68500  0.169623
68600  0.169623
68700  0.169623
68800  0.169623
68900  0.169623
69000  0.169623
69100  0.169623
69200  0.169623
69300  0.169623
69400  0.169623
69500  0.169623
69600  0.169623
69700  0.169623
69800  0.169623
69900  0.169623
70000  0.169623
70100  0.169623
70200  0.169623
70300  0.169623
70400  0.169623
70500  0.169623
70600  0.169623
70700  0.169623
70800  0.169623
70900  0.169623
71000  0.169623
71100  0.169623
71200  0.169623
71300  0.169623
71400  0.169623
71500  0.169623
71600  0.169623
71700  0.169623
71800  0.169623
71900  0.169623
72000  0.169623
72100  0.169623
72200  0.169623
72300  0.169623
72400  0.169623
72500  0.169623
72600  0.169623
72700  0.169623
72800  0.169623
72900  0.169623
73000  0.169623
73100  0.169623
73200  0.166024
73300  0.166024
73400  0.166024
73500  0.166024
73600  0.166024
73700  0.166024
73800  0.166024
73900  0.166024
74000  0.166024
74100  0.166024
74200  0.166024
74300  0.166024
74400  0.166024
74500  0.166024
74600  0.166024
74700  0.166024
74800  0.166024
74900  0.166024
75000  0.166024
75100  0.166024
75200  0.166024
75300  0.166024
75400  0.166024
75500  0.166024
75600  0.166024
75700  0.166024
75800  0.166024
75900  0.166024
76000  0.166024
76100  0.166024
76200  0.166024
76300  0.166024
76400  0.166024
76500  0.166024
76600  0.166024
76700  0.166024
76800  0.166024
76900  0.166024
77000  0.166024
77100  0.166024
77200  0.166024
77300  0.166024
77400  0.166024
77500  0.166024
77600  0.166024
77700  0.166024
77800  0.166024
77900  0.166024
78000  0.166024
78100  0.166024
78200  0.166024
78300  0.166024
78400  0.166024
78500  0.166024
78600  0.166024
78700  0.166024
78800  0.166024
78900  0.166024
79000  0.166024
79100  0.166024
79200  0.166024
79300  0.166024
79400  0.166024
79500  0.166024
79600  0.166024
79700  0.166024
79800  0.166024
79900  0.166024
80000  0.166024
80100  0.166024
80200  0.166024
80300  0.166024
80400  0.166024
80500  0.166024
80600  0.166024
80700  0.166024
80800  0.166024
80900  0.166024
81000  0.166024
81100  0.166024
81200  0.166024
81300  0.166024
81400  0.166024
81500  0.166024
81600  0.166024
81700  0.166024
81800  0.166024
81900  0.166024
82000  0.166024
82100  0.166024
82200  0.166024
82300  0.166024
82400  0.166024
82500  0.166024
82600  0.166024
82700  0.166024
82800  0.166024
82900  0.166024
83000  0.166024
83100  0.166024
83200  0.166024
83300  0.166024
83400  0.166024
83500  0.166024
83600  0.166024
83700  0.166024
83800  0.166024
83900  0.166024
84000  0.166024
84100  0.166024
84200  0.166024
84300  0.166024
84400  0.166024
84500  0.166024
84600  0.166024
84700  0.166024
84800  0.166024
84900  0.166024
85000  0.166024
85100  0.166024
85200  0.166024
85300  0.166024
85400  0.166024
85500  0.166024
85600  0.166024
85700  0.166024
85800  0.166024
85900  0.166024
86000  0.166024
86100  0.166024
86200  0.166024
86300  0.166024
86400  0.166024
86500  0.166024
86600  0.166024
86700  0.166024
86800  0.166024
86900  0.166024
87000  0.166024
87100  0.166024
87200  0.166024
87300  0.166024
87400  0.166024
87500  0.166024
87600  0.166024
87700  0.166024
87800  0.166024
87900  0.166024
88000  0.166024
88100  0.166024
88200  0.166024
88300  0.166024
88400  0.166024
88500  0.166024
88600  0.166024
88700  0.166024
88800  0.166024
88900  0.166024
89000  0.166024
89100  0.166024
89200  0.166024
89300  0.166024
89400  0.166024
89500  0.166024
89600  0.166024
89700  0.166024
89800  0.166024
89900  0.166024
90000  0.166024
90100  0.166024
90200  0.166024
90300  0.166024
90400  0.166024
90500  0.166024
90600  0.166024
90700  0.166024
90800  0.166024
90900  0.166024
91000  0.166024
91100  0.166024
91200  0.166024
91300  0.166024
91400  0.166024
91500  0.166024
91600  0.166024
91700  0.166024
91800  0.166024
91900  0.166024
92000  0.166024
92100  0.166024
92200  0.166024
92300  0.166024
92400  0.166024
92500  0.166024
92600  0.166024
92700  0.166024
92800  0.166024
92900  0.166024
93000  0.166024
93100  0.166024
93200  0.166024
93300  0.166024
93400  0.166024
93500  0.166024
93600  0.166024
93700  0.166024
93800  0.166024
93900  0.166024
94000  0.166024
94100  0.166024
94200  0.166024
94300  0.166024
94400  0.166024
94500  0.166024
94600  0.166024
94700  0.166024
94800  0.166024
94900  0.166024
95000  0.166024
95100  0.166024
95200  0.166024
95300  0.166024
95400  0.166024
95500  0.166024
95600  0.166024
95700  0.166024
95800  0.166024
95900  0.166024
96000  0.166024
96100  0.166024
96200  0.166024
96300  0.166024
96400  0.166024
96500  0.166024
96600  0.166024
96700  0.166024
96800  0.166024
96900  0.166024
97000  0.166024
97100  0.166024
97200  0.166024
97300  0.166024
97400  0.166024
97500  0.166024
97600  0.166024
97700  0.166024
97800  0.166024
97900  0.166024
98000  0.166024
98100  0.166024
98200  0.166024
98300  0.166024
98400  0.166024
98500  0.166024
98600  0.166024
98700  0.166024
98800  0.166024
98900  0.166024
99000  0.166024
99100  0.166024
99200  0.166024
99300  0.166024
99400  0.166024
99500  0.166024
99600  0.166024
99700  0.166024
99800  0.166024
99900  0.166024
100000  0.166024
100100  0.166024
100200  0.166024
100300  0.166024
100400  0.166024
100500  0.166024
100600  0.166024
100700  0.166024
100800  0.166024
100900  0.166024
101000  0.166024
101100  0.166024
101200  0.166024
101300  0.166024
101400  0.166024
101500  0.166024
101600  0.166024
101700  0.166024
101800  0.166024
101900  0.166024
102000  0.166024
102100  0.166024
102200  0.166024
102300  0.166024
102400  0.166024
102500  0.166024
102600  0.166024
102700  0.166024
102800  0.166024
102900  0.166024
103000  0.166024
103100  0.166024
103200  0.166024
103300  0.166024
103400  0.166024
103500  0.166024
103600  0.166024
103700  0.166024
103800  0.166024
103900  0.166024
104000  0.166024
104100  0.166024
104200  0.166024
104300  0.166024
104400  0.166024
104500  0.166024
104600  0.166024
104700  0.166024
104800  0.166024
104900  0.166024
105000  0.166024
105100  0.166024
105200  0.166024
105300  0.166024
105400  0.166024
105500  0.166024
105600  0.166024
105700  0.166024
105800  0.166024
105900  0.166024
106000  0.166024
106100  0.166024
106200  0.166024
106300  0.166024
106400  0.166024
106500  0.166024
106600  0.166024
106700  0.166024
106800  0.166024
106900  0.166024
107000  0.166024
107100  0.166024
107200  0.166024
107300  0.166024
107400  0.166024
107500  0.166024
107600  0.166024
107700  0.166024
107800  0.166024
107900  0.166024
108000  0.166024
108100  0.166024
108200  0.166024
108300  0.166024
108400  0.166024
108500  0.166024
108600  0.166024
108700  0.166024
108800  0.166024
108900  0.166024
109000  0.166024
109100  0.166024
109200  0.166024
109300  0.166024
109400  0.166024
109500  0.166024
109600  0.166024
109700  0.166024
109800  0.166024
109900  0.166024
110000  0.166024
110100  0.166024
110200  0.166024
110300  0.166024
110400  0.166024
110500  0.166024
110600  0.166024
110700  0.166024
110800  0.166024
110900  0.166024
111000  0.166024
111100  0.166024
111200  0.166024
111300  0.166024
111400  0.166024
111500  0.166024
111600  0.166024
111700  0.166024
111800  0.166024
111900  0.166024
112000  0.166024
112100  0.166024
112200  0.166024
112300  0.166024
112400  0.166024
112500  0.166024
112600  0.166024
112700  0.166024
112800  0.166024
112900  0.166024
113000  0.166024
113100  0.166024
113200  0.166024
113300  0.166024
113400  0.166024
113500  0.166024
113600  0.166024
113700  0.166024
113800  0.166024
113900  0.166024
114000  0.166024
114100  0.166024
114200  0.166024
114300  0.166024
114400  0.166024
114500  0.166024
114600  0.166024
114700  0.166024
114800  0.166024
114900  0.166024
115000  0.166024
115100  0.166024
115200  0.166024
115300  0.166024
115400  0.166024
115500  0.166024
115600  0.166024
115700  0.166024
115800  0.166024
115900  0.166024
116000  0.166024
116100  0.166024
116200  0.166024
116300  0.166024
116400  0.166024
116500  0.166024
116600  0.166024
116700  0.166024
116800  0.166024
116900  0.166024
117000  0.166024
117100  0.166024
117200  0.166024
117300  0.166024
117400  0.166024
117500  0.166024
117600  0.166024
117700  0.166024
117800  0.166024
117900  0.166024
118000  0.166024
118100  0.166024
118200  0.166024
118300  0.166024
118400  0.166024
118500  0.166024
118600  0.166024
118700  0.166024
118800  0.166024
118900  0.166024
119000  0.166024
119100  0.166024
119200  0.166024
119300  0.166024
119400  0.166024
119500  0.166024
119600  0.166024
119700  0.166024
119800  0.166024
119900  0.166024
120000  0.166024
120100  0.166024
120200  0.166024
120300  0.166024
120400  0.166024
120500  0.166024
120600  0.166024
120700  0.166024
120800  0.166024
120900  0.166024
121000  0.166024
121100  0.166024
121200  0.166024
121300  0.166024
121400  0.166024
121500  0.166024
121600  0.166024
121700  0.166024
121800  0.166024
121900  0.166024
122000  0.166024
122100  0.166024
122200  0.166024
122300  0.166024
122400  0.166024
122500  0.166024
122600  0.166024
122700  0.166024
122800  0.166024
122900  0.166024
123000  0.166024
123100  0.166024
123200  0.166024
123300  0.166024
123400  0.166024
123500  0.166024
123600  0.166024
123700  0.166024
123800  0.166024
123900  0.166024
124000  0.166024
124100  0.166024
124200  0.166024
124300  0.166024
124400  0.166024
124500  0.166024
124600  0.166024
124700  0.166024
124800  0.166024
124900  0.166024
125000  0.166024
125100  0.166024
125200  0.166024
125300  0.166024
125400  0.166024
125500  0.166024
125600  0.166024
125700  0.166024
125800  0.166024
125900  0.166024
126000  0.166024
126100  0.166024
126200  0.166024
126300  0.166024
126400  0.166024
126500  0.166024
126600  0.166024
126700  0.166024
126800  0.166024
126900  0.166024
127000  0.166024
127100  0.166024
127200  0.166024
127300  0.166024
127400  0.166024
127500  0.166024
127600  0.166024
127700  0.166024
127800  0.166024
127900  0.166024
128000  0.166024
128100  0.166024
128200  0.166024
128300  0.166024
128400  0.166024
128500  0.166024
128600  0.166024
128700  0.166024
128800  0.166024
128900  0.166024
129000  0.166024
129100  0.166024
129200  0.166024
129300  0.166024
129400  0.166024
129500  0.166024
129600  0.166024
129700  0.166024
129800  0.166024
129900  0.166024
130000  0.166024
130100  0.166024
130200  0.166024
130300  0.166024
130400  0.166024
130500  0.166024
130600  0.166024
130700  0.166024
130800  0.166024
130900  0.166024
131000  0.166024
131100  0.166024
131200  0.166024
131300  0.166024
131400  0.166024
131500  0.166024
131600  0.166024
131700  0.166024
131800  0.166024
131900  0.166024
132000  0.166024
132100  0.166024
132200  0.166024
132300  0.166024
132400  0.166024
132500  0.166024
132600  0.166024
132700  0.166024
132800  0.166024
132900  0.166024
133000  0.166024
133100  0.166024
133200  0.166024
133300  0.166024
133400  0.166024
133500  0.166024
133600  0.166024
133700  0.166024
133800  0.166024
