Step  Penalty
50  0.484432
100  0.484432
150  0.484432
200  0.484432
250  0.484432
300  0.484432
350  0.484432
400  0.484432
450  0.478143
500  0.478143
550  0.478143
600  0.478143
650  0.478143
700  0.478143
750  0.478143
800  0.478143
850  0.478143
900  0.478143
950  0.478143
1000  0.478143
1050  0.478143
1100  0.478143
1150  0.478143
1200  0.478143
1250  0.478143
1300  0.478143
1350  0.478143
1400  0.478143
1450  0.478143
1500  0.478143
1550  0.478143
1600  0.478143
1650  0.478143
1700  0.478143
1750  0.478143
1800  0.478143
1850  0.478143
1900  0.476408
1950  0.476408
2000  0.476408
2050  0.476408
2100  0.476408
2150  0.476408
2200  0.476408
2250  0.476408
2300  0.476408
2350  0.476408
2400  0.476408
2450  0.476408
2500  0.476408
2550  0.476408
2600  0.476408
2650  0.476408
2700  0.476408
2750  0.476408
2800  0.473207
2850  0.473207
2900  0.473207
2950  0.473207
3000  0.473207
3050  0.473207
3100  0.473207
3150  0.473207
3200  0.473207
3250  0.473207
3300  0.473173
3350  0.473173
3400  0.473173
3450  0.473173
3500  0.473173
3550  0.473173
3600  0.473173
3650  0.473173
3700  0.473173
3750  0.473173
3800  0.473173
3850  0.473173
3900  0.473173
3950  0.473173
4000  0.473173
4050  0.473173
4100  0.473173
4150  0.473173
4200  0.473173
4250  0.473173
4300  0.473173
4350  0.473173
4400  0.473173
4450  0.473173
4500  0.473173
4550  0.473173
4600  0.473173
4650  0.473173
4700  0.473173
4750  0.473173
4800  0.473173
4850  0.473173
4900  0.473173
4950  0.473173
5000  0.473173
5050  0.473173
5100  0.473173
5150  0.473173
5200  0.473173
5250  0.473173
5300  0.473173
5350  0.473173
5400  0.473173
5450  0.473173
5500  0.473173
5550  0.473173
5600  0.473173
5650  0.473173
5700  0.473173
5750  0.473173
5800  0.473173
5850  0.473173
5900  0.473173
5950  0.473173
6000  0.473173
6050  0.473173
6100  0.473173
6150  0.473173
6200  0.473173
6250  0.473173
6300  0.473173
6350  0.473173
6400  0.473173
6450  0.473173
6500  0.473173
6550  0.473173
6600  0.473173
6650  0.473173
6700  0.473173
6750  0.473173
6800  0.473173
6850  0.473173
6900  0.473173
6950  0.473173
7000  0.473173
7050  0.473173
7100  0.473173
7150  0.473173
7200  0.473173
7250  0.473173
7300  0.473173
7350  0.473173
7400  0.473173
7450  0.473173
7500  0.473173
7550  0.473173
7600  0.473173
7650  0.473173
7700  0.473173
7750  0.473173
7800  0.473173
7850  0.473173
7900  0.473173
7950  0.473173
8000  0.473173
8050  0.473173
8100  0.473173
8150  0.473173
8200  0.473173
8250  0.473173
8300  0.473173
8350  0.470645
8400  0.470645
8450  0.470645
8500  0.470645
8550  0.470645
8600  0.470645
8650  0.470645
8700  0.470645
8750  0.470645
8800  0.470645
8850  0.470645
8900  0.470645
8950  0.470645
9000  0.470645
9050  0.470645
9100  0.470645
9150  0.470645
9200  0.470645
9250  0.470645
9300  0.470645
9350  0.470645
9400  0.470645
9450  0.470645
9500  0.470645
9550  0.470645
9600  0.470645
9650  0.470645
9700  0.470645
9750  0.470645
9800  0.470645
9850  0.470645
9900  0.470645
9950  0.470645
10000  0.470645
10050  0.470645
10100  0.470645
10150  0.470645
10200  0.470645
10250  0.470645
10300  0.470645
10350  0.470645
10400  0.470645
10450  0.470645
10500  0.470645
10550  0.470645
10600  0.470645
10650  0.470645
10700  0.470645
10750  0.470645
10800  0.470645
10850  0.470645
10900  0.470645
10950  0.470645
11000  0.470645
11050  0.470645
11100  0.470645
11150  0.470645
11200  0.470645
11250  0.470645
11300  0.470645
11350  0.470645
11400  0.470645
11450  0.470645
11500  0.470645
11550  0.470645
11600  0.470645
11650  0.470645
11700  0.470645
11750  0.470645
11800  0.470645
11850  0.470645
11900  0.470645
11950  0.470645
12000  0.470645
12050  0.470645
12100  0.470645
12150  0.470645
12200  0.470645
12250  0.470645
12300  0.470645
12350  0.470645
12400  0.470645
12450  0.470645
12500  0.470645
12550  0.470645
12600  0.470645
12650  0.470645
12700  0.470645
12750  0.470645
12800  0.470645
12850  0.470645
12900  0.470645
12950  0.470645
13000  0.470645
13050  0.470645
13100  0.470645
13150  0.470645
13200  0.470645
13250  0.461278
13300  0.461278
13350  0.461278
13400  0.461278
13450  0.461278
13500  0.461278
13550  0.461278
13600  0.461278
13650  0.461278
13700  0.461278
13750  0.461278
13800  0.461278
13850  0.461278
13900  0.461278
13950  0.461278
14000  0.461278
14050  0.461278
14100  0.461278
14150  0.461278
14200  0.461278
14250  0.461278
14300  0.461278
14350  0.461278
14400  0.461278
14450  0.461278
14500  0.461278
14550  0.461278
14600  0.461278
14650  0.461278
14700  0.461278
14750  0.461278
14800  0.461278
14850  0.461278
14900  0.461278
14950  0.461278
15000  0.461278
15050  0.461278
15100  0.461278
15150  0.461278
15200  0.461278
15250  0.461278
15300  0.461278
15350  0.461278
15400  0.461278
15450  0.461278
15500  0.461278
15550  0.461278
15600  0.461278
15650  0.461278
15700  0.461278
15750  0.461278
15800  0.461278
15850  0.461278
15900  0.461278
15950  0.461278
16000  0.461278
16050  0.461278
16100  0.461278
16150  0.461278
16200  0.461278
16250  0.461278
16300  0.461278
16350  0.461278
16400  0.461278
16450  0.461278
16500  0.461278
16550  0.461278
16600  0.461278
16650  0.461278
16700  0.461278
16750  0.461278
16800  0.461278
16850  0.461278
16900  0.461278
16950  0.461278
17000  0.461278
17050  0.461278
17100  0.461278
17150  0.461278
17200  0.461278
17250  0.461278
17300  0.461278
17350  0.461278
17400  0.461278
17450  0.461278
17500  0.461278
17550  0.461278
17600  0.461278
17650  0.461278
17700  0.461278
17750  0.461278
17800  0.461278
17850  0.461278
17900  0.461278
17950  0.461278
18000  0.461278
18050  0.461278
18100  0.461278
18150  0.461278
18200  0.461278
18250  0.461278
18300  0.461278
18350  0.461278
18400  0.461278
18450  0.461278
18500  0.461278
18550  0.461278
18600  0.461278
18650  0.461278
18700  0.461278
18750  0.461278
18800  0.461278
18850  0.461278
18900  0.461278
18950  0.461278
19000  0.461278
19050  0.461278
19100  0.461278
19150  0.461278
19200  0.461278
19250  0.461278
19300  0.461278
19350  0.461278
19400  0.461278
19450  0.461278
19500  0.461278
19550  0.461278
19600  0.461278
19650  0.461278
19700  0.461278
19750  0.461278
19800  0.461278
19850  0.461278
19900  0.461278
19950  0.461278
20000  0.461278
20050  0.461278
20100  0.461278
20150  0.461278
20200  0.461278
20250  0.461278
20300  0.461278
20350  0.461278
20400  0.461278
20450  0.461278
20500  0.461278
20550  0.461278
20600  0.461278
20650  0.461278
20700  0.461278
20750  0.461278
20800  0.461278
20850  0.461278
20900  0.461278
20950  0.461278
21000  0.461278
21050  0.461278
21100  0.461278
21150  0.461278
21200  0.461278
21250  0.461278
21300  0.461278
21350  0.461278
21400  0.461278
21450  0.461278
21500  0.461278
21550  0.461278
21600  0.461278
21650  0.461278
21700  0.461278
21750  0.461278
21800  0.461278
21850  0.461278
21900  0.461278
21950  0.461278
22000  0.461278
22050  0.461278
22100  0.461278
22150  0.461278
22200  0.461278
22250  0.461278
22300  0.461278
22350  0.461278
22400  0.461278
22450  0.461278
22500  0.461278
22550  0.461278
22600  0.461278
22650  0.461278
22700  0.461278
22750  0.461278
22800  0.461278
22850  0.461278
22900  0.461278
22950  0.461278
23000  0.461278
23050  0.461278
23100  0.461278
23150  0.461278
23200  0.461278
23250  0.461278
23300  0.461278
23350  0.461278
23400  0.461278
23450  0.461278
23500  0.461278
23550  0.461278
23600  0.461278
23650  0.461278
23700  0.461278
23750  0.461278
23800  0.461278
23850  0.461278
23900  0.461278
23950  0.461278
24000  0.461278
24050  0.461278
24100  0.461278
24150  0.461278
24200  0.461278
24250  0.461278
24300  0.461278
24350  0.461278
24400  0.461278
24450  0.461278
24500  0.461278
24550  0.461278
24600  0.461278
24650  0.461278
24700  0.461278
24750  0.461278
24800  0.461278
24850  0.461278
24900  0.461278
24950  0.461278
25000  0.461278
25050  0.461278
25100  0.461278
25150  0.461278
25200  0.461278
25250  0.461278
25300  0.461278
25350  0.461278
25400  0.461278
25450  0.461278
25500  0.461278
25550  0.461278
25600  0.461278
25650  0.461278
25700  0.461278
25750  0.461278
25800  0.461278
25850  0.461278
25900  0.461278
25950  0.461278
26000  0.461278
26050  0.461278
26100  0.461278
26150  0.461278
26200  0.461278
26250  0.461278
26300  0.461278
26350  0.461278
26400  0.461278
26450  0.461278
26500  0.461278
26550  0.461278
26600  0.461278
26650  0.461278
26700  0.461278
26750  0.461278
26800  0.461278
26850  0.461278
26900  0.461278
26950  0.461278
27000  0.461278
27050  0.461278
27100  0.461278
27150  0.461278
27200  0.461278
27250  0.461278
27300  0.461278
27350  0.461278
27400  0.461278
27450  0.461278
27500  0.461278
27550  0.461278
27600  0.461278
27650  0.461278
27700  0.461278
27750  0.461278
27800  0.461278
27850  0.461278
27900  0.461278
27950  0.461278
28000  0.461278
28050  0.461278
28100  0.461278
28150  0.461278
28200  0.461278
28250  0.461278
28300  0.461278
28350  0.461278
28400  0.461278
28450  0.461278
28500  0.461278
28550  0.461278
28600  0.461278
28650  0.461278
28700  0.461278
28750  0.461278
28800  0.461278
28850  0.461278
28900  0.461278
28950  0.461278
29000  0.461278
29050  0.461278
29100  0.461278
29150  0.461278
29200  0.461278
29250  0.461278
29300  0.461278
29350  0.461278
29400  0.461278
29450  0.461278
29500  0.461278
29550  0.461278
29600  0.461278
29650  0.461278
29700  0.461278
29750  0.461278
29800  0.461278
29850  0.461278
29900  0.461278
29950  0.461278
30000  0.461278
30050  0.461278
30100  0.461278
30150  0.461278
30200  0.461278
30250  0.461278
30300  0.461278
30350  0.461278
30400  0.461278
30450  0.461278
30500  0.461278
30550  0.461278
30600  0.461278
30650  0.461278
30700  0.461278
30750  0.461278
30800  0.461278
30850  0.461278
30900  0.461278
30950  0.461278
31000  0.461278
31050  0.461278
31100  0.461278
31150  0.461278
31200  0.461278
31250  0.461278
31300  0.461278
31350  0.461278
31400  0.461278
31450  0.461278
31500  0.461278
31550  0.461278
31600  0.461278
31650  0.461278
31700  0.461278
31750  0.461278
31800  0.461278
31850  0.461278
31900  0.461278
31950  0.461278
32000  0.461278
32050  0.461278
32100  0.461278
32150  0.461278
32200  0.461278
32250  0.461278
32300  0.461278
32350  0.461278
32400  0.461278
32450  0.461278
32500  0.461278
32550  0.461278
32600  0.461278
32650  0.461278
32700  0.461278
32750  0.461278
32800  0.461278
32850  0.461278
32900  0.461278
32950  0.461278
33000  0.461278
33050  0.461278
33100  0.461278
33150  0.461278
33200  0.461278
33250  0.461278
33300  0.461278
33350  0.461278
33400  0.461278
33450  0.461278
33500  0.461278
33550  0.461278
33600  0.461278
33650  0.461278
33700  0.461278
33750  0.461278
33800  0.461278
33850  0.461278
33900  0.461278
33950  0.461278
34000  0.461278
34050  0.461278
34100  0.461278
34150  0.461278
34200  0.461278
34250  0.461278
34300  0.461278
34350  0.461278
34400  0.461278
34450  0.461278
34500  0.461278
34550  0.461278
34600  0.461278
34650  0.461278
34700  0.461278
34750  0.461278
34800  0.461278
34850  0.461278
34900  0.461278
34950  0.461278
35000  0.461278
35050  0.461278
35100  0.461278
35150  0.461278
35200  0.461278
35250  0.461278
35300  0.461278
35350  0.461278
35400  0.461278
35450  0.461278
35500  0.461278
35550  0.461278
35600  0.461278
35650  0.461278
35700  0.461278
35750  0.461278
35800  0.461278
35850  0.461278
35900  0.461278
35950  0.461278
36000  0.461278
36050  0.461278
36100  0.461278
36150  0.461278
36200  0.461278
36250  0.461278
36300  0.461278
36350  0.461278
36400  0.461278
36450  0.461278
36500  0.461278
36550  0.461278
36600  0.461278
36650  0.461278
36700  0.461278
36750  0.461278
36800  0.461278
36850  0.461278
36900  0.461278
36950  0.461278
37000  0.461278
37050  0.461278
37100  0.461278
37150  0.461278
37200  0.461278
37250  0.461278
37300  0.461278
37350  0.461278
37400  0.461278
37450  0.461278
37500  0.461278
37550  0.461278
37600  0.461278
37650  0.461278
37700  0.461278
37750  0.461278
37800  0.461278
37850  0.461278
37900  0.461278
37950  0.461278
38000  0.461278
38050  0.461278
38100  0.461278
38150  0.461278
38200  0.461278
38250  0.461278
38300  0.461278
38350  0.461278
38400  0.461278
38450  0.461278
38500  0.461278
38550  0.461278
38600  0.461278
38650  0.461278
38700  0.461278
38750  0.461278
38800  0.461278
38850  0.461278
38900  0.461278
38950  0.461278
39000  0.461278
39050  0.461278
39100  0.461278
39150  0.461278
39200  0.461278
39250  0.461278
39300  0.461278
39350  0.461278
39400  0.461278
39450  0.461278
39500  0.461278
39550  0.461278
39600  0.461278
39650  0.461278
39700  0.461278
39750  0.461278
39800  0.461278
39850  0.461278
39900  0.461278
39950  0.461278
40000  0.461278
40050  0.461278
40100  0.461278
40150  0.461278
40200  0.461278
40250  0.461278
40300  0.461278
40350  0.461278
40400  0.461278
40450  0.461278
40500  0.461278
40550  0.461278
40600  0.461278
40650  0.461278
40700  0.461278
40750  0.461278
40800  0.461278
40850  0.461278
40900  0.461278
40950  0.461278
41000  0.461278
41050  0.461278
41100  0.461278
41150  0.461278
41200  0.461278
41250  0.461278
41300  0.461278
41350  0.461278
41400  0.461278
41450  0.461278
41500  0.461278
41550  0.461278
41600  0.461278
41650  0.461278
41700  0.461278
41750  0.461278
41800  0.461278
41850  0.461278
41900  0.461278
41950  0.461278
42000  0.461278
42050  0.461278
42100  0.461278
42150  0.461278
42200  0.461278
42250  0.461278
42300  0.461278
42350  0.461278
42400  0.461278
42450  0.461278
42500  0.461278
42550  0.461278
42600  0.461278
42650  0.461278
42700  0.461278
42750  0.461278
42800  0.461278
42850  0.461278
42900  0.461278
42950  0.461278
43000  0.461278
43050  0.461278
43100  0.461278
43150  0.461278
43200  0.461278
43250  0.461278
43300  0.461278
43350  0.461278
43400  0.461278
43450  0.461278
43500  0.461278
43550  0.461278
43600  0.461278
43650  0.461278
43700  0.461278
43750  0.461278
43800  0.461278
43850  0.461278
43900  0.461278
43950  0.461278
44000  0.461278
44050  0.461278
44100  0.461278
44150  0.461278
44200  0.461278
44250  0.461278
44300  0.461278
44350  0.461278
44400  0.461278
44450  0.461278
44500  0.461278
44550  0.461278
44600  0.461278
44650  0.461278
44700  0.461278
44750  0.461278
44800  0.461278
44850  0.461278
44900  0.461278
44950  0.461278
45000  0.461278
45050  0.461278
45100  0.461278
45150  0.461278
45200  0.461278
45250  0.461278
45300  0.461278
45350  0.461278
45400  0.461278
45450  0.461278
45500  0.461278
45550  0.461278
45600  0.461278
45650  0.461278
45700  0.461278
45750  0.461278
45800  0.461278
45850  0.461278
45900  0.461278
45950  0.461278
46000  0.461278
46050  0.461278
46100  0.461278
46150  0.461278
46200  0.461278
46250  0.461278
46300  0.461278
46350  0.461278
46400  0.461278
46450  0.461278
46500  0.461278
46550  0.461278
46600  0.461278
46650  0.461278
46700  0.461278
46750  0.461278
46800  0.461278
46850  0.461278
46900  0.461278
46950  0.461278
47000  0.461278
47050  0.461278
47100  0.461278
47150  0.461278
47200  0.461278
47250  0.461278
47300  0.461278
47350  0.461278
47400  0.461278
47450  0.461278
47500  0.461278
47550  0.461278
47600  0.461278
47650  0.461278
47700  0.461278
47750  0.461278
47800  0.461278
47850  0.461278
47900  0.461278
47950  0.461278
48000  0.461278
48050  0.461278
48100  0.461278
48150  0.461278
48200  0.461278
48250  0.461278
48300  0.461278
48350  0.461278
48400  0.461278
48450  0.461278
48500  0.461278
48550  0.461278
48600  0.461278
48650  0.461278
48700  0.461278
48750  0.461278
48800  0.461278
48850  0.461278
48900  0.461278
48950  0.461278
49000  0.461278
49050  0.461278
49100  0.461278
49150  0.461278
49200  0.461278
49250  0.461278
49300  0.461278
49350  0.461278
49400  0.461278
49450  0.461278
49500  0.461278
49550  0.461278
49600  0.461278
49650  0.461278
49700  0.461278
49750  0.461278
49800  0.461278
49850  0.461278
49900  0.461278
49950  0.461278
50000  0.461278
50050  0.461278
50100  0.461278
50150  0.461278
50200  0.461278
50250  0.461278
50300  0.461278
50350  0.461278
50400  0.461278
50450  0.461278
50500  0.461278
50550  0.461278
50600  0.461278
50650  0.461278
50700  0.461278
50750  0.455601
50800  0.455601
50850  0.455601
50900  0.455601
50950  0.455601
51000  0.455601
51050  0.455601
51100  0.455601
51150  0.455601
51200  0.455601
51250  0.455601
51300  0.455601
51350  0.455601
51400  0.455601
51450  0.455601
51500  0.455601
51550  0.455601
51600  0.455601
51650  0.455601
51700  0.455601
51750  0.455601
51800  0.455601
51850  0.455601
51900  0.455601
51950  0.455601
52000  0.455601
52050  0.455601
52100  0.455601
52150  0.455601
52200  0.455601
52250  0.455601
52300  0.455601
52350  0.455601
52400  0.455601
52450  0.455601
52500  0.455601
52550  0.455601
52600  0.455601
52650  0.455601
52700  0.455601
52750  0.455601
52800  0.455601
52850  0.455601
52900  0.455601
52950  0.455601
53000  0.455601
53050  0.455601
53100  0.455601
53150  0.455601
53200  0.455601
53250  0.455601
53300  0.455601
53350  0.455601
53400  0.455601
53450  0.455601
53500  0.455601
53550  0.455601
53600  0.455601
53650  0.455601
53700  0.455601
53750  0.455601
53800  0.455601
53850  0.455601
53900  0.455601
53950  0.455601
54000  0.455601
54050  0.455601
54100  0.455601
54150  0.455601
54200  0.455601
54250  0.455601
54300  0.455601
54350  0.455601
54400  0.455601
54450  0.455601
54500  0.455601
54550  0.455601
54600  0.455601
54650  0.455601
54700  0.455601
54750  0.455601
54800  0.455601
54850  0.455601
54900  0.455601
54950  0.455601
55000  0.455601
55050  0.455601
55100  0.455601
55150  0.455601
55200  0.455601
55250  0.455601
55300  0.455601
55350  0.455601
55400  0.455601
55450  0.455601
55500  0.455601
55550  0.455601
55600  0.455601
55650  0.455601
55700  0.455601
55750  0.455601
55800  0.455601
55850  0.455601
55900  0.455601
55950  0.455601
56000  0.455601
56050  0.455601
56100  0.455601
56150  0.455601
56200  0.455601
56250  0.455601
56300  0.455601
56350  0.455601
56400  0.455601
56450  0.455601
56500  0.455601
56550  0.455601
56600  0.455601
56650  0.455601
56700  0.455601
56750  0.455601
56800  0.455601
56850  0.455601
56900  0.455601
56950  0.455601
57000  0.455601
57050  0.455601
57100  0.455601
57150  0.455601
57200  0.455601
57250  0.455601
57300  0.455601
57350  0.455601
57400  0.455601
57450  0.455601
57500  0.455601
57550  0.455601
57600  0.455601
57650  0.455601
57700  0.455601
57750  0.455601
57800  0.455601
57850  0.455601
57900  0.455601
57950  0.455601
58000  0.455601
58050  0.455601
58100  0.455601
58150  0.455601
58200  0.455601
58250  0.455601
58300  0.455601
58350  0.455601
58400  0.455601
58450  0.455601
58500  0.455601
58550  0.455601
58600  0.455601
58650  0.455601
58700  0.455601
58750  0.455601
58800  0.455601
58850  0.455601
58900  0.455601
58950  0.455601
59000  0.455601
59050  0.455601
59100  0.455601
59150  0.455601
59200  0.455601
59250  0.455601
59300  0.455601
59350  0.455601
59400  0.455601
59450  0.455601
59500  0.455601
59550  0.455601
59600  0.455601
59650  0.455601
59700  0.455601
59750  0.455601
59800  0.455601
59850  0.455601
59900  0.455601
59950  0.455601
60000  0.455601
60050  0.455601
60100  0.455601
60150  0.455601
60200  0.455601
60250  0.455601
60300  0.455601
60350  0.455601
60400  0.455601
60450  0.455601
60500  0.455601
60550  0.455601
60600  0.455601
60650  0.455601
60700  0.455601
60750  0.455601
60800  0.455601
60850  0.455601
60900  0.455601
60950  0.455601
61000  0.455601
61050  0.455601
61100  0.455601
61150  0.455601
61200  0.455601
61250  0.455601
61300  0.455601
61350  0.455601
61400  0.455601
61450  0.455601
61500  0.455601
61550  0.455601
61600  0.455601
61650  0.455601
61700  0.455601
61750  0.455601
61800  0.454556
61850  0.454556
61900  0.454556
61950  0.454556
62000  0.454556
62050  0.454556
62100  0.454556
62150  0.454556
62200  0.454556
62250  0.454556
62300  0.454556
62350  0.454556
62400  0.454556
62450  0.454556
62500  0.454556
62550  0.454556
62600  0.454556
62650  0.454556
62700  0.454556
62750  0.454556
62800  0.454556
62850  0.454556
62900  0.454556
62950  0.454556
63000  0.454556
63050  0.454556
63100  0.454556
63150  0.454556
63200  0.454556
63250  0.454556
63300  0.454556
63350  0.454556
63400  0.454556
63450  0.454556
63500  0.454556
63550  0.454556
63600  0.454556
63650  0.454556
63700  0.454556
63750  0.454556
63800  0.454556
63850  0.454556
63900  0.454556
63950  0.454556
64000  0.454556
64050  0.454556
64100  0.454556
64150  0.454556
64200  0.454556
64250  0.454556
64300  0.454556
64350  0.454556
64400  0.454556
64450  0.454556
64500  0.454556
64550  0.454556
64600  0.454556
64650  0.454556
64700  0.454556
64750  0.454556
64800  0.454556
64850  0.454556
64900  0.454556
64950  0.454556
65000  0.454556
65050  0.454556
65100  0.454556
65150  0.454556
65200  0.454556
65250  0.454556
65300  0.454556
65350  0.454556
65400  0.454556
65450  0.454556
65500  0.454556
65550  0.454556
65600  0.454556
65650  0.454556
65700  0.454556
65750  0.454556
65800  0.454556
65850  0.454556
65900  0.454556
65950  0.454556
66000  0.454556
66050  0.454556
66100  0.454556
66150  0.454556
66200  0.454556
66250  0.454556
66300  0.454556
66350  0.454556
66400  0.454556
66450  0.454556
66500  0.454556
66550  0.454556
66600  0.454556
66650  0.454556
66700  0.454556
66750  0.454556
66800  0.454556
66850  0.454556
66900  0.454556
66950  0.454556
67000  0.454556
67050  0.454556
67100  0.454556
67150  0.454556
67200  0.454556
67250  0.454556
67300  0.454556
67350  0.454556
67400  0.454556
67450  0.454556
67500  0.454556
67550  0.454556
67600  0.454556
67650  0.454556
67700  0.454556
67750  0.454556
67800  0.454556
67850  0.454556
67900  0.454556
67950  0.454556
68000  0.454556
68050  0.454556
68100  0.454556
68150  0.454556
68200  0.454556
68250  0.454556
68300  0.454556
68350  0.454556
68400  0.454556
68450  0.454556
68500  0.454556
68550  0.454556
68600  0.454556
68650  0.454556
68700  0.454556
68750  0.454556
68800  0.454556
68850  0.454556
68900  0.454556
68950  0.454556
69000  0.454556
69050  0.454556
69100  0.454556
69150  0.454556
69200  0.454556
69250  0.454556
69300  0.454556
69350  0.454556
69400  0.454556
69450  0.454556
69500  0.454556
69550  0.454556
69600  0.454556
69650  0.454556
69700  0.454556
69750  0.454556
69800  0.454556
69850  0.454556
69900  0.454556
69950  0.454556
70000  0.454556
70050  0.454556
70100  0.454556
70150  0.454556
70200  0.454556
70250  0.454556
70300  0.454556
70350  0.454556
70400  0.454556
70450  0.454556
70500  0.454556
70550  0.454556
70600  0.454556
70650  0.454556
70700  0.454556
70750  0.454556
70800  0.454556
70850  0.454556
70900  0.454556
70950  0.454556
71000  0.454556
71050  0.454556
71100  0.454556
71150  0.454556
71200  0.454556
71250  0.454556
71300  0.454556
71350  0.454556
71400  0.454556
71450  0.454556
71500  0.454556
71550  0.454556
71600  0.454556
71650  0.454556
71700  0.454556
71750  0.454556
71800  0.454556
71850  0.454556
71900  0.454556
71950  0.454556
72000  0.454556
72050  0.454556
72100  0.454556
72150  0.454556
72200  0.454556
72250  0.454556
72300  0.454556
72350  0.454556
72400  0.454556
72450  0.454556
72500  0.454556
72550  0.454556
72600  0.454556
72650  0.454556
72700  0.454556
72750  0.454556
72800  0.454556
72850  0.454556
72900  0.454556
72950  0.454556
73000  0.454556
73050  0.454556
73100  0.454556
73150  0.454556
73200  0.454556
73250  0.454556
73300  0.454556
73350  0.454556
73400  0.454556
73450  0.454556
73500  0.454556
73550  0.454556
73600  0.454556
73650  0.454556
73700  0.454556
73750  0.454556
73800  0.454556
73850  0.454556
73900  0.454556
73950  0.454556
74000  0.454556
74050  0.454556
74100  0.454556
74150  0.454556
74200  0.454556
74250  0.454556
74300  0.454556
74350  0.454556
74400  0.454556
74450  0.454556
74500  0.454556
74550  0.454556
74600  0.454556
74650  0.454556
74700  0.454556
74750  0.454556
74800  0.454556
74850  0.454556
74900  0.454556
74950  0.454556
75000  0.454556
75050  0.454556
75100  0.454556
75150  0.454556
75200  0.454556
75250  0.454556
75300  0.454556
75350  0.454556
75400  0.454556
75450  0.454556
75500  0.454556
75550  0.454556
75600  0.454556
75650  0.454556
75700  0.454556
75750  0.454556
75800  0.454556
75850  0.454556
75900  0.454556
75950  0.454556
76000  0.454556
76050  0.454556
76100  0.454556
76150  0.454556
76200  0.454556
76250  0.454556
76300  0.454556
76350  0.454556
76400  0.454556
76450  0.454556
76500  0.454556
76550  0.454556
76600  0.454556
76650  0.454556
76700  0.454556
76750  0.454556
76800  0.454556
76850  0.454556
76900  0.454556
76950  0.454556
77000  0.454556
77050  0.454556
77100  0.454556
77150  0.454556
77200  0.454556
77250  0.454556
77300  0.454556
77350  0.454556
77400  0.454556
77450  0.454556
77500  0.454556
77550  0.454556
77600  0.454556
77650  0.454556
77700  0.454556
77750  0.454556
77800  0.454556
77850  0.454556
77900  0.454556
77950  0.454556
78000  0.454556
78050  0.454556
78100  0.454556
78150  0.454556
78200  0.454556
78250  0.454556
78300  0.454556
78350  0.454556
78400  0.454556
78450  0.454556
78500  0.454556
78550  0.454556
78600  0.454556
78650  0.454556
78700  0.454556
78750  0.454556
78800  0.454556
78850  0.454556
78900  0.454556
78950  0.454556
79000  0.454556
79050  0.454556
79100  0.454556
79150  0.454556
79200  0.454556
79250  0.454556
79300  0.454556
79350  0.454556
79400  0.454556
79450  0.454556
79500  0.454556
79550  0.454556
79600  0.454556
79650  0.454556
79700  0.454556
79750  0.454556
79800  0.454556
79850  0.454556
79900  0.454556
79950  0.454556
80000  0.454556
80050  0.454556
80100  0.454556
80150  0.454556
80200  0.454556
80250  0.454556
80300  0.454556
80350  0.454556
80400  0.454556
80450  0.454556
80500  0.454556
80550  0.454556
80600  0.454556
80650  0.454556
80700  0.454556
80750  0.454556
80800  0.454556
80850  0.454556
80900  0.454556
80950  0.454556
81000  0.454556
81050  0.454556
81100  0.454556
81150  0.454556
81200  0.454556
81250  0.454556
81300  0.454556
81350  0.454556
81400  0.454556
81450  0.454556
81500  0.454556
81550  0.454556
81600  0.454556
81650  0.454556
81700  0.454556
81750  0.454556
81800  0.454556
81850  0.454556
81900  0.454556
81950  0.454556
82000  0.454556
82050  0.454556
82100  0.454556
82150  0.454556
82200  0.454556
82250  0.454556
82300  0.454556
82350  0.454556
82400  0.454556
82450  0.454556
82500  0.454556
82550  0.454556
82600  0.454556
82650  0.454556
82700  0.454556
82750  0.454556
82800  0.454556
82850  0.454556
82900  0.454556
82950  0.454556
83000  0.454556
83050  0.454556
83100  0.454556
83150  0.454556
83200  0.454556
83250  0.454556
83300  0.454556
83350  0.454556
83400  0.454556
83450  0.454556
83500  0.454556
83550  0.454556
83600  0.454556
83650  0.454556
83700  0.454556
83750  0.454556
83800  0.454556
83850  0.454556
83900  0.454556
83950  0.454556
84000  0.454556
84050  0.454556
84100  0.454556
84150  0.454556
84200  0.454556
84250  0.454556
84300  0.454556
84350  0.454556
84400  0.454556
84450  0.454556
84500  0.454556
84550  0.454556
84600  0.454556
84650  0.454556
84700  0.454556
84750  0.454556
84800  0.454556
84850  0.454556
84900  0.454556
84950  0.454556
85000  0.454556
85050  0.454556
85100  0.454556
85150  0.454556
85200  0.454556
85250  0.454556
85300  0.454556
85350  0.454556
85400  0.454556
85450  0.454556
85500  0.454556
85550  0.454556
85600  0.454556
85650  0.454556
85700  0.454556
85750  0.454556
85800  0.454556
85850  0.454556
85900  0.454556
85950  0.454556
86000  0.454556
86050  0.454556
86100  0.454556
86150  0.454556
86200  0.454556
86250  0.454556
86300  0.454556
86350  0.454556
86400  0.454556
86450  0.454556
86500  0.454556
86550  0.454556
86600  0.454556
86650  0.454556
86700  0.454556
86750  0.454556
86800  0.454556
86850  0.454556
86900  0.454556
86950  0.454556
87000  0.454556
87050  0.454556
87100  0.454556
87150  0.454556
87200  0.454556
87250  0.454556
87300  0.454556
87350  0.454556
87400  0.454556
87450  0.454556
87500  0.454556
87550  0.454556
87600  0.454556
87650  0.454556
87700  0.454556
87750  0.454556
87800  0.454556
87850  0.454556
87900  0.454556
87950  0.454556
88000  0.454556
88050  0.454556
88100  0.454556
88150  0.454556
88200  0.454556
88250  0.454556
88300  0.454556
88350  0.454556
88400  0.454556
88450  0.454556
88500  0.454556
88550  0.454556
88600  0.454556
88650  0.454556
88700  0.454556
88750  0.454556
88800  0.454556
88850  0.454556
88900  0.454556
88950  0.454556
89000  0.454556
89050  0.454556
89100  0.454556
89150  0.454556
89200  0.454556
89250  0.454556
89300  0.454556
89350  0.454556
89400  0.454556
89450  0.454556
89500  0.454556
89550  0.454556
89600  0.454556
89650  0.454556
89700  0.454556
89750  0.454556
89800  0.454556
89850  0.454556
89900  0.454556
89950  0.454556
90000  0.454556
90050  0.454556
90100  0.454556
90150  0.454556
90200  0.454556
90250  0.454556
90300  0.454556
90350  0.454556
90400  0.454556
90450  0.454556
90500  0.454556
90550  0.454556
90600  0.454556
90650  0.448352
90700  0.448352
90750  0.448352
90800  0.448352
90850  0.448352
90900  0.448352
90950  0.448352
91000  0.448352
91050  0.448352
91100  0.448352
91150  0.448352
91200  0.448352
91250  0.448352
91300  0.448352
91350  0.448352
91400  0.448352
91450  0.448352
91500  0.448352
91550  0.448352
91600  0.448352
91650  0.448352
91700  0.448352
91750  0.448352
91800  0.448352
91850  0.448352
91900  0.448352
91950  0.448352
92000  0.448352
92050  0.448352
92100  0.448352
92150  0.448352
92200  0.448352
92250  0.448352
92300  0.448352
92350  0.448352
92400  0.448352
92450  0.448352
92500  0.448352
92550  0.448352
92600  0.448352
92650  0.448352
92700  0.448352
92750  0.448352
92800  0.448352
92850  0.448352
92900  0.448352
92950  0.448352
93000  0.448352
93050  0.448352
93100  0.448352
93150  0.448352
93200  0.448352
93250  0.448352
93300  0.448352
93350  0.448352
93400  0.448352
93450  0.448352
93500  0.448352
93550  0.448352
93600  0.448352
93650  0.448352
93700  0.448352
93750  0.448352
93800  0.448352
93850  0.448352
93900  0.448352
93950  0.448352
94000  0.448352
94050  0.448352
94100  0.448352
94150  0.448352
94200  0.448352
94250  0.448352
94300  0.448352
94350  0.448352
94400  0.448352
94450  0.448352
94500  0.448352
94550  0.448352
94600  0.448352
94650  0.448352
94700  0.448352
94750  0.448352
94800  0.448352
94850  0.448352
94900  0.448352
94950  0.448352
95000  0.448352
95050  0.448352
95100  0.448352
95150  0.448352
95200  0.448352
95250  0.448352
95300  0.448352
95350  0.448352
95400  0.448352
95450  0.448352
95500  0.448352
95550  0.448352
95600  0.448352
95650  0.448352
95700  0.448352
95750  0.448352
95800  0.448352
95850  0.448352
95900  0.448352
95950  0.448352
96000  0.448352
96050  0.448352
96100  0.448352
96150  0.448352
96200  0.448352
96250  0.448352
96300  0.448352
96350  0.448352
96400  0.448352
96450  0.448352
96500  0.448352
96550  0.448352
96600  0.448352
96650  0.448352
96700  0.448352
96750  0.448352
96800  0.448352
96850  0.448352
96900  0.448352
96950  0.448352
97000  0.448352
97050  0.448352
97100  0.448352
97150  0.448352
97200  0.448352
97250  0.448352
97300  0.448352
97350  0.448352
97400  0.448352
97450  0.448352
97500  0.448352
97550  0.448352
97600  0.448352
97650  0.448352
97700  0.448352
97750  0.448352
97800  0.448352
97850  0.448352
97900  0.448352
97950  0.448352
98000  0.448352
98050  0.448352
98100  0.448352
98150  0.448352
98200  0.448352
98250  0.448352
98300  0.448352
98350  0.448352
98400  0.448352
98450  0.448352
98500  0.448352
98550  0.448352
98600  0.448352
98650  0.448352
98700  0.448352
98750  0.448352
98800  0.448352
98850  0.448352
98900  0.448352
98950  0.448352
99000  0.448352
99050  0.448352
99100  0.448352
99150  0.448352
99200  0.448352
99250  0.448352
99300  0.448352
99350  0.448352
99400  0.448352
99450  0.448352
99500  0.448352
99550  0.448352
99600  0.448352
99650  0.448352
99700  0.448352
99750  0.448352
99800  0.448352
99850  0.448352
99900  0.448352
99950  0.448352
100000  0.448352
100050  0.448352
100100  0.448352
100150  0.448352
100200  0.448352
100250  0.448352
100300  0.448352
100350  0.448352
100400  0.448352
100450  0.448352
100500  0.448352
100550  0.448352
100600  0.448352
100650  0.448352
100700  0.448352
100750  0.448352
100800  0.448352
100850  0.448352
100900  0.448352
100950  0.448352
101000  0.448352
101050  0.448352
101100  0.448352
101150  0.448352
101200  0.448352
101250  0.448352
101300  0.448352
101350  0.448352
101400  0.448352
101450  0.448352
101500  0.448352
101550  0.448352
101600  0.448352
101650  0.448352
101700  0.448352
101750  0.448352
101800  0.448352
101850  0.448352
101900  0.448352
101950  0.448352
102000  0.448352
102050  0.448352
102100  0.448352
102150  0.448352
102200  0.448352
102250  0.448352
102300  0.448352
102350  0.448352
102400  0.448352
102450  0.448352
102500  0.448352
102550  0.448352
102600  0.448352
102650  0.448352
102700  0.448352
102750  0.448352
102800  0.448352
102850  0.448352
102900  0.448352
102950  0.448352
103000  0.448352
103050  0.448352
103100  0.448352
103150  0.448352
103200  0.448352
103250  0.448352
103300  0.448352
103350  0.448352
103400  0.448352
103450  0.448352
103500  0.448352
103550  0.448352
103600  0.448352
103650  0.448352
103700  0.448352
103750  0.448352
103800  0.448352
103850  0.448352
103900  0.448352
103950  0.448352
104000  0.448352
104050  0.448352
104100  0.448352
104150  0.448352
104200  0.448352
104250  0.448352
104300  0.448352
104350  0.448352
104400  0.448352
104450  0.448352
104500  0.448352
104550  0.448352
104600  0.448352
104650  0.448352
104700  0.448352
104750  0.448352
104800  0.448352
104850  0.448352
104900  0.448352
104950  0.448352
105000  0.448352
105050  0.448352
105100  0.448352
105150  0.448352
105200  0.448352
105250  0.448352
105300  0.448352
105350  0.448352
105400  0.448352
105450  0.448352
105500  0.448352
105550  0.448352
105600  0.448352
105650  0.448352
105700  0.448352
105750  0.448352
105800  0.448352
105850  0.448352
105900  0.448352
105950  0.448352
106000  0.448352
106050  0.448352
106100  0.448352
106150  0.448352
106200  0.448352
106250  0.448352
106300  0.448352
106350  0.448352
106400  0.448352
106450  0.448352
