Step  Penalty
50  0.485989
100  0.485989
150  0.485989
200  0.485989
250  0.485989
300  0.485989
350  0.485989
400  0.485989
450  0.485989
500  0.485989
550  0.485989
600  0.485989
650  0.485513
700  0.472904
750  0.466496
800  0.466496
850  0.461336
900  0.452316
950  0.440998
1000  0.440998
1050  0.440998
1100  0.435038
1150  0.431438
1200  0.431438
1250  0.430349
1300  0.428586
1350  0.420499
1400  0.420499
1450  0.420499
1500  0.420499
1550  0.420499
1600  0.41647
1650  0.405796
1700  0.405796
1750  0.405796
1800  0.404416
1850  0.404416
1900  0.401727
1950  0.400675
2000  0.400675
2050  0.400675
2100  0.394582
2150  0.394582
2200  0.394582
2250  0.388434
2300  0.388434
2350  0.385033
2400  0.385033
2450  0.385033
2500  0.385033
2550  0.373912
2600  0.373912
2650  0.372888
2700  0.372888
2750  0.367426
2800  0.367426
2850  0.367426
2900  0.367426
2950  0.360227
3000  0.360227
3050  0.360227
3100  0.360227
3150  0.357758
3200  0.355514
3250  0.355514
3300  0.355514
3350  0.355514
3400  0.340021
3450  0.340021
3500  0.340021
3550  0.340021
3600  0.340021
3650  0.340021
3700  0.340021
3750  0.340021
3800  0.339973
3850  0.337062
3900  0.337062
3950  0.337062
4000  0.337062
4050  0.337062
4100  0.334618
4150  0.334618
4200  0.334618
4250  0.332667
4300  0.328819
4350  0.328819
4400  0.328819
4450  0.328819
4500  0.328819
4550  0.324978
4600  0.324978
4650  0.324978
4700  0.321701
4750  0.321701
4800  0.32104
4850  0.32104
4900  0.32104
4950  0.317947
5000  0.316115
5050  0.316115
5100  0.316115
5150  0.308086
5200  0.308086
5250  0.308086
5300  0.308086
5350  0.308086
5400  0.308086
5450  0.308086
5500  0.306374
5550  0.306374
5600  0.306374
5650  0.304098
5700  0.302099
5750  0.302099
5800  0.302099
5850  0.302099
5900  0.300583
5950  0.300583
6000  0.299517
6050  0.29902
6100  0.29902
6150  0.298591
6200  0.298591
6250  0.293398
6300  0.293398
6350  0.293398
6400  0.293398
6450  0.293398
6500  0.293398
6550  0.293398
6600  0.293398
6650  0.293398
6700  0.292821
6750  0.291572
6800  0.286752
6850  0.286752
6900  0.286293
6950  0.283457
7000  0.283457
7050  0.283457
7100  0.283457
7150  0.283457
7200  0.283457
7250  0.283457
7300  0.283457
7350  0.283457
7400  0.283457
7450  0.283457
7500  0.283457
7550  0.282807
7600  0.279408
7650  0.279408
7700  0.279408
7750  0.275086
7800  0.275086
7850  0.272694
7900  0.272694
7950  0.272694
8000  0.272694
8050  0.272225
8100  0.272225
8150  0.272225
8200  0.272225
8250  0.272117
8300  0.272117
8350  0.266851
8400  0.266851
8450  0.266851
8500  0.266851
8550  0.266851
8600  0.263786
8650  0.263786
8700  0.259854
8750  0.259854
8800  0.259854
8850  0.259854
8900  0.259854
8950  0.259854
9000  0.259854
9050  0.259854
9100  0.259854
9150  0.259854
9200  0.259854
9250  0.257293
9300  0.255816
9350  0.255816
9400  0.255816
9450  0.255816
9500  0.255316
9550  0.253032
9600  0.253032
9650  0.253032
9700  0.252249
9750  0.251669
9800  0.251669
9850  0.251319
9900  0.250598
9950  0.250598
10000  0.250598
10050  0.246364
10100  0.246364
10150  0.246364
10200  0.246364
10250  0.246364
10300  0.246364
10350  0.243539
10400  0.243539
10450  0.243539
10500  0.243526
10550  0.243526
10600  0.243526
10650  0.243526
10700  0.243526
10750  0.24075
10800  0.24075
10850  0.24075
10900  0.240162
10950  0.240162
11000  0.240162
11050  0.240162
11100  0.240162
11150  0.240162
11200  0.23844
11250  0.235182
11300  0.235182
11350  0.235182
11400  0.235182
11450  0.235182
11500  0.235182
11550  0.235182
11600  0.235182
11650  0.235182
11700  0.235068
11750  0.234304
11800  0.232939
11850  0.232939
11900  0.230919
11950  0.230919
12000  0.230919
12050  0.230919
12100  0.230258
12150  0.230258
12200  0.230258
12250  0.230258
12300  0.229021
12350  0.229021
12400  0.229021
12450  0.229021
12500  0.229021
12550  0.229021
12600  0.229021
12650  0.228622
12700  0.228622
12750  0.227999
12800  0.226331
12850  0.226331
12900  0.226331
12950  0.226331
13000  0.225453
13050  0.225453
13100  0.225132
13150  0.225132
13200  0.225043
13250  0.224761
13300  0.224709
13350  0.224709
13400  0.224709
13450  0.224354
13500  0.224354
13550  0.224354
13600  0.224354
13650  0.224354
13700  0.222992
13750  0.219986
13800  0.219986
13850  0.219079
13900  0.219079
13950  0.219079
14000  0.219079
14050  0.216586
14100  0.216586
14150  0.216586
14200  0.216586
14250  0.216586
14300  0.216586
14350  0.216175
14400  0.216175
14450  0.216175
14500  0.216175
14550  0.216175
14600  0.216175
14650  0.216175
14700  0.216175
14750  0.216175
14800  0.216175
14850  0.216175
14900  0.215505
14950  0.215468
15000  0.212317
15050  0.212317
15100  0.211999
15150  0.211999
15200  0.211999
15250  0.211999
15300  0.211999
15350  0.211097
15400  0.211097
15450  0.211097
15500  0.209995
15550  0.209995
15600  0.209995
15650  0.209995
15700  0.209435
15750  0.209435
15800  0.209435
15850  0.209435
15900  0.209435
15950  0.209435
16000  0.208747
16050  0.208747
16100  0.208747
16150  0.208747
16200  0.208747
16250  0.208747
16300  0.208747
16350  0.208747
16400  0.208747
16450  0.206967
16500  0.206967
16550  0.206967
16600  0.206967
16650  0.204863
16700  0.204863
16750  0.204863
16800  0.204863
16850  0.204863
16900  0.204863
16950  0.204863
17000  0.204863
17050  0.204863
17100  0.204863
17150  0.204863
17200  0.204863
17250  0.204863
17300  0.204863
17350  0.204678
17400  0.204678
17450  0.204678
17500  0.204678
17550  0.204678
17600  0.204678
17650  0.204678
17700  0.204678
17750  0.204678
17800  0.204678
17850  0.204015
17900  0.204015
17950  0.204015
18000  0.203761
18050  0.203761
18100  0.203761
18150  0.203761
18200  0.203761
18250  0.203238
18300  0.203238
18350  0.203238
18400  0.203238
18450  0.203238
18500  0.203238
18550  0.203238
18600  0.203238
18650  0.203238
18700  0.203238
18750  0.203238
18800  0.202766
18850  0.202766
18900  0.202766
18950  0.202766
19000  0.201665
19050  0.201665
19100  0.201665
19150  0.201665
19200  0.201665
19250  0.201665
19300  0.201263
19350  0.201263
19400  0.201263
19450  0.201263
19500  0.201263
19550  0.201263
19600  0.201263
19650  0.201263
19700  0.200798
19750  0.200798
19800  0.200798
19850  0.200798
19900  0.200583
19950  0.200583
20000  0.200583
20050  0.200583
20100  0.200583
20150  0.200583
20200  0.199711
20250  0.199711
20300  0.198681
20350  0.198681
20400  0.198681
20450  0.198681
20500  0.198681
20550  0.198681
20600  0.198681
20650  0.198681
20700  0.198681
20750  0.198681
20800  0.198681
20850  0.198681
20900  0.198146
20950  0.197849
21000  0.197849
21050  0.197849
21100  0.197849
21150  0.197849
21200  0.197849
21250  0.197849
21300  0.197849
21350  0.19754
21400  0.19754
21450  0.19754
21500  0.19754
21550  0.19754
21600  0.19754
21650  0.19754
21700  0.19754
21750  0.196332
21800  0.196332
21850  0.196332
21900  0.196332
21950  0.196332
22000  0.196332
22050  0.196332
22100  0.196332
22150  0.19574
22200  0.194549
22250  0.194549
22300  0.194549
22350  0.194549
22400  0.194549
22450  0.194549
22500  0.194549
22550  0.194549
22600  0.194549
22650  0.194549
22700  0.194549
22750  0.194549
22800  0.194157
22850  0.194157
22900  0.194157
22950  0.194157
23000  0.193194
23050  0.193194
23100  0.192778
23150  0.192778
23200  0.192778
23250  0.192778
23300  0.192778
23350  0.192778
23400  0.192778
23450  0.192778
23500  0.192778
23550  0.192778
23600  0.192778
23650  0.192778
23700  0.193012
23750  0.193012
23800  0.193012
23850  0.192657
23900  0.192657
23950  0.192657
24000  0.192657
24050  0.192657
24100  0.192657
24150  0.192657
24200  0.192657
24250  0.192657
24300  0.192657
24350  0.192657
24400  0.192657
24450  0.192657
24500  0.192657
24550  0.192657
24600  0.192657
24650  0.191791
24700  0.191791
24750  0.191791
24800  0.191791
24850  0.191791
24900  0.191791
24950  0.191791
25000  0.191791
25050  0.191791
25100  0.191791
25150  0.191791
25200  0.191791
25250  0.191791
25300  0.191791
25350  0.191791
25400  0.191791
25450  0.191791
25500  0.191791
25550  0.191791
25600  0.191791
25650  0.191791
25700  0.191791
25750  0.191791
25800  0.191791
25850  0.191791
25900  0.191791
25950  0.191791
26000  0.191791
26050  0.191307
26100  0.191307
26150  0.191307
26200  0.191233
26250  0.191233
26300  0.191233
26350  0.191233
26400  0.191059
26450  0.191059
26500  0.191059
26550  0.191059
26600  0.191059
26650  0.189975
26700  0.189975
26750  0.189975
26800  0.189975
26850  0.189975
26900  0.189975
26950  0.189975
27000  0.189975
27050  0.189975
27100  0.189975
27150  0.189975
27200  0.189975
27250  0.189231
27300  0.189231
27350  0.189231
27400  0.189231
27450  0.187505
27500  0.187505
27550  0.187505
27600  0.187505
27650  0.187505
27700  0.187505
27750  0.187505
27800  0.187505
27850  0.187505
27900  0.187505
27950  0.187505
28000  0.187505
28050  0.187505
28100  0.187187
28150  0.187187
28200  0.187187
28250  0.187187
28300  0.187187
28350  0.187187
28400  0.187187
28450  0.187187
28500  0.187187
28550  0.187058
28600  0.187058
28650  0.187058
28700  0.187058
28750  0.187058
28800  0.187058
28850  0.187058
28900  0.186056
28950  0.186056
29000  0.186056
29050  0.186056
29100  0.186056
29150  0.186056
29200  0.186056
29250  0.186056
29300  0.186056
29350  0.186056
29400  0.186056
29450  0.186056
29500  0.186056
29550  0.186056
29600  0.186056
29650  0.186056
29700  0.186056
29750  0.186056
29800  0.186056
29850  0.186056
29900  0.186056
29950  0.186056
30000  0.186056
30050  0.186056
30100  0.186056
30150  0.186056
30200  0.186056
30250  0.186056
30300  0.186056
30350  0.186056
30400  0.186056
30450  0.186056
30500  0.186056
30550  0.186056
30600  0.186056
30650  0.186056
30700  0.186056
30750  0.185878
30800  0.185878
30850  0.185878
30900  0.185852
30950  0.185784
31000  0.185784
31050  0.184515
31100  0.184515
31150  0.184515
31200  0.184515
31250  0.184515
31300  0.184515
31350  0.184515
31400  0.184515
31450  0.184515
31500  0.184515
31550  0.184515
31600  0.184515
31650  0.184515
31700  0.184515
31750  0.184515
31800  0.184515
31850  0.184515
31900  0.184515
31950  0.184515
32000  0.184515
32050  0.184515
32100  0.184515
32150  0.184515
32200  0.184515
32250  0.184515
32300  0.184515
32350  0.184515
32400  0.184515
32450  0.184515
32500  0.182951
32550  0.182951
32600  0.182951
32650  0.182951
32700  0.182951
32750  0.182951
32800  0.182951
32850  0.182951
32900  0.182664
32950  0.182664
33000  0.18265
33050  0.18265
33100  0.18265
33150  0.18265
33200  0.18265
33250  0.18265
33300  0.18265
33350  0.18265
33400  0.18265
33450  0.18265
33500  0.18265
33550  0.18265
33600  0.18265
33650  0.18265
33700  0.18265
33750  0.18265
33800  0.182286
33850  0.179227
33900  0.179227
33950  0.179227
34000  0.179227
34050  0.179227
34100  0.179227
34150  0.179227
34200  0.179227
34250  0.179227
34300  0.179227
34350  0.179227
34400  0.179227
34450  0.179227
34500  0.179227
34550  0.179227
34600  0.179227
34650  0.179227
34700  0.179227
34750  0.179227
34800  0.179227
34850  0.179227
34900  0.179227
34950  0.179227
35000  0.179227
35050  0.179227
35100  0.179227
35150  0.179227
35200  0.179227
35250  0.179227
35300  0.179227
35350  0.178627
35400  0.178627
35450  0.178627
35500  0.178627
35550  0.178627
35600  0.178627
35650  0.178627
35700  0.178627
35750  0.178627
35800  0.178627
35850  0.178627
35900  0.178627
35950  0.178627
36000  0.178627
36050  0.178627
36100  0.178627
36150  0.178627
36200  0.178627
36250  0.178579
36300  0.178579
36350  0.178579
36400  0.178579
36450  0.178579
36500  0.178579
36550  0.178579
36600  0.178579
36650  0.178579
36700  0.178579
36750  0.178579
36800  0.178579
36850  0.178579
36900  0.178579
36950  0.178579
37000  0.178579
37050  0.178579
37100  0.177207
37150  0.177207
37200  0.177207
37250  0.177207
37300  0.177207
37350  0.177207
37400  0.177207
37450  0.177207
37500  0.177207
37550  0.177207
37600  0.177207
37650  0.177207
37700  0.177207
37750  0.177207
37800  0.177207
37850  0.177207
37900  0.177207
37950  0.177207
38000  0.177207
38050  0.177207
38100  0.177207
38150  0.177207
38200  0.176811
38250  0.176811
38300  0.176811
38350  0.176811
38400  0.176811
38450  0.176811
38500  0.176811
38550  0.176811
38600  0.176811
38650  0.176811
38700  0.176811
38750  0.176811
38800  0.176811
38850  0.176811
38900  0.176811
38950  0.176811
39000  0.176811
39050  0.176811
39100  0.176811
39150  0.176811
39200  0.176811
39250  0.176811
39300  0.176811
39350  0.176811
39400  0.17624
39450  0.17624
39500  0.17624
39550  0.17624
39600  0.17624
39650  0.17624
39700  0.17624
39750  0.175544
39800  0.175544
39850  0.175544
39900  0.175544
39950  0.175544
40000  0.175544
40050  0.175544
40100  0.175544
40150  0.175544
40200  0.175544
40250  0.175544
40300  0.175544
40350  0.175544
40400  0.175243
40450  0.175243
40500  0.175243
40550  0.175243
40600  0.175243
40650  0.174892
40700  0.174892
40750  0.174892
40800  0.174892
40850  0.174892
40900  0.174892
40950  0.174892
41000  0.174892
41050  0.174892
41100  0.174892
41150  0.174892
41200  0.174892
41250  0.174892
41300  0.174892
41350  0.174892
41400  0.174892
41450  0.174892
41500  0.174892
41550  0.174892
41600  0.174892
41650  0.174892
41700  0.174892
41750  0.174892
41800  0.174068
41850  0.174068
41900  0.174068
41950  0.174068
42000  0.174068
42050  0.174068
42100  0.174068
42150  0.174068
42200  0.174068
42250  0.174068
42300  0.174068
42350  0.174068
42400  0.174068
42450  0.174068
42500  0.174068
42550  0.174068
42600  0.174068
42650  0.174068
42700  0.174068
42750  0.174068
42800  0.17356
42850  0.17356
42900  0.17356
42950  0.17356
43000  0.17356
43050  0.17356
43100  0.17356
43150  0.17356
43200  0.17356
43250  0.17249
43300  0.17249
43350  0.17249
43400  0.17249
43450  0.17249
43500  0.17249
43550  0.17249
43600  0.17249
43650  0.17249
43700  0.17249
43750  0.17249
43800  0.17249
43850  0.17249
43900  0.17249
43950  0.17249
44000  0.17249
44050  0.17249
44100  0.172358
44150  0.172358
44200  0.172358
44250  0.172358
44300  0.172358
44350  0.172358
44400  0.172358
44450  0.172358
44500  0.172358
44550  0.172358
44600  0.172358
44650  0.172358
44700  0.172358
44750  0.172358
44800  0.172358
44850  0.172358
44900  0.172358
44950  0.172358
45000  0.172358
45050  0.172358
45100  0.172228
45150  0.172001
45200  0.172001
45250  0.172001
45300  0.172001
45350  0.172001
45400  0.172001
45450  0.172001
45500  0.172001
45550  0.172001
45600  0.172001
45650  0.172001
45700  0.172001
45750  0.172001
45800  0.172001
45850  0.172001
45900  0.172001
45950  0.172001
46000  0.171823
46050  0.171823
46100  0.171823
46150  0.171823
46200  0.171823
46250  0.171823
46300  0.171087
46350  0.171087
46400  0.171087
46450  0.171087
46500  0.171087
46550  0.171087
46600  0.171087
46650  0.171087
46700  0.171087
46750  0.171087
46800  0.171087
46850  0.171087
46900  0.171087
46950  0.171087
47000  0.171087
47050  0.171087
47100  0.171087
47150  0.170469
47200  0.170469
47250  0.170469
47300  0.170469
47350  0.170469
47400  0.170469
47450  0.170469
47500  0.170469
47550  0.170469
47600  0.170469
47650  0.170469
47700  0.170469
47750  0.170469
47800  0.170469
47850  0.170469
47900  0.170469
47950  0.170469
48000  0.170469
48050  0.170469
48100  0.170469
48150  0.170469
48200  0.170469
48250  0.170469
48300  0.170047
48350  0.170047
48400  0.170047
48450  0.170047
48500  0.170047
48550  0.170047
48600  0.170047
48650  0.170047
48700  0.170047
48750  0.170047
48800  0.170047
48850  0.170047
48900  0.170047
48950  0.170047
49000  0.170047
49050  0.170047
49100  0.170047
49150  0.170047
49200  0.170047
49250  0.170047
49300  0.170047
49350  0.170047
49400  0.170047
49450  0.170047
49500  0.170047
49550  0.169809
49600  0.169809
49650  0.169809
49700  0.169809
49750  0.169809
49800  0.169809
49850  0.169526
49900  0.169526
49950  0.169526
50000  0.169526
50050  0.169526
50100  0.169526
50150  0.169526
50200  0.169526
50250  0.169526
50300  0.169526
50350  0.169526
50400  0.169526
50450  0.169526
50500  0.169526
50550  0.169526
50600  0.169526
50650  0.169526
50700  0.169526
50750  0.169526
50800  0.169526
50850  0.169526
50900  0.169526
50950  0.169526
51000  0.169526
51050  0.169526
51100  0.169526
51150  0.169526
51200  0.169526
51250  0.169526
51300  0.169526
51350  0.169526
51400  0.169526
51450  0.169526
51500  0.169526
51550  0.169526
51600  0.169526
51650  0.169526
51700  0.169526
51750  0.169526
51800  0.169526
51850  0.169526
51900  0.169526
51950  0.169526
52000  0.169526
52050  0.169526
52100  0.169526
52150  0.169526
52200  0.169526
52250  0.169526
52300  0.169038
52350  0.169038
52400  0.169038
52450  0.169038
52500  0.169038
52550  0.169038
52600  0.169038
52650  0.169038
52700  0.169038
52750  0.168482
52800  0.168482
52850  0.168482
52900  0.168482
52950  0.168482
53000  0.168482
53050  0.168482
53100  0.168482
53150  0.168482
53200  0.168482
53250  0.168482
53300  0.168482
53350  0.168482
53400  0.168482
53450  0.168482
53500  0.168482
53550  0.168482
53600  0.168482
53650  0.168482
53700  0.168482
53750  0.168482
53800  0.168482
53850  0.168482
53900  0.168482
53950  0.168482
54000  0.168482
54050  0.168482
54100  0.168482
54150  0.168482
54200  0.168482
54250  0.168482
54300  0.168482
54350  0.168482
54400  0.168482
54450  0.168482
54500  0.168482
54550  0.168482
54600  0.168482
54650  0.168482
54700  0.168482
54750  0.168482
54800  0.168482
54850  0.168482
54900  0.168482
54950  0.168482
55000  0.168482
55050  0.168482
55100  0.168482
55150  0.168482
55200  0.168482
55250  0.168482
55300  0.168482
55350  0.168482
55400  0.168009
55450  0.168009
55500  0.168009
55550  0.168009
55600  0.168009
55650  0.168009
55700  0.168009
55750  0.168009
55800  0.168009
55850  0.168009
55900  0.168009
55950  0.168009
56000  0.168009
56050  0.168009
56100  0.168009
56150  0.168009
56200  0.168009
56250  0.168009
56300  0.168009
56350  0.168009
56400  0.168009
56450  0.168009
56500  0.168009
56550  0.168009
56600  0.168009
56650  0.168009
56700  0.168009
56750  0.168009
56800  0.168009
56850  0.168009
56900  0.168009
56950  0.168009
57000  0.168009
57050  0.168009
57100  0.168009
57150  0.168009
57200  0.168009
57250  0.168009
57300  0.168009
57350  0.168009
57400  0.168009
57450  0.168009
57500  0.168009
57550  0.168009
57600  0.168009
57650  0.168009
57700  0.168009
57750  0.168009
57800  0.168009
57850  0.168009
57900  0.168009
57950  0.168009
58000  0.168009
58050  0.168009
58100  0.168009
58150  0.168009
58200  0.168009
58250  0.168009
58300  0.168009
58350  0.168009
58400  0.168009
58450  0.168009
58500  0.168009
58550  0.168009
58600  0.168009
58650  0.168009
58700  0.168009
58750  0.168009
58800  0.168009
58850  0.168009
58900  0.168009
58950  0.168009
59000  0.168009
59050  0.168009
59100  0.168009
59150  0.168009
59200  0.168009
59250  0.168009
59300  0.168009
59350  0.168009
59400  0.168009
59450  0.168009
59500  0.168009
59550  0.168009
59600  0.168009
59650  0.168009
59700  0.167798
59750  0.167798
59800  0.167798
59850  0.167798
59900  0.167798
59950  0.167798
60000  0.167798
60050  0.167798
60100  0.167798
60150  0.167798
60200  0.167798
60250  0.167798
60300  0.167798
60350  0.167798
60400  0.167798
60450  0.167798
60500  0.167798
60550  0.167798
60600  0.167182
60650  0.167182
60700  0.167182
60750  0.167182
60800  0.167182
60850  0.167182
60900  0.167182
60950  0.167182
61000  0.167182
61050  0.167182
61100  0.167182
61150  0.167182
61200  0.167182
61250  0.167182
61300  0.167182
61350  0.167182
61400  0.167182
61450  0.167182
61500  0.167182
61550  0.167182
61600  0.167182
61650  0.167182
61700  0.167182
61750  0.167182
61800  0.167182
61850  0.167182
61900  0.167182
61950  0.167182
62000  0.167182
62050  0.167182
62100  0.167182
62150  0.167182
62200  0.167182
62250  0.166867
62300  0.166867
62350  0.166867
62400  0.166867
62450  0.166867
62500  0.166867
62550  0.166867
62600  0.166867
62650  0.166867
62700  0.166867
62750  0.166867
62800  0.166867
62850  0.166867
62900  0.166867
62950  0.166867
63000  0.166867
63050  0.166867
63100  0.166867
63150  0.166867
63200  0.166867
63250  0.166867
63300  0.166867
63350  0.166867
63400  0.166867
63450  0.166867
63500  0.166867
63550  0.166867
63600  0.166867
63650  0.166867
63700  0.166867
63750  0.166867
63800  0.166867
63850  0.166867
63900  0.166867
63950  0.166867
64000  0.166867
64050  0.166867
64100  0.166867
64150  0.166867
64200  0.166867
64250  0.166867
64300  0.166867
64350  0.166867
64400  0.166867
64450  0.166867
64500  0.166867
64550  0.166867
64600  0.166867
64650  0.166867
64700  0.166867
64750  0.166867
64800  0.166867
64850  0.166867
64900  0.166867
64950  0.166867
65000  0.166867
65050  0.166867
65100  0.166867
65150  0.166867
65200  0.166867
65250  0.166867
65300  0.166867
65350  0.166867
65400  0.166867
65450  0.166867
65500  0.166867
65550  0.166867
65600  0.166867
65650  0.166867
65700  0.166867
65750  0.166867
65800  0.166867
65850  0.166867
65900  0.166867
65950  0.166867
66000  0.166867
66050  0.166867
66100  0.166867
66150  0.166867
66200  0.166867
66250  0.166867
66300  0.166757
66350  0.166757
66400  0.166442
66450  0.166442
66500  0.166442
66550  0.166442
66600  0.166442
66650  0.166442
66700  0.166442
66750  0.166442
66800  0.166442
66850  0.166442
66900  0.166442
66950  0.166442
67000  0.166442
67050  0.166442
67100  0.166442
67150  0.166442
67200  0.166442
67250  0.166442
67300  0.166442
67350  0.166442
67400  0.166231
67450  0.166231
67500  0.166231
67550  0.166231
67600  0.166231
67650  0.166231
67700  0.166231
67750  0.166231
67800  0.166231
67850  0.166231
67900  0.166231
67950  0.166231
68000  0.166231
68050  0.166231
68100  0.166231
68150  0.166231
68200  0.166231
68250  0.166231
68300  0.166231
68350  0.166231
68400  0.166231
68450  0.165717
68500  0.165717
68550  0.165717
68600  0.165717
68650  0.165717
68700  0.165717
68750  0.165717
68800  0.165717
68850  0.165717
68900  0.165717
68950  0.165717
69000  0.165717
69050  0.165717
69100  0.165717
69150  0.165717
69200  0.165717
69250  0.165717
69300  0.165717
69350  0.165717
69400  0.164627
69450  0.164627
69500  0.164627
69550  0.164627
69600  0.164627
69650  0.164627
69700  0.164627
69750  0.164627
69800  0.164627
69850  0.164627
69900  0.164627
69950  0.164627
70000  0.164627
70050  0.164627
70100  0.164627
70150  0.164627
70200  0.164627
70250  0.164627
70300  0.164627
70350  0.164627
70400  0.164627
70450  0.164627
70500  0.164627
70550  0.164627
70600  0.164627
70650  0.164627
70700  0.164627
70750  0.164627
70800  0.164627
70850  0.164627
70900  0.164627
70950  0.164602
71000  0.164602
71050  0.164602
71100  0.164602
71150  0.164602
71200  0.164602
71250  0.164602
71300  0.164602
71350  0.164602
71400  0.164602
71450  0.164602
71500  0.164602
71550  0.164602
71600  0.164602
71650  0.164602
71700  0.164602
71750  0.164602
71800  0.164602
71850  0.164602
71900  0.164602
71950  0.164602
72000  0.164602
72050  0.164602
72100  0.164602
72150  0.164602
72200  0.164602
72250  0.164602
72300  0.164602
72350  0.164602
72400  0.164602
72450  0.164602
72500  0.164602
72550  0.164602
72600  0.164602
72650  0.164602
72700  0.164602
72750  0.164602
72800  0.164602
72850  0.164602
72900  0.164602
72950  0.164602
73000  0.164602
73050  0.164602
73100  0.164602
73150  0.164602
73200  0.164602
73250  0.164602
73300  0.164602
73350  0.164602
73400  0.164602
73450  0.164602
73500  0.164602
73550  0.164602
73600  0.164602
73650  0.164602
73700  0.164602
73750  0.164602
73800  0.164602
73850  0.163734
73900  0.163734
73950  0.163734
74000  0.163734
74050  0.163734
74100  0.163734
74150  0.163734
74200  0.163734
74250  0.163734
74300  0.163734
74350  0.163734
74400  0.163734
74450  0.163734
74500  0.163734
74550  0.163734
74600  0.163734
74650  0.163734
74700  0.163734
74750  0.163734
74800  0.163734
74850  0.163734
74900  0.163734
74950  0.163734
75000  0.163734
75050  0.163734
75100  0.163734
75150  0.163734
75200  0.163734
75250  0.163734
75300  0.163734
75350  0.163734
75400  0.163734
75450  0.163734
75500  0.163734
75550  0.163734
75600  0.163734
75650  0.163734
75700  0.163734
75750  0.163734
75800  0.163734
75850  0.163734
75900  0.163734
75950  0.163734
76000  0.163734
76050  0.163734
76100  0.163734
76150  0.163734
76200  0.163734
76250  0.163734
76300  0.163734
76350  0.163734
76400  0.163734
76450  0.163734
76500  0.163734
76550  0.163734
76600  0.163734
76650  0.163734
76700  0.163734
76750  0.163734
76800  0.163734
76850  0.163734
76900  0.163734
76950  0.163734
77000  0.163734
77050  0.163734
77100  0.163734
77150  0.163734
77200  0.163734
77250  0.163734
77300  0.163734
77350  0.163734
77400  0.163683
77450  0.163618
77500  0.163618
77550  0.163618
77600  0.163618
77650  0.163618
77700  0.163618
77750  0.163618
77800  0.163618
77850  0.163618
77900  0.163618
77950  0.163618
78000  0.163618
78050  0.163618
78100  0.163618
78150  0.163618
78200  0.163618
78250  0.163618
78300  0.163618
78350  0.163618
78400  0.163618
78450  0.163618
78500  0.163618
78550  0.163511
78600  0.163511
78650  0.163511
78700  0.163511
78750  0.163511
78800  0.163511
78850  0.163511
78900  0.163511
78950  0.163511
79000  0.163511
79050  0.163511
79100  0.163511
79150  0.163511
79200  0.163511
79250  0.163511
79300  0.163511
79350  0.163511
79400  0.163511
79450  0.163511
79500  0.163511
79550  0.163511
79600  0.163511
79650  0.163511
79700  0.163511
79750  0.163511
79800  0.163511
79850  0.163511
79900  0.162654
79950  0.162654
80000  0.162654
80050  0.162654
80100  0.162654
80150  0.162654
80200  0.162654
80250  0.162654
80300  0.162654
80350  0.162654
80400  0.162654
80450  0.162654
80500  0.162654
80550  0.162654
80600  0.162654
80650  0.162654
80700  0.162654
80750  0.162654
80800  0.162654
80850  0.162654
80900  0.162654
80950  0.162654
81000  0.162654
81050  0.162654
81100  0.162654
81150  0.162654
81200  0.162654
81250  0.162654
81300  0.162654
81350  0.162654
81400  0.162654
81450  0.162654
81500  0.162654
81550  0.162654
81600  0.162654
81650  0.162654
81700  0.162654
81750  0.162654
81800  0.162654
81850  0.162654
81900  0.162654
81950  0.162654
82000  0.162654
82050  0.162654
82100  0.162654
82150  0.162654
82200  0.162654
82250  0.162654
82300  0.162654
82350  0.162654
82400  0.162654
82450  0.162654
82500  0.162654
82550  0.162654
82600  0.162654
82650  0.162654
82700  0.162654
82750  0.162654
82800  0.162654
82850  0.162654
82900  0.162654
82950  0.162654
83000  0.162654
83050  0.162654
83100  0.162654
83150  0.162654
83200  0.162654
83250  0.162654
83300  0.162654
83350  0.162654
83400  0.162654
83450  0.162654
83500  0.162654
83550  0.162654
83600  0.162654
83650  0.162654
83700  0.162654
83750  0.162654
83800  0.162654
83850  0.162654
83900  0.162654
83950  0.162654
84000  0.162654
84050  0.162654
84100  0.162654
84150  0.162654
84200  0.162654
84250  0.162654
84300  0.162654
84350  0.162654
84400  0.162654
84450  0.162654
84500  0.162654
84550  0.162654
84600  0.162654
84650  0.162654
84700  0.162654
84750  0.162654
84800  0.162654
84850  0.162654
84900  0.162654
84950  0.162654
85000  0.162654
85050  0.162654
85100  0.162654
85150  0.162654
85200  0.162654
85250  0.162654
85300  0.162654
85350  0.162654
85400  0.162654
85450  0.162654
85500  0.162654
85550  0.162654
85600  0.162654
85650  0.162654
85700  0.162654
85750  0.162654
85800  0.162654
85850  0.162654
85900  0.162654
85950  0.162654
86000  0.162654
86050  0.162654
86100  0.162654
86150  0.162654
86200  0.162654
86250  0.162654
86300  0.162654
86350  0.162654
86400  0.162654
86450  0.162654
86500  0.162654
86550  0.162654
86600  0.162654
86650  0.162654
86700  0.162654
86750  0.162654
86800  0.162654
86850  0.162654
86900  0.162654
86950  0.162654
87000  0.162654
87050  0.162654
87100  0.162654
87150  0.162654
87200  0.162654
87250  0.162654
87300  0.162654
87350  0.162654
87400  0.162654
87450  0.162654
87500  0.162654
87550  0.162654
87600  0.162654
87650  0.162654
87700  0.162654
87750  0.162654
87800  0.162654
87850  0.162654
87900  0.162654
87950  0.162654
88000  0.162654
88050  0.162654
88100  0.162654
88150  0.162654
88200  0.162654
88250  0.162654
88300  0.162654
88350  0.162654
88400  0.162654
88450  0.162654
88500  0.162654
88550  0.162654
88600  0.162654
88650  0.162654
88700  0.162654
88750  0.162654
88800  0.162654
88850  0.162654
88900  0.162654
88950  0.162654
89000  0.162654
89050  0.162654
89100  0.162654
89150  0.162654
89200  0.162654
89250  0.162654
89300  0.162654
89350  0.162654
89400  0.162654
89450  0.162654
89500  0.162654
89550  0.162654
89600  0.162654
89650  0.162654
89700  0.162654
89750  0.162635
89800  0.162635
89850  0.162635
89900  0.162635
89950  0.162635
90000  0.162635
90050  0.162635
90100  0.162635
90150  0.162635
90200  0.162635
90250  0.162635
90300  0.162635
90350  0.162635
90400  0.162635
90450  0.162635
90500  0.162635
90550  0.162635
90600  0.162635
90650  0.162635
90700  0.162635
90750  0.162635
90800  0.162635
90850  0.162635
90900  0.162635
90950  0.162635
91000  0.162635
91050  0.162635
91100  0.162635
91150  0.162635
91200  0.162635
91250  0.162635
91300  0.162635
91350  0.162635
91400  0.162635
91450  0.162635
91500  0.162635
91550  0.162635
91600  0.162635
91650  0.162635
91700  0.16204
91750  0.16204
91800  0.16204
91850  0.16204
91900  0.16204
91950  0.16204
92000  0.16204
92050  0.16204
92100  0.16204
92150  0.16204
92200  0.16204
92250  0.16204
92300  0.16204
92350  0.16204
92400  0.16204
92450  0.16204
92500  0.16204
92550  0.16204
92600  0.16204
92650  0.16204
92700  0.16204
92750  0.16204
92800  0.16204
92850  0.16204
92900  0.16204
92950  0.16204
93000  0.16204
93050  0.16204
93100  0.16204
93150  0.16204
93200  0.16204
93250  0.16204
93300  0.16204
93350  0.16204
93400  0.16204
93450  0.16204
93500  0.16201
93550  0.16201
93600  0.16201
93650  0.16201
93700  0.16201
93750  0.16201
93800  0.16201
93850  0.16201
93900  0.16201
93950  0.16201
94000  0.16201
94050  0.16201
94100  0.16201
94150  0.16201
94200  0.16201
94250  0.16201
94300  0.16201
94350  0.16201
94400  0.16201
94450  0.16201
94500  0.16201
94550  0.16201
94600  0.16201
94650  0.16201
94700  0.16201
94750  0.16201
94800  0.16201
94850  0.16201
94900  0.16201
94950  0.16201
95000  0.16201
95050  0.16201
95100  0.16201
95150  0.16201
95200  0.16201
95250  0.16201
95300  0.16201
95350  0.16201
95400  0.16201
95450  0.16201
95500  0.16201
95550  0.16201
95600  0.16201
95650  0.16201
95700  0.16201
95750  0.16201
95800  0.16201
95850  0.16201
95900  0.16201
95950  0.16201
96000  0.16201
96050  0.16201
96100  0.16201
96150  0.16201
96200  0.16201
96250  0.16201
96300  0.16201
96350  0.16201
96400  0.16201
96450  0.16201
96500  0.16201
96550  0.16201
96600  0.16201
96650  0.16201
96700  0.16201
96750  0.16201
96800  0.16201
96850  0.16201
96900  0.16201
96950  0.16201
97000  0.16201
97050  0.16201
97100  0.161892
97150  0.161892
97200  0.161892
97250  0.161892
97300  0.161892
97350  0.161892
97400  0.161892
97450  0.161892
97500  0.160155
97550  0.160155
97600  0.160155
97650  0.160155
97700  0.160155
97750  0.160155
97800  0.160155
97850  0.160155
97900  0.160155
97950  0.160155
98000  0.160155
98050  0.160155
98100  0.160155
98150  0.160155
98200  0.160155
98250  0.160155
98300  0.160155
98350  0.160155
98400  0.160155
98450  0.160155
98500  0.160155
98550  0.160155
98600  0.160155
98650  0.160155
98700  0.160155
98750  0.160155
98800  0.160155
98850  0.160155
98900  0.160155
98950  0.160155
99000  0.160155
99050  0.160155
99100  0.160155
99150  0.160155
99200  0.160155
99250  0.160155
99300  0.160155
99350  0.160155
99400  0.160155
99450  0.160155
99500  0.160155
99550  0.160155
99600  0.160155
99650  0.160155
99700  0.160155
99750  0.160155
99800  0.160155
99850  0.160155
99900  0.160155
99950  0.160155
100000  0.160155
100050  0.160155
100100  0.160155
100150  0.160155
100200  0.160155
100250  0.160155
100300  0.160155
100350  0.160155
100400  0.160155
100450  0.160155
100500  0.160155
100550  0.160155
100600  0.160155
100650  0.160155
100700  0.160155
100750  0.160155
100800  0.160155
100850  0.160155
100900  0.160155
100950  0.160155
101000  0.160155
101050  0.160155
101100  0.160155
101150  0.160155
101200  0.160155
101250  0.160155
101300  0.160155
101350  0.160155
101400  0.160155
101450  0.160155
101500  0.160155
101550  0.160155
101600  0.160155
101650  0.160155
101700  0.160155
101750  0.160155
101800  0.160155
101850  0.160155
101900  0.160155
101950  0.160155
102000  0.160155
102050  0.160155
102100  0.160155
102150  0.160155
102200  0.160155
102250  0.160155
102300  0.160155
102350  0.160155
102400  0.160155
102450  0.160155
102500  0.160155
102550  0.160155
102600  0.160155
102650  0.160155
102700  0.160155
102750  0.160155
102800  0.160155
102850  0.160155
102900  0.160155
102950  0.160155
103000  0.160155
103050  0.160155
103100  0.160155
103150  0.160155
103200  0.160155
103250  0.160155
103300  0.160155
103350  0.160155
103400  0.160155
103450  0.160155
103500  0.160155
103550  0.160155
103600  0.160155
103650  0.160155
103700  0.160155
103750  0.160155
103800  0.160155
103850  0.160155
103900  0.160155
103950  0.160155
104000  0.160155
104050  0.160155
104100  0.160155
104150  0.160155
104200  0.160155
104250  0.160155
104300  0.160155
104350  0.160155
104400  0.160155
104450  0.160155
104500  0.160155
104550  0.160155
104600  0.160155
104650  0.160155
104700  0.160155
104750  0.160155
104800  0.160155
104850  0.160155
104900  0.160155
104950  0.160155
105000  0.160155
105050  0.160155
105100  0.160155
105150  0.160155
105200  0.160155
105250  0.160155
105300  0.160155
105350  0.160155
105400  0.160155
105450  0.160155
105500  0.160155
105550  0.160155
105600  0.160155
105650  0.160155
105700  0.160155
105750  0.160155
105800  0.160155
105850  0.160155
105900  0.160155
105950  0.160155
106000  0.160155
106050  0.160155
106100  0.160155
106150  0.160155
106200  0.160155
106250  0.160155
106300  0.160155
106350  0.160155
106400  0.160155
106450  0.160155
106500  0.160155
106550  0.160155
106600  0.160155
106650  0.160155
106700  0.160155
106750  0.160155
106800  0.160155
106850  0.160155
106900  0.160155
106950  0.160155
107000  0.160155
107050  0.160155
107100  0.160155
107150  0.160155
107200  0.160155
107250  0.160155
107300  0.160155
107350  0.160155
107400  0.160155
107450  0.160155
107500  0.160155
107550  0.160155
107600  0.160155
107650  0.160155
107700  0.160155
107750  0.160155
107800  0.160155
107850  0.160155
107900  0.160155
107950  0.160155
108000  0.160155
108050  0.160155
108100  0.160155
108150  0.160155
108200  0.160155
108250  0.160155
108300  0.160155
108350  0.160155
108400  0.160155
108450  0.160155
108500  0.160155
108550  0.160155
108600  0.160155
108650  0.160155
108700  0.160155
108750  0.160155
108800  0.160155
108850  0.160155
108900  0.160155
108950  0.160155
109000  0.160155
109050  0.160155
109100  0.160155
109150  0.160155
109200  0.160155
109250  0.160155
109300  0.160155
109350  0.160155
109400  0.160155
109450  0.160155
109500  0.160155
109550  0.160155
109600  0.160155
109650  0.160155
109700  0.160155
109750  0.160155
109800  0.160155
109850  0.160155
109900  0.160155
109950  0.160155
110000  0.160155
110050  0.160155
110100  0.160155
110150  0.160155
110200  0.160155
110250  0.160155
110300  0.160155
110350  0.160155
110400  0.160155
110450  0.160155
110500  0.160155
110550  0.160155
110600  0.160155
110650  0.160155
110700  0.160155
110750  0.160155
110800  0.160155
110850  0.160155
110900  0.160155
110950  0.160155
111000  0.160155
111050  0.160155
111100  0.160155
111150  0.160155
111200  0.160155
111250  0.160155
111300  0.160155
111350  0.160155
111400  0.160155
111450  0.160155
111500  0.160155
111550  0.160155
111600  0.160155
111650  0.160155
111700  0.160155
111750  0.160155
111800  0.160155
111850  0.160155
111900  0.160155
111950  0.160155
112000  0.160155
112050  0.160155
112100  0.160155
112150  0.160155
112200  0.160155
112250  0.160155
112300  0.160155
112350  0.160155
112400  0.160155
112450  0.160155
112500  0.160155
112550  0.160155
112600  0.160155
112650  0.160155
112700  0.160155
112750  0.160155
112800  0.160155
112850  0.160155
112900  0.160155
112950  0.160155
113000  0.160155
113050  0.160155
113100  0.160155
113150  0.160155
113200  0.160155
113250  0.160155
113300  0.160155
113350  0.160155
113400  0.160155
113450  0.160155
113500  0.160155
113550  0.160155
113600  0.160155
113650  0.160155
113700  0.160155
113750  0.160155
113800  0.160155
113850  0.160155
113900  0.160155
113950  0.160155
114000  0.160155
114050  0.160155
114100  0.160155
114150  0.160155
114200  0.160155
114250  0.160155
114300  0.160155
114350  0.160155
114400  0.160155
114450  0.160155
114500  0.159897
114550  0.159897
114600  0.159897
114650  0.159897
114700  0.159897
114750  0.159897
114800  0.159897
114850  0.159897
114900  0.159897
114950  0.159897
115000  0.159897
115050  0.159897
115100  0.159897
115150  0.159897
115200  0.159897
115250  0.159897
115300  0.159897
115350  0.159897
115400  0.159897
115450  0.159897
115500  0.159897
115550  0.159897
115600  0.159897
115650  0.159897
115700  0.159897
115750  0.159897
115800  0.159897
115850  0.159897
115900  0.159897
115950  0.159897
116000  0.159897
116050  0.159897
116100  0.159897
116150  0.159897
116200  0.159897
116250  0.159897
116300  0.159897
116350  0.159897
116400  0.159897
116450  0.159897
116500  0.159897
116550  0.159897
116600  0.159897
116650  0.159897
116700  0.159897
116750  0.159897
116800  0.159897
116850  0.159897
116900  0.159897
116950  0.159897
117000  0.159897
117050  0.159897
117100  0.159897
117150  0.159897
117200  0.159897
117250  0.159897
117300  0.159897
117350  0.159897
117400  0.159897
117450  0.159897
117500  0.159897
117550  0.159897
117600  0.159897
117650  0.159897
117700  0.159897
117750  0.159897
117800  0.159897
117850  0.159897
117900  0.159897
117950  0.159897
118000  0.159897
118050  0.159897
118100  0.159897
118150  0.159897
118200  0.159897
118250  0.159897
118300  0.159897
118350  0.159897
118400  0.159897
118450  0.159897
118500  0.159897
118550  0.159897
118600  0.159897
118650  0.159897
118700  0.159897
118750  0.159897
118800  0.159897
118850  0.159897
118900  0.159897
118950  0.159897
119000  0.159897
119050  0.159897
119100  0.159897
119150  0.159897
119200  0.159897
119250  0.159897
119300  0.159897
119350  0.159897
119400  0.159897
119450  0.159897
119500  0.159897
119550  0.159897
119600  0.159897
119650  0.159897
119700  0.159897
119750  0.159897
119800  0.159897
119850  0.159897
119900  0.159897
119950  0.159897
120000  0.159897
120050  0.159897
120100  0.159556
120150  0.159556
120200  0.159556
120250  0.159556
120300  0.159556
120350  0.159556
120400  0.159556
120450  0.159556
120500  0.159556
120550  0.159556
120600  0.159556
120650  0.159556
120700  0.159556
120750  0.159556
120800  0.159556
120850  0.159556
120900  0.159556
120950  0.159556
121000  0.159556
121050  0.159556
121100  0.159556
121150  0.159556
121200  0.159556
121250  0.159556
121300  0.159556
121350  0.159556
121400  0.159556
121450  0.159556
121500  0.159556
121550  0.159556
121600  0.159556
121650  0.159556
121700  0.159556
121750  0.159556
121800  0.159556
121850  0.159556
121900  0.159556
121950  0.159556
122000  0.159556
122050  0.159556
122100  0.159556
122150  0.159556
122200  0.159556
122250  0.159556
122300  0.159556
122350  0.159556
122400  0.159556
122450  0.159556
122500  0.159556
122550  0.159556
122600  0.159556
122650  0.159556
122700  0.159556
122750  0.159556
122800  0.159556
122850  0.159556
122900  0.159556
122950  0.159556
123000  0.159556
123050  0.159556
123100  0.159556
123150  0.159556
123200  0.159556
123250  0.159556
123300  0.159556
123350  0.159556
123400  0.159556
123450  0.159556
123500  0.159556
123550  0.159556
123600  0.159556
123650  0.159556
123700  0.159556
123750  0.159556
123800  0.159556
123850  0.159556
123900  0.159556
123950  0.159556
124000  0.159556
124050  0.159556
124100  0.159556
124150  0.159556
124200  0.159556
124250  0.159556
124300  0.159556
124350  0.159556
124400  0.159556
124450  0.159556
124500  0.159556
124550  0.159556
124600  0.159556
124650  0.159556
124700  0.159556
124750  0.159556
124800  0.159556
124850  0.159556
124900  0.159556
124950  0.159556
125000  0.159556
125050  0.159556
125100  0.159556
125150  0.159556
125200  0.159556
125250  0.159556
125300  0.159556
125350  0.159556
125400  0.159556
125450  0.159401
125500  0.159401
125550  0.159401
125600  0.159401
125650  0.159401
125700  0.159401
125750  0.159401
125800  0.159401
125850  0.159401
125900  0.159401
125950  0.159401
126000  0.159401
126050  0.159401
126100  0.159401
126150  0.159401
126200  0.159401
126250  0.159401
126300  0.159401
126350  0.159401
126400  0.159401
126450  0.159401
126500  0.159401
126550  0.159401
126600  0.159401
126650  0.159401
126700  0.159401
126750  0.159401
126800  0.159401
126850  0.159401
126900  0.159401
126950  0.159401
127000  0.159401
127050  0.159401
127100  0.159401
127150  0.159401
127200  0.159401
127250  0.159401
127300  0.159401
127350  0.159401
127400  0.15903
127450  0.15903
127500  0.15903
127550  0.15903
127600  0.15903
127650  0.15903
127700  0.15903
127750  0.15903
127800  0.15903
127850  0.15903
127900  0.15903
127950  0.15903
128000  0.15903
128050  0.15903
128100  0.15903
128150  0.15903
128200  0.15903
128250  0.15903
128300  0.15903
128350  0.15903
128400  0.15903
128450  0.15903
128500  0.15903
128550  0.15903
128600  0.15903
128650  0.15903
128700  0.15903
128750  0.15903
128800  0.15903
128850  0.15903
128900  0.15903
128950  0.15903
129000  0.15903
129050  0.15903
129100  0.15903
129150  0.15903
129200  0.15903
129250  0.15903
129300  0.15903
129350  0.15903
129400  0.15903
129450  0.15903
129500  0.15903
129550  0.15903
129600  0.15903
129650  0.15903
129700  0.15903
129750  0.15903
129800  0.15903
129850  0.15903
129900  0.15903
129950  0.15903
130000  0.15903
130050  0.15903
130100  0.15903
130150  0.15903
130200  0.15903
130250  0.15903
130300  0.15903
130350  0.15903
130400  0.15903
130450  0.15903
130500  0.15903
130550  0.15903
130600  0.15903
130650  0.15903
130700  0.15903
130750  0.15903
130800  0.15903
130850  0.15903
130900  0.15903
130950  0.15903
131000  0.15903
131050  0.15903
131100  0.15903
131150  0.15903
131200  0.15903
131250  0.15903
131300  0.15903
131350  0.15903
131400  0.15903
131450  0.15903
131500  0.15903
131550  0.15903
131600  0.15903
131650  0.15903
131700  0.15903
131750  0.15903
131800  0.15903
131850  0.15903
131900  0.15903
131950  0.15903
132000  0.15903
132050  0.15903
132100  0.15903
132150  0.15903
132200  0.15903
132250  0.15903
132300  0.15903
132350  0.15903
132400  0.15903
132450  0.15903
132500  0.15903
132550  0.15903
132600  0.15903
132650  0.15903
132700  0.15903
132750  0.15903
132800  0.15903
132850  0.15903
132900  0.15903
132950  0.15903
133000  0.15903
133050  0.15903
133100  0.15903
133150  0.15903
133200  0.15903
133250  0.15903
133300  0.15903
133350  0.15903
133400  0.15903
133450  0.15903
133500  0.15903
133550  0.15903
133600  0.15903
133650  0.158464
133700  0.158464
133750  0.158464
133800  0.158464
133850  0.158464
133900  0.158464
133950  0.158464
134000  0.158464
134050  0.158464
134100  0.158464
134150  0.158464
134200  0.158464
134250  0.158464
134300  0.158464
134350  0.158464
134400  0.158464
134450  0.158464
134500  0.158464
134550  0.158464
134600  0.158464
134650  0.158464
134700  0.158464
134750  0.158464
134800  0.158464
134850  0.158464
134900  0.158464
134950  0.158464
135000  0.158464
135050  0.158464
135100  0.158464
135150  0.158464
135200  0.158464
135250  0.158464
135300  0.158464
135350  0.158464
135400  0.158464
135450  0.158464
135500  0.158464
135550  0.158464
135600  0.158464
135650  0.158464
135700  0.158464
135750  0.158464
135800  0.158464
135850  0.158464
135900  0.158464
135950  0.158464
136000  0.158464
136050  0.158464
136100  0.158464
136150  0.158464
136200  0.158464
136250  0.158464
136300  0.158464
136350  0.158464
136400  0.158464
136450  0.158464
136500  0.158464
136550  0.158464
136600  0.158464
136650  0.158464
136700  0.158464
136750  0.158464
136800  0.158464
136850  0.158464
136900  0.158464
136950  0.158464
137000  0.158464
137050  0.158464
137100  0.158464
137150  0.158464
137200  0.158464
137250  0.158464
137300  0.158464
137350  0.158464
137400  0.158464
137450  0.158464
137500  0.158464
137550  0.158464
137600  0.158464
137650  0.158464
137700  0.158464
137750  0.158464
137800  0.158464
137850  0.158464
137900  0.158464
137950  0.158464
138000  0.158464
138050  0.158464
138100  0.158464
138150  0.158464
138200  0.158464
138250  0.158464
138300  0.158464
138350  0.158464
138400  0.158464
138450  0.158464
138500  0.158464
138550  0.158464
138600  0.158464
138650  0.158464
138700  0.158464
138750  0.158464
138800  0.158464
138850  0.158464
138900  0.158464
138950  0.158464
139000  0.158464
139050  0.158464
139100  0.158464
139150  0.158464
139200  0.158464
139250  0.158464
139300  0.158464
139350  0.158464
139400  0.158464
139450  0.158464
139500  0.158464
139550  0.158464
139600  0.158464
139650  0.158464
139700  0.158464
139750  0.158464
