Step  Penalty
100  0.479632
200  0.464703
300  0.464703
400  0.453231
500  0.453231
600  0.453231
700  0.453231
800  0.449805
900  0.449805
1000  0.449805
1100  0.427152
1200  0.427152
1300  0.427152
1400  0.427152
1500  0.427152
1600  0.427152
1700  0.427152
1800  0.427152
1900  0.427152
2000  0.427152
2100  0.427152
2200  0.427152
2300  0.427152
2400  0.427152
2500  0.427152
2600  0.427152
2700  0.427152
2800  0.427152
2900  0.42269
3000  0.42269
3100  0.42269
3200  0.42269
3300  0.42269
3400  0.416939
3500  0.416939
3600  0.416939
3700  0.416939
3800  0.416939
3900  0.416939
4000  0.416939
4100  0.416939
4200  0.416939
4300  0.416939
4400  0.416939
4500  0.416939
4600  0.416939
4700  0.416939
4800  0.416939
4900  0.416939
5000  0.416939
5100  0.404018
5200  0.404018
5300  0.404018
5400  0.404018
5500  0.404018
5600  0.404018
5700  0.404018
5800  0.404018
5900  0.404018
6000  0.404018
6100  0.404018
6200  0.404018
6300  0.404018
6400  0.404018
6500  0.404018
6600  0.404018
6700  0.404018
6800  0.404018
6900  0.399459
7000  0.399459
7100  0.399459
7200  0.399459
7300  0.399459
7400  0.399459
7500  0.399459
7600  0.399459
7700  0.399459
7800  0.399459
7900  0.399459
8000  0.399459
8100  0.399459
8200  0.399459
8300  0.399459
8400  0.399459
8500  0.399459
8600  0.399459
8700  0.399459
8800  0.399459
8900  0.399459
9000  0.399459
9100  0.399459
9200  0.399459
9300  0.399459
9400  0.399459
9500  0.399459
9600  0.399459
9700  0.399459
9800  0.399459
9900  0.399459
10000  0.399459
10100  0.399459
10200  0.399459
10300  0.399459
10400  0.399459
10500  0.399459
10600  0.399459
10700  0.399459
10800  0.399459
10900  0.399459
11000  0.399459
11100  0.399459
11200  0.399459
11300  0.399459
11400  0.399459
11500  0.399459
11600  0.399028
11700  0.399028
11800  0.399028
11900  0.399028
12000  0.399028
12100  0.399028
12200  0.399028
12300  0.399028
12400  0.399028
12500  0.399028
12600  0.399028
12700  0.399028
12800  0.399028
12900  0.399028
13000  0.399028
13100  0.399028
13200  0.395373
13300  0.395373
13400  0.395373
13500  0.395373
13600  0.395373
13700  0.395373
13800  0.393214
13900  0.393214
14000  0.393214
14100  0.393214
14200  0.393214
14300  0.393214
14400  0.393214
14500  0.393214
14600  0.393214
14700  0.393214
14800  0.393214
14900  0.393214
15000  0.391156
15100  0.391156
15200  0.391156
15300  0.391156
15400  0.391156
15500  0.391156
15600  0.391156
15700  0.391156
15800  0.391156
15900  0.391156
16000  0.391156
16100  0.391156
16200  0.391156
16300  0.391156
16400  0.387147
16500  0.387147
16600  0.387147
16700  0.387147
16800  0.387147
16900  0.387147
17000  0.387147
17100  0.387147
17200  0.387147
17300  0.387147
17400  0.387147
17500  0.387147
17600  0.387147
17700  0.387147
17800  0.387147
17900  0.387147
18000  0.387147
18100  0.387147
18200  0.387147
18300  0.387147
18400  0.387147
18500  0.387147
18600  0.387147
18700  0.387147
18800  0.387147
18900  0.387147
19000  0.387147
19100  0.387147
19200  0.387147
19300  0.387147
19400  0.387147
19500  0.387147
19600  0.387147
19700  0.387147
19800  0.387147
19900  0.387147
20000  0.387147
20100  0.387147
20200  0.387147
20300  0.387147
20400  0.387147
20500  0.387147
20600  0.387147
20700  0.387147
20800  0.387147
20900  0.387147
21000  0.387147
21100  0.387147
21200  0.387147
21300  0.387147
21400  0.387147
21500  0.387147
21600  0.387147
21700  0.387147
21800  0.387147
21900  0.387147
22000  0.387147
22100  0.387147
22200  0.387147
22300  0.387147
22400  0.387147
22500  0.387147
22600  0.387147
22700  0.387147
22800  0.387147
22900  0.387147
23000  0.387147
23100  0.387147
23200  0.387147
23300  0.387147
23400  0.387147
23500  0.387147
23600  0.387147
23700  0.387147
23800  0.387147
23900  0.387147
24000  0.387147
24100  0.387147
24200  0.387147
24300  0.387147
24400  0.38308
24500  0.38308
24600  0.38308
24700  0.38308
24800  0.38308
24900  0.38308
25000  0.38308
25100  0.38308
25200  0.38308
25300  0.38308
25400  0.38308
25500  0.38308
25600  0.38308
25700  0.38308
25800  0.38308
25900  0.38308
26000  0.38308
26100  0.38308
26200  0.38308
26300  0.38308
26400  0.38308
26500  0.38308
26600  0.38308
26700  0.38308
26800  0.38308
26900  0.38308
27000  0.38308
27100  0.38308
27200  0.38308
27300  0.38308
27400  0.38308
27500  0.38308
27600  0.38308
27700  0.38308
27800  0.38308
27900  0.38308
28000  0.38308
28100  0.382841
28200  0.382841
28300  0.382841
28400  0.382841
28500  0.377516
28600  0.377516
28700  0.377516
28800  0.377516
28900  0.377516
29000  0.377516
29100  0.377516
29200  0.377516
29300  0.377516
29400  0.377516
29500  0.377516
29600  0.377516
29700  0.377516
29800  0.377516
29900  0.377516
30000  0.377516
30100  0.377516
30200  0.377516
30300  0.377516
30400  0.377516
30500  0.377516
30600  0.377516
30700  0.377516
30800  0.377516
30900  0.377516
31000  0.377516
31100  0.377516
31200  0.377516
31300  0.377516
31400  0.377516
31500  0.377516
31600  0.377516
31700  0.377516
31800  0.377516
31900  0.377516
32000  0.377516
32100  0.377516
32200  0.377516
32300  0.377516
32400  0.377516
32500  0.377516
32600  0.377516
32700  0.377516
32800  0.377516
32900  0.377516
33000  0.377516
33100  0.377516
33200  0.377516
33300  0.377516
33400  0.377516
33500  0.377516
33600  0.377516
33700  0.377516
33800  0.377516
33900  0.377516
34000  0.377516
34100  0.377516
34200  0.377516
34300  0.377516
34400  0.377516
34500  0.377516
34600  0.377194
34700  0.377194
34800  0.377194
34900  0.377194
35000  0.377194
35100  0.377194
35200  0.377194
35300  0.377194
35400  0.377194
35500  0.377194
35600  0.377194
35700  0.377194
35800  0.377194
35900  0.377194
36000  0.377194
36100  0.377194
36200  0.377194
36300  0.377194
36400  0.377194
36500  0.377194
36600  0.377194
36700  0.377194
36800  0.377194
36900  0.377194
37000  0.377194
37100  0.377194
37200  0.377194
37300  0.377194
37400  0.377194
37500  0.377194
37600  0.377194
37700  0.377194
37800  0.377194
37900  0.377194
38000  0.377194
38100  0.377194
38200  0.377194
38300  0.377194
38400  0.377194
38500  0.377194
38600  0.377194
38700  0.377194
38800  0.377194
38900  0.377194
39000  0.377194
39100  0.377194
39200  0.377194
39300  0.377194
39400  0.377194
39500  0.377194
39600  0.377194
39700  0.377194
39800  0.377194
39900  0.377194
40000  0.377194
40100  0.377194
40200  0.377194
40300  0.377194
40400  0.377194
40500  0.377194
40600  0.377194
40700  0.377194
40800  0.377194
40900  0.377194
41000  0.377194
41100  0.377194
41200  0.377194
41300  0.377194
41400  0.377194
41500  0.377194
41600  0.377194
41700  0.377194
41800  0.377194
41900  0.377194
42000  0.377194
42100  0.377194
42200  0.377194
42300  0.377194
42400  0.377194
42500  0.377194
42600  0.377194
42700  0.377194
42800  0.377194
42900  0.377194
43000  0.377194
43100  0.377194
43200  0.377194
43300  0.377194
43400  0.377194
43500  0.377194
43600  0.377194
43700  0.377194
43800  0.374957
43900  0.374957
44000  0.374957
44100  0.374957
44200  0.374957
44300  0.374957
44400  0.374957
44500  0.374957
44600  0.374957
44700  0.374957
44800  0.374957
44900  0.374957
45000  0.369952
45100  0.369952
45200  0.369952
45300  0.369952
45400  0.369952
45500  0.369952
45600  0.369952
45700  0.369952
45800  0.369952
45900  0.369952
46000  0.369952
46100  0.369952
46200  0.369952
46300  0.369952
46400  0.369952
46500  0.369952
46600  0.369952
46700  0.369952
46800  0.369952
46900  0.369952
47000  0.369952
47100  0.369952
47200  0.369952
47300  0.369952
47400  0.369952
47500  0.369952
47600  0.369952
47700  0.369952
47800  0.369952
47900  0.369952
48000  0.369952
48100  0.369952
48200  0.369952
48300  0.369952
48400  0.369952
48500  0.369952
48600  0.369952
48700  0.369952
48800  0.369952
48900  0.369952
49000  0.369952
49100  0.369952
49200  0.369952
49300  0.369952
49400  0.369952
49500  0.369952
49600  0.369952
49700  0.369952
49800  0.369952
49900  0.369952
50000  0.369952
50100  0.369952
50200  0.369952
50300  0.369952
50400  0.369952
50500  0.369952
50600  0.369952
50700  0.369952
50800  0.369952
50900  0.369952
51000  0.369952
51100  0.369952
51200  0.369952
51300  0.369952
51400  0.369952
51500  0.369952
51600  0.369952
51700  0.369952
51800  0.369952
51900  0.369952
52000  0.366705
52100  0.366705
52200  0.366705
52300  0.366705
52400  0.366705
52500  0.366705
52600  0.366705
52700  0.366705
52800  0.366705
52900  0.366705
53000  0.366705
53100  0.366705
53200  0.366705
53300  0.366705
53400  0.366705
53500  0.366705
53600  0.366705
53700  0.366705
53800  0.366705
53900  0.366705
54000  0.366705
54100  0.366705
54200  0.366705
54300  0.366705
54400  0.366705
54500  0.366705
54600  0.366705
54700  0.366705
54800  0.366705
54900  0.366705
55000  0.366705
55100  0.366705
55200  0.366705
55300  0.366705
55400  0.366705
55500  0.366705
55600  0.366705
55700  0.366705
55800  0.366705
55900  0.366705
56000  0.366705
56100  0.366705
56200  0.366705
56300  0.36332
56400  0.36332
56500  0.36332
56600  0.36332
56700  0.36332
56800  0.36332
56900  0.36332
57000  0.36332
57100  0.36332
57200  0.36332
57300  0.36332
57400  0.36332
57500  0.36332
57600  0.36332
57700  0.355073
57800  0.355073
57900  0.355073
58000  0.355073
58100  0.355073
58200  0.355073
58300  0.355073
58400  0.355073
58500  0.355073
58600  0.355073
58700  0.355073
58800  0.355073
58900  0.355073
59000  0.355073
59100  0.355073
59200  0.355073
59300  0.355073
59400  0.355073
59500  0.355073
59600  0.355073
59700  0.355073
59800  0.355073
59900  0.355073
60000  0.355073
60100  0.355073
60200  0.355073
60300  0.355073
60400  0.355073
60500  0.355073
60600  0.355073
60700  0.355073
60800  0.355073
60900  0.355073
61000  0.355073
61100  0.355073
61200  0.355073
61300  0.355073
61400  0.355073
61500  0.355073
61600  0.355073
61700  0.355073
61800  0.355073
61900  0.355073
62000  0.355073
62100  0.355073
62200  0.355073
62300  0.355073
62400  0.355073
62500  0.355073
62600  0.355073
62700  0.355073
62800  0.355073
62900  0.355073
63000  0.355073
63100  0.355073
63200  0.355073
63300  0.355073
63400  0.355073
63500  0.355073
63600  0.355073
63700  0.355073
63800  0.355073
63900  0.355073
64000  0.355073
64100  0.355073
64200  0.355073
64300  0.355073
64400  0.355073
64500  0.355073
64600  0.355073
64700  0.355073
64800  0.355073
64900  0.355073
65000  0.355073
65100  0.355073
65200  0.355073
65300  0.355073
65400  0.355073
65500  0.355073
65600  0.355073
65700  0.355073
65800  0.355073
65900  0.355073
66000  0.355073
66100  0.355073
66200  0.355073
66300  0.355073
66400  0.355073
66500  0.355073
66600  0.355073
66700  0.355073
66800  0.355073
66900  0.355073
67000  0.355073
67100  0.355073
67200  0.355073
67300  0.355073
67400  0.355073
67500  0.355073
67600  0.355073
67700  0.355073
67800  0.355073
67900  0.355073
68000  0.355073
68100  0.355073
68200  0.355073
68300  0.355073
68400  0.355073
68500  0.355073
68600  0.355073
68700  0.355073
68800  0.355073
68900  0.355073
69000  0.355073
69100  0.355073
69200  0.355073
69300  0.355073
69400  0.355073
69500  0.355073
69600  0.355073
69700  0.355073
69800  0.355073
69900  0.355073
70000  0.355073
70100  0.355073
70200  0.355073
70300  0.355073
70400  0.355073
70500  0.355073
70600  0.355073
70700  0.355073
70800  0.355073
70900  0.355073
71000  0.355073
71100  0.355073
71200  0.355073
71300  0.355073
71400  0.355073
71500  0.355073
71600  0.355073
71700  0.355073
71800  0.355073
71900  0.355073
72000  0.355073
72100  0.355073
72200  0.355073
72300  0.355073
72400  0.355073
72500  0.355073
72600  0.355073
72700  0.355073
72800  0.355073
72900  0.355073
73000  0.355073
73100  0.355073
73200  0.355073
73300  0.355073
73400  0.355073
73500  0.355073
73600  0.355073
73700  0.355073
73800  0.355073
73900  0.355073
74000  0.355073
74100  0.355073
74200  0.355073
74300  0.355073
74400  0.355073
74500  0.355073
74600  0.355073
74700  0.355073
74800  0.355073
74900  0.355073
75000  0.355073
75100  0.355073
75200  0.355073
75300  0.355073
75400  0.355073
75500  0.355073
75600  0.355073
75700  0.355073
75800  0.355073
75900  0.355073
76000  0.355073
76100  0.355073
76200  0.355073
76300  0.355073
76400  0.355073
76500  0.355073
76600  0.355073
76700  0.355073
76800  0.355073
76900  0.355073
77000  0.355073
77100  0.355073
77200  0.355073
77300  0.355073
77400  0.355073
77500  0.355073
77600  0.355073
77700  0.355073
77800  0.355073
77900  0.355073
78000  0.355073
78100  0.355073
78200  0.355073
78300  0.355073
78400  0.355073
78500  0.355073
78600  0.355073
78700  0.355073
78800  0.355073
78900  0.355073
79000  0.355073
79100  0.355073
79200  0.355073
79300  0.355073
79400  0.355073
79500  0.355073
79600  0.355073
79700  0.355073
79800  0.355073
79900  0.355073
80000  0.355073
80100  0.355073
80200  0.355073
80300  0.355073
80400  0.355073
80500  0.355073
80600  0.355073
80700  0.355073
80800  0.355073
80900  0.355073
81000  0.355073
81100  0.355073
81200  0.355073
81300  0.355073
81400  0.355073
81500  0.355073
81600  0.355073
81700  0.355073
81800  0.355073
81900  0.355073
82000  0.355073
82100  0.355073
82200  0.350519
82300  0.350519
82400  0.350519
82500  0.350519
82600  0.350519
82700  0.350519
82800  0.350519
82900  0.350519
83000  0.350519
83100  0.350519
83200  0.350519
83300  0.350519
83400  0.350519
83500  0.350519
83600  0.350519
83700  0.350519
83800  0.350519
83900  0.350519
84000  0.350519
84100  0.350519
84200  0.350519
84300  0.350519
84400  0.350519
84500  0.350519
84600  0.350519
84700  0.350519
84800  0.350519
84900  0.350519
85000  0.350519
85100  0.350519
85200  0.350519
85300  0.350519
85400  0.350519
85500  0.350519
85600  0.350519
85700  0.350519
85800  0.350519
85900  0.350519
86000  0.350519
86100  0.350519
86200  0.350519
86300  0.350519
86400  0.350519
86500  0.350519
86600  0.350519
86700  0.350519
86800  0.350519
86900  0.350519
87000  0.350519
87100  0.350519
87200  0.350519
87300  0.350519
87400  0.350519
87500  0.350519
87600  0.350519
87700  0.350519
87800  0.350519
87900  0.350519
88000  0.350519
88100  0.350519
88200  0.350519
88300  0.350519
88400  0.350519
88500  0.350519
88600  0.350519
88700  0.350519
88800  0.350519
88900  0.350519
89000  0.350519
89100  0.350519
89200  0.350519
89300  0.350519
89400  0.350519
89500  0.350519
89600  0.350519
89700  0.350519
89800  0.350519
89900  0.350519
90000  0.350519
90100  0.350519
90200  0.350519
90300  0.350519
90400  0.350519
90500  0.350519
90600  0.350519
90700  0.350519
90800  0.350519
90900  0.350519
91000  0.350519
91100  0.350519
91200  0.350519
91300  0.350519
91400  0.350519
91500  0.350519
91600  0.350519
91700  0.350519
91800  0.350519
91900  0.350519
92000  0.350519
92100  0.350519
92200  0.350519
92300  0.350519
92400  0.350519
92500  0.350519
92600  0.350519
92700  0.350519
92800  0.350519
92900  0.350519
93000  0.350519
93100  0.350519
93200  0.350519
93300  0.350519
93400  0.350519
93500  0.350519
93600  0.350519
93700  0.350519
93800  0.350519
93900  0.350519
94000  0.350519
94100  0.350519
94200  0.350519
94300  0.350519
94400  0.350519
94500  0.350519
94600  0.350519
94700  0.350519
94800  0.350519
94900  0.350519
95000  0.350519
95100  0.350519
95200  0.350519
95300  0.350519
95400  0.350519
95500  0.350519
95600  0.350519
95700  0.350519
95800  0.350519
95900  0.350519
96000  0.350519
96100  0.350519
96200  0.350519
96300  0.350519
96400  0.350519
96500  0.350519
96600  0.350519
96700  0.350519
96800  0.350519
96900  0.350519
97000  0.350519
97100  0.350519
97200  0.350519
97300  0.350519
97400  0.350519
97500  0.350519
97600  0.350519
97700  0.350519
97800  0.350519
97900  0.350519
98000  0.350519
98100  0.350519
98200  0.350519
98300  0.350519
98400  0.350519
98500  0.350519
98600  0.350519
98700  0.350519
98800  0.350519
98900  0.350519
99000  0.350519
99100  0.350519
99200  0.350519
99300  0.350519
99400  0.350519
99500  0.350519
99600  0.350519
99700  0.350519
99800  0.350519
99900  0.350519
100000  0.350519
100100  0.350519
100200  0.350519
100300  0.350519
100400  0.350519
100500  0.350519
100600  0.350519
100700  0.350519
100800  0.350519
100900  0.350519
101000  0.350519
101100  0.350519
101200  0.350519
101300  0.350519
101400  0.350519
101500  0.350519
101600  0.350519
101700  0.350519
101800  0.350519
101900  0.350519
102000  0.350519
102100  0.350519
102200  0.350519
102300  0.350519
102400  0.350519
102500  0.350519
102600  0.350519
102700  0.350519
102800  0.350519
102900  0.350519
103000  0.350519
103100  0.350519
103200  0.350519
103300  0.350519
103400  0.350519
103500  0.350519
103600  0.350519
103700  0.350519
103800  0.350519
103900  0.350519
104000  0.350519
104100  0.350519
104200  0.350519
104300  0.350519
104400  0.350519
104500  0.350519
104600  0.350519
104700  0.350519
104800  0.350519
104900  0.350519
105000  0.350519
105100  0.350519
105200  0.350519
105300  0.350519
105400  0.350519
105500  0.350519
105600  0.350519
105700  0.350519
105800  0.350519
105900  0.350519
106000  0.350519
106100  0.350519
106200  0.350519
106300  0.350519
106400  0.350519
106500  0.350519
106600  0.350519
106700  0.350519
106800  0.350519
106900  0.350519
107000  0.350519
107100  0.350519
107200  0.350519
107300  0.350519
107400  0.350519
107500  0.350519
107600  0.350519
107700  0.350519
107800  0.350519
107900  0.350519
108000  0.350519
108100  0.350519
108200  0.350519
108300  0.350519
108400  0.350519
108500  0.350519
108600  0.350519
108700  0.350519
108800  0.350519
108900  0.350519
109000  0.350519
109100  0.350519
109200  0.350519
109300  0.350519
109400  0.350519
109500  0.350519
109600  0.350519
109700  0.350519
109800  0.350519
109900  0.350519
110000  0.350519
110100  0.350519
110200  0.350519
110300  0.350519
110400  0.350519
110500  0.350519
110600  0.350519
110700  0.350519
110800  0.350519
110900  0.350519
111000  0.350519
111100  0.350519
