Step  Penalty
100  0.52693
200  0.509424
300  0.498056
400  0.486085
500  0.471173
600  0.450891
700  0.427417
800  0.404181
900  0.383988
1000  0.364381
1100  0.349754
1200  0.335884
1300  0.323549
1400  0.313434
1500  0.303235
1600  0.294573
1700  0.287642
1800  0.280107
1900  0.273474
2000  0.267887
2100  0.263304
2200  0.258742
2300  0.255499
2400  0.252054
2500  0.248782
2600  0.246642
2700  0.244669
2800  0.24329
2900  0.241709
3000  0.240095
3100  0.238346
3200  0.236515
3300  0.234582
3400  0.233102
3500  0.231198
3600  0.229831
3700  0.228676
3800  0.22737
3900  0.226264
4000  0.2255
4100  0.224761
4200  0.224284
4300  0.223354
4400  0.222721
4500  0.222103
4600  0.221635
4700  0.221434
4800  0.22102
4900  0.220615
5000  0.22044
5100  0.220303
5200  0.220082
5300  0.219913
5400  0.219786
5500  0.219589
5600  0.21947
5700  0.219374
5800  0.219141
5900  0.21905
6000  0.218949
6100  0.218803
6200  0.218725
6300  0.218645
6400  0.218489
6500  0.21826
6600  0.21811
6700  0.218036
6800  0.217832
6900  0.217762
7000  0.217665
7100  0.217487
7200  0.21741
7300  0.217297
7400  0.217169
7500  0.21701
7600  0.21693
7700  0.216823
7800  0.216753
7900  0.216644
8000  0.216522
8100  0.216394
8200  0.216328
8300  0.216207
8400  0.216182
8500  0.216148
8600  0.216095
8700  0.216055
8800  0.216029
8900  0.215993
9000  0.215919
9100  0.215849
9200  0.215726
9300  0.215692
9400  0.215567
9500  0.215499
9600  0.215491
9700  0.215476
9800  0.215365
9900  0.215216
10000  0.21516
10100  0.215107
10200  0.215064
10300  0.215023
10400  0.214981
10500  0.214963
10600  0.214914
10700  0.214772
10800  0.214745
10900  0.214699
11000  0.214619
11100  0.214586
11200  0.214525
11300  0.214487
11400  0.214479
11500  0.21438
11600  0.214375
11700  0.21437
11800  0.214347
11900  0.214326
12000  0.214311
12100  0.214231
12200  0.214178
12300  0.214122
12400  0.214098
12500  0.214088
12600  0.214079
12700  0.214044
12800  0.214043
12900  0.213986
13000  0.213892
13100  0.213878
13200  0.213772
13300  0.213684
13400  0.213635
13500  0.213589
13600  0.21357
13700  0.213565
13800  0.213531
13900  0.213508
14000  0.213505
14100  0.213482
14200  0.21348
14300  0.213472
14400  0.213463
14500  0.213422
14600  0.213388
14700  0.21336
14800  0.213352
14900  0.213333
15000  0.213304
15100  0.213231
15200  0.213231
15300  0.213224
15400  0.213211
15500  0.213194
15600  0.213141
15700  0.213134
15800  0.213114
15900  0.213114
16000  0.213096
16100  0.213015
16200  0.213009
16300  0.212989
16400  0.21294
16500  0.212912
16600  0.212876
16700  0.212876
16800  0.212841
16900  0.212824
17000  0.212824
17100  0.212811
17200  0.212794
17300  0.212737
17400  0.212737
17500  0.212737
17600  0.212735
17700  0.212735
17800  0.212733
17900  0.212704
18000  0.212704
18100  0.212704
18200  0.212679
18300  0.21266
18400  0.21266
18500  0.21266
18600  0.212638
18700  0.212637
18800  0.212613
18900  0.212594
19000  0.212581
19100  0.212567
19200  0.212567
19300  0.212567
19400  0.212491
19500  0.212491
19600  0.212461
19700  0.212429
19800  0.212429
19900  0.212429
20000  0.212429
20100  0.212323
20200  0.212323
20300  0.21231
20400  0.21231
20500  0.21231
20600  0.212282
20700  0.212282
20800  0.212244
20900  0.212241
21000  0.212241
21100  0.212234
21200  0.212234
21300  0.212196
21400  0.212196
21500  0.21219
21600  0.212182
21700  0.212155
21800  0.212155
21900  0.212151
22000  0.212151
22100  0.212151
22200  0.212124
22300  0.212124
22400  0.212124
22500  0.212109
22600  0.212109
22700  0.212085
22800  0.212082
22900  0.212082
23000  0.21206
23100  0.21206
23200  0.212023
23300  0.212023
23400  0.212023
23500  0.212023
23600  0.212023
23700  0.21201
23800  0.211979
23900  0.211979
24000  0.211942
24100  0.211919
24200  0.211919
24300  0.211886
24400  0.211881
24500  0.211881
24600  0.211881
24700  0.211881
24800  0.21188
24900  0.211856
25000  0.211841
25100  0.211841
25200  0.211841
25300  0.211841
25400  0.21184
25500  0.211822
25600  0.211796
25700  0.211789
25800  0.211787
25900  0.211783
26000  0.211783
26100  0.211783
26200  0.211762
26300  0.211748
26400  0.211745
26500  0.211745
26600  0.211745
26700  0.211745
26800  0.211745
26900  0.211693
27000  0.211693
27100  0.211693
27200  0.211693
27300  0.211689
27400  0.21163
27500  0.211621
27600  0.211607
27700  0.211586
27800  0.211567
27900  0.211541
28000  0.211541
28100  0.211537
28200  0.211537
28300  0.211537
28400  0.211537
28500  0.21149
28600  0.211475
28700  0.211475
28800  0.211475
28900  0.211475
29000  0.211472
29100  0.211472
29200  0.211472
29300  0.211472
29400  0.211429
29500  0.211429
29600  0.211419
29700  0.211417
29800  0.211417
29900  0.211417
30000  0.211417
30100  0.211417
30200  0.211407
30300  0.211407
30400  0.211399
30500  0.211398
30600  0.211398
30700  0.211387
30800  0.211387
30900  0.211386
31000  0.21138
31100  0.21138
31200  0.21138
31300  0.211356
31400  0.211356
31500  0.211356
31600  0.211356
31700  0.211356
31800  0.211337
31900  0.211335
32000  0.211335
32100  0.211335
32200  0.211332
32300  0.211332
32400  0.211322
32500  0.211316
32600  0.211292
32700  0.211292
32800  0.211292
32900  0.211292
33000  0.211288
33100  0.211288
33200  0.21128
33300  0.21128
33400  0.211275
33500  0.211275
33600  0.211275
33700  0.211275
33800  0.21127
33900  0.211259
34000  0.211259
34100  0.211259
34200  0.211259
34300  0.21125
34400  0.21125
34500  0.211216
34600  0.211216
34700  0.211216
34800  0.211216
34900  0.211203
35000  0.211203
35100  0.211168
35200  0.211168
35300  0.211152
35400  0.211152
35500  0.211152
35600  0.211138
35700  0.211138
35800  0.211138
35900  0.211138
36000  0.211138
36100  0.211138
36200  0.211143
36300  0.211138
36400  0.211135
36500  0.211141
36600  0.211095
36700  0.211095
36800  0.211094
36900  0.211094
37000  0.211094
37100  0.211094
37200  0.211094
37300  0.211094
37400  0.211094
37500  0.21108
37600  0.211075
37700  0.211075
37800  0.211066
37900  0.211064
38000  0.211064
38100  0.211064
38200  0.211064
38300  0.211064
38400  0.211051
38500  0.211048
38600  0.211048
38700  0.211026
38800  0.210974
38900  0.210974
39000  0.210974
39100  0.210974
39200  0.210974
39300  0.210974
39400  0.210974
39500  0.210972
39600  0.210972
39700  0.210966
39800  0.210966
39900  0.210966
40000  0.210964
40100  0.210941
40200  0.210941
40300  0.210915
40400  0.210915
40500  0.210915
40600  0.210887
40700  0.210887
40800  0.210883
40900  0.210883
41000  0.210883
41100  0.210883
41200  0.210883
41300  0.210883
41400  0.210876
41500  0.210876
41600  0.210876
41700  0.210876
41800  0.210876
41900  0.210868
42000  0.210835
42100  0.210822
42200  0.210822
42300  0.210792
42400  0.210792
42500  0.210792
42600  0.210792
42700  0.210792
42800  0.210792
42900  0.210792
43000  0.210792
43100  0.210792
43200  0.210792
43300  0.210792
43400  0.210746
43500  0.210734
43600  0.210734
43700  0.210734
43800  0.210734
43900  0.210734
44000  0.210734
44100  0.210732
44200  0.210732
44300  0.210688
44400  0.210688
44500  0.210688
44600  0.210688
44700  0.210688
44800  0.210688
44900  0.21068
45000  0.21068
45100  0.210669
45200  0.210669
45300  0.210669
45400  0.210652
45500  0.210632
45600  0.210632
45700  0.210602
45800  0.210602
45900  0.210602
46000  0.210602
46100  0.210602
46200  0.210602
46300  0.210602
46400  0.210602
46500  0.210602
46600  0.210602
46700  0.210591
46800  0.210591
46900  0.210591
47000  0.210591
47100  0.210591
47200  0.210591
47300  0.210549
47400  0.210549
47500  0.210549
47600  0.210549
47700  0.210546
47800  0.210546
47900  0.210546
48000  0.210542
48100  0.210542
48200  0.210542
48300  0.210542
48400  0.210542
48500  0.21054
48600  0.21054
48700  0.21054
48800  0.21054
48900  0.21054
49000  0.21054
49100  0.21054
49200  0.21054
49300  0.210524
49400  0.210524
49500  0.210524
49600  0.210497
49700  0.210497
49800  0.210496
49900  0.210496
50000  0.21048
50100  0.21048
50200  0.21048
50300  0.210471
50400  0.210471
50500  0.210471
50600  0.210471
50700  0.210471
50800  0.210471
50900  0.210465
51000  0.210459
51100  0.210459
51200  0.210459
51300  0.210459
51400  0.210459
51500  0.210426
51600  0.210426
51700  0.210426
51800  0.21042
51900  0.21042
52000  0.21042
52100  0.21042
52200  0.21042
52300  0.21042
52400  0.210408
52500  0.210408
52600  0.210408
52700  0.210408
52800  0.210408
52900  0.210408
53000  0.2104
53100  0.2104
53200  0.2104
53300  0.2104
53400  0.2104
53500  0.21039
53600  0.210363
53700  0.210361
53800  0.210354
53900  0.210354
54000  0.210343
54100  0.210343
54200  0.210343
54300  0.210343
54400  0.210326
54500  0.210326
54600  0.210326
54700  0.210307
54800  0.210289
54900  0.210289
55000  0.210289
55100  0.210278
55200  0.210216
55300  0.210216
55400  0.210216
55500  0.210214
55600  0.210214
55700  0.210214
55800  0.210214
55900  0.210209
56000  0.210209
56100  0.210209
56200  0.210209
56300  0.210209
56400  0.210164
56500  0.210164
56600  0.210164
56700  0.210164
56800  0.210156
56900  0.210156
57000  0.210146
57100  0.210146
57200  0.210146
57300  0.210146
57400  0.210146
57500  0.210146
57600  0.21014
57700  0.21014
57800  0.21014
57900  0.210131
58000  0.210131
58100  0.210131
58200  0.210131
58300  0.210131
58400  0.210131
58500  0.210131
58600  0.210102
58700  0.210095
58800  0.210078
58900  0.210078
59000  0.210078
59100  0.210078
59200  0.210078
59300  0.210068
59400  0.210068
59500  0.210068
59600  0.210035
59700  0.210035
59800  0.210035
59900  0.210036
60000  0.210034
60100  0.210034
60200  0.210034
60300  0.21003
60400  0.21003
60500  0.210029
60600  0.210029
60700  0.210023
60800  0.210023
60900  0.210023
61000  0.210023
61100  0.210023
61200  0.209987
61300  0.209952
61400  0.209953
61500  0.209947
61600  0.209949
61700  0.209951
61800  0.209952
61900  0.209946
62000  0.209945
62100  0.209944
62200  0.209942
62300  0.209942
62400  0.209931
62500  0.209928
62600  0.209932
62700  0.209926
62800  0.209928
62900  0.209929
63000  0.209919
63100  0.209919
63200  0.209919
63300  0.209919
63400  0.209919
63500  0.209919
63600  0.209909
63700  0.209896
63800  0.20989
63900  0.20989
64000  0.209878
64100  0.209878
64200  0.209878
64300  0.209878
64400  0.209872
64500  0.209874
64600  0.209872
64700  0.209854
64800  0.209854
64900  0.209854
65000  0.209852
65100  0.209848
65200  0.209846
65300  0.209848
65400  0.209845
65500  0.209848
65600  0.209848
65700  0.209846
65800  0.209845
65900  0.209845
66000  0.209847
66100  0.209854
66200  0.209845
66300  0.209845
66400  0.209846
66500  0.209812
66600  0.209813
66700  0.209811
66800  0.209813
66900  0.209749
67000  0.209746
67100  0.209738
67200  0.209738
67300  0.209738
67400  0.209747
67500  0.209697
67600  0.209697
67700  0.209697
67800  0.209656
67900  0.209651
68000  0.209637
68100  0.209628
68200  0.209629
68300  0.20963
68400  0.209628
68500  0.209618
68600  0.209615
68700  0.209616
68800  0.209579
68900  0.20958
69000  0.209579
69100  0.209579
69200  0.209575
69300  0.209548
69400  0.209521
69500  0.209524
69600  0.209519
69700  0.20952
69800  0.209518
69900  0.209521
70000  0.209518
70100  0.209519
70200  0.209506
70300  0.209506
70400  0.209505
70500  0.209456
70600  0.209457
70700  0.209446
70800  0.209447
70900  0.209432
71000  0.209422
71100  0.209424
71200  0.209425
71300  0.209431
71400  0.20941
71500  0.209408
71600  0.209405
71700  0.209405
71800  0.209405
71900  0.209405
72000  0.209402
72100  0.209404
72200  0.209401
72300  0.209386
72400  0.209389
72500  0.209382
72600  0.209382
72700  0.209382
72800  0.209382
72900  0.209382
73000  0.209382
73100  0.209382
73200  0.209362
73300  0.209362
73400  0.209362
73500  0.20933
73600  0.209302
73700  0.209302
73800  0.209302
73900  0.209302
74000  0.209304
74100  0.209305
74200  0.209309
74300  0.209305
74400  0.209305
74500  0.209304
74600  0.209304
74700  0.209305
74800  0.209284
74900  0.209285
75000  0.209282
75100  0.209283
75200  0.209281
75300  0.20928
75400  0.209255
75500  0.209255
75600  0.209252
75700  0.20925
75800  0.20925
75900  0.20925
76000  0.209253
76100  0.209253
76200  0.209243
76300  0.209241
76400  0.209242
76500  0.209242
76600  0.209233
76700  0.209234
76800  0.209222
76900  0.209186
77000  0.209185
77100  0.209179
77200  0.209157
77300  0.209157
77400  0.20916
77500  0.209131
77600  0.209131
77700  0.209133
77800  0.209124
77900  0.209106
78000  0.209104
78100  0.209106
78200  0.209104
78300  0.209106
78400  0.209104
78500  0.209103
78600  0.209074
78700  0.209073
78800  0.209076
78900  0.209073
79000  0.209067
79100  0.209068
79200  0.209066
79300  0.209069
79400  0.20905
79500  0.209032
79600  0.209031
79700  0.209027
79800  0.209027
79900  0.209025
80000  0.209014
80100  0.208995
80200  0.208996
80300  0.208956
80400  0.208959
80500  0.208956
80600  0.208954
80700  0.208959
80800  0.208959
80900  0.208956
81000  0.208858
81100  0.208858
81200  0.208861
81300  0.208858
81400  0.20886
81500  0.208861
81600  0.208853
81700  0.208857
81800  0.208854
81900  0.208855
82000  0.208838
82100  0.208836
82200  0.208836
82300  0.208812
82400  0.208813
82500  0.208813
82600  0.208786
82700  0.208787
82800  0.208784
82900  0.208735
83000  0.20874
83100  0.208738
83200  0.208737
83300  0.208739
83400  0.208729
83500  0.208707
83600  0.208698
83700  0.208704
83800  0.208699
83900  0.208699
84000  0.2087
84100  0.208687
84200  0.208687
84300  0.208677
84400  0.208674
84500  0.208678
84600  0.208667
84700  0.208666
84800  0.208668
84900  0.208671
85000  0.208661
85100  0.208665
85200  0.208665
85300  0.208666
85400  0.208662
85500  0.208669
85600  0.208664
85700  0.208664
85800  0.208656
85900  0.208656
86000  0.208657
86100  0.208656
86200  0.208661
86300  0.208657
86400  0.208653
86500  0.208657
86600  0.208631
86700  0.208634
86800  0.208639
86900  0.208636
87000  0.208635
87100  0.208635
87200  0.20864
87300  0.208635
87400  0.208634
87500  0.20861
87600  0.2086
87700  0.208603
87800  0.208602
87900  0.2086
88000  0.208601
88100  0.208606
88200  0.2086
88300  0.208583
88400  0.208586
88500  0.208586
88600  0.208584
88700  0.208584
88800  0.208587
88900  0.20858
89000  0.208582
89100  0.208582
89200  0.208576
89300  0.208586
89400  0.208573
89500  0.208578
89600  0.208574
89700  0.20858
89800  0.208573
89900  0.208564
90000  0.208569
90100  0.208562
90200  0.208563
90300  0.208562
90400  0.208552
90500  0.208553
90600  0.208554
90700  0.208557
90800  0.208532
90900  0.20853
91000  0.208538
91100  0.208533
91200  0.208537
91300  0.208536
91400  0.208533
91500  0.208514
91600  0.208506
91700  0.20851
91800  0.208462
91900  0.208461
92000  0.208453
92100  0.208456
92200  0.208425
92300  0.208425
92400  0.208409
92500  0.208409
92600  0.20841
92700  0.208407
92800  0.208414
92900  0.20842
93000  0.20841
93100  0.208409
93200  0.208378
93300  0.208381
93400  0.208381
93500  0.208386
93600  0.208377
93700  0.208378
93800  0.208372
93900  0.208386
94000  0.20838
94100  0.208378
94200  0.208376
94300  0.208382
94400  0.208375
94500  0.208378
94600  0.208377
94700  0.208381
94800  0.208378
94900  0.208379
95000  0.208371
95100  0.208377
95200  0.208377
95300  0.208378
95400  0.208373
95500  0.208374
95600  0.208377
95700  0.208368
95800  0.208365
95900  0.208363
96000  0.208373
96100  0.208361
96200  0.208359
96300  0.208362
96400  0.208332
96500  0.208319
96600  0.208325
96700  0.208318
96800  0.208299
96900  0.208303
97000  0.208302
97100  0.208299
97200  0.2083
97300  0.208306
97400  0.208298
97500  0.208266
97600  0.208253
97700  0.208253
97800  0.208255
97900  0.208254
98000  0.208259
98100  0.208253
98200  0.208256
98300  0.208252
98400  0.208254
98500  0.208257
98600  0.208255
98700  0.208258
98800  0.208259
98900  0.20825
99000  0.208248
99100  0.20825
99200  0.208256
99300  0.208216
99400  0.208215
99500  0.208214
99600  0.208221
99700  0.208214
99800  0.208216
99900  0.208217
100000  0.2082
100100  0.208186
100200  0.208198
100300  0.208193
100400  0.208199
100500  0.208192
100600  0.208195
100700  0.208199
100800  0.208194
100900  0.208201
101000  0.208181
101100  0.208159
101200  0.208161
101300  0.208113
101400  0.208114
101500  0.208112
101600  0.208116
101700  0.208112
101800  0.208115
101900  0.208113
102000  0.208117
102100  0.208115
102200  0.208114
102300  0.208123
102400  0.208109
102500  0.208086
102600  0.208087
102700  0.208083
102800  0.208085
102900  0.208089
103000  0.208082
103100  0.208083
103200  0.208087
103300  0.208066
103400  0.208071
103500  0.208049
103600  0.208049
103700  0.208041
103800  0.20804
103900  0.208035
104000  0.208003
104100  0.207999
104200  0.208005
104300  0.208003
104400  0.208002
104500  0.208008
104600  0.207994
104700  0.20799
104800  0.207977
104900  0.207977
105000  0.20798
105100  0.207969
105200  0.207976
105300  0.207969
105400  0.207975
105500  0.207973
105600  0.207987
105700  0.207978
105800  0.207982
105900  0.207978
106000  0.207984
106100  0.207983
106200  0.207944
106300  0.207943
106400  0.207954
106500  0.207943
106600  0.207943
106700  0.207943
106800  0.207947
106900  0.207951
107000  0.207952
107100  0.207941
107200  0.207945
107300  0.207947
107400  0.207939
107500  0.207947
107600  0.207955
107700  0.207937
107800  0.207936
107900  0.207918
108000  0.207899
108100  0.207905
108200  0.207902
108300  0.207892
108400  0.207882
108500  0.207884
108600  0.207859
108700  0.20786
108800  0.207833
108900  0.207839
109000  0.207829
109100  0.207833
109200  0.207806
109300  0.207801
109400  0.207805
109500  0.207796
109600  0.207812
109700  0.207811
109800  0.207799
109900  0.207803
110000  0.207762
110100  0.207751
110200  0.20774
110300  0.207744
110400  0.207742
110500  0.207737
110600  0.207726
110700  0.207721
110800  0.207719
110900  0.207712
111000  0.207671
111100  0.207672
111200  0.207671
111300  0.207686
111400  0.207684
111500  0.20768
111600  0.207687
111700  0.207684
111800  0.20767
111900  0.207667
112000  0.207659
112100  0.207665
112200  0.207664
112300  0.207666
112400  0.207664
112500  0.207638
112600  0.207642
112700  0.207635
