Step  Penalty
32  0.567646
64  0.523937
96  0.503203
128  0.474043
160  0.445011
192  0.409087
224  0.381587
256  0.353256
288  0.332251
320  0.317058
352  0.297939
384  0.288162
416  0.279031
448  0.274542
480  0.267076
512  0.262811
544  0.259982
576  0.257807
608  0.254017
640  0.251659
672  0.251176
704  0.250681
736  0.249593
768  0.24844
800  0.247731
832  0.246561
864  0.24615
896  0.245465
928  0.24529
960  0.245224
992  0.244472
1024  0.244348
1056  0.244259
1088  0.243987
1120  0.24369
1152  0.243632
1184  0.243597
1216  0.243448
1248  0.243433
1280  0.243433
1312  0.243254
1344  0.243075
1376  0.24302
1408  0.242941
1440  0.242623
1472  0.242558
1504  0.242384
1536  0.242142
1568  0.242138
1600  0.241922
1632  0.241661
1664  0.241428
1696  0.24118
1728  0.24118
1760  0.241091
1792  0.241057
1824  0.241057
1856  0.241057
1888  0.241057
1920  0.24061
1952  0.240568
1984  0.240316
2016  0.240316
2048  0.240316
2080  0.240258
2112  0.240258
2144  0.240258
2176  0.240111
2208  0.240111
2240  0.240074
2272  0.239979
2304  0.239938
2336  0.239938
2368  0.239933
2400  0.239933
2432  0.239821
2464  0.239745
2496  0.239745
2528  0.239745
2560  0.239745
2592  0.239745
2624  0.239683
2656  0.239674
2688  0.239558
2720  0.239558
2752  0.239402
2784  0.239402
2816  0.239402
2848  0.239402
2880  0.239402
2912  0.239401
2944  0.239093
2976  0.239093
3008  0.239093
3040  0.239093
3072  0.239093
3104  0.238995
3136  0.23891
3168  0.238643
3200  0.238643
3232  0.238643
3264  0.238279
3296  0.238265
3328  0.238265
3360  0.238192
3392  0.238192
3424  0.238192
3456  0.238134
3488  0.238109
3520  0.237815
3552  0.237815
3584  0.237703
3616  0.237703
3648  0.237703
3680  0.237565
3712  0.237422
3744  0.237403
3776  0.237357
3808  0.237357
3840  0.237323
3872  0.237323
3904  0.237323
3936  0.237323
3968  0.237323
4000  0.237305
4032  0.237305
4064  0.237305
4096  0.237263
4128  0.237263
4160  0.237133
4192  0.237133
4224  0.237133
4256  0.237133
4288  0.237133
4320  0.237023
4352  0.237023
4384  0.23685
4416  0.23685
4448  0.23685
4480  0.23685
4512  0.23685
4544  0.23685
4576  0.236825
4608  0.236825
4640  0.236753
4672  0.236753
4704  0.236753
4736  0.236753
4768  0.236637
4800  0.236637
4832  0.236637
4864  0.236637
4896  0.236517
4928  0.236517
4960  0.236463
4992  0.236463
5024  0.236443
5056  0.236443
5088  0.236443
5120  0.236443
5152  0.236443
5184  0.236443
5216  0.236443
5248  0.236443
5280  0.236443
5312  0.236443
5344  0.236414
5376  0.236414
5408  0.236414
5440  0.236414
5472  0.236414
5504  0.236414
5536  0.236291
5568  0.236291
5600  0.236291
5632  0.236291
5664  0.236291
5696  0.236291
5728  0.236122
5760  0.236115
5792  0.236115
5824  0.236115
5856  0.236108
5888  0.236022
5920  0.236022
5952  0.23589
5984  0.23589
6016  0.235796
6048  0.235796
6080  0.235796
6112  0.235796
6144  0.235796
6176  0.235796
6208  0.235796
6240  0.235796
6272  0.235796
6304  0.23572
6336  0.23572
6368  0.23572
6400  0.23572
6432  0.23572
6464  0.23572
6496  0.23572
6528  0.235584
6560  0.235584
6592  0.235584
6624  0.235584
6656  0.235584
6688  0.235584
6720  0.235584
6752  0.235584
6784  0.235493
6816  0.235424
6848  0.235424
6880  0.235333
6912  0.235305
6944  0.235305
6976  0.235305
7008  0.235305
7040  0.235305
7072  0.235305
7104  0.235305
7136  0.235305
7168  0.235305
7200  0.235305
7232  0.235305
7264  0.235305
7296  0.235305
7328  0.235305
7360  0.235305
7392  0.235244
7424  0.235244
7456  0.235244
7488  0.235244
7520  0.235244
7552  0.235244
7584  0.235244
7616  0.235244
7648  0.235244
7680  0.235244
7712  0.235211
7744  0.235211
7776  0.235211
7808  0.235211
7840  0.235211
7872  0.235211
7904  0.235211
7936  0.235211
7968  0.235097
8000  0.235097
8032  0.235097
8064  0.235097
8096  0.235097
8128  0.235097
8160  0.235097
8192  0.235097
8224  0.235017
8256  0.235017
8288  0.235017
8320  0.235017
8352  0.235017
8384  0.235017
8416  0.235017
8448  0.235017
8480  0.235017
8512  0.235017
8544  0.235017
8576  0.235017
8608  0.235017
8640  0.235015
8672  0.234976
8704  0.234976
8736  0.234976
8768  0.234976
8800  0.234976
8832  0.234976
8864  0.234976
8896  0.234976
8928  0.234976
8960  0.234976
8992  0.234976
9024  0.234976
9056  0.234865
9088  0.234782
9120  0.234782
9152  0.234782
9184  0.234782
9216  0.234782
9248  0.234782
9280  0.234733
9312  0.234733
9344  0.234733
9376  0.234733
9408  0.234733
9440  0.234733
9472  0.234733
9504  0.234629
9536  0.234573
9568  0.234449
9600  0.234449
9632  0.234449
9664  0.234449
9696  0.234449
9728  0.234449
9760  0.234449
9792  0.234315
9824  0.234315
9856  0.234307
9888  0.234307
9920  0.234307
9952  0.234307
9984  0.234307
10016  0.234307
10048  0.234307
10080  0.234307
10112  0.234307
10144  0.234307
10176  0.234307
10208  0.234307
10240  0.234307
10272  0.234307
10304  0.234307
10336  0.234307
10368  0.234307
10400  0.234307
10432  0.234307
10464  0.234307
10496  0.234307
10528  0.234307
10560  0.234307
10592  0.234307
10624  0.234307
10656  0.234307
10688  0.234075
10720  0.234075
10752  0.234075
10784  0.234075
10816  0.234075
10848  0.234067
10880  0.234067
10912  0.234013
10944  0.234013
10976  0.234013
11008  0.234013
11040  0.234013
11072  0.234013
11104  0.233924
11136  0.233847
11168  0.233847
11200  0.233847
11232  0.233847
11264  0.233847
11296  0.233763
11328  0.233763
11360  0.233763
11392  0.233763
11424  0.233763
11456  0.233763
11488  0.233763
11520  0.233763
11552  0.233763
11584  0.233763
11616  0.233763
11648  0.233763
11680  0.233763
11712  0.233763
11744  0.233763
11776  0.233763
11808  0.233763
11840  0.233763
11872  0.233763
11904  0.233763
11936  0.233656
11968  0.233656
12000  0.233656
12032  0.233656
12064  0.233505
12096  0.233505
12128  0.233482
12160  0.233453
12192  0.233308
12224  0.233279
12256  0.233279
12288  0.233279
12320  0.233279
12352  0.233279
12384  0.233143
12416  0.233143
12448  0.233074
12480  0.233074
12512  0.233074
12544  0.233074
12576  0.233074
12608  0.233074
12640  0.233074
12672  0.233074
12704  0.232978
12736  0.232978
12768  0.232978
12800  0.232782
12832  0.232782
12864  0.232724
12896  0.232724
12928  0.232724
12960  0.232724
12992  0.232724
13024  0.232724
13056  0.232724
13088  0.232685
13120  0.232685
13152  0.232685
13184  0.232685
13216  0.232685
13248  0.232685
13280  0.232685
13312  0.232685
13344  0.232685
13376  0.232685
13408  0.232685
13440  0.232685
13472  0.232685
13504  0.232668
13536  0.232668
13568  0.232668
13600  0.232668
13632  0.232668
13664  0.232668
13696  0.232668
13728  0.232668
13760  0.232668
13792  0.232668
13824  0.232668
13856  0.232668
13888  0.232668
13920  0.232668
13952  0.232668
13984  0.232668
14016  0.232668
14048  0.232668
14080  0.232668
14112  0.232664
14144  0.232617
14176  0.232617
14208  0.232617
14240  0.232617
14272  0.232617
14304  0.232617
14336  0.232617
14368  0.232617
14400  0.232617
14432  0.232617
14464  0.232617
14496  0.232617
14528  0.232617
14560  0.232617
14592  0.232617
14624  0.232617
14656  0.232613
14688  0.232613
14720  0.232613
14752  0.232613
14784  0.232613
14816  0.232613
14848  0.232613
14880  0.232613
14912  0.232613
14944  0.232613
14976  0.232613
15008  0.232613
15040  0.232613
15072  0.232613
15104  0.232613
15136  0.232541
15168  0.232541
15200  0.232541
15232  0.232541
15264  0.232541
15296  0.232541
15328  0.232541
15360  0.232541
15392  0.232541
15424  0.232541
15456  0.232461
15488  0.232439
15520  0.232439
15552  0.232439
15584  0.232439
15616  0.232439
15648  0.232439
15680  0.232439
15712  0.232439
15744  0.232439
15776  0.232439
15808  0.232439
15840  0.232439
15872  0.232439
15904  0.232439
15936  0.232439
15968  0.232439
16000  0.232439
16032  0.232439
16064  0.232439
16096  0.232439
16128  0.232439
16160  0.232439
16192  0.232439
16224  0.232439
16256  0.232439
16288  0.232439
16320  0.232439
16352  0.232405
16384  0.232405
16416  0.232405
16448  0.232405
16480  0.232405
16512  0.232405
16544  0.232405
16576  0.232405
16608  0.232405
16640  0.232405
16672  0.232405
16704  0.232405
16736  0.232405
16768  0.232405
16800  0.232405
16832  0.232405
16864  0.232405
16896  0.232405
16928  0.232405
16960  0.232405
16992  0.232405
17024  0.232405
17056  0.232405
17088  0.232405
17120  0.232405
17152  0.232405
17184  0.232405
17216  0.232405
17248  0.232405
17280  0.232405
17312  0.232405
17344  0.232405
17376  0.232405
17408  0.232405
17440  0.232405
17472  0.232405
17504  0.232405
17536  0.232405
17568  0.232405
17600  0.232405
17632  0.232405
17664  0.232405
17696  0.232405
17728  0.232405
17760  0.232405
17792  0.232405
17824  0.232405
17856  0.232405
17888  0.232405
17920  0.232405
17952  0.232405
17984  0.232405
18016  0.232405
18048  0.232405
18080  0.232405
18112  0.232405
18144  0.232405
18176  0.232405
18208  0.232405
18240  0.232405
18272  0.232405
18304  0.232405
18336  0.232405
18368  0.232405
18400  0.232405
18432  0.232405
18464  0.232405
18496  0.232308
18528  0.232308
18560  0.232308
18592  0.232308
18624  0.232308
18656  0.232308
18688  0.232308
18720  0.232308
18752  0.232308
18784  0.232308
18816  0.232308
18848  0.232308
18880  0.232308
18912  0.232308
18944  0.232308
18976  0.232298
19008  0.232298
19040  0.232298
19072  0.232298
19104  0.232298
19136  0.232298
19168  0.232298
19200  0.232298
19232  0.232298
19264  0.232298
19296  0.232298
19328  0.232298
19360  0.232298
19392  0.232298
19424  0.232298
19456  0.232298
19488  0.232298
19520  0.232298
19552  0.232298
19584  0.232298
19616  0.232298
19648  0.232217
19680  0.232217
19712  0.232217
19744  0.232217
19776  0.232217
19808  0.232217
19840  0.232217
19872  0.232217
19904  0.232217
19936  0.232217
19968  0.232217
20000  0.232217
20032  0.232217
20064  0.232217
20096  0.232217
20128  0.232217
20160  0.232217
20192  0.232217
20224  0.232217
20256  0.232217
20288  0.232217
20320  0.232217
20352  0.232217
20384  0.232217
20416  0.232217
20448  0.232217
20480  0.232217
20512  0.232217
20544  0.232217
20576  0.232217
20608  0.232217
20640  0.232217
20672  0.232217
20704  0.232217
20736  0.232217
20768  0.232217
20800  0.232217
20832  0.232217
20864  0.232217
20896  0.232217
20928  0.232217
20960  0.232217
20992  0.232217
21024  0.232217
21056  0.232217
21088  0.232217
21120  0.232217
21152  0.232217
21184  0.232217
21216  0.232217
21248  0.232217
21280  0.232217
21312  0.232217
21344  0.232217
21376  0.232217
21408  0.232217
21440  0.232217
21472  0.232217
21504  0.232217
21536  0.232217
21568  0.232217
21600  0.232217
21632  0.232217
21664  0.232217
21696  0.232217
21728  0.232217
21760  0.232217
21792  0.232217
21824  0.232217
21856  0.232217
21888  0.232178
21920  0.232178
21952  0.232178
21984  0.232178
22016  0.232178
22048  0.232178
22080  0.232178
22112  0.232141
22144  0.232141
22176  0.232137
22208  0.232137
22240  0.232137
22272  0.232137
22304  0.232137
22336  0.232137
22368  0.232137
22400  0.232137
22432  0.232137
22464  0.232137
22496  0.232137
22528  0.232137
22560  0.232137
22592  0.232058
22624  0.232058
22656  0.232058
22688  0.232058
22720  0.232058
22752  0.23201
22784  0.23201
22816  0.23201
22848  0.23201
22880  0.23201
22912  0.23201
22944  0.23201
22976  0.23201
23008  0.23201
23040  0.23201
23072  0.23201
23104  0.23201
23136  0.23201
23168  0.23201
23200  0.231985
23232  0.231985
23264  0.231985
23296  0.231985
23328  0.231985
23360  0.231985
23392  0.231985
23424  0.231985
23456  0.231985
23488  0.231985
23520  0.231985
23552  0.231985
23584  0.231985
23616  0.231985
23648  0.231942
23680  0.231942
23712  0.231942
23744  0.231942
23776  0.231942
23808  0.231942
23840  0.231942
23872  0.231942
23904  0.231942
23936  0.231942
23968  0.231942
24000  0.231813
24032  0.231813
24064  0.231813
24096  0.231813
24128  0.231813
24160  0.231813
24192  0.231813
24224  0.231813
24256  0.231813
24288  0.231813
24320  0.231813
24352  0.231813
24384  0.231813
24416  0.231813
24448  0.231813
24480  0.231813
24512  0.231813
24544  0.231813
24576  0.231813
24608  0.231813
24640  0.231813
24672  0.231813
24704  0.231813
24736  0.231813
24768  0.231813
24800  0.231813
24832  0.231813
24864  0.231813
24896  0.231813
24928  0.231813
24960  0.231813
24992  0.231813
25024  0.231813
25056  0.231813
25088  0.231813
25120  0.231813
25152  0.231813
25184  0.231813
25216  0.231813
25248  0.231813
25280  0.231813
25312  0.231813
25344  0.231813
25376  0.231813
25408  0.231813
25440  0.231813
25472  0.231813
25504  0.231813
25536  0.231813
25568  0.231813
25600  0.231813
25632  0.231813
25664  0.231813
25696  0.231813
25728  0.231813
25760  0.231813
25792  0.231813
25824  0.231813
25856  0.231813
25888  0.231813
25920  0.231813
25952  0.231813
25984  0.231813
26016  0.231813
26048  0.231813
26080  0.231813
26112  0.231813
26144  0.231813
26176  0.231813
26208  0.231813
26240  0.231813
26272  0.231813
26304  0.231813
26336  0.231813
26368  0.231813
26400  0.231813
26432  0.231813
26464  0.231813
26496  0.231813
26528  0.231813
26560  0.231813
26592  0.231813
26624  0.231813
26656  0.231813
26688  0.231813
26720  0.231813
26752  0.231813
26784  0.231813
26816  0.231813
26848  0.231813
26880  0.231705
26912  0.231705
26944  0.231705
26976  0.231705
27008  0.231705
27040  0.231705
27072  0.231705
27104  0.231705
27136  0.231705
27168  0.231705
27200  0.231705
27232  0.231705
27264  0.231705
27296  0.231705
27328  0.231705
27360  0.231705
27392  0.231705
27424  0.231705
27456  0.231705
27488  0.231705
27520  0.231705
27552  0.231705
27584  0.231705
27616  0.231705
27648  0.231705
27680  0.231705
27712  0.231705
27744  0.231705
27776  0.231705
27808  0.231705
27840  0.231705
27872  0.231705
27904  0.231705
27936  0.231705
27968  0.231705
28000  0.231705
28032  0.231705
28064  0.231705
28096  0.231705
28128  0.231705
28160  0.231705
28192  0.231705
28224  0.231705
28256  0.231705
28288  0.231705
28320  0.231705
28352  0.231705
28384  0.231705
28416  0.231681
28448  0.231681
28480  0.231665
28512  0.231665
28544  0.231665
28576  0.231665
28608  0.231665
28640  0.231665
28672  0.231665
28704  0.231665
28736  0.231665
28768  0.231665
28800  0.231665
28832  0.231665
28864  0.231665
28896  0.231665
28928  0.231665
28960  0.231665
28992  0.231665
29024  0.231665
29056  0.231665
29088  0.231653
29120  0.231653
29152  0.231653
29184  0.231653
29216  0.231613
29248  0.231613
29280  0.231613
29312  0.231613
29344  0.231613
29376  0.231613
29408  0.231613
29440  0.231613
29472  0.231613
29504  0.231613
29536  0.231613
29568  0.231613
29600  0.231613
29632  0.231613
29664  0.231613
29696  0.231613
29728  0.231613
29760  0.231613
29792  0.231613
29824  0.231613
29856  0.231613
29888  0.231613
29920  0.231613
29952  0.231613
29984  0.231613
30016  0.231613
30048  0.231613
30080  0.231613
30112  0.231613
30144  0.231613
30176  0.231613
30208  0.231613
30240  0.231613
30272  0.231613
30304  0.231613
30336  0.231613
30368  0.231613
30400  0.231613
30432  0.231613
30464  0.231613
30496  0.231613
30528  0.231613
30560  0.231613
30592  0.231613
30624  0.231613
30656  0.231613
30688  0.231613
30720  0.231613
30752  0.231613
30784  0.231613
30816  0.231613
30848  0.231613
30880  0.231613
30912  0.231613
30944  0.231613
30976  0.231613
31008  0.231521
31040  0.231521
31072  0.231521
31104  0.231521
31136  0.231521
31168  0.231521
31200  0.231521
31232  0.231521
31264  0.231521
31296  0.231541
31328  0.231541
31360  0.231541
31392  0.231541
31424  0.231541
31456  0.231541
31488  0.231541
31520  0.231541
31552  0.231541
31584  0.231541
31616  0.231541
31648  0.231541
31680  0.231541
31712  0.231541
31744  0.231541
31776  0.231541
31808  0.231479
31840  0.231479
31872  0.231479
31904  0.231479
31936  0.231479
31968  0.231479
32000  0.231479
32032  0.231479
32064  0.231479
32096  0.231479
32128  0.231479
32160  0.231479
32192  0.231479
32224  0.231479
32256  0.231479
32288  0.231479
32320  0.231479
32352  0.23134
32384  0.23134
32416  0.23134
32448  0.23134
32480  0.23134
32512  0.23134
32544  0.23134
32576  0.23134
32608  0.23134
32640  0.23134
32672  0.23134
32704  0.23134
32736  0.23134
32768  0.23134
32800  0.231281
32832  0.231281
32864  0.231281
32896  0.231281
32928  0.231281
32960  0.231235
32992  0.231235
33024  0.231235
33056  0.231235
33088  0.231235
33120  0.231235
33152  0.231235
33184  0.231235
33216  0.231235
33248  0.231235
33280  0.231235
33312  0.231158
33344  0.231158
33376  0.231158
33408  0.231158
33440  0.231158
33472  0.231158
33504  0.231158
33536  0.231158
33568  0.231158
33600  0.231158
33632  0.231158
33664  0.231158
33696  0.231158
33728  0.231158
33760  0.231158
33792  0.231158
33824  0.231158
33856  0.231158
33888  0.231158
33920  0.231158
33952  0.231158
33984  0.231158
34016  0.231158
34048  0.231158
34080  0.231158
34112  0.231158
34144  0.231146
34176  0.231146
34208  0.231146
34240  0.231146
34272  0.231094
34304  0.231094
34336  0.231094
34368  0.231094
34400  0.231094
34432  0.231094
34464  0.231094
34496  0.231094
34528  0.231007
34560  0.231007
34592  0.231007
34624  0.231007
34656  0.231007
34688  0.231007
34720  0.231007
34752  0.231007
34784  0.231007
34816  0.231007
34848  0.231007
34880  0.231007
34912  0.231007
34944  0.231007
34976  0.231007
35008  0.231007
35040  0.231007
35072  0.230985
35104  0.230985
35136  0.230985
35168  0.230985
35200  0.230985
35232  0.230985
35264  0.230985
35296  0.230985
35328  0.230985
35360  0.230985
35392  0.230985
35424  0.230985
35456  0.230985
35488  0.230926
35520  0.230926
35552  0.230926
35584  0.230926
35616  0.230926
35648  0.230926
35680  0.230926
35712  0.230926
35744  0.230926
35776  0.230926
35808  0.230926
35840  0.230926
35872  0.230926
35904  0.230926
35936  0.230786
35968  0.230786
36000  0.230786
36032  0.230786
36064  0.230786
36096  0.230786
36128  0.230786
36160  0.230786
36192  0.230786
36224  0.230786
36256  0.230786
36288  0.230786
36320  0.230786
36352  0.230786
36384  0.230786
36416  0.230786
36448  0.230786
36480  0.230786
36512  0.230786
36544  0.230786
36576  0.230786
36608  0.230786
36640  0.230786
36672  0.230786
36704  0.230786
36736  0.230786
36768  0.230786
36800  0.230786
36832  0.230786
36864  0.230786
36896  0.230786
36928  0.230786
36960  0.230786
36992  0.230786
37024  0.230786
37056  0.230786
37088  0.230786
37120  0.230786
37152  0.230786
37184  0.230786
37216  0.230786
37248  0.230786
37280  0.230786
37312  0.230721
37344  0.230721
37376  0.230721
37408  0.230721
37440  0.230721
37472  0.230721
37504  0.230721
37536  0.230721
37568  0.230721
37600  0.230695
37632  0.230592
37664  0.230592
37696  0.230592
37728  0.230592
37760  0.230592
37792  0.230592
37824  0.230592
37856  0.230592
37888  0.230592
37920  0.230592
37952  0.230592
37984  0.230592
38016  0.230592
38048  0.230592
38080  0.230592
38112  0.230592
38144  0.230592
38176  0.230592
38208  0.230592
38240  0.230592
38272  0.230592
38304  0.230592
38336  0.230592
38368  0.230592
38400  0.230592
38432  0.230592
38464  0.230592
38496  0.230592
38528  0.230587
38560  0.230587
38592  0.230587
38624  0.230587
38656  0.230587
38688  0.230587
38720  0.230587
38752  0.230587
38784  0.230587
38816  0.230587
38848  0.230587
38880  0.230587
38912  0.230587
38944  0.230587
38976  0.230587
39008  0.230587
39040  0.230587
39072  0.230587
39104  0.230587
39136  0.230587
39168  0.230587
39200  0.230587
39232  0.230587
39264  0.230587
39296  0.230587
39328  0.230587
39360  0.230587
39392  0.230587
39424  0.230587
39456  0.230587
39488  0.230587
39520  0.230587
39552  0.230587
39584  0.230587
39616  0.230587
39648  0.230582
39680  0.230582
39712  0.230582
39744  0.230582
39776  0.230536
39808  0.230536
39840  0.230536
39872  0.230536
39904  0.230456
39936  0.230456
39968  0.230456
40000  0.230456
40032  0.230456
40064  0.230456
40096  0.230456
40128  0.230456
40160  0.230456
40192  0.230456
40224  0.230456
40256  0.230456
40288  0.230456
40320  0.230456
40352  0.230456
40384  0.230456
40416  0.230456
40448  0.230456
40480  0.230456
40512  0.230456
40544  0.230456
40576  0.230456
40608  0.230456
40640  0.230456
40672  0.230456
40704  0.230456
40736  0.230456
40768  0.230456
40800  0.230456
40832  0.230456
40864  0.230456
40896  0.230456
40928  0.230456
40960  0.230456
40992  0.230456
41024  0.230456
41056  0.230456
41088  0.230456
41120  0.230456
41152  0.230456
41184  0.230456
41216  0.230456
41248  0.230456
41280  0.230456
41312  0.230456
41344  0.230456
41376  0.230456
41408  0.230456
41440  0.230456
41472  0.230456
41504  0.230456
41536  0.230456
41568  0.230456
41600  0.230456
41632  0.230456
41664  0.230456
41696  0.230456
41728  0.230456
41760  0.230456
41792  0.230456
41824  0.230456
41856  0.230456
41888  0.230456
41920  0.230456
41952  0.230456
41984  0.230456
42016  0.230456
42048  0.230456
42080  0.230456
42112  0.230456
42144  0.230456
42176  0.230456
42208  0.230456
42240  0.230456
42272  0.230456
42304  0.230456
42336  0.230456
42368  0.230456
42400  0.230456
42432  0.230456
42464  0.230456
42496  0.230341
42528  0.230341
42560  0.230341
42592  0.230341
42624  0.230341
42656  0.230341
42688  0.230341
42720  0.230341
42752  0.230341
42784  0.230341
42816  0.230341
42848  0.230341
42880  0.230341
42912  0.230341
42944  0.230341
42976  0.230341
43008  0.230341
43040  0.230341
43072  0.230341
43104  0.230341
43136  0.230341
43168  0.230341
43200  0.230341
43232  0.230341
43264  0.230341
43296  0.230341
43328  0.230341
43360  0.230341
43392  0.230338
43424  0.230338
43456  0.230338
43488  0.230338
43520  0.23033
43552  0.23033
43584  0.23033
43616  0.23033
43648  0.23033
43680  0.23033
43712  0.23033
43744  0.23033
43776  0.23033
43808  0.23033
43840  0.23033
43872  0.23033
43904  0.23033
43936  0.23033
43968  0.230216
44000  0.230216
44032  0.230216
44064  0.230216
44096  0.230216
44128  0.230216
44160  0.230216
44192  0.230216
44224  0.230216
44256  0.230216
44288  0.230216
44320  0.230216
44352  0.230216
44384  0.230216
44416  0.230216
44448  0.230216
44480  0.230216
44512  0.230216
44544  0.230216
44576  0.230216
44608  0.230216
44640  0.230216
44672  0.230216
44704  0.230216
44736  0.230216
44768  0.230216
44800  0.230216
44832  0.230216
44864  0.230216
44896  0.230216
44928  0.230216
44960  0.230216
44992  0.230216
45024  0.230216
45056  0.230216
45088  0.230216
45120  0.230216
45152  0.230216
45184  0.230216
45216  0.230216
45248  0.230216
45280  0.230216
45312  0.230216
45344  0.230216
45376  0.230216
45408  0.230216
45440  0.230216
45472  0.230216
45504  0.230096
45536  0.230096
45568  0.230096
45600  0.230096
45632  0.230096
45664  0.230096
45696  0.230096
45728  0.230096
45760  0.230096
45792  0.230096
45824  0.230096
45856  0.230096
45888  0.230096
45920  0.230096
45952  0.230096
45984  0.230096
46016  0.230096
46048  0.230096
46080  0.230096
46112  0.230096
46144  0.230096
46176  0.230096
46208  0.230096
46240  0.230096
46272  0.230096
46304  0.230096
46336  0.230096
46368  0.230096
46400  0.230096
46432  0.230096
46464  0.230096
46496  0.230096
46528  0.230096
46560  0.230096
46592  0.230096
46624  0.230096
46656  0.230096
46688  0.230096
46720  0.230096
46752  0.230096
46784  0.230096
46816  0.230096
46848  0.230096
46880  0.230096
46912  0.230096
46944  0.230096
46976  0.230096
47008  0.230096
47040  0.230096
47072  0.230096
47104  0.230096
47136  0.230096
47168  0.230096
47200  0.230096
47232  0.230096
47264  0.230096
47296  0.230096
47328  0.230096
47360  0.230096
47392  0.230096
47424  0.230096
47456  0.230096
47488  0.230096
47520  0.230096
47552  0.230096
47584  0.230096
47616  0.230096
47648  0.230096
47680  0.230096
47712  0.230096
47744  0.230096
47776  0.230096
47808  0.230096
47840  0.230096
47872  0.230096
47904  0.230096
47936  0.230096
47968  0.230096
48000  0.230096
48032  0.230096
48064  0.230096
48096  0.230096
48128  0.230096
48160  0.230096
48192  0.230096
48224  0.230096
48256  0.230096
48288  0.230096
48320  0.230096
48352  0.230096
48384  0.230096
48416  0.230096
48448  0.230096
48480  0.230096
48512  0.230096
48544  0.230096
48576  0.230096
48608  0.230096
48640  0.230096
48672  0.230096
48704  0.230096
48736  0.230096
48768  0.230096
48800  0.230096
48832  0.230096
48864  0.230096
48896  0.230096
48928  0.230096
48960  0.230096
48992  0.230096
49024  0.230096
49056  0.230096
49088  0.230096
49120  0.230096
49152  0.230096
49184  0.230021
49216  0.230021
49248  0.230021
49280  0.230021
49312  0.230021
49344  0.230021
49376  0.230021
49408  0.230021
49440  0.230021
49472  0.229985
49504  0.229985
49536  0.229985
49568  0.229985
49600  0.229985
49632  0.229985
49664  0.229985
49696  0.229985
49728  0.229985
49760  0.229985
49792  0.229985
49824  0.229985
49856  0.229985
49888  0.229985
49920  0.229985
49952  0.229985
49984  0.229985
50016  0.229985
50048  0.229985
50080  0.229985
50112  0.229985
50144  0.229985
50176  0.229985
50208  0.229985
50240  0.229985
50272  0.229985
50304  0.229985
50336  0.229985
50368  0.229985
50400  0.229985
50432  0.229985
50464  0.229985
50496  0.229985
50528  0.229985
50560  0.229985
50592  0.229985
50624  0.229985
50656  0.229985
50688  0.229985
50720  0.229985
50752  0.229985
50784  0.229985
50816  0.229985
50848  0.229985
50880  0.229985
50912  0.229985
50944  0.229985
50976  0.229985
51008  0.229985
51040  0.229985
51072  0.229985
51104  0.229985
51136  0.229985
51168  0.229985
51200  0.229985
51232  0.229985
51264  0.229985
51296  0.229985
51328  0.229985
51360  0.229985
51392  0.229985
51424  0.229985
51456  0.229985
51488  0.229985
51520  0.229985
51552  0.229985
51584  0.229985
51616  0.229985
51648  0.229985
51680  0.229985
51712  0.229985
51744  0.229985
51776  0.229985
51808  0.229985
51840  0.229911
51872  0.229911
51904  0.229911
51936  0.229911
51968  0.229911
52000  0.229887
52032  0.229887
52064  0.229887
52096  0.229887
52128  0.229887
52160  0.229887
52192  0.229887
52224  0.229887
52256  0.229887
52288  0.229887
52320  0.229887
52352  0.229887
52384  0.229887
52416  0.229887
52448  0.229887
52480  0.229887
52512  0.229887
52544  0.229887
52576  0.229887
52608  0.229887
52640  0.229887
52672  0.229887
52704  0.229887
52736  0.229887
52768  0.229887
52800  0.229887
52832  0.229887
52864  0.229887
52896  0.229887
52928  0.229887
52960  0.229887
52992  0.229887
53024  0.229887
53056  0.229887
53088  0.229887
53120  0.229887
53152  0.229887
53184  0.229887
53216  0.229887
53248  0.229887
53280  0.229885
53312  0.229885
53344  0.229885
53376  0.229885
53408  0.229885
53440  0.229885
53472  0.229885
53504  0.229885
53536  0.229885
53568  0.229885
53600  0.229885
53632  0.229885
53664  0.229885
53696  0.229885
53728  0.229885
53760  0.229885
53792  0.229885
53824  0.229885
53856  0.229885
53888  0.229885
53920  0.229885
53952  0.229885
53984  0.229885
54016  0.229885
54048  0.229859
54080  0.229859
54112  0.229859
54144  0.229859
54176  0.229859
54208  0.229859
54240  0.229859
54272  0.229859
54304  0.229859
54336  0.229859
54368  0.229859
54400  0.229859
54432  0.229859
54464  0.229859
54496  0.229859
54528  0.229859
54560  0.229859
54592  0.229859
54624  0.229859
54656  0.229859
54688  0.229859
54720  0.229859
54752  0.229859
54784  0.229859
54816  0.229859
54848  0.229859
54880  0.229859
54912  0.229859
54944  0.229859
54976  0.229859
55008  0.229859
55040  0.229859
55072  0.229859
55104  0.229859
55136  0.229859
55168  0.229859
55200  0.2298
55232  0.2298
55264  0.2298
55296  0.2298
55328  0.2298
55360  0.2298
55392  0.2298
55424  0.2298
55456  0.2298
55488  0.2298
55520  0.2298
55552  0.2298
55584  0.2298
55616  0.2298
55648  0.2298
55680  0.2298
55712  0.2298
55744  0.2298
55776  0.2298
55808  0.2298
55840  0.2298
55872  0.2298
55904  0.2298
55936  0.2298
55968  0.2298
56000  0.2298
56032  0.2298
56064  0.2298
56096  0.2298
56128  0.2298
56160  0.2298
56192  0.2298
56224  0.2298
56256  0.2298
56288  0.2298
56320  0.2298
56352  0.2298
56384  0.2298
56416  0.2298
56448  0.2298
56480  0.2298
56512  0.2298
56544  0.2298
56576  0.2298
56608  0.2298
56640  0.2298
56672  0.2298
56704  0.2298
56736  0.2298
56768  0.2298
56800  0.2298
56832  0.2298
56864  0.2298
56896  0.2298
56928  0.2298
56960  0.2298
56992  0.2298
57024  0.2298
57056  0.2298
57088  0.2298
57120  0.2298
57152  0.2298
57184  0.2298
57216  0.2298
57248  0.2298
57280  0.2298
57312  0.2298
57344  0.2298
57376  0.2298
57408  0.2298
57440  0.2298
57472  0.2298
57504  0.2298
57536  0.2298
57568  0.2298
57600  0.2298
57632  0.2298
57664  0.2298
57696  0.2298
57728  0.2298
57760  0.2298
57792  0.2298
57824  0.229798
57856  0.229798
57888  0.22961
57920  0.22961
57952  0.22961
57984  0.22961
58016  0.22961
58048  0.2296
58080  0.2296
58112  0.2296
58144  0.2296
58176  0.2296
58208  0.2296
58240  0.2296
58272  0.2296
58304  0.2296
58336  0.2296
58368  0.2296
58400  0.2296
58432  0.2296
58464  0.2296
58496  0.2296
58528  0.2296
58560  0.2296
58592  0.2296
58624  0.2296
58656  0.2296
58688  0.2296
58720  0.2296
58752  0.229542
58784  0.229542
58816  0.229542
58848  0.229542
58880  0.229542
58912  0.229542
58944  0.229542
58976  0.229542
59008  0.229542
59040  0.229542
59072  0.229542
59104  0.229542
59136  0.229542
59168  0.229542
59200  0.229542
59232  0.229542
59264  0.229542
59296  0.229542
59328  0.229528
59360  0.229528
59392  0.229528
59424  0.229528
59456  0.229528
59488  0.229528
59520  0.229528
59552  0.229528
59584  0.229528
59616  0.229528
59648  0.229528
59680  0.229528
59712  0.229528
59744  0.229528
59776  0.229528
59808  0.229528
59840  0.229528
59872  0.229528
59904  0.229528
59936  0.229528
59968  0.229528
60000  0.229528
60032  0.229528
60064  0.229528
60096  0.229528
60128  0.229528
60160  0.229528
60192  0.229528
60224  0.229528
60256  0.229482
60288  0.229482
60320  0.229482
60352  0.229482
60384  0.229482
60416  0.229482
60448  0.229482
60480  0.229482
60512  0.229482
60544  0.229482
60576  0.229482
60608  0.229482
60640  0.229482
60672  0.229482
60704  0.229482
60736  0.229482
60768  0.229482
60800  0.229482
60832  0.229482
60864  0.229482
60896  0.229482
60928  0.229482
60960  0.229468
60992  0.229468
61024  0.229468
61056  0.229468
61088  0.229468
61120  0.229468
61152  0.229468
61184  0.229468
61216  0.229468
61248  0.229468
61280  0.229468
61312  0.229468
61344  0.229468
61376  0.229468
61408  0.229468
61440  0.229468
61472  0.229468
61504  0.229468
61536  0.229468
61568  0.229468
61600  0.229468
61632  0.229468
61664  0.229468
61696  0.229468
61728  0.229468
61760  0.229468
61792  0.229468
61824  0.229468
61856  0.229468
61888  0.229468
61920  0.229448
61952  0.229448
61984  0.229448
62016  0.229448
62048  0.229448
62080  0.229448
62112  0.229448
62144  0.229448
62176  0.229448
62208  0.229448
62240  0.229448
62272  0.229448
62304  0.229448
62336  0.229448
62368  0.229448
62400  0.229448
62432  0.229448
62464  0.229448
62496  0.229448
62528  0.229448
62560  0.229448
62592  0.229448
62624  0.229448
62656  0.229372
62688  0.229372
62720  0.229372
62752  0.229372
62784  0.229372
62816  0.229372
62848  0.229372
62880  0.229372
62912  0.229372
62944  0.229372
62976  0.229372
63008  0.229372
63040  0.229372
63072  0.229372
63104  0.229372
63136  0.229372
63168  0.229372
63200  0.229372
63232  0.229372
63264  0.229372
63296  0.229371
63328  0.229371
63360  0.229371
63392  0.229371
63424  0.229371
63456  0.229371
63488  0.229371
63520  0.229351
63552  0.229351
63584  0.229351
63616  0.229351
63648  0.229351
63680  0.229351
63712  0.229351
63744  0.229351
63776  0.229351
63808  0.229351
63840  0.229351
63872  0.229351
63904  0.229351
63936  0.229351
63968  0.229351
64000  0.229351
64032  0.229351
64064  0.229351
64096  0.229351
64128  0.22928
64160  0.22928
64192  0.22928
64224  0.22928
64256  0.22928
64288  0.22928
64320  0.22928
64352  0.22928
64384  0.22928
64416  0.22928
64448  0.22928
64480  0.22928
64512  0.22928
64544  0.22928
64576  0.22928
64608  0.22928
64640  0.22928
64672  0.22928
64704  0.22928
64736  0.229277
64768  0.229277
64800  0.229277
64832  0.229277
64864  0.229277
64896  0.229277
64928  0.22924
64960  0.22924
64992  0.22924
65024  0.22924
65056  0.22924
65088  0.22924
65120  0.22924
65152  0.22924
65184  0.22924
65216  0.22924
65248  0.22924
65280  0.22924
65312  0.22924
65344  0.22924
65376  0.22924
65408  0.22924
65440  0.22924
65472  0.22924
65504  0.22924
65536  0.22924
65568  0.22924
65600  0.22924
65632  0.22924
65664  0.22924
65696  0.22924
65728  0.22924
65760  0.22924
65792  0.22924
65824  0.22924
65856  0.22924
65888  0.22924
65920  0.22924
65952  0.22924
65984  0.22924
66016  0.22924
66048  0.22924
66080  0.22924
66112  0.22924
66144  0.22924
66176  0.229193
66208  0.229193
66240  0.229193
66272  0.229193
66304  0.229193
66336  0.229193
66368  0.229193
66400  0.229193
66432  0.229193
66464  0.229193
66496  0.229193
66528  0.229193
66560  0.229193
66592  0.229193
66624  0.229193
66656  0.229193
66688  0.229193
66720  0.229183
66752  0.229183
66784  0.229183
66816  0.229183
66848  0.229183
66880  0.229183
66912  0.229183
66944  0.229183
66976  0.229183
67008  0.229183
67040  0.229183
67072  0.229183
67104  0.229183
67136  0.229183
67168  0.229183
67200  0.229183
67232  0.229183
67264  0.229183
67296  0.229183
67328  0.229183
67360  0.229183
67392  0.229183
67424  0.229171
67456  0.229171
67488  0.229171
67520  0.229171
67552  0.229171
67584  0.229171
67616  0.229171
67648  0.229171
67680  0.229171
67712  0.229171
67744  0.229171
67776  0.229171
67808  0.229171
67840  0.229171
67872  0.229171
67904  0.229171
67936  0.229171
67968  0.229171
68000  0.229171
68032  0.229171
68064  0.229171
68096  0.229171
68128  0.229171
68160  0.229171
68192  0.229171
68224  0.229129
68256  0.229129
68288  0.229129
68320  0.229129
68352  0.229129
68384  0.229129
68416  0.229129
68448  0.229129
68480  0.229129
68512  0.229129
68544  0.229129
68576  0.229129
68608  0.229129
68640  0.229129
68672  0.229129
68704  0.229129
68736  0.229129
68768  0.229129
68800  0.229129
68832  0.229129
68864  0.229129
68896  0.229129
68928  0.229129
68960  0.229129
68992  0.229129
69024  0.229129
69056  0.229129
69088  0.229129
69120  0.229129
69152  0.229129
69184  0.229129
69216  0.229129
69248  0.229129
69280  0.229129
69312  0.229129
69344  0.229129
69376  0.229129
69408  0.229129
69440  0.229129
69472  0.229129
69504  0.229129
69536  0.229129
69568  0.229129
69600  0.229129
69632  0.229129
69664  0.229129
69696  0.229129
69728  0.229129
69760  0.229129
69792  0.229129
69824  0.229129
69856  0.229129
69888  0.229129
69920  0.229129
69952  0.229129
69984  0.229129
70016  0.229129
70048  0.229129
70080  0.229129
70112  0.229129
70144  0.229129
70176  0.229129
70208  0.229129
70240  0.229129
70272  0.229129
70304  0.229129
70336  0.229129
70368  0.229129
70400  0.229129
70432  0.229129
70464  0.229129
70496  0.229129
70528  0.229129
70560  0.229129
70592  0.229129
70624  0.229129
70656  0.229129
70688  0.229129
70720  0.229129
70752  0.229129
70784  0.229129
70816  0.229129
70848  0.229129
70880  0.229129
70912  0.229129
70944  0.229129
70976  0.229129
71008  0.229129
71040  0.229094
71072  0.229094
71104  0.229094
71136  0.229094
71168  0.229094
71200  0.229094
71232  0.229094
71264  0.229094
71296  0.229094
71328  0.229094
71360  0.229094
71392  0.229094
71424  0.229094
71456  0.229094
71488  0.229094
71520  0.229094
71552  0.22902
71584  0.22902
71616  0.22902
71648  0.22902
71680  0.22902
71712  0.22902
71744  0.22902
71776  0.228929
71808  0.228929
71840  0.228929
71872  0.228902
71904  0.228902
71936  0.228902
71968  0.228902
72000  0.228902
72032  0.228902
72064  0.228902
72096  0.228902
72128  0.228875
72160  0.228875
72192  0.228875
72224  0.228875
72256  0.228875
72288  0.228875
72320  0.228875
72352  0.228875
72384  0.228875
72416  0.228875
72448  0.228875
72480  0.228875
72512  0.228875
72544  0.228875
72576  0.228875
72608  0.228875
72640  0.228875
72672  0.228875
72704  0.228875
72736  0.228875
72768  0.228875
72800  0.228875
72832  0.228875
72864  0.228875
72896  0.228875
72928  0.228875
72960  0.228875
72992  0.228875
73024  0.228875
73056  0.228875
73088  0.228875
73120  0.228875
73152  0.228875
73184  0.228875
73216  0.228875
73248  0.228875
73280  0.228875
73312  0.228875
73344  0.228875
73376  0.228875
73408  0.228875
73440  0.228875
73472  0.228875
73504  0.228875
73536  0.228875
73568  0.228875
73600  0.228875
73632  0.228875
73664  0.228875
73696  0.228875
73728  0.228875
73760  0.228875
73792  0.228875
73824  0.228875
73856  0.228875
73888  0.228875
73920  0.228875
73952  0.228875
73984  0.228875
74016  0.228875
74048  0.228875
74080  0.228875
74112  0.228875
74144  0.228875
74176  0.228875
74208  0.228875
74240  0.228875
74272  0.228875
74304  0.228875
74336  0.228875
74368  0.228875
74400  0.228875
74432  0.228875
74464  0.228875
74496  0.228875
74528  0.228875
74560  0.228875
74592  0.228875
74624  0.228875
74656  0.228875
74688  0.228875
74720  0.228875
74752  0.228875
74784  0.228875
74816  0.228875
74848  0.228875
74880  0.228875
74912  0.228875
74944  0.228875
74976  0.228875
75008  0.228875
75040  0.228875
75072  0.228875
75104  0.228875
75136  0.228875
75168  0.228875
75200  0.228875
75232  0.228875
75264  0.228875
75296  0.228875
75328  0.228875
75360  0.228875
75392  0.228875
75424  0.228875
75456  0.228837
75488  0.228837
75520  0.228837
75552  0.228837
75584  0.228837
75616  0.228837
75648  0.228837
75680  0.228837
75712  0.228837
75744  0.228779
75776  0.228779
75808  0.228779
75840  0.228779
75872  0.228779
75904  0.228779
75936  0.228779
75968  0.228779
76000  0.228779
76032  0.228768
76064  0.228768
76096  0.228768
76128  0.228768
76160  0.228768
76192  0.228768
76224  0.228768
76256  0.228768
76288  0.228768
76320  0.228768
76352  0.228768
76384  0.228768
76416  0.228768
76448  0.228768
76480  0.228768
76512  0.228768
76544  0.228768
76576  0.228768
76608  0.228768
76640  0.228768
76672  0.228768
76704  0.228768
76736  0.228768
76768  0.228768
76800  0.228768
76832  0.228768
76864  0.228768
76896  0.228768
76928  0.228711
76960  0.228711
76992  0.228711
77024  0.228711
77056  0.228711
77088  0.228711
77120  0.228711
77152  0.228711
77184  0.228711
77216  0.228711
77248  0.228711
77280  0.228711
77312  0.228711
77344  0.228711
77376  0.228711
77408  0.228711
77440  0.228711
77472  0.228711
77504  0.228711
77536  0.228711
77568  0.228711
77600  0.228711
77632  0.228711
77664  0.228711
77696  0.228711
77728  0.228711
77760  0.228711
77792  0.228711
77824  0.228711
77856  0.228711
77888  0.228711
77920  0.228711
77952  0.228711
77984  0.228711
78016  0.228711
78048  0.228711
78080  0.228711
78112  0.228711
78144  0.228711
78176  0.228711
78208  0.228711
78240  0.228711
78272  0.228711
78304  0.228711
78336  0.228711
78368  0.228611
78400  0.228611
78432  0.228611
78464  0.228611
78496  0.228611
78528  0.228611
78560  0.228611
78592  0.228611
78624  0.228611
78656  0.228611
78688  0.228611
78720  0.228611
78752  0.228611
78784  0.228611
78816  0.228611
78848  0.228611
78880  0.228611
78912  0.228587
78944  0.228587
78976  0.228587
79008  0.228587
79040  0.228587
79072  0.228587
79104  0.228587
79136  0.228587
79168  0.228587
79200  0.228587
79232  0.228587
79264  0.228587
79296  0.228587
79328  0.228587
79360  0.228587
79392  0.228587
79424  0.228587
79456  0.228587
79488  0.228587
79520  0.228587
79552  0.228587
79584  0.228587
79616  0.228587
79648  0.228587
79680  0.228587
79712  0.228587
79744  0.228587
79776  0.228587
79808  0.228587
79840  0.228587
79872  0.228587
79904  0.228587
79936  0.228587
79968  0.228587
80000  0.228587
80032  0.228587
80064  0.228587
80096  0.228587
80128  0.228587
80160  0.228587
80192  0.228587
80224  0.228587
80256  0.228587
80288  0.228587
80320  0.228587
80352  0.228587
80384  0.228587
80416  0.228587
80448  0.228587
80480  0.228587
80512  0.228587
80544  0.228587
80576  0.228587
80608  0.228587
80640  0.228587
80672  0.228587
80704  0.228587
80736  0.228587
80768  0.228587
80800  0.228587
80832  0.228587
80864  0.228587
80896  0.228587
80928  0.228587
80960  0.228587
80992  0.228587
81024  0.228587
81056  0.228587
81088  0.228587
81120  0.228587
81152  0.228528
81184  0.228528
81216  0.228528
81248  0.228528
81280  0.228528
81312  0.228528
81344  0.228528
81376  0.228528
81408  0.228528
81440  0.228528
81472  0.228528
81504  0.228528
81536  0.228528
81568  0.228528
81600  0.228528
81632  0.228528
81664  0.228528
81696  0.228528
81728  0.228528
81760  0.228528
81792  0.228528
81824  0.228528
81856  0.228528
81888  0.228528
81920  0.228528
81952  0.228528
81984  0.228528
82016  0.228528
82048  0.228528
82080  0.228528
82112  0.228528
82144  0.228528
82176  0.228528
82208  0.228528
82240  0.228528
82272  0.228528
82304  0.228528
82336  0.228528
82368  0.228528
82400  0.228528
82432  0.228528
82464  0.228528
82496  0.228528
82528  0.228528
82560  0.228528
82592  0.228528
82624  0.228528
82656  0.228528
82688  0.228528
82720  0.228528
82752  0.228528
82784  0.228528
82816  0.228528
82848  0.228528
82880  0.228528
82912  0.228528
82944  0.228528
82976  0.228483
83008  0.228483
83040  0.228483
83072  0.228483
83104  0.228483
83136  0.228483
83168  0.228483
83200  0.228483
83232  0.228483
83264  0.228483
83296  0.228483
83328  0.228483
83360  0.228483
83392  0.228483
83424  0.228483
83456  0.228483
83488  0.228483
83520  0.228483
83552  0.228483
83584  0.228483
83616  0.228483
83648  0.228483
83680  0.228483
83712  0.228483
83744  0.228483
83776  0.228483
83808  0.228483
83840  0.228483
83872  0.228483
83904  0.228483
83936  0.228483
83968  0.228467
84000  0.228467
84032  0.228467
84064  0.228467
84096  0.228467
84128  0.228467
84160  0.228467
84192  0.228373
84224  0.228373
84256  0.228373
84288  0.228373
84320  0.228373
84352  0.228373
84384  0.228373
84416  0.228373
84448  0.228373
84480  0.228373
84512  0.228373
84544  0.228373
84576  0.228373
84608  0.228373
84640  0.228373
84672  0.228373
84704  0.228373
84736  0.228373
84768  0.228373
84800  0.228373
84832  0.228373
84864  0.228373
84896  0.228373
84928  0.228373
84960  0.228373
84992  0.228373
85024  0.228373
85056  0.228373
85088  0.228373
85120  0.228373
85152  0.228373
85184  0.228373
85216  0.22826
85248  0.22826
85280  0.22826
85312  0.22826
85344  0.22826
85376  0.22826
85408  0.22826
85440  0.22826
85472  0.22826
85504  0.22826
85536  0.22826
85568  0.22826
85600  0.22826
85632  0.22826
85664  0.22826
85696  0.22826
85728  0.228215
85760  0.228215
85792  0.228215
85824  0.228215
85856  0.228215
85888  0.228215
85920  0.228215
85952  0.228215
85984  0.228215
86016  0.228215
86048  0.228215
86080  0.228215
86112  0.228215
86144  0.228215
86176  0.228215
86208  0.228215
86240  0.228215
86272  0.228215
86304  0.228215
86336  0.228215
86368  0.228215
86400  0.228215
86432  0.228215
86464  0.228215
86496  0.228215
86528  0.228215
86560  0.228215
86592  0.228215
86624  0.228215
86656  0.228215
86688  0.228215
86720  0.228215
86752  0.228215
86784  0.228215
86816  0.228215
86848  0.228215
86880  0.228215
86912  0.228215
86944  0.228215
86976  0.228215
87008  0.228215
87040  0.228215
87072  0.228215
87104  0.228215
87136  0.228215
87168  0.228215
87200  0.228215
87232  0.228215
87264  0.228215
87296  0.228215
87328  0.228215
87360  0.228215
87392  0.228215
87424  0.228215
87456  0.228215
87488  0.228215
87520  0.228215
87552  0.228215
87584  0.228215
87616  0.228215
87648  0.228215
87680  0.228215
87712  0.228215
87744  0.228215
87776  0.228215
87808  0.228215
87840  0.228215
87872  0.228215
87904  0.228215
87936  0.228215
87968  0.228215
88000  0.228215
88032  0.228215
88064  0.228215
88096  0.228148
88128  0.228148
88160  0.228148
88192  0.228148
88224  0.228148
88256  0.228148
88288  0.228148
88320  0.228148
88352  0.228148
88384  0.228148
88416  0.228148
88448  0.228148
88480  0.228148
88512  0.228148
88544  0.228148
88576  0.228148
88608  0.228148
88640  0.228148
88672  0.228148
88704  0.228148
88736  0.228148
88768  0.228148
88800  0.228148
88832  0.228148
88864  0.228148
88896  0.228148
88928  0.228148
88960  0.228075
88992  0.228075
89024  0.228075
89056  0.228075
89088  0.228075
89120  0.228075
89152  0.228075
89184  0.228075
89216  0.228075
89248  0.228075
89280  0.228075
89312  0.228075
89344  0.228075
89376  0.228075
89408  0.228075
89440  0.228075
89472  0.228075
89504  0.228075
89536  0.228075
89568  0.228075
89600  0.228075
89632  0.228075
89664  0.228075
89696  0.228075
89728  0.228075
89760  0.228075
89792  0.228075
89824  0.228075
89856  0.228075
89888  0.228075
89920  0.228075
89952  0.228075
89984  0.228075
90016  0.228075
90048  0.228075
90080  0.228075
90112  0.228075
90144  0.228075
90176  0.228075
90208  0.228075
90240  0.228075
90272  0.228075
90304  0.228075
90336  0.228075
90368  0.228075
90400  0.228075
90432  0.228075
90464  0.228075
90496  0.228075
90528  0.228075
90560  0.228075
90592  0.228075
90624  0.228075
90656  0.228075
90688  0.228075
90720  0.228075
90752  0.228075
90784  0.228075
90816  0.228075
90848  0.228075
90880  0.228075
90912  0.228075
90944  0.228075
90976  0.228075
91008  0.228075
91040  0.228075
91072  0.228075
91104  0.228075
91136  0.228075
91168  0.227964
91200  0.227964
91232  0.227964
91264  0.227964
91296  0.227964
91328  0.227964
91360  0.227964
91392  0.227964
91424  0.227964
91456  0.227964
91488  0.227964
91520  0.227964
91552  0.227964
91584  0.227964
91616  0.227964
91648  0.227964
91680  0.227964
91712  0.227964
91744  0.227964
91776  0.227964
91808  0.227964
91840  0.227964
91872  0.227964
91904  0.227964
91936  0.227964
91968  0.227964
92000  0.227964
92032  0.227964
92064  0.227964
92096  0.227964
92128  0.227964
92160  0.227964
92192  0.227964
92224  0.227964
92256  0.227964
92288  0.227964
92320  0.227964
92352  0.227964
92384  0.227964
92416  0.227964
92448  0.227964
92480  0.227964
92512  0.227964
92544  0.227964
92576  0.227964
92608  0.227964
92640  0.227964
92672  0.227964
92704  0.227964
92736  0.227964
92768  0.227964
92800  0.227964
92832  0.227964
92864  0.227964
92896  0.227964
92928  0.227964
92960  0.227964
92992  0.227964
93024  0.227964
93056  0.227964
93088  0.227964
93120  0.227964
93152  0.227964
93184  0.227964
93216  0.227964
93248  0.227964
93280  0.227964
93312  0.227964
93344  0.227964
93376  0.227964
93408  0.227964
93440  0.227964
93472  0.227964
93504  0.227964
93536  0.227964
93568  0.227964
93600  0.227964
93632  0.227964
93664  0.227964
93696  0.227964
93728  0.227964
93760  0.227964
93792  0.227964
93824  0.227964
93856  0.227964
93888  0.227964
93920  0.227964
93952  0.227964
93984  0.227964
94016  0.227964
94048  0.227964
94080  0.227964
94112  0.227964
94144  0.227964
94176  0.227964
94208  0.227964
94240  0.227964
94272  0.227964
94304  0.227964
94336  0.227964
94368  0.227964
94400  0.227964
94432  0.227964
94464  0.227964
94496  0.227964
94528  0.227964
94560  0.227964
94592  0.227964
94624  0.227964
94656  0.227964
94688  0.227964
94720  0.227889
94752  0.227889
94784  0.227889
94816  0.227889
94848  0.227889
94880  0.227889
94912  0.227889
94944  0.227889
94976  0.227889
95008  0.227889
95040  0.227889
95072  0.227889
95104  0.227889
95136  0.227889
95168  0.227889
95200  0.227889
95232  0.227889
95264  0.227889
95296  0.227889
95328  0.227889
95360  0.227889
95392  0.227889
95424  0.227889
95456  0.227889
95488  0.227889
95520  0.227889
95552  0.227889
95584  0.227889
95616  0.227889
95648  0.227889
95680  0.227889
95712  0.227889
95744  0.227889
95776  0.227889
95808  0.227889
95840  0.227889
95872  0.227889
95904  0.227889
95936  0.227889
95968  0.227889
96000  0.227889
96032  0.227889
