Step  Penalty
50  0.475734
100  0.453802
150  0.453802
200  0.438696
250  0.414541
300  0.402364
350  0.390778
400  0.37771
450  0.361681
500  0.35041
550  0.327841
600  0.323562
650  0.302749
700  0.298517
750  0.276243
800  0.276243
850  0.270275
900  0.264213
950  0.261594
1000  0.249514
1050  0.248332
1100  0.243883
1150  0.243883
1200  0.242332
1250  0.242332
1300  0.240417
1350  0.238408
1400  0.233767
1450  0.233767
1500  0.233735
1550  0.233735
1600  0.230789
1650  0.228178
1700  0.228178
1750  0.228178
1800  0.227359
1850  0.227359
1900  0.227359
1950  0.227359
2000  0.227359
2050  0.227359
2100  0.227359
2150  0.227359
2200  0.227359
2250  0.224673
2300  0.224673
2350  0.224673
2400  0.224673
2450  0.224673
2500  0.224673
2550  0.224673
2600  0.224673
2650  0.224673
2700  0.224673
2750  0.224673
2800  0.224673
2850  0.224641
2900  0.224641
2950  0.223026
3000  0.223026
3050  0.223026
3100  0.223026
3150  0.223026
3200  0.223026
3250  0.223026
3300  0.223026
3350  0.223026
3400  0.223026
3450  0.223026
3500  0.223026
3550  0.223026
3600  0.223026
3650  0.223026
3700  0.223026
3750  0.223026
3800  0.223026
3850  0.223026
3900  0.223026
3950  0.222718
4000  0.222718
4050  0.221681
4100  0.221681
4150  0.221681
4200  0.221681
4250  0.221681
4300  0.221681
4350  0.221681
4400  0.221681
4450  0.220851
4500  0.220851
4550  0.220851
4600  0.220851
4650  0.220851
4700  0.220851
4750  0.220851
4800  0.220851
4850  0.220851
4900  0.220851
4950  0.220851
5000  0.220851
5050  0.220851
5100  0.220851
5150  0.220851
5200  0.220851
5250  0.220851
5300  0.220851
5350  0.220851
5400  0.220851
5450  0.220851
5500  0.220851
5550  0.220851
5600  0.220708
5650  0.220708
5700  0.220708
5750  0.220708
5800  0.220708
5850  0.220708
5900  0.220708
5950  0.220708
6000  0.220708
6050  0.220708
6100  0.220708
6150  0.220708
6200  0.220708
6250  0.220708
6300  0.220708
6350  0.220683
6400  0.220683
6450  0.220683
6500  0.220683
6550  0.218447
6600  0.218447
6650  0.218447
6700  0.218447
6750  0.218447
6800  0.218447
6850  0.218447
6900  0.218447
6950  0.218447
7000  0.218447
7050  0.218447
7100  0.218447
7150  0.218447
7200  0.218447
7250  0.218447
7300  0.218447
7350  0.218447
7400  0.218447
7450  0.218447
7500  0.218447
7550  0.218447
7600  0.218447
7650  0.218447
7700  0.218447
7750  0.218447
7800  0.218447
7850  0.218447
7900  0.218447
7950  0.218447
8000  0.218447
8050  0.218447
8100  0.218447
8150  0.218447
8200  0.218447
8250  0.218447
8300  0.218229
8350  0.218229
8400  0.218229
8450  0.218229
8500  0.218229
8550  0.218229
8600  0.218229
8650  0.218229
8700  0.218229
8750  0.218229
8800  0.218229
8850  0.218229
8900  0.218229
8950  0.218229
9000  0.218229
9050  0.218229
9100  0.218229
9150  0.218229
9200  0.218229
9250  0.218229
9300  0.218229
9350  0.218229
9400  0.218229
9450  0.218229
9500  0.218229
9550  0.218229
9600  0.218229
9650  0.218229
9700  0.218229
9750  0.218229
9800  0.218229
9850  0.218229
9900  0.218229
9950  0.218229
10000  0.217125
10050  0.217125
10100  0.217125
10150  0.217125
10200  0.216263
10250  0.216263
10300  0.216263
10350  0.216263
10400  0.216263
10450  0.216263
10500  0.216263
10550  0.216263
10600  0.216263
10650  0.216263
10700  0.216263
10750  0.216263
10800  0.216263
10850  0.216263
10900  0.216263
10950  0.216263
11000  0.216263
11050  0.216263
11100  0.216263
11150  0.216263
11200  0.216263
11250  0.216263
11300  0.216263
11350  0.216263
11400  0.216263
11450  0.216263
11500  0.216263
11550  0.216263
11600  0.216263
11650  0.216263
11700  0.216263
11750  0.216263
11800  0.216263
11850  0.216263
11900  0.216263
11950  0.216263
12000  0.216263
12050  0.216263
12100  0.216263
12150  0.216263
12200  0.216263
12250  0.216263
12300  0.216263
12350  0.216263
12400  0.216263
12450  0.216263
12500  0.216263
12550  0.216263
12600  0.216263
12650  0.216263
12700  0.216263
12750  0.216263
12800  0.216263
12850  0.216263
12900  0.216263
12950  0.216263
13000  0.216263
13050  0.216263
13100  0.216263
13150  0.216263
13200  0.216263
13250  0.216263
13300  0.216263
13350  0.216263
13400  0.216263
13450  0.216263
13500  0.216263
13550  0.216263
13600  0.216263
13650  0.216263
13700  0.216263
13750  0.216263
13800  0.216263
13850  0.216263
13900  0.216263
13950  0.216263
14000  0.216263
14050  0.216263
14100  0.216263
14150  0.216263
14200  0.216263
14250  0.216263
14300  0.216263
14350  0.216263
14400  0.216263
14450  0.216263
14500  0.216263
14550  0.216263
14600  0.216263
14650  0.216263
14700  0.216263
14750  0.216263
14800  0.216263
14850  0.216263
14900  0.216263
14950  0.216263
15000  0.216263
15050  0.216263
15100  0.216263
15150  0.216263
15200  0.216263
15250  0.216263
15300  0.216263
15350  0.216263
15400  0.216263
15450  0.216263
15500  0.216263
15550  0.216263
15600  0.216263
15650  0.216263
15700  0.216263
15750  0.216263
15800  0.216263
15850  0.216263
15900  0.216263
15950  0.216263
16000  0.216263
16050  0.216263
16100  0.216263
16150  0.216263
16200  0.216263
16250  0.216263
16300  0.216263
16350  0.216263
16400  0.216263
16450  0.216263
16500  0.216263
16550  0.216263
16600  0.216263
16650  0.216263
16700  0.216263
16750  0.216263
16800  0.216263
16850  0.216263
16900  0.216263
16950  0.216263
17000  0.216263
17050  0.216263
17100  0.216263
17150  0.216263
17200  0.216263
17250  0.216263
17300  0.216263
17350  0.216263
17400  0.216263
17450  0.216263
17500  0.216263
17550  0.216263
17600  0.216263
17650  0.216263
17700  0.216263
17750  0.216263
17800  0.216263
17850  0.216263
17900  0.216263
17950  0.216263
18000  0.216263
18050  0.216263
18100  0.216263
18150  0.216263
18200  0.216263
18250  0.216263
18300  0.216263
18350  0.216263
18400  0.216263
18450  0.216263
18500  0.216263
18550  0.216263
18600  0.216263
18650  0.216106
18700  0.216106
18750  0.216106
18800  0.216106
18850  0.216106
18900  0.216106
18950  0.216106
19000  0.216106
19050  0.216106
19100  0.216106
19150  0.216106
19200  0.216106
19250  0.216106
19300  0.216106
19350  0.216106
19400  0.216106
19450  0.216106
19500  0.216106
19550  0.216106
19600  0.216106
19650  0.216106
19700  0.216106
19750  0.216106
19800  0.216106
19850  0.216106
19900  0.216106
19950  0.216106
20000  0.216106
20050  0.216106
20100  0.216106
20150  0.216106
20200  0.216106
20250  0.216106
20300  0.216106
20350  0.216106
20400  0.216106
20450  0.216106
20500  0.216106
20550  0.216106
20600  0.216106
20650  0.216106
20700  0.216106
20750  0.216106
20800  0.216106
20850  0.216106
20900  0.216106
20950  0.216106
21000  0.216106
21050  0.216106
21100  0.216106
21150  0.216106
21200  0.216106
21250  0.216106
21300  0.216106
21350  0.216106
21400  0.216106
21450  0.216106
21500  0.216106
21550  0.216106
21600  0.216106
21650  0.216106
21700  0.216106
21750  0.216106
21800  0.216106
21850  0.216106
21900  0.216106
21950  0.216106
22000  0.216106
22050  0.216106
22100  0.216106
22150  0.216106
22200  0.216106
22250  0.216106
22300  0.216106
22350  0.216106
22400  0.216106
22450  0.216106
22500  0.216106
22550  0.216106
22600  0.216106
22650  0.216106
22700  0.216106
22750  0.216106
22800  0.216106
22850  0.216106
22900  0.216106
22950  0.216106
23000  0.216106
23050  0.216106
23100  0.216106
23150  0.216106
23200  0.216106
23250  0.216106
23300  0.216106
23350  0.216106
23400  0.216106
23450  0.216106
23500  0.216106
23550  0.216106
23600  0.216106
23650  0.216106
23700  0.216106
23750  0.216106
23800  0.216106
23850  0.216106
23900  0.216106
23950  0.216106
24000  0.216106
24050  0.216106
24100  0.216106
24150  0.216106
24200  0.216106
24250  0.216106
24300  0.216106
24350  0.216106
24400  0.216106
24450  0.216106
24500  0.216106
24550  0.216106
24600  0.216106
24650  0.216106
24700  0.216106
24750  0.216106
24800  0.216106
24850  0.216106
24900  0.216106
24950  0.216106
25000  0.216106
25050  0.216106
25100  0.216106
25150  0.216106
25200  0.216106
25250  0.216106
25300  0.216106
25350  0.216106
25400  0.216106
25450  0.216106
25500  0.216106
25550  0.216106
25600  0.216106
25650  0.216106
25700  0.216106
25750  0.216106
25800  0.216106
25850  0.216106
25900  0.216106
25950  0.216106
26000  0.216106
26050  0.216106
26100  0.216106
26150  0.216106
26200  0.216106
26250  0.216106
26300  0.216106
26350  0.216106
26400  0.216106
26450  0.216106
26500  0.216106
26550  0.216106
26600  0.216106
26650  0.216106
26700  0.216106
26750  0.216106
26800  0.216106
26850  0.216106
26900  0.216106
26950  0.216106
27000  0.216106
27050  0.216106
27100  0.216106
27150  0.216106
27200  0.216106
27250  0.216106
27300  0.216106
27350  0.216106
27400  0.216106
27450  0.216106
27500  0.216106
27550  0.216106
27600  0.216106
27650  0.216106
27700  0.216106
27750  0.216106
27800  0.216106
27850  0.216106
27900  0.216106
27950  0.216106
28000  0.216106
28050  0.216106
28100  0.216106
28150  0.216106
28200  0.216106
28250  0.216106
28300  0.216106
28350  0.216106
28400  0.216106
28450  0.216106
28500  0.216106
28550  0.216106
28600  0.216106
28650  0.216106
28700  0.216106
28750  0.216106
28800  0.216106
28850  0.216106
28900  0.216106
28950  0.216106
29000  0.216106
29050  0.216106
29100  0.216106
29150  0.216106
29200  0.216106
29250  0.216106
29300  0.216106
29350  0.216106
29400  0.216106
29450  0.216106
29500  0.216106
29550  0.216106
29600  0.216106
29650  0.216106
29700  0.216106
29750  0.216106
29800  0.216106
29850  0.216106
29900  0.216106
29950  0.216106
30000  0.216106
30050  0.216106
30100  0.216106
30150  0.216106
30200  0.216106
30250  0.216106
30300  0.216106
30350  0.216106
30400  0.216106
30450  0.216106
30500  0.216106
30550  0.216106
30600  0.216106
30650  0.216106
30700  0.216106
30750  0.216106
30800  0.216106
30850  0.216106
30900  0.216106
30950  0.216106
31000  0.216106
31050  0.216106
31100  0.216106
31150  0.216106
31200  0.216106
31250  0.216106
31300  0.216106
31350  0.216106
31400  0.216106
31450  0.216106
31500  0.216106
31550  0.216106
31600  0.216106
31650  0.216106
31700  0.216106
31750  0.216106
31800  0.216106
31850  0.216106
31900  0.216106
31950  0.216106
32000  0.216106
32050  0.216106
32100  0.216106
32150  0.216106
32200  0.216106
32250  0.216106
32300  0.216106
32350  0.216106
32400  0.216106
32450  0.216106
32500  0.216106
32550  0.216106
32600  0.216106
32650  0.216106
32700  0.216106
32750  0.216106
32800  0.216106
32850  0.216106
32900  0.216106
32950  0.216106
33000  0.216106
33050  0.216106
33100  0.216106
33150  0.216106
33200  0.216106
33250  0.216106
33300  0.216106
33350  0.216106
33400  0.216106
33450  0.216106
33500  0.216106
33550  0.216106
33600  0.216106
33650  0.216106
33700  0.216106
33750  0.216106
33800  0.216106
33850  0.216106
33900  0.216106
33950  0.216106
34000  0.216106
34050  0.216106
34100  0.216106
34150  0.216106
34200  0.216106
34250  0.216106
34300  0.216106
34350  0.216106
34400  0.216106
34450  0.216106
34500  0.216106
34550  0.216106
34600  0.216106
34650  0.216106
34700  0.216106
34750  0.216106
34800  0.216106
34850  0.216106
34900  0.216106
34950  0.216106
35000  0.216106
35050  0.216106
35100  0.216106
35150  0.216106
35200  0.216106
35250  0.216106
35300  0.216106
35350  0.216106
35400  0.216106
35450  0.216106
35500  0.216106
35550  0.216106
35600  0.216106
35650  0.216106
35700  0.216106
35750  0.216106
35800  0.216106
35850  0.216106
35900  0.216106
35950  0.216106
36000  0.216106
36050  0.216106
36100  0.216106
36150  0.216106
36200  0.216106
36250  0.216106
36300  0.216106
36350  0.216106
36400  0.216106
36450  0.216106
36500  0.216106
36550  0.216106
36600  0.216106
36650  0.216106
36700  0.216106
36750  0.216106
36800  0.216106
36850  0.216106
36900  0.216106
36950  0.216106
37000  0.216106
37050  0.216106
37100  0.216106
37150  0.216106
37200  0.216106
37250  0.216106
37300  0.215813
37350  0.215813
37400  0.215813
37450  0.215813
37500  0.215813
37550  0.215813
37600  0.215813
37650  0.215813
37700  0.215813
37750  0.215813
37800  0.215813
37850  0.215813
37900  0.215813
37950  0.215813
38000  0.215813
38050  0.215813
38100  0.215813
38150  0.215813
38200  0.215813
38250  0.215813
38300  0.215813
38350  0.215813
38400  0.215813
38450  0.215813
38500  0.215813
38550  0.215813
38600  0.215813
38650  0.215813
38700  0.215813
38750  0.215813
38800  0.215813
38850  0.215813
38900  0.215813
38950  0.215813
39000  0.215813
39050  0.215813
39100  0.215813
39150  0.215813
39200  0.215813
39250  0.215813
39300  0.215813
39350  0.215813
39400  0.215813
39450  0.215813
39500  0.215813
39550  0.215813
39600  0.215813
39650  0.215813
39700  0.215813
39750  0.215813
39800  0.215813
39850  0.215813
39900  0.215813
39950  0.215813
40000  0.215813
40050  0.215813
40100  0.215813
40150  0.215813
40200  0.215813
40250  0.215813
40300  0.215813
40350  0.215813
40400  0.215813
40450  0.215813
40500  0.215813
40550  0.215813
40600  0.215813
40650  0.215813
40700  0.215813
40750  0.215813
40800  0.215813
40850  0.215813
40900  0.215813
40950  0.215813
41000  0.215813
41050  0.215813
41100  0.215813
41150  0.215813
41200  0.215813
41250  0.215813
41300  0.215813
41350  0.215813
41400  0.215813
41450  0.215813
41500  0.215813
41550  0.215813
41600  0.215813
41650  0.215813
41700  0.215813
41750  0.215813
41800  0.215813
41850  0.215813
41900  0.215813
41950  0.215813
42000  0.215813
42050  0.215813
42100  0.215813
42150  0.215813
42200  0.215813
42250  0.215813
42300  0.215813
42350  0.215813
42400  0.215813
42450  0.215813
42500  0.215813
42550  0.215813
42600  0.215813
42650  0.215813
42700  0.215813
42750  0.215813
42800  0.215813
42850  0.215813
42900  0.215813
42950  0.215813
43000  0.215813
43050  0.215813
43100  0.215813
43150  0.215813
43200  0.215813
43250  0.215813
43300  0.215813
43350  0.215813
43400  0.215813
43450  0.215813
43500  0.215813
43550  0.215813
43600  0.215813
43650  0.215813
43700  0.215813
43750  0.215813
43800  0.215813
43850  0.215813
43900  0.215813
43950  0.215813
44000  0.215813
44050  0.215813
44100  0.215813
44150  0.215813
44200  0.215813
44250  0.215813
44300  0.215813
44350  0.215813
44400  0.215813
44450  0.215813
44500  0.215813
44550  0.215813
44600  0.215813
44650  0.215813
44700  0.215813
44750  0.215813
44800  0.215813
44850  0.215813
44900  0.215813
44950  0.215813
45000  0.215813
45050  0.215813
45100  0.215813
45150  0.215813
45200  0.215813
45250  0.215813
45300  0.215813
45350  0.215813
45400  0.215813
45450  0.215813
45500  0.215813
45550  0.215813
45600  0.215813
45650  0.215813
45700  0.215813
45750  0.215813
45800  0.215813
45850  0.215813
45900  0.215813
45950  0.215813
46000  0.215813
46050  0.215813
46100  0.215813
46150  0.215813
46200  0.215813
46250  0.215813
46300  0.215813
46350  0.215813
46400  0.215813
46450  0.215813
46500  0.215813
46550  0.215813
46600  0.215813
46650  0.215813
46700  0.215813
46750  0.215813
46800  0.215813
46850  0.215813
46900  0.215813
46950  0.215813
47000  0.215813
47050  0.215813
47100  0.215813
47150  0.215813
47200  0.215813
47250  0.215813
47300  0.215813
47350  0.215813
47400  0.215813
47450  0.215813
47500  0.215813
47550  0.215813
47600  0.215813
47650  0.215813
47700  0.215813
47750  0.215813
47800  0.215813
47850  0.215813
47900  0.215813
47950  0.215813
48000  0.215813
48050  0.215813
48100  0.215813
48150  0.215813
48200  0.215813
48250  0.215813
48300  0.215813
48350  0.215813
48400  0.215813
48450  0.215813
48500  0.215813
48550  0.215813
48600  0.215813
48650  0.215813
48700  0.215813
48750  0.215813
48800  0.215813
48850  0.215813
48900  0.215813
48950  0.215813
49000  0.215813
49050  0.215813
49100  0.215813
49150  0.215813
49200  0.215813
49250  0.215813
49300  0.215813
49350  0.215813
49400  0.215813
49450  0.215813
49500  0.215813
49550  0.215813
49600  0.215813
49650  0.215813
49700  0.215813
49750  0.215813
49800  0.215813
49850  0.215813
49900  0.215813
49950  0.215813
50000  0.215813
50050  0.215813
50100  0.215813
50150  0.215813
50200  0.215813
50250  0.215813
50300  0.215813
50350  0.215813
50400  0.215813
50450  0.215813
50500  0.215813
50550  0.215813
50600  0.215813
50650  0.215813
50700  0.215813
50750  0.215813
50800  0.215813
50850  0.215813
50900  0.215813
50950  0.215813
51000  0.215813
51050  0.215813
51100  0.215813
51150  0.215813
51200  0.215813
51250  0.215813
51300  0.215813
51350  0.215813
51400  0.215813
51450  0.215813
51500  0.215813
51550  0.215813
51600  0.215813
51650  0.215813
51700  0.215813
51750  0.215813
51800  0.214452
51850  0.214452
51900  0.214452
51950  0.214452
52000  0.214452
52050  0.214452
52100  0.214452
52150  0.214452
52200  0.214452
52250  0.214452
52300  0.214452
52350  0.214452
52400  0.214452
52450  0.214452
52500  0.214452
52550  0.214452
52600  0.214452
52650  0.214452
52700  0.214452
52750  0.214452
52800  0.214452
52850  0.214452
52900  0.214452
52950  0.214452
53000  0.214452
53050  0.214452
53100  0.214452
53150  0.214452
53200  0.214452
53250  0.214452
53300  0.214452
53350  0.214452
53400  0.214452
53450  0.214452
53500  0.214452
53550  0.214452
53600  0.214452
53650  0.214452
53700  0.214452
53750  0.214452
53800  0.214452
53850  0.214452
53900  0.214452
53950  0.214452
54000  0.214452
54050  0.214452
54100  0.214452
54150  0.214452
54200  0.214452
54250  0.214452
54300  0.214452
54350  0.214452
54400  0.214452
54450  0.214452
54500  0.214452
54550  0.214452
54600  0.214452
54650  0.214452
54700  0.214452
54750  0.214452
54800  0.214452
54850  0.214452
54900  0.214452
54950  0.214452
55000  0.214452
55050  0.214452
55100  0.214452
55150  0.214452
55200  0.214452
55250  0.214452
55300  0.214452
55350  0.214452
55400  0.214452
55450  0.214452
55500  0.214452
55550  0.214452
55600  0.214452
55650  0.214452
55700  0.214452
55750  0.214452
55800  0.214452
55850  0.214452
55900  0.214452
55950  0.214452
56000  0.214452
56050  0.214452
56100  0.214452
56150  0.214452
56200  0.214452
56250  0.214452
56300  0.214452
56350  0.214452
56400  0.214452
56450  0.214452
56500  0.214452
56550  0.214452
56600  0.214452
56650  0.214452
56700  0.214452
56750  0.214452
56800  0.214452
56850  0.214452
56900  0.214452
56950  0.214452
57000  0.214452
57050  0.214452
57100  0.214452
57150  0.214452
57200  0.214452
57250  0.214452
57300  0.214452
57350  0.214452
57400  0.214452
57450  0.214452
57500  0.214452
57550  0.214452
57600  0.214452
57650  0.214452
57700  0.214452
57750  0.214452
57800  0.214452
57850  0.214452
57900  0.214452
57950  0.214452
58000  0.214452
58050  0.214452
58100  0.214452
58150  0.214452
58200  0.214452
58250  0.214452
58300  0.214452
58350  0.214452
58400  0.214452
58450  0.214452
58500  0.214452
58550  0.214452
58600  0.214452
58650  0.214452
58700  0.214452
58750  0.214452
58800  0.214452
58850  0.214452
58900  0.214452
58950  0.214452
59000  0.214452
59050  0.214452
59100  0.214452
59150  0.214452
59200  0.214452
59250  0.214452
59300  0.214452
59350  0.214452
59400  0.214452
59450  0.214452
59500  0.214452
59550  0.214452
59600  0.214452
59650  0.214452
59700  0.214452
59750  0.214452
59800  0.214452
59850  0.214452
59900  0.214452
59950  0.214452
60000  0.214452
60050  0.214452
60100  0.214452
60150  0.214452
60200  0.214452
60250  0.214452
60300  0.214452
60350  0.214452
60400  0.214452
60450  0.214452
60500  0.214452
60550  0.214452
60600  0.214452
60650  0.214452
60700  0.214452
60750  0.214452
60800  0.214452
60850  0.214452
60900  0.214452
60950  0.214452
61000  0.214452
61050  0.214452
61100  0.214452
61150  0.214452
61200  0.214452
61250  0.214452
61300  0.214452
61350  0.214452
61400  0.214452
61450  0.214452
61500  0.214452
61550  0.214452
61600  0.214452
61650  0.214452
61700  0.214452
61750  0.214452
61800  0.214452
61850  0.214452
61900  0.214452
61950  0.214452
62000  0.214452
62050  0.214452
62100  0.214452
62150  0.214452
62200  0.214452
62250  0.214452
62300  0.214452
62350  0.214452
62400  0.214452
62450  0.214452
62500  0.214452
62550  0.214452
62600  0.214452
62650  0.214452
62700  0.214452
62750  0.214452
62800  0.214452
62850  0.214452
62900  0.214452
62950  0.214452
63000  0.214452
63050  0.214452
63100  0.214452
63150  0.214452
63200  0.214452
63250  0.214452
63300  0.214452
63350  0.214452
63400  0.214452
63450  0.214452
63500  0.214452
63550  0.214452
63600  0.214452
63650  0.214452
63700  0.214452
63750  0.214452
63800  0.214452
63850  0.214452
63900  0.214452
63950  0.214452
64000  0.214452
64050  0.214452
64100  0.214452
64150  0.214452
64200  0.214452
64250  0.214452
64300  0.214452
64350  0.214452
64400  0.214452
64450  0.214452
64500  0.214452
64550  0.214452
64600  0.214452
64650  0.214452
64700  0.214452
64750  0.214452
64800  0.214452
64850  0.214452
64900  0.214452
64950  0.214452
65000  0.214452
65050  0.214452
65100  0.214452
65150  0.214452
65200  0.214452
65250  0.214452
65300  0.214452
65350  0.214452
65400  0.214452
65450  0.214452
65500  0.214452
65550  0.214452
65600  0.214452
65650  0.214452
65700  0.214452
65750  0.214452
65800  0.214452
65850  0.214452
65900  0.214452
65950  0.214452
66000  0.214452
66050  0.214452
66100  0.214452
66150  0.214452
66200  0.214452
66250  0.214452
66300  0.214452
66350  0.214452
66400  0.214452
66450  0.214452
66500  0.214452
66550  0.214452
66600  0.214452
66650  0.214452
66700  0.214452
66750  0.214452
66800  0.214452
66850  0.214452
66900  0.214452
66950  0.214452
67000  0.214452
67050  0.214452
67100  0.214452
67150  0.214452
67200  0.214452
67250  0.214452
67300  0.214452
67350  0.214452
67400  0.214452
67450  0.214452
67500  0.214452
67550  0.214452
67600  0.214452
67650  0.214452
67700  0.214452
67750  0.214452
67800  0.214452
67850  0.214452
67900  0.214452
67950  0.214452
68000  0.214452
68050  0.214452
68100  0.214452
68150  0.214452
68200  0.214452
68250  0.214452
68300  0.214452
68350  0.214452
68400  0.214452
68450  0.214452
68500  0.214452
68550  0.214452
68600  0.214452
68650  0.214452
68700  0.214452
68750  0.214452
68800  0.214452
68850  0.214452
68900  0.214452
68950  0.214452
69000  0.214452
69050  0.214452
69100  0.214452
69150  0.214452
69200  0.214452
69250  0.214452
69300  0.214452
69350  0.214452
69400  0.214452
69450  0.214452
69500  0.214452
69550  0.214452
69600  0.214452
69650  0.214452
69700  0.214452
69750  0.214452
69800  0.214452
69850  0.214452
69900  0.214452
69950  0.214452
70000  0.214452
70050  0.214452
70100  0.214452
70150  0.214452
70200  0.214452
70250  0.214452
70300  0.214452
70350  0.214452
70400  0.214452
70450  0.214452
70500  0.214452
70550  0.214452
70600  0.214452
70650  0.214452
70700  0.214452
70750  0.214452
70800  0.214452
70850  0.214452
70900  0.214452
70950  0.214452
71000  0.214452
71050  0.214452
71100  0.214452
71150  0.214452
71200  0.214452
71250  0.214452
71300  0.214452
71350  0.214452
71400  0.214452
71450  0.214452
71500  0.214452
71550  0.214452
71600  0.214452
71650  0.214452
71700  0.214452
71750  0.214452
71800  0.214452
71850  0.214452
71900  0.214452
71950  0.214452
72000  0.214452
72050  0.214452
72100  0.214452
72150  0.214452
72200  0.214452
72250  0.214452
72300  0.214452
72350  0.214452
72400  0.214452
72450  0.214452
72500  0.214452
72550  0.214452
72600  0.214452
72650  0.214452
72700  0.214452
72750  0.214452
72800  0.214452
72850  0.214452
72900  0.214452
72950  0.214452
73000  0.214452
73050  0.214452
73100  0.214452
73150  0.214452
73200  0.214452
73250  0.214452
73300  0.214452
73350  0.214452
73400  0.214452
73450  0.214452
73500  0.214452
73550  0.214452
73600  0.214452
73650  0.214452
73700  0.214452
73750  0.214452
73800  0.214452
73850  0.214452
73900  0.214452
73950  0.214452
74000  0.214452
74050  0.214452
74100  0.214452
74150  0.214452
74200  0.214452
74250  0.214452
74300  0.214452
74350  0.214452
74400  0.214452
74450  0.214452
74500  0.214452
74550  0.214452
74600  0.214452
74650  0.214452
74700  0.214452
74750  0.214452
74800  0.214452
74850  0.214452
74900  0.214452
74950  0.214452
75000  0.214452
75050  0.214452
75100  0.214452
75150  0.214452
75200  0.214452
75250  0.214452
75300  0.214452
75350  0.214452
75400  0.214452
75450  0.214452
75500  0.214452
75550  0.214452
75600  0.214452
75650  0.214452
75700  0.214452
75750  0.214452
75800  0.214452
75850  0.214452
75900  0.214452
75950  0.214452
76000  0.214452
76050  0.214452
76100  0.214452
76150  0.214452
76200  0.214452
76250  0.214452
76300  0.214452
76350  0.214452
76400  0.214452
76450  0.214452
76500  0.214452
76550  0.214452
76600  0.214452
76650  0.214452
76700  0.214452
76750  0.214452
76800  0.214452
76850  0.214452
76900  0.214452
76950  0.214452
77000  0.214452
77050  0.214452
77100  0.214452
77150  0.214452
77200  0.214452
77250  0.214452
77300  0.214452
77350  0.214452
77400  0.214452
77450  0.214452
77500  0.214452
77550  0.214452
77600  0.214452
77650  0.214452
77700  0.214452
77750  0.214452
77800  0.214452
77850  0.214452
77900  0.214452
77950  0.214452
78000  0.214452
78050  0.214452
78100  0.214452
78150  0.214452
78200  0.214452
78250  0.214452
78300  0.214452
78350  0.214452
78400  0.214452
78450  0.214452
78500  0.214452
78550  0.214452
78600  0.214452
78650  0.214452
78700  0.214452
78750  0.214452
78800  0.214452
78850  0.214452
78900  0.214452
78950  0.214452
79000  0.214452
79050  0.214452
79100  0.214452
79150  0.214452
79200  0.214452
79250  0.214452
79300  0.214452
79350  0.214452
79400  0.214452
79450  0.214452
79500  0.214452
79550  0.214452
79600  0.214452
79650  0.214452
79700  0.214452
79750  0.214452
79800  0.214452
79850  0.214452
79900  0.214452
79950  0.214452
80000  0.214452
80050  0.214452
80100  0.214452
80150  0.214452
80200  0.214452
80250  0.214452
80300  0.214452
80350  0.214452
80400  0.214452
80450  0.214452
80500  0.214452
80550  0.214452
80600  0.214452
80650  0.214452
80700  0.214452
80750  0.214452
80800  0.214452
80850  0.214452
80900  0.214452
80950  0.214452
81000  0.214452
81050  0.214452
81100  0.214452
81150  0.214452
81200  0.214452
81250  0.214452
81300  0.214452
81350  0.214452
81400  0.214452
81450  0.214452
81500  0.214452
81550  0.214452
81600  0.214452
81650  0.214452
81700  0.214452
81750  0.214452
81800  0.214452
81850  0.214452
81900  0.214452
81950  0.214452
82000  0.214452
82050  0.214452
82100  0.214452
82150  0.214452
82200  0.214452
82250  0.214452
82300  0.214452
82350  0.214452
82400  0.214452
82450  0.214452
82500  0.214452
82550  0.214452
82600  0.214452
82650  0.214452
82700  0.214452
82750  0.214452
82800  0.214452
82850  0.214452
82900  0.214452
82950  0.214452
83000  0.214452
83050  0.214452
83100  0.214452
83150  0.214452
83200  0.214452
83250  0.214452
83300  0.214452
83350  0.214452
83400  0.214452
83450  0.214452
83500  0.214452
83550  0.214452
83600  0.214452
83650  0.214452
83700  0.214452
83750  0.214452
83800  0.214452
83850  0.214452
83900  0.214452
83950  0.214452
84000  0.214452
84050  0.214452
84100  0.214452
84150  0.214452
84200  0.214452
84250  0.214452
84300  0.214452
84350  0.214452
84400  0.214452
84450  0.214452
84500  0.214452
84550  0.214452
84600  0.214452
84650  0.214452
84700  0.214452
84750  0.214452
84800  0.214452
84850  0.214452
84900  0.214452
84950  0.214452
85000  0.214452
85050  0.214452
85100  0.214452
85150  0.214452
85200  0.214452
85250  0.214452
85300  0.214452
85350  0.214452
85400  0.214452
85450  0.214452
85500  0.214452
85550  0.214452
85600  0.214452
85650  0.214452
85700  0.214452
85750  0.214452
85800  0.214452
85850  0.214452
85900  0.214452
85950  0.214452
86000  0.214452
86050  0.214452
86100  0.214452
86150  0.214452
86200  0.214452
86250  0.214452
86300  0.214452
86350  0.214452
86400  0.214452
86450  0.214452
86500  0.214452
86550  0.214452
86600  0.214452
86650  0.214452
86700  0.214452
86750  0.214452
86800  0.214452
86850  0.214452
86900  0.214452
86950  0.214452
87000  0.214452
87050  0.214452
87100  0.214452
87150  0.214452
87200  0.214452
87250  0.214452
87300  0.214452
87350  0.214452
87400  0.214452
87450  0.214452
87500  0.214452
87550  0.214452
87600  0.214452
87650  0.214452
87700  0.214452
87750  0.214452
87800  0.214452
87850  0.214452
87900  0.214452
87950  0.214452
88000  0.214452
88050  0.214452
88100  0.214452
88150  0.214452
88200  0.214452
88250  0.214452
88300  0.214452
88350  0.214452
88400  0.214452
88450  0.214452
88500  0.214452
88550  0.214452
88600  0.214452
88650  0.214452
88700  0.214452
88750  0.214452
88800  0.214452
88850  0.214452
88900  0.214452
88950  0.214452
89000  0.214452
89050  0.214452
89100  0.214452
89150  0.214452
89200  0.214452
89250  0.214452
89300  0.214452
89350  0.214452
89400  0.214452
89450  0.214452
89500  0.214452
89550  0.214452
89600  0.214452
89650  0.214452
89700  0.214452
89750  0.214452
89800  0.214452
89850  0.214452
89900  0.214452
89950  0.214452
90000  0.214452
90050  0.214452
90100  0.214452
90150  0.214452
90200  0.214452
90250  0.214452
90300  0.214452
90350  0.214452
90400  0.214452
90450  0.214452
90500  0.214452
90550  0.214452
90600  0.214452
90650  0.214452
90700  0.214452
90750  0.214452
90800  0.214452
90850  0.214452
90900  0.214452
90950  0.214452
91000  0.214452
91050  0.214452
91100  0.214452
91150  0.214452
91200  0.214452
91250  0.214452
91300  0.214452
91350  0.214452
91400  0.214452
91450  0.214452
91500  0.214452
91550  0.214452
91600  0.214452
91650  0.214452
91700  0.214452
91750  0.214452
91800  0.214452
91850  0.214452
91900  0.214452
91950  0.214452
92000  0.214452
92050  0.214452
92100  0.214452
92150  0.214452
92200  0.214452
92250  0.214452
92300  0.214452
92350  0.214452
92400  0.214452
92450  0.214452
92500  0.214452
92550  0.214452
92600  0.214452
92650  0.214452
92700  0.214452
92750  0.214452
92800  0.214452
92850  0.214452
92900  0.214452
92950  0.214452
93000  0.214452
93050  0.214452
93100  0.214452
93150  0.214452
93200  0.214452
93250  0.214452
93300  0.214452
93350  0.214452
93400  0.214452
93450  0.214452
93500  0.214452
93550  0.214452
93600  0.214452
93650  0.214452
93700  0.214452
93750  0.214452
93800  0.214452
93850  0.214452
93900  0.214452
93950  0.214452
94000  0.214452
94050  0.214452
94100  0.214452
94150  0.214452
94200  0.214452
94250  0.214452
94300  0.214452
94350  0.214452
94400  0.214452
94450  0.214452
94500  0.214452
94550  0.214452
94600  0.214452
94650  0.214452
94700  0.214452
94750  0.214452
94800  0.214452
94850  0.214452
94900  0.214452
94950  0.214452
95000  0.214452
95050  0.214452
95100  0.214452
95150  0.214452
95200  0.214452
95250  0.214452
95300  0.214452
95350  0.214452
95400  0.214452
95450  0.214452
95500  0.214452
95550  0.214452
95600  0.214452
95650  0.214452
95700  0.214452
95750  0.214452
95800  0.214452
95850  0.214452
95900  0.214452
95950  0.214452
96000  0.214452
96050  0.214452
96100  0.214452
96150  0.214452
96200  0.214452
96250  0.214452
96300  0.214452
96350  0.214452
96400  0.214452
96450  0.214452
96500  0.214452
96550  0.214452
96600  0.214452
96650  0.214452
96700  0.214452
96750  0.214452
96800  0.214452
96850  0.214452
96900  0.214452
96950  0.214452
97000  0.214452
97050  0.214452
97100  0.214452
97150  0.214452
97200  0.214452
97250  0.214452
97300  0.214452
97350  0.214452
97400  0.214452
97450  0.214452
97500  0.214452
97550  0.214452
97600  0.214452
97650  0.214452
97700  0.214452
97750  0.214452
97800  0.214452
97850  0.214452
97900  0.214452
97950  0.214452
98000  0.214452
98050  0.214452
98100  0.214452
98150  0.214452
98200  0.214452
98250  0.214452
98300  0.214452
98350  0.214452
98400  0.214452
98450  0.214452
98500  0.214452
98550  0.214452
98600  0.214452
98650  0.214452
98700  0.214452
98750  0.214452
98800  0.214452
98850  0.214452
98900  0.214452
98950  0.214452
99000  0.214452
99050  0.214452
99100  0.214452
99150  0.214452
99200  0.214452
99250  0.214452
99300  0.214452
99350  0.214452
99400  0.214452
99450  0.214452
99500  0.214452
99550  0.214452
99600  0.214452
99650  0.214452
99700  0.214452
99750  0.214452
99800  0.214452
99850  0.214452
99900  0.214452
99950  0.214452
100000  0.214452
100050  0.214452
100100  0.214452
100150  0.214452
100200  0.214452
100250  0.214452
100300  0.214452
100350  0.214452
100400  0.214452
100450  0.214452
100500  0.214452
100550  0.214452
100600  0.214452
100650  0.214452
100700  0.214452
100750  0.214452
100800  0.214452
100850  0.214452
100900  0.214452
100950  0.214452
101000  0.214452
101050  0.214452
101100  0.214452
101150  0.214452
101200  0.214452
101250  0.214452
101300  0.214452
101350  0.214452
101400  0.214452
101450  0.214452
101500  0.214452
101550  0.214452
101600  0.214452
101650  0.214452
101700  0.214452
101750  0.214452
101800  0.214452
101850  0.214452
101900  0.214452
101950  0.214452
102000  0.214452
102050  0.214452
102100  0.214452
102150  0.214452
102200  0.214452
102250  0.214452
102300  0.214452
102350  0.214452
102400  0.214452
102450  0.214452
102500  0.214452
102550  0.214452
102600  0.214452
102650  0.214452
102700  0.214452
102750  0.214452
102800  0.214452
102850  0.214452
102900  0.214452
102950  0.214452
103000  0.214452
103050  0.214452
103100  0.214452
103150  0.214452
103200  0.214452
103250  0.214452
103300  0.214452
103350  0.214452
103400  0.214452
103450  0.212846
103500  0.212846
103550  0.212846
103600  0.212846
103650  0.212846
103700  0.212846
103750  0.212846
103800  0.212846
103850  0.212846
103900  0.212846
103950  0.212846
104000  0.212846
104050  0.212846
104100  0.212846
104150  0.212846
104200  0.212846
104250  0.212846
104300  0.212846
104350  0.212846
104400  0.212846
104450  0.212846
104500  0.212846
104550  0.212846
104600  0.212846
104650  0.212846
104700  0.212846
104750  0.212846
104800  0.212846
104850  0.212846
104900  0.212846
104950  0.212846
105000  0.212846
105050  0.212846
105100  0.212846
105150  0.212846
105200  0.212846
105250  0.212846
105300  0.212846
105350  0.212846
105400  0.212846
105450  0.212846
105500  0.212846
105550  0.212846
105600  0.212846
105650  0.212846
105700  0.212846
105750  0.212846
105800  0.212846
105850  0.212846
105900  0.212846
105950  0.212846
106000  0.212846
106050  0.212846
106100  0.212846
106150  0.212846
106200  0.212846
106250  0.212846
106300  0.212846
106350  0.212846
106400  0.212846
106450  0.212846
106500  0.212846
106550  0.212846
106600  0.212846
106650  0.212846
106700  0.212846
106750  0.212846
106800  0.212846
106850  0.212846
106900  0.212846
106950  0.212846
107000  0.212846
107050  0.212846
107100  0.212846
107150  0.212846
107200  0.212846
107250  0.212846
107300  0.212846
107350  0.212846
107400  0.212846
107450  0.212846
107500  0.212846
107550  0.212846
107600  0.212846
107650  0.212846
107700  0.212846
107750  0.212846
107800  0.212846
107850  0.212846
107900  0.212846
107950  0.212846
108000  0.212846
108050  0.212846
108100  0.212846
108150  0.212846
108200  0.212846
108250  0.212846
108300  0.212846
108350  0.212846
108400  0.212846
108450  0.212846
108500  0.212846
108550  0.212846
108600  0.212846
108650  0.212846
108700  0.212846
108750  0.212846
108800  0.212846
108850  0.212846
108900  0.212846
108950  0.212846
109000  0.212846
109050  0.212846
109100  0.212846
109150  0.212846
109200  0.212846
109250  0.212846
109300  0.212846
109350  0.212846
109400  0.212846
109450  0.212846
109500  0.212846
109550  0.212846
109600  0.212846
109650  0.212846
109700  0.212846
109750  0.212846
109800  0.212846
109850  0.212846
109900  0.212846
109950  0.212846
110000  0.212846
110050  0.212846
110100  0.212846
110150  0.212846
110200  0.212846
110250  0.212846
110300  0.212846
110350  0.212846
110400  0.212846
110450  0.212846
110500  0.212846
110550  0.212846
110600  0.212846
110650  0.212846
110700  0.212846
110750  0.212846
110800  0.212846
110850  0.212846
110900  0.212846
110950  0.212846
111000  0.212846
111050  0.212846
111100  0.212846
111150  0.212846
111200  0.212846
111250  0.212846
111300  0.212846
111350  0.212846
111400  0.212846
111450  0.212846
111500  0.212846
111550  0.212846
111600  0.212846
111650  0.212846
111700  0.212846
111750  0.212846
111800  0.212846
111850  0.212846
111900  0.212846
111950  0.212846
112000  0.212846
112050  0.212846
112100  0.212846
112150  0.212846
112200  0.212846
112250  0.212846
112300  0.212846
112350  0.212846
112400  0.212846
112450  0.212846
112500  0.212846
112550  0.212846
112600  0.212846
112650  0.212846
112700  0.212846
112750  0.212846
112800  0.212846
112850  0.212846
112900  0.212846
112950  0.212846
113000  0.212846
113050  0.212846
113100  0.212846
113150  0.212846
113200  0.212846
113250  0.212846
113300  0.212846
113350  0.212846
113400  0.212846
113450  0.212846
113500  0.212846
113550  0.212846
113600  0.212846
113650  0.212846
113700  0.212846
113750  0.212846
113800  0.212846
113850  0.212846
113900  0.212846
113950  0.212846
114000  0.212846
114050  0.212846
114100  0.212846
114150  0.212846
114200  0.212846
114250  0.212846
114300  0.212846
114350  0.212846
114400  0.212846
114450  0.212846
114500  0.212846
114550  0.212846
114600  0.212846
114650  0.212846
114700  0.212846
114750  0.212846
114800  0.212846
114850  0.212846
114900  0.212846
114950  0.212846
115000  0.212846
115050  0.212846
115100  0.212846
115150  0.212846
115200  0.212846
115250  0.212846
115300  0.212846
115350  0.212846
115400  0.212846
115450  0.212846
115500  0.212846
115550  0.212846
115600  0.212846
115650  0.212846
115700  0.212846
115750  0.212846
115800  0.212846
115850  0.212846
115900  0.212846
115950  0.212846
116000  0.212846
116050  0.212846
116100  0.212846
116150  0.212846
116200  0.212846
116250  0.212846
116300  0.212846
116350  0.212846
116400  0.212846
116450  0.212846
116500  0.212846
116550  0.212846
116600  0.212846
116650  0.212846
116700  0.212846
116750  0.212846
116800  0.212846
116850  0.212846
116900  0.212846
116950  0.212846
117000  0.212846
117050  0.212846
117100  0.212846
117150  0.212846
117200  0.212846
117250  0.212846
117300  0.212846
117350  0.212846
117400  0.212846
117450  0.212846
117500  0.212846
117550  0.212846
117600  0.212846
117650  0.212846
117700  0.212846
117750  0.212846
