Step  Penalty
32  0.487967
64  0.487967
96  0.487967
128  0.487967
160  0.487967
192  0.47099
224  0.47099
256  0.431183
288  0.401143
320  0.377007
352  0.3589
384  0.335741
416  0.320163
448  0.301853
480  0.29456
512  0.282569
544  0.273088
576  0.270076
608  0.261738
640  0.259356
672  0.254809
704  0.250673
736  0.250673
768  0.250673
800  0.246921
832  0.246921
864  0.246921
896  0.246921
928  0.246921
960  0.246921
992  0.246921
1024  0.246921
1056  0.244863
1088  0.244863
1120  0.239502
1152  0.239502
1184  0.239502
1216  0.239502
1248  0.239502
1280  0.239502
1312  0.239502
1344  0.239502
1376  0.239502
1408  0.239502
1440  0.239502
1472  0.239502
1504  0.239502
1536  0.239502
1568  0.239502
1600  0.239502
1632  0.239502
1664  0.239502
1696  0.239502
1728  0.239502
1760  0.239502
1792  0.239502
1824  0.239502
1856  0.239502
1888  0.239502
1920  0.239502
1952  0.239502
1984  0.239502
2016  0.239502
2048  0.239502
2080  0.239502
2112  0.239502
2144  0.239502
2176  0.239502
2208  0.239502
2240  0.239502
2272  0.239502
2304  0.239502
2336  0.239502
2368  0.239502
2400  0.239502
2432  0.239502
2464  0.239502
2496  0.239502
2528  0.239502
2560  0.239502
2592  0.239502
2624  0.239502
2656  0.239502
2688  0.239502
2720  0.239502
2752  0.239502
2784  0.239502
2816  0.239502
2848  0.239502
2880  0.239502
2912  0.239502
2944  0.239502
2976  0.239502
3008  0.239502
3040  0.239502
3072  0.237327
3104  0.237327
3136  0.237327
3168  0.237327
3200  0.237327
3232  0.237327
3264  0.237327
3296  0.237327
3328  0.237327
3360  0.237327
3392  0.237327
3424  0.237327
3456  0.237327
3488  0.237327
3520  0.237327
3552  0.237327
3584  0.237327
3616  0.236723
3648  0.236723
3680  0.236723
3712  0.236723
3744  0.236723
3776  0.236723
3808  0.236723
3840  0.236723
3872  0.236723
3904  0.236723
3936  0.236723
3968  0.236723
4000  0.236723
4032  0.236723
4064  0.236723
4096  0.236723
4128  0.236723
4160  0.236723
4192  0.236723
4224  0.236723
4256  0.236723
4288  0.236723
4320  0.236723
4352  0.236723
4384  0.236723
4416  0.236723
4448  0.236723
4480  0.236723
4512  0.236723
4544  0.236723
4576  0.236723
4608  0.236723
4640  0.236723
4672  0.236723
4704  0.236723
4736  0.236723
4768  0.236723
4800  0.236723
4832  0.236723
4864  0.236723
4896  0.236723
4928  0.236723
4960  0.236723
4992  0.236723
5024  0.236723
5056  0.236723
5088  0.236723
5120  0.236723
5152  0.236723
5184  0.236723
5216  0.236723
5248  0.236723
5280  0.236723
5312  0.236723
5344  0.236723
5376  0.236723
5408  0.236723
5440  0.236723
5472  0.236723
5504  0.236723
5536  0.236723
5568  0.236723
5600  0.236723
5632  0.236723
5664  0.236723
5696  0.236723
5728  0.236723
5760  0.236723
5792  0.236723
5824  0.236723
5856  0.236723
5888  0.236723
5920  0.236723
5952  0.236723
5984  0.236723
6016  0.236723
6048  0.236723
6080  0.234742
6112  0.234742
6144  0.234742
6176  0.234742
6208  0.234742
6240  0.234742
6272  0.234742
6304  0.234742
6336  0.234742
6368  0.234742
6400  0.234742
6432  0.234742
6464  0.234742
6496  0.234742
6528  0.234742
6560  0.234742
6592  0.234742
6624  0.234742
6656  0.234742
6688  0.234742
6720  0.234742
6752  0.234742
6784  0.234742
6816  0.234742
6848  0.234742
6880  0.234742
6912  0.234742
6944  0.234742
6976  0.234742
7008  0.234742
7040  0.234742
7072  0.234742
7104  0.234742
7136  0.234742
7168  0.234742
7200  0.234742
7232  0.234742
7264  0.234742
7296  0.234742
7328  0.234742
7360  0.234742
7392  0.234742
7424  0.234742
7456  0.234742
7488  0.234742
7520  0.234742
7552  0.234742
7584  0.234742
7616  0.234742
7648  0.234742
7680  0.234742
7712  0.234742
7744  0.234742
7776  0.234742
7808  0.234742
7840  0.234742
7872  0.234742
7904  0.234742
7936  0.234742
7968  0.234742
8000  0.234742
8032  0.234742
8064  0.234742
8096  0.234742
8128  0.234742
8160  0.234742
8192  0.234742
8224  0.234742
8256  0.234742
8288  0.234742
8320  0.234742
8352  0.234742
8384  0.234742
8416  0.234742
8448  0.234742
8480  0.234742
8512  0.234742
8544  0.234742
8576  0.234742
8608  0.234742
8640  0.234742
8672  0.234742
8704  0.234742
8736  0.234742
8768  0.234742
8800  0.234742
8832  0.234742
8864  0.234742
8896  0.234742
8928  0.234742
8960  0.234742
8992  0.234742
9024  0.234742
9056  0.234742
9088  0.234742
9120  0.234742
9152  0.234742
9184  0.234742
9216  0.234742
9248  0.234742
9280  0.234742
9312  0.234742
9344  0.234742
9376  0.234742
9408  0.234742
9440  0.234742
9472  0.234742
9504  0.234742
9536  0.234742
9568  0.234742
9600  0.234742
9632  0.234742
9664  0.234742
9696  0.234742
9728  0.234742
9760  0.234742
9792  0.234742
9824  0.234742
9856  0.234742
9888  0.234742
9920  0.234742
9952  0.234742
9984  0.234742
10016  0.234742
10048  0.234742
10080  0.234742
10112  0.234742
10144  0.234742
10176  0.234742
10208  0.234742
10240  0.234742
10272  0.234742
10304  0.234742
10336  0.234742
10368  0.234742
10400  0.234742
10432  0.234742
10464  0.234742
10496  0.234742
10528  0.234742
10560  0.234742
10592  0.234742
10624  0.234742
10656  0.234742
10688  0.234742
10720  0.234742
10752  0.234742
10784  0.234742
10816  0.234742
10848  0.234742
10880  0.234742
10912  0.234742
10944  0.234742
10976  0.234742
11008  0.234742
11040  0.234742
11072  0.234742
11104  0.234742
11136  0.234742
11168  0.234742
11200  0.234742
11232  0.234742
11264  0.234742
11296  0.234742
11328  0.234742
11360  0.234742
11392  0.234742
11424  0.234742
11456  0.234742
11488  0.234742
11520  0.234742
11552  0.234742
11584  0.234742
11616  0.234742
11648  0.234742
11680  0.234742
11712  0.234742
11744  0.234742
11776  0.234742
11808  0.234742
11840  0.234742
11872  0.234742
11904  0.234742
11936  0.234742
11968  0.234742
12000  0.234742
12032  0.234742
12064  0.234742
12096  0.234742
12128  0.234742
12160  0.234742
12192  0.234742
12224  0.234742
12256  0.234742
12288  0.234742
12320  0.234742
12352  0.234742
12384  0.234742
12416  0.234742
12448  0.234742
12480  0.234742
12512  0.234742
12544  0.234742
12576  0.234742
12608  0.234742
12640  0.234742
12672  0.234742
12704  0.234742
12736  0.234742
12768  0.234742
12800  0.234742
12832  0.234742
12864  0.234742
12896  0.234742
12928  0.234742
12960  0.234742
12992  0.234742
13024  0.234742
13056  0.234742
13088  0.234742
13120  0.234742
13152  0.234742
13184  0.234742
13216  0.234742
13248  0.234742
13280  0.234742
13312  0.234742
13344  0.234742
13376  0.234742
13408  0.234742
13440  0.234742
13472  0.234742
13504  0.234742
13536  0.234742
13568  0.234742
13600  0.234742
13632  0.234742
13664  0.234742
13696  0.234742
13728  0.234742
13760  0.234742
13792  0.234742
13824  0.234742
13856  0.234742
13888  0.234742
13920  0.234742
13952  0.234742
13984  0.234742
14016  0.234742
14048  0.234742
14080  0.234742
14112  0.234742
14144  0.234742
14176  0.234742
14208  0.234742
14240  0.234742
14272  0.234742
14304  0.234742
14336  0.234742
14368  0.234742
14400  0.234742
14432  0.234742
14464  0.234742
14496  0.234742
14528  0.234742
14560  0.234742
14592  0.234742
14624  0.234742
14656  0.234742
14688  0.234742
14720  0.234742
14752  0.234742
14784  0.234742
14816  0.234742
14848  0.234742
14880  0.234742
14912  0.234742
14944  0.234742
14976  0.234742
15008  0.234742
15040  0.234742
15072  0.234742
15104  0.234742
15136  0.234742
15168  0.234742
15200  0.234742
15232  0.234742
15264  0.234742
15296  0.234742
15328  0.234742
15360  0.234742
15392  0.234742
15424  0.234742
15456  0.234742
15488  0.234742
15520  0.234742
15552  0.234742
15584  0.234742
15616  0.234742
15648  0.234742
15680  0.234742
15712  0.234742
15744  0.234742
15776  0.234742
15808  0.234742
15840  0.234742
15872  0.234742
15904  0.234742
15936  0.234742
15968  0.234742
16000  0.234742
16032  0.234742
16064  0.234742
16096  0.234742
16128  0.234742
16160  0.234742
16192  0.234742
16224  0.234742
16256  0.234742
16288  0.234742
16320  0.234742
16352  0.234742
16384  0.234742
16416  0.234742
16448  0.234742
16480  0.234742
16512  0.234742
16544  0.234742
16576  0.234742
16608  0.234742
16640  0.234742
16672  0.234742
16704  0.234742
16736  0.234742
16768  0.234742
16800  0.234742
16832  0.234742
16864  0.234742
16896  0.234742
16928  0.234742
16960  0.234742
16992  0.234742
17024  0.234742
17056  0.234742
17088  0.234742
17120  0.234742
17152  0.234742
17184  0.234742
17216  0.234742
17248  0.234742
17280  0.234742
17312  0.234742
17344  0.234742
17376  0.234742
17408  0.234742
17440  0.234742
17472  0.234742
17504  0.234742
17536  0.234742
17568  0.234742
17600  0.234742
17632  0.234742
17664  0.234742
17696  0.234742
17728  0.234742
17760  0.234742
17792  0.234742
17824  0.234742
17856  0.234742
17888  0.234742
17920  0.234742
17952  0.234742
17984  0.234742
18016  0.234742
18048  0.234742
18080  0.234742
18112  0.234742
18144  0.234742
18176  0.234742
18208  0.234742
18240  0.234742
18272  0.234742
18304  0.234742
18336  0.234742
18368  0.234742
18400  0.234742
18432  0.234742
18464  0.234742
18496  0.234742
18528  0.234742
18560  0.234742
18592  0.234742
18624  0.234742
18656  0.234742
18688  0.234742
18720  0.234742
18752  0.234742
18784  0.234742
18816  0.234742
18848  0.234742
18880  0.234742
18912  0.234742
18944  0.234742
18976  0.234742
19008  0.234742
19040  0.234742
19072  0.234742
19104  0.234742
19136  0.234742
19168  0.234742
19200  0.234742
19232  0.234742
19264  0.234742
19296  0.234742
19328  0.234742
19360  0.234742
19392  0.234742
19424  0.234742
19456  0.234742
19488  0.234742
19520  0.234742
19552  0.234742
19584  0.234742
19616  0.234742
19648  0.234742
19680  0.234742
19712  0.234742
19744  0.234742
19776  0.234742
19808  0.234742
19840  0.234742
19872  0.234742
19904  0.234742
19936  0.234742
19968  0.234742
20000  0.234742
20032  0.234742
20064  0.234742
20096  0.234742
20128  0.234742
20160  0.234742
20192  0.234742
20224  0.234742
20256  0.234742
20288  0.234742
20320  0.234742
20352  0.234742
20384  0.234742
20416  0.233828
20448  0.233828
20480  0.233828
20512  0.233828
20544  0.233828
20576  0.233828
20608  0.233828
20640  0.233828
20672  0.233828
20704  0.233828
20736  0.233828
20768  0.233828
20800  0.233828
20832  0.233828
20864  0.233828
20896  0.233828
20928  0.233828
20960  0.233828
20992  0.233828
21024  0.233828
21056  0.233828
21088  0.233828
21120  0.233828
21152  0.233828
21184  0.233828
21216  0.233828
21248  0.233828
21280  0.233828
21312  0.233828
21344  0.233828
21376  0.233828
21408  0.233828
21440  0.233828
21472  0.233828
21504  0.233828
21536  0.233828
21568  0.233828
21600  0.233828
21632  0.233828
21664  0.233828
21696  0.233828
21728  0.233828
21760  0.233828
21792  0.233828
21824  0.233828
21856  0.233828
21888  0.233828
21920  0.233828
21952  0.233828
21984  0.233828
22016  0.233828
22048  0.233828
22080  0.233828
22112  0.233828
22144  0.233828
22176  0.233828
22208  0.233828
22240  0.233828
22272  0.233828
22304  0.233828
22336  0.233828
22368  0.233828
22400  0.233828
22432  0.233828
22464  0.233828
22496  0.233828
22528  0.233828
22560  0.233828
22592  0.233828
22624  0.233828
22656  0.233828
22688  0.233828
22720  0.233828
22752  0.233828
22784  0.233828
22816  0.233828
22848  0.233828
22880  0.233828
22912  0.233828
22944  0.233828
22976  0.233828
23008  0.233828
23040  0.233828
23072  0.233828
23104  0.233828
23136  0.233828
23168  0.233828
23200  0.233828
23232  0.233828
23264  0.233828
23296  0.233828
23328  0.233828
23360  0.233828
23392  0.233828
23424  0.233828
23456  0.233828
23488  0.233828
23520  0.233828
23552  0.233828
23584  0.233828
23616  0.233828
23648  0.233828
23680  0.233828
23712  0.233828
23744  0.233828
23776  0.233828
23808  0.233828
23840  0.233828
23872  0.233828
23904  0.233828
23936  0.233828
23968  0.233828
24000  0.233828
24032  0.233828
24064  0.233828
24096  0.233828
24128  0.233828
24160  0.233828
24192  0.233828
24224  0.233828
24256  0.233828
24288  0.233828
24320  0.233828
24352  0.233828
24384  0.233828
24416  0.233828
24448  0.233828
24480  0.233828
24512  0.233828
24544  0.233828
24576  0.233828
24608  0.233828
24640  0.233828
24672  0.233828
24704  0.233828
24736  0.233828
24768  0.233828
24800  0.233828
24832  0.233828
24864  0.233828
24896  0.233828
24928  0.233828
24960  0.233828
24992  0.233828
25024  0.233828
25056  0.233828
25088  0.233828
25120  0.233828
25152  0.233828
25184  0.233828
25216  0.233828
25248  0.233828
25280  0.233828
25312  0.233828
25344  0.233828
25376  0.233828
25408  0.233828
25440  0.233828
25472  0.233828
25504  0.233828
25536  0.233828
25568  0.233828
25600  0.233828
25632  0.233828
25664  0.233828
25696  0.233828
25728  0.233828
25760  0.233828
25792  0.233828
25824  0.233828
25856  0.233828
25888  0.233828
25920  0.233828
25952  0.233828
25984  0.233828
26016  0.233828
26048  0.233828
26080  0.233828
26112  0.233828
26144  0.233828
26176  0.233828
26208  0.233828
26240  0.233828
26272  0.233828
26304  0.233828
26336  0.233828
26368  0.233828
26400  0.233828
26432  0.233828
26464  0.233828
26496  0.233828
26528  0.233828
26560  0.233828
26592  0.233828
26624  0.233828
26656  0.233828
26688  0.233828
26720  0.233828
26752  0.233828
26784  0.233828
26816  0.233828
26848  0.233828
26880  0.233828
26912  0.233828
26944  0.233828
26976  0.233828
27008  0.233828
27040  0.233828
27072  0.233828
27104  0.233828
27136  0.233828
27168  0.233828
27200  0.233828
27232  0.233828
27264  0.233828
27296  0.233828
27328  0.233828
27360  0.233828
27392  0.233828
27424  0.233828
27456  0.233828
27488  0.233828
27520  0.233828
27552  0.233828
27584  0.233828
27616  0.233828
27648  0.233828
27680  0.233828
27712  0.233828
27744  0.233828
27776  0.233828
27808  0.233828
27840  0.233828
27872  0.233828
27904  0.233828
27936  0.233828
27968  0.233828
28000  0.233828
28032  0.233828
28064  0.233828
28096  0.233828
28128  0.233828
28160  0.233828
28192  0.233828
28224  0.233828
28256  0.233828
28288  0.233828
28320  0.233828
28352  0.233828
28384  0.233828
28416  0.233828
28448  0.233828
28480  0.233828
28512  0.233828
28544  0.233828
28576  0.233828
28608  0.233828
28640  0.233828
28672  0.233828
28704  0.233828
28736  0.233828
28768  0.233828
28800  0.233828
28832  0.233828
28864  0.233828
28896  0.233828
28928  0.233828
28960  0.233828
28992  0.233828
29024  0.233828
29056  0.233828
29088  0.233828
29120  0.233828
29152  0.233828
29184  0.233828
29216  0.233828
29248  0.233828
29280  0.233828
29312  0.233828
29344  0.233828
29376  0.233828
29408  0.233828
29440  0.233828
29472  0.233828
29504  0.233828
29536  0.233828
29568  0.233828
29600  0.233828
29632  0.233828
29664  0.233828
29696  0.233828
29728  0.233828
29760  0.233828
29792  0.233828
29824  0.233828
29856  0.233828
29888  0.233828
29920  0.233828
29952  0.233828
29984  0.233828
30016  0.233828
30048  0.233828
30080  0.233828
30112  0.233828
30144  0.233828
30176  0.233828
30208  0.233828
30240  0.233828
30272  0.233828
30304  0.233828
30336  0.233828
30368  0.233828
30400  0.233828
30432  0.233828
30464  0.233828
30496  0.233828
30528  0.233828
30560  0.233828
30592  0.233828
30624  0.233828
30656  0.233828
30688  0.233828
30720  0.233828
30752  0.233828
30784  0.233828
30816  0.233828
30848  0.233828
30880  0.233828
30912  0.233828
30944  0.233828
30976  0.233828
31008  0.233828
31040  0.233828
31072  0.233828
31104  0.233828
31136  0.233828
31168  0.233828
31200  0.233828
31232  0.233828
31264  0.233828
31296  0.233828
31328  0.233828
31360  0.233828
31392  0.233828
31424  0.233828
31456  0.233828
31488  0.233828
31520  0.233828
31552  0.233828
31584  0.233828
31616  0.233828
31648  0.233828
31680  0.233828
31712  0.233828
31744  0.233828
31776  0.233828
31808  0.233828
31840  0.233828
31872  0.233828
31904  0.233828
31936  0.233828
31968  0.233828
32000  0.233828
32032  0.233828
32064  0.233828
32096  0.233828
32128  0.233828
32160  0.233828
32192  0.233828
32224  0.233828
32256  0.233828
32288  0.233828
32320  0.233828
32352  0.233828
32384  0.233828
32416  0.233828
32448  0.233828
32480  0.233828
32512  0.233828
32544  0.233828
32576  0.233828
32608  0.233828
32640  0.233828
32672  0.233828
32704  0.233828
32736  0.233828
32768  0.233828
32800  0.233828
32832  0.233828
32864  0.233828
32896  0.233828
32928  0.233828
32960  0.233828
32992  0.233828
33024  0.233828
33056  0.233828
33088  0.233828
33120  0.233828
33152  0.233828
33184  0.233828
33216  0.233828
33248  0.233828
33280  0.233828
33312  0.233828
33344  0.233828
33376  0.233828
33408  0.233828
33440  0.233828
33472  0.233828
33504  0.233828
33536  0.233828
33568  0.233828
33600  0.233828
33632  0.233828
33664  0.233828
33696  0.233828
33728  0.233828
33760  0.233828
33792  0.233828
33824  0.233828
33856  0.233828
33888  0.233828
33920  0.233828
33952  0.233828
33984  0.233828
34016  0.233828
34048  0.233828
34080  0.233828
34112  0.233828
34144  0.233828
34176  0.233828
34208  0.233828
34240  0.233828
34272  0.233828
34304  0.233828
34336  0.233828
34368  0.233828
34400  0.233828
34432  0.233828
34464  0.233828
34496  0.233828
34528  0.233828
34560  0.233828
34592  0.233828
34624  0.233828
34656  0.233828
34688  0.233828
34720  0.233828
34752  0.233828
34784  0.233828
34816  0.233828
34848  0.233828
34880  0.233828
34912  0.233828
34944  0.233828
34976  0.233828
35008  0.233828
35040  0.233828
35072  0.233828
35104  0.233828
35136  0.233828
35168  0.233828
35200  0.233828
35232  0.233828
35264  0.233828
35296  0.233828
35328  0.233828
35360  0.233828
35392  0.233828
35424  0.233828
35456  0.233828
35488  0.233828
35520  0.233828
35552  0.233828
35584  0.233828
35616  0.233828
35648  0.233828
35680  0.233828
35712  0.233828
35744  0.233828
35776  0.233828
35808  0.233828
35840  0.233828
35872  0.233828
35904  0.233828
35936  0.233828
35968  0.233828
36000  0.233828
36032  0.233828
36064  0.233828
36096  0.233828
36128  0.233828
36160  0.233828
36192  0.233828
36224  0.233828
36256  0.233828
36288  0.233828
36320  0.233828
36352  0.233828
36384  0.233828
36416  0.233828
36448  0.233828
36480  0.233828
36512  0.233828
36544  0.233828
36576  0.233828
36608  0.233828
36640  0.233828
36672  0.233828
36704  0.233828
36736  0.233828
36768  0.233828
36800  0.233828
36832  0.233828
36864  0.233828
36896  0.233828
36928  0.233828
36960  0.233828
36992  0.233828
37024  0.233828
37056  0.233828
37088  0.233828
37120  0.233828
37152  0.233828
37184  0.233828
37216  0.233828
37248  0.233828
37280  0.233828
37312  0.233828
37344  0.233828
37376  0.233828
37408  0.233828
37440  0.233828
37472  0.233828
37504  0.233828
37536  0.233828
37568  0.233828
37600  0.233828
37632  0.233828
37664  0.233828
37696  0.233828
37728  0.233828
37760  0.233828
37792  0.233828
37824  0.233828
37856  0.233828
37888  0.233828
37920  0.233828
37952  0.233828
37984  0.233828
38016  0.233828
38048  0.233828
38080  0.233828
38112  0.233828
38144  0.233828
38176  0.233828
38208  0.233828
38240  0.233828
38272  0.233828
38304  0.233828
38336  0.233828
38368  0.233828
38400  0.233828
38432  0.233828
38464  0.233828
38496  0.233828
38528  0.233828
38560  0.233828
38592  0.233828
38624  0.233828
38656  0.233828
38688  0.233828
38720  0.233828
38752  0.233828
38784  0.233828
38816  0.233828
38848  0.233828
38880  0.233828
38912  0.233828
38944  0.233828
38976  0.233828
39008  0.233828
39040  0.233828
39072  0.233828
39104  0.233828
39136  0.233828
39168  0.233828
39200  0.233828
39232  0.233828
39264  0.233828
39296  0.233828
39328  0.233828
39360  0.233828
39392  0.233828
39424  0.233828
39456  0.233828
39488  0.233828
39520  0.233828
39552  0.233828
39584  0.233828
39616  0.233828
39648  0.233828
39680  0.233828
39712  0.233828
39744  0.233828
39776  0.233828
39808  0.233828
39840  0.233828
39872  0.233828
39904  0.233828
39936  0.233828
39968  0.233828
40000  0.233828
40032  0.233828
40064  0.233828
40096  0.233828
40128  0.233828
40160  0.233828
40192  0.233828
40224  0.233828
40256  0.233828
40288  0.233828
40320  0.233828
40352  0.233828
40384  0.233828
40416  0.233828
40448  0.233828
40480  0.233828
40512  0.233828
40544  0.233828
40576  0.233828
40608  0.233828
40640  0.233828
40672  0.233828
40704  0.233828
40736  0.233828
40768  0.233828
40800  0.233828
40832  0.233828
40864  0.233828
40896  0.233828
40928  0.233828
40960  0.233828
40992  0.233828
41024  0.233828
41056  0.233828
41088  0.233828
41120  0.233828
41152  0.233828
41184  0.233828
41216  0.233828
41248  0.233828
41280  0.233828
41312  0.233828
41344  0.233828
41376  0.233828
41408  0.233828
41440  0.233828
41472  0.233828
41504  0.233828
41536  0.233828
41568  0.233828
41600  0.233828
41632  0.233828
41664  0.233828
41696  0.233828
41728  0.233828
41760  0.233828
41792  0.233828
41824  0.233828
41856  0.233828
41888  0.233828
41920  0.233828
41952  0.233828
41984  0.233828
42016  0.233828
42048  0.233828
42080  0.233828
42112  0.233828
42144  0.233828
42176  0.233828
42208  0.233828
42240  0.233828
42272  0.233828
42304  0.233828
42336  0.233828
42368  0.233828
42400  0.233828
42432  0.233828
42464  0.233828
42496  0.233828
42528  0.233828
42560  0.233828
42592  0.233828
42624  0.233828
42656  0.233828
42688  0.233828
42720  0.233828
42752  0.233828
42784  0.233828
42816  0.233828
42848  0.233828
42880  0.233828
42912  0.233828
42944  0.233828
42976  0.233828
43008  0.233828
43040  0.233828
43072  0.233828
43104  0.233828
43136  0.233828
43168  0.233828
43200  0.233828
43232  0.233828
43264  0.233828
43296  0.233828
43328  0.233828
43360  0.233828
43392  0.233828
43424  0.233828
43456  0.233828
43488  0.233828
43520  0.233828
43552  0.233828
43584  0.233828
43616  0.233828
43648  0.233828
43680  0.233828
43712  0.233828
43744  0.233828
43776  0.233828
43808  0.233828
43840  0.233828
43872  0.233828
43904  0.233828
43936  0.233828
43968  0.233828
44000  0.233828
44032  0.233828
44064  0.233828
44096  0.233828
44128  0.233828
44160  0.233828
44192  0.233828
44224  0.233828
44256  0.233828
44288  0.233828
44320  0.233828
44352  0.233828
44384  0.233828
44416  0.233828
44448  0.233828
44480  0.233828
44512  0.233828
44544  0.233828
44576  0.233828
44608  0.233828
44640  0.233828
44672  0.233828
44704  0.233828
44736  0.233828
44768  0.233828
44800  0.233828
44832  0.233828
44864  0.233828
44896  0.233828
44928  0.233828
44960  0.233828
44992  0.233828
45024  0.233828
45056  0.233828
45088  0.233828
45120  0.233828
45152  0.233828
45184  0.233828
45216  0.233828
45248  0.233828
45280  0.233828
45312  0.233828
45344  0.233828
45376  0.233828
45408  0.233828
45440  0.233828
45472  0.233828
45504  0.233828
45536  0.233828
45568  0.233828
45600  0.233828
45632  0.233828
45664  0.233828
45696  0.233828
45728  0.233828
45760  0.233828
45792  0.233828
45824  0.233828
45856  0.233828
45888  0.233828
45920  0.233828
45952  0.233828
45984  0.233828
46016  0.233828
46048  0.233828
46080  0.233828
46112  0.233828
46144  0.233828
46176  0.233828
46208  0.233828
46240  0.233828
46272  0.233828
46304  0.233828
46336  0.233828
46368  0.233828
46400  0.233828
46432  0.233828
46464  0.233828
46496  0.233828
46528  0.233828
46560  0.233828
46592  0.233828
46624  0.233828
46656  0.233828
46688  0.233828
46720  0.233828
46752  0.233828
46784  0.233828
46816  0.233828
46848  0.233828
46880  0.233828
46912  0.233828
46944  0.233828
46976  0.233828
47008  0.233828
47040  0.233828
47072  0.233828
47104  0.233828
47136  0.233828
47168  0.233828
47200  0.233828
47232  0.233828
47264  0.233828
47296  0.233828
47328  0.233828
47360  0.233828
47392  0.233828
47424  0.233828
47456  0.233828
47488  0.233828
47520  0.233828
47552  0.233828
47584  0.233828
47616  0.233828
47648  0.233828
47680  0.233828
47712  0.233828
47744  0.233828
47776  0.233828
47808  0.233828
47840  0.233828
47872  0.233828
47904  0.233828
47936  0.233828
47968  0.233828
48000  0.233828
48032  0.233828
48064  0.233828
48096  0.233828
48128  0.233828
48160  0.233828
48192  0.233828
48224  0.233828
48256  0.233828
48288  0.233828
48320  0.233828
48352  0.233828
48384  0.233828
48416  0.233828
48448  0.233828
48480  0.233828
48512  0.233828
48544  0.233828
48576  0.233828
48608  0.233828
48640  0.233828
48672  0.233828
48704  0.233828
48736  0.233828
48768  0.233828
48800  0.233828
48832  0.233828
48864  0.233828
48896  0.233828
48928  0.233828
48960  0.233828
48992  0.233828
49024  0.233828
49056  0.233828
49088  0.233828
49120  0.233828
49152  0.233828
49184  0.233828
49216  0.233828
49248  0.233828
49280  0.233828
49312  0.233828
49344  0.233828
49376  0.233828
49408  0.233828
49440  0.233828
49472  0.233828
49504  0.233828
49536  0.233828
49568  0.233828
49600  0.233828
49632  0.233828
49664  0.233828
49696  0.233828
49728  0.233828
49760  0.233828
49792  0.233828
49824  0.233828
49856  0.233828
49888  0.233828
49920  0.233828
49952  0.233828
49984  0.233828
50016  0.233828
50048  0.233828
50080  0.233828
50112  0.233828
50144  0.233828
50176  0.233828
50208  0.233828
50240  0.233828
50272  0.233828
50304  0.233828
50336  0.233828
50368  0.233828
50400  0.233828
50432  0.233828
50464  0.233828
50496  0.233828
50528  0.233828
50560  0.233828
50592  0.233828
50624  0.233828
50656  0.233828
50688  0.233828
50720  0.233828
50752  0.233828
50784  0.233828
50816  0.233828
50848  0.233828
50880  0.233828
50912  0.233828
50944  0.233828
50976  0.233828
51008  0.233828
51040  0.233828
51072  0.233828
51104  0.233828
51136  0.233828
51168  0.233828
51200  0.233828
51232  0.233828
51264  0.233828
51296  0.233828
51328  0.233828
51360  0.233828
51392  0.233828
51424  0.233828
51456  0.233828
51488  0.233828
51520  0.233828
51552  0.233828
51584  0.233828
51616  0.233828
51648  0.233828
51680  0.233828
51712  0.233828
51744  0.233828
51776  0.233828
51808  0.233828
51840  0.233828
51872  0.233828
51904  0.233828
51936  0.233828
51968  0.233828
52000  0.233828
52032  0.233828
52064  0.233828
52096  0.233828
52128  0.233828
52160  0.233828
52192  0.233828
52224  0.233828
52256  0.233828
52288  0.233828
52320  0.233828
52352  0.233828
52384  0.233828
52416  0.233828
52448  0.233828
52480  0.233828
52512  0.233828
52544  0.233828
52576  0.233828
52608  0.233828
52640  0.233828
52672  0.233828
52704  0.233828
52736  0.233828
52768  0.233828
52800  0.233828
52832  0.233828
52864  0.233828
52896  0.233828
52928  0.233828
52960  0.233828
52992  0.233828
53024  0.233828
53056  0.233828
53088  0.233828
53120  0.233828
53152  0.233828
53184  0.233828
53216  0.233828
53248  0.233828
53280  0.233828
53312  0.233828
53344  0.233828
53376  0.233828
53408  0.233828
53440  0.233828
53472  0.233828
53504  0.233828
53536  0.233828
53568  0.233828
53600  0.233828
53632  0.233828
53664  0.233828
53696  0.233828
53728  0.233828
53760  0.233828
53792  0.233828
53824  0.233828
53856  0.233828
53888  0.233828
53920  0.233828
53952  0.233828
53984  0.233828
54016  0.233828
54048  0.233828
54080  0.233828
54112  0.233828
54144  0.233828
54176  0.233828
54208  0.233828
54240  0.233828
54272  0.233828
54304  0.233828
54336  0.233828
54368  0.233828
54400  0.233828
54432  0.233828
54464  0.233828
54496  0.233828
54528  0.233828
54560  0.233828
54592  0.233828
54624  0.233828
54656  0.233828
54688  0.233828
54720  0.233828
54752  0.233828
54784  0.233828
54816  0.233828
54848  0.233828
54880  0.233828
54912  0.233828
54944  0.233828
54976  0.233828
55008  0.233828
55040  0.233828
55072  0.233828
55104  0.233828
55136  0.233828
55168  0.233828
55200  0.233828
55232  0.233828
55264  0.233828
55296  0.233828
55328  0.233828
55360  0.233828
55392  0.233828
55424  0.233828
55456  0.233828
55488  0.233828
55520  0.233828
55552  0.233828
55584  0.233828
55616  0.233828
55648  0.233828
55680  0.233828
55712  0.233828
55744  0.233828
55776  0.233828
55808  0.233828
55840  0.233828
55872  0.233828
55904  0.233828
55936  0.233828
55968  0.233828
56000  0.233828
56032  0.233828
56064  0.233828
56096  0.233828
56128  0.233828
56160  0.233828
56192  0.233828
56224  0.233828
56256  0.233828
56288  0.233828
56320  0.233828
56352  0.233828
56384  0.233828
56416  0.233828
56448  0.233828
56480  0.233828
56512  0.233828
56544  0.233828
56576  0.233828
56608  0.233828
56640  0.233828
56672  0.233828
56704  0.233828
56736  0.233828
56768  0.233828
56800  0.233828
56832  0.233828
56864  0.233828
56896  0.233828
56928  0.233828
56960  0.233828
56992  0.233828
57024  0.233828
57056  0.233828
57088  0.233828
57120  0.233828
57152  0.233828
57184  0.233828
57216  0.233828
57248  0.233828
57280  0.233828
57312  0.233828
57344  0.233828
57376  0.233828
57408  0.233828
57440  0.233828
57472  0.233828
57504  0.233828
57536  0.233828
57568  0.233828
57600  0.233828
57632  0.233828
57664  0.233828
57696  0.233828
57728  0.233828
57760  0.233828
57792  0.233828
57824  0.233828
57856  0.233828
57888  0.233828
57920  0.233828
57952  0.233828
57984  0.233828
58016  0.233828
58048  0.233828
58080  0.233828
58112  0.233828
58144  0.233828
58176  0.233828
58208  0.233828
58240  0.233828
58272  0.233828
58304  0.233828
58336  0.233828
58368  0.233828
58400  0.233828
58432  0.233828
58464  0.233828
58496  0.233828
58528  0.233828
58560  0.233828
58592  0.233828
58624  0.233828
58656  0.233828
58688  0.233828
58720  0.233828
58752  0.233828
58784  0.233828
58816  0.233828
58848  0.233828
58880  0.233828
58912  0.233828
58944  0.233828
58976  0.233828
59008  0.233828
59040  0.233828
59072  0.233828
59104  0.233828
59136  0.233828
59168  0.233828
59200  0.233828
59232  0.233828
59264  0.233828
59296  0.233828
59328  0.233828
59360  0.233828
59392  0.233828
59424  0.233828
59456  0.233828
59488  0.233828
59520  0.233828
59552  0.233828
59584  0.233828
59616  0.233828
59648  0.233828
59680  0.233828
59712  0.233828
59744  0.233828
59776  0.233828
59808  0.233828
59840  0.233828
59872  0.233828
59904  0.233828
59936  0.233828
59968  0.233828
60000  0.233828
60032  0.233828
60064  0.233828
60096  0.233828
60128  0.233828
60160  0.233828
60192  0.233828
60224  0.233828
60256  0.233828
60288  0.233828
60320  0.233828
60352  0.233828
60384  0.233828
60416  0.233828
60448  0.233828
60480  0.233828
60512  0.233828
60544  0.233828
60576  0.233828
60608  0.233828
60640  0.233828
60672  0.233828
60704  0.233828
60736  0.233828
60768  0.233828
60800  0.233828
60832  0.233828
60864  0.233828
60896  0.230634
60928  0.230634
60960  0.230634
60992  0.230634
61024  0.230634
61056  0.230634
61088  0.230634
61120  0.230634
61152  0.230634
61184  0.230634
61216  0.230634
61248  0.230634
61280  0.230634
61312  0.230634
61344  0.230634
61376  0.230634
61408  0.230634
61440  0.230634
61472  0.230634
61504  0.230634
61536  0.230634
61568  0.230634
61600  0.230634
61632  0.230634
61664  0.230634
61696  0.230634
61728  0.230634
61760  0.230634
61792  0.230634
61824  0.230634
61856  0.230634
61888  0.230634
61920  0.230634
61952  0.230634
61984  0.230634
62016  0.230634
62048  0.230634
62080  0.230634
62112  0.230634
62144  0.230634
62176  0.230634
62208  0.230634
62240  0.230634
62272  0.230634
62304  0.230634
62336  0.230634
62368  0.230634
62400  0.230634
62432  0.230634
62464  0.230634
62496  0.230634
62528  0.230634
62560  0.230634
62592  0.230634
62624  0.230634
62656  0.230634
62688  0.230634
62720  0.230634
62752  0.230634
62784  0.230634
62816  0.230634
62848  0.230634
62880  0.230634
62912  0.230634
62944  0.230634
62976  0.230634
63008  0.230634
63040  0.230634
63072  0.230634
63104  0.230634
63136  0.230634
63168  0.230634
63200  0.230634
63232  0.230634
63264  0.230634
63296  0.230634
63328  0.230634
63360  0.230634
63392  0.230634
63424  0.230634
63456  0.230634
63488  0.230634
63520  0.230634
63552  0.230634
63584  0.230634
63616  0.230634
63648  0.230634
63680  0.230634
63712  0.230634
63744  0.230634
63776  0.230634
63808  0.230634
63840  0.230634
63872  0.230634
63904  0.230634
63936  0.230634
63968  0.230634
64000  0.230634
64032  0.230634
64064  0.230634
64096  0.230634
64128  0.230634
64160  0.230634
64192  0.230634
64224  0.230634
64256  0.230634
64288  0.230634
64320  0.230634
64352  0.230634
64384  0.230634
64416  0.230634
64448  0.230634
64480  0.230634
64512  0.230634
64544  0.230634
64576  0.230634
64608  0.230634
64640  0.230634
64672  0.230634
64704  0.230634
64736  0.230634
64768  0.230634
64800  0.230634
64832  0.230634
64864  0.230634
64896  0.230634
64928  0.230634
64960  0.230634
64992  0.230634
65024  0.230634
65056  0.230634
65088  0.230634
65120  0.230634
65152  0.230634
65184  0.230634
65216  0.230634
65248  0.230634
65280  0.230634
65312  0.230634
65344  0.230634
65376  0.230634
65408  0.230634
65440  0.230634
65472  0.230634
65504  0.230634
65536  0.230634
65568  0.230634
65600  0.230634
65632  0.230634
65664  0.230634
65696  0.230634
65728  0.230634
65760  0.230634
65792  0.230634
65824  0.230634
65856  0.230634
65888  0.230634
65920  0.230634
65952  0.230634
65984  0.230634
66016  0.230634
66048  0.230634
66080  0.230634
66112  0.230634
66144  0.230634
66176  0.230634
66208  0.230634
66240  0.230634
66272  0.230634
66304  0.230634
66336  0.230634
66368  0.230634
66400  0.230634
66432  0.230634
66464  0.230634
66496  0.230634
66528  0.230634
66560  0.230634
66592  0.230634
66624  0.230634
66656  0.230634
66688  0.230634
66720  0.230634
66752  0.230634
66784  0.230634
66816  0.230634
66848  0.230634
66880  0.230634
66912  0.230634
66944  0.230634
66976  0.230634
67008  0.230634
67040  0.230634
67072  0.230634
67104  0.230634
67136  0.230634
67168  0.230634
67200  0.230634
67232  0.230634
67264  0.230634
67296  0.230634
67328  0.230634
67360  0.230634
67392  0.230634
67424  0.230634
67456  0.230634
67488  0.230634
67520  0.230634
67552  0.230634
67584  0.230634
67616  0.230634
67648  0.230634
67680  0.230634
67712  0.230634
67744  0.230634
67776  0.230634
67808  0.230634
67840  0.230634
67872  0.230634
67904  0.230634
67936  0.230634
67968  0.230634
68000  0.230634
68032  0.230634
68064  0.230634
68096  0.230634
68128  0.230634
68160  0.230634
68192  0.230634
68224  0.230634
68256  0.230634
68288  0.230634
68320  0.230634
68352  0.230634
68384  0.230634
68416  0.230634
68448  0.230634
68480  0.230634
68512  0.230634
68544  0.230634
68576  0.230634
68608  0.230634
68640  0.230634
68672  0.230634
68704  0.230634
68736  0.230634
68768  0.230634
68800  0.230634
68832  0.230634
68864  0.230634
68896  0.230634
68928  0.230634
68960  0.230634
68992  0.230634
69024  0.230634
69056  0.230634
69088  0.230634
69120  0.230634
69152  0.230634
69184  0.230634
69216  0.230634
69248  0.230634
69280  0.230634
69312  0.230634
69344  0.230634
69376  0.230634
69408  0.230634
69440  0.230634
69472  0.230634
69504  0.230634
69536  0.230634
69568  0.230634
69600  0.230634
69632  0.230634
69664  0.230634
69696  0.230634
69728  0.230634
69760  0.230634
69792  0.230634
69824  0.230634
69856  0.230634
69888  0.230634
69920  0.230634
69952  0.230634
69984  0.230634
70016  0.230634
70048  0.230634
70080  0.230634
70112  0.230634
70144  0.230634
70176  0.230634
70208  0.230634
70240  0.230634
70272  0.230634
70304  0.230634
70336  0.230634
70368  0.230634
70400  0.230634
70432  0.230634
70464  0.230634
70496  0.230634
70528  0.230634
70560  0.230634
70592  0.230634
70624  0.230634
70656  0.230634
70688  0.230634
70720  0.230634
70752  0.230634
70784  0.230634
70816  0.230634
70848  0.230634
70880  0.230634
70912  0.230634
70944  0.230634
70976  0.230634
71008  0.230634
71040  0.230634
71072  0.230634
71104  0.230634
71136  0.230634
71168  0.230634
71200  0.230634
71232  0.230634
71264  0.230634
71296  0.230634
71328  0.230634
71360  0.230634
71392  0.230634
71424  0.230634
71456  0.230634
71488  0.230634
71520  0.230634
71552  0.230634
71584  0.230634
71616  0.230634
71648  0.230634
71680  0.230634
71712  0.230634
71744  0.230634
71776  0.230634
71808  0.230634
71840  0.230634
71872  0.230634
71904  0.230634
71936  0.230634
71968  0.230634
72000  0.230634
72032  0.230634
72064  0.230634
72096  0.230634
72128  0.230634
72160  0.230634
72192  0.230634
72224  0.230634
72256  0.230634
72288  0.230634
72320  0.230634
72352  0.230634
72384  0.230634
72416  0.230634
72448  0.230634
72480  0.230634
72512  0.230634
72544  0.230634
72576  0.230634
72608  0.230634
72640  0.230634
72672  0.230634
72704  0.230634
72736  0.230634
72768  0.230634
72800  0.230634
72832  0.230634
72864  0.230634
72896  0.230634
72928  0.230634
72960  0.230634
72992  0.230634
73024  0.230634
73056  0.230634
73088  0.230634
73120  0.230634
73152  0.230634
73184  0.230634
73216  0.230634
73248  0.230634
73280  0.230634
73312  0.230634
73344  0.230634
73376  0.230634
73408  0.230634
73440  0.230634
73472  0.230634
73504  0.230634
73536  0.230634
73568  0.230634
73600  0.230634
73632  0.230634
73664  0.230634
73696  0.230634
73728  0.230634
73760  0.230634
73792  0.230634
73824  0.230634
73856  0.230634
73888  0.230634
73920  0.230634
73952  0.230634
73984  0.230634
74016  0.230634
74048  0.230634
74080  0.230634
74112  0.230634
