Step  Penalty
50  0.478942
100  0.478942
150  0.478942
200  0.478942
250  0.478942
300  0.478942
350  0.478942
400  0.478942
450  0.478942
500  0.478942
550  0.478942
600  0.478942
650  0.478942
700  0.478942
750  0.478942
800  0.478942
850  0.478942
900  0.478942
950  0.478942
1000  0.478942
1050  0.478942
1100  0.478942
1150  0.478942
1200  0.478942
1250  0.478942
1300  0.478942
1350  0.478942
1400  0.478942
1450  0.478942
1500  0.478942
1550  0.478942
1600  0.478942
1650  0.477448
1700  0.477448
1750  0.477448
1800  0.463086
1850  0.463086
1900  0.463086
1950  0.463086
2000  0.463086
2050  0.452779
2100  0.451698
2150  0.451698
2200  0.451698
2250  0.451698
2300  0.451698
2350  0.427644
2400  0.427644
2450  0.427644
2500  0.427644
2550  0.427644
2600  0.427644
2650  0.420094
2700  0.420094
2750  0.420094
2800  0.418383
2850  0.418383
2900  0.418383
2950  0.418383
3000  0.418383
3050  0.418383
3100  0.415392
3150  0.415392
3200  0.414674
3250  0.409956
3300  0.402577
3350  0.402577
3400  0.402577
3450  0.402577
3500  0.402577
3550  0.402577
3600  0.402577
3650  0.390781
3700  0.390781
3750  0.390781
3800  0.390781
3850  0.390781
3900  0.390781
3950  0.390781
4000  0.390781
4050  0.390781
4100  0.390781
4150  0.390781
4200  0.390781
4250  0.390781
4300  0.390781
4350  0.390781
4400  0.390781
4450  0.387501
4500  0.387501
4550  0.383071
4600  0.383071
4650  0.383071
4700  0.383071
4750  0.383071
4800  0.383071
4850  0.383071
4900  0.383071
4950  0.383071
5000  0.370591
5050  0.370591
5100  0.370591
5150  0.370591
5200  0.370591
5250  0.370591
5300  0.370591
5350  0.370591
5400  0.370591
5450  0.370591
5500  0.370591
5550  0.370591
5600  0.370591
5650  0.370591
5700  0.365915
5750  0.365915
5800  0.365525
5850  0.365525
5900  0.365525
5950  0.365525
6000  0.359657
6050  0.359657
6100  0.359657
6150  0.359657
6200  0.359657
6250  0.359657
6300  0.359657
6350  0.359657
6400  0.355841
6450  0.354552
6500  0.354552
6550  0.352952
6600  0.352952
6650  0.352952
6700  0.352952
6750  0.352952
6800  0.352952
6850  0.352952
6900  0.352952
6950  0.351417
7000  0.350189
7050  0.350189
7100  0.350146
7150  0.346339
7200  0.340451
7250  0.340253
7300  0.33995
7350  0.33995
7400  0.33995
7450  0.33995
7500  0.339301
7550  0.339301
7600  0.339301
7650  0.339301
7700  0.339301
7750  0.336363
7800  0.332022
7850  0.332022
7900  0.332022
7950  0.332022
8000  0.332022
8050  0.329372
8100  0.329372
8150  0.329372
8200  0.329372
8250  0.323703
8300  0.323703
8350  0.323703
8400  0.323703
8450  0.323703
8500  0.323703
8550  0.323703
8600  0.323703
8650  0.323703
8700  0.323703
8750  0.323703
8800  0.323703
8850  0.323703
8900  0.323703
8950  0.323703
9000  0.322717
9050  0.322717
9100  0.321202
9150  0.316656
9200  0.316656
9250  0.316656
9300  0.316656
9350  0.316656
9400  0.316656
9450  0.316656
9500  0.316656
9550  0.313188
9600  0.313188
9650  0.313188
9700  0.313188
9750  0.313188
9800  0.312667
9850  0.312667
9900  0.312667
9950  0.312667
10000  0.312667
10050  0.312667
10100  0.312667
10150  0.312667
10200  0.309156
10250  0.309156
10300  0.309156
10350  0.307097
10400  0.307097
10450  0.305988
10500  0.304604
10550  0.304604
10600  0.304604
10650  0.296839
10700  0.296839
10750  0.296839
10800  0.296839
10850  0.296839
10900  0.296839
10950  0.296839
11000  0.296839
11050  0.296839
11100  0.296839
11150  0.296839
11200  0.296839
11250  0.296839
11300  0.296839
11350  0.296839
11400  0.296839
11450  0.296839
11500  0.296839
11550  0.296839
11600  0.296839
11650  0.296839
11700  0.296839
11750  0.293854
11800  0.293854
11850  0.293854
11900  0.293854
11950  0.293854
12000  0.293854
12050  0.292455
12100  0.292455
12150  0.292455
12200  0.289564
12250  0.289564
12300  0.289564
12350  0.289564
12400  0.288679
12450  0.288679
12500  0.286524
12550  0.286524
12600  0.286524
12650  0.286524
12700  0.286524
12750  0.286524
12800  0.286524
12850  0.286524
12900  0.286524
12950  0.286524
13000  0.284211
13050  0.284211
13100  0.284211
13150  0.284211
13200  0.276446
13250  0.276446
13300  0.276446
13350  0.276446
13400  0.276446
13450  0.276446
13500  0.276446
13550  0.276446
13600  0.276446
13650  0.276446
13700  0.276446
13750  0.276446
13800  0.276446
13850  0.276446
13900  0.276446
13950  0.276446
14000  0.276446
14050  0.272208
14100  0.272208
14150  0.272208
14200  0.272208
14250  0.272208
14300  0.272208
14350  0.272208
14400  0.272208
14450  0.272208
14500  0.272208
14550  0.272208
14600  0.272208
14650  0.272208
14700  0.272208
14750  0.272208
14800  0.268152
14850  0.268152
14900  0.268152
14950  0.265116
15000  0.265116
15050  0.265116
15100  0.265116
15150  0.265116
15200  0.265116
15250  0.265116
15300  0.265116
15350  0.265116
15400  0.265116
15450  0.265116
15500  0.265116
15550  0.265116
15600  0.265116
15650  0.265116
15700  0.263008
15750  0.263008
15800  0.263008
15850  0.263008
15900  0.263008
15950  0.263008
16000  0.263008
16050  0.262291
16100  0.262291
16150  0.262291
16200  0.258568
16250  0.258568
16300  0.258568
16350  0.258568
16400  0.258568
16450  0.257636
16500  0.257636
16550  0.254782
16600  0.254782
16650  0.254782
16700  0.254782
16750  0.254782
16800  0.254782
16850  0.254782
16900  0.254344
16950  0.251232
17000  0.251232
17050  0.251232
17100  0.251232
17150  0.251232
17200  0.251232
17250  0.251232
17300  0.250214
17350  0.249539
17400  0.247752
17450  0.247752
17500  0.247752
17550  0.247752
17600  0.247752
17650  0.247752
17700  0.247752
17750  0.247752
17800  0.247752
17850  0.247752
17900  0.247238
17950  0.247238
18000  0.247238
18050  0.247238
18100  0.246509
18150  0.246509
18200  0.246509
18250  0.246509
18300  0.245204
18350  0.245062
18400  0.244934
18450  0.244934
18500  0.2442
18550  0.2442
18600  0.2442
18650  0.2442
18700  0.2442
18750  0.2442
18800  0.243712
18850  0.241401
18900  0.241401
18950  0.237828
19000  0.237828
19050  0.237828
19100  0.237828
19150  0.237828
19200  0.237828
19250  0.237828
19300  0.237828
19350  0.237828
19400  0.237828
19450  0.237828
19500  0.236414
19550  0.236414
19600  0.236414
19650  0.236414
19700  0.236414
19750  0.236414
19800  0.236414
19850  0.236414
19900  0.236414
19950  0.236414
20000  0.236414
20050  0.236414
20100  0.236414
20150  0.236414
20200  0.236175
20250  0.236175
20300  0.236175
20350  0.236175
20400  0.228966
20450  0.228966
20500  0.228966
20550  0.228966
20600  0.228966
20650  0.228966
20700  0.228966
20750  0.228966
20800  0.228966
20850  0.228966
20900  0.228966
20950  0.228966
21000  0.22778
21050  0.22778
21100  0.22778
21150  0.22778
21200  0.22778
21250  0.22778
21300  0.22778
21350  0.22778
21400  0.22778
21450  0.22778
21500  0.22778
21550  0.227272
21600  0.227272
21650  0.227272
21700  0.227272
21750  0.227272
21800  0.227272
21850  0.224989
21900  0.224989
21950  0.224989
22000  0.224989
22050  0.224989
22100  0.224989
22150  0.224989
22200  0.224989
22250  0.224989
22300  0.222436
22350  0.222436
22400  0.222436
22450  0.222436
22500  0.222436
22550  0.222436
22600  0.222436
22650  0.222436
22700  0.222436
22750  0.222436
22800  0.222436
22850  0.222436
22900  0.222436
22950  0.222436
23000  0.222436
23050  0.222436
23100  0.222436
23150  0.222436
23200  0.222436
23250  0.222436
23300  0.219217
23350  0.219217
23400  0.219217
23450  0.219217
23500  0.219217
23550  0.219217
23600  0.219217
23650  0.219217
23700  0.219217
23750  0.219217
23800  0.219217
23850  0.219217
23900  0.219217
23950  0.219217
24000  0.219217
24050  0.219217
24100  0.219217
24150  0.219217
24200  0.219217
24250  0.219217
24300  0.219217
24350  0.219217
24400  0.219217
24450  0.219217
24500  0.219217
24550  0.219217
24600  0.219217
24650  0.219217
24700  0.219217
24750  0.219217
24800  0.219217
24850  0.219217
24900  0.218153
24950  0.218153
25000  0.218153
25050  0.218153
25100  0.218153
25150  0.218153
25200  0.218153
25250  0.218153
25300  0.218153
25350  0.218153
25400  0.218153
25450  0.218153
25500  0.218153
25550  0.218153
25600  0.218153
25650  0.218153
25700  0.218153
25750  0.218153
25800  0.218153
25850  0.218153
25900  0.218153
25950  0.218153
26000  0.218153
26050  0.218153
26100  0.217201
26150  0.217201
26200  0.217201
26250  0.217201
26300  0.217201
26350  0.217201
26400  0.217201
26450  0.217201
26500  0.217201
26550  0.217201
26600  0.217201
26650  0.217201
26700  0.217201
26750  0.217201
26800  0.217201
26850  0.217201
26900  0.217201
26950  0.217201
27000  0.217201
27050  0.217201
27100  0.217201
27150  0.217201
27200  0.217201
27250  0.217201
27300  0.217201
27350  0.217201
27400  0.217201
27450  0.217174
27500  0.217174
27550  0.217174
27600  0.217174
27650  0.217174
27700  0.217174
27750  0.217174
27800  0.217174
27850  0.217174
27900  0.217174
27950  0.217073
28000  0.217073
28050  0.217073
28100  0.217073
28150  0.217073
28200  0.217073
28250  0.217073
28300  0.217073
28350  0.217073
28400  0.217073
28450  0.217073
28500  0.217073
28550  0.217073
28600  0.217073
28650  0.217073
28700  0.217073
28750  0.217073
28800  0.217073
28850  0.217073
28900  0.217073
28950  0.217073
29000  0.217073
29050  0.217073
29100  0.216365
29150  0.216365
29200  0.216365
29250  0.216365
29300  0.216365
29350  0.216365
29400  0.216365
29450  0.216365
29500  0.216365
29550  0.216365
29600  0.216365
29650  0.215871
29700  0.215871
29750  0.215871
29800  0.215871
29850  0.215871
29900  0.215871
29950  0.215674
30000  0.215674
30050  0.215525
30100  0.215525
30150  0.215525
30200  0.215525
30250  0.215525
30300  0.215525
30350  0.215525
30400  0.215525
30450  0.215525
30500  0.215525
30550  0.215525
30600  0.215525
30650  0.215525
30700  0.215525
30750  0.215525
30800  0.215525
30850  0.215525
30900  0.215525
30950  0.215525
31000  0.215076
31050  0.215076
31100  0.215076
31150  0.215076
31200  0.215076
31250  0.215076
31300  0.215076
31350  0.215076
31400  0.215076
31450  0.215076
31500  0.215076
31550  0.215076
31600  0.215076
31650  0.215076
31700  0.215076
31750  0.215076
31800  0.215076
31850  0.215076
31900  0.215076
31950  0.215076
32000  0.215076
32050  0.215076
32100  0.214745
32150  0.214745
32200  0.214745
32250  0.214745
32300  0.213742
32350  0.213742
32400  0.213742
32450  0.213742
32500  0.213742
32550  0.213742
32600  0.213742
32650  0.213742
32700  0.213742
32750  0.213742
32800  0.213742
32850  0.213742
32900  0.213742
32950  0.213127
33000  0.213127
33050  0.213127
33100  0.213127
33150  0.213127
33200  0.213127
33250  0.213127
33300  0.213127
33350  0.213127
33400  0.213127
33450  0.213127
33500  0.213127
33550  0.213127
33600  0.213127
33650  0.213127
33700  0.213127
33750  0.213127
33800  0.213127
33850  0.213127
33900  0.21283
33950  0.21283
34000  0.21283
34050  0.21283
34100  0.21283
34150  0.21283
34200  0.21283
34250  0.21283
34300  0.21283
34350  0.21283
34400  0.21283
34450  0.21283
34500  0.21283
34550  0.21283
34600  0.21283
34650  0.21283
34700  0.21283
34750  0.21283
34800  0.21283
34850  0.21283
34900  0.21283
34950  0.21283
35000  0.21283
35050  0.210997
35100  0.210997
35150  0.210997
35200  0.210997
35250  0.210997
35300  0.210997
35350  0.210997
35400  0.210997
35450  0.210997
35500  0.210997
35550  0.210997
35600  0.210997
35650  0.210997
35700  0.210997
35750  0.210997
35800  0.210997
35850  0.210997
35900  0.210997
35950  0.210997
36000  0.210997
36050  0.210997
36100  0.210997
36150  0.210997
36200  0.210997
36250  0.210997
36300  0.210997
36350  0.210997
36400  0.210997
36450  0.210514
36500  0.210514
36550  0.210514
36600  0.210514
36650  0.210514
36700  0.210514
36750  0.210514
36800  0.210514
36850  0.210514
36900  0.210514
36950  0.210514
37000  0.210514
37050  0.210514
37100  0.210514
37150  0.210514
37200  0.210514
37250  0.210514
37300  0.210514
37350  0.210514
37400  0.210514
37450  0.210514
37500  0.210514
37550  0.210514
37600  0.210514
37650  0.210514
37700  0.210514
37750  0.210514
37800  0.210514
37850  0.210514
37900  0.210514
37950  0.210514
38000  0.210514
38050  0.210514
38100  0.210514
38150  0.210514
38200  0.210514
38250  0.210514
38300  0.210514
38350  0.209759
38400  0.209759
38450  0.209759
38500  0.209759
38550  0.209759
38600  0.209759
38650  0.209759
38700  0.209759
38750  0.209759
38800  0.209759
38850  0.209759
38900  0.209759
38950  0.20854
39000  0.20854
39050  0.20854
39100  0.20854
39150  0.20854
39200  0.20854
39250  0.20854
39300  0.20854
39350  0.20854
39400  0.20854
39450  0.20854
39500  0.20854
39550  0.20854
39600  0.208405
39650  0.208405
39700  0.208405
39750  0.208405
39800  0.208405
39850  0.208405
39900  0.208405
39950  0.208405
40000  0.208405
40050  0.208405
40100  0.208405
40150  0.208405
40200  0.208405
40250  0.208405
40300  0.208405
40350  0.208405
40400  0.208405
40450  0.208405
40500  0.208405
40550  0.208405
40600  0.208405
40650  0.208405
40700  0.208405
40750  0.208405
40800  0.208405
40850  0.208405
40900  0.208405
40950  0.208405
41000  0.207517
41050  0.207517
41100  0.207517
41150  0.207517
41200  0.207517
41250  0.207517
41300  0.207517
41350  0.207517
41400  0.207517
41450  0.207517
41500  0.207517
41550  0.207517
41600  0.207517
41650  0.207517
41700  0.207517
41750  0.207517
41800  0.207517
41850  0.207517
41900  0.205463
41950  0.205463
42000  0.205463
42050  0.205463
42100  0.205463
42150  0.205463
42200  0.205463
42250  0.205463
42300  0.205463
42350  0.205463
42400  0.205463
42450  0.205463
42500  0.205463
42550  0.205463
42600  0.205463
42650  0.20512
42700  0.20512
42750  0.20512
42800  0.20512
42850  0.20512
42900  0.20512
42950  0.20512
43000  0.20512
43050  0.20512
43100  0.20512
43150  0.20512
43200  0.20512
43250  0.20512
43300  0.20512
43350  0.20512
43400  0.20512
43450  0.20512
43500  0.20512
43550  0.20512
43600  0.20512
43650  0.20512
43700  0.20512
43750  0.20512
43800  0.20512
43850  0.20512
43900  0.20512
43950  0.20512
44000  0.20512
44050  0.20512
44100  0.20512
44150  0.20512
44200  0.20512
44250  0.20512
44300  0.20512
44350  0.20512
44400  0.20512
44450  0.20512
44500  0.20512
44550  0.20512
44600  0.20512
44650  0.20512
44700  0.20512
44750  0.20512
44800  0.20512
44850  0.20512
44900  0.20512
44950  0.20512
45000  0.20512
45050  0.20512
45100  0.20512
45150  0.20512
45200  0.20512
45250  0.20512
45300  0.20512
45350  0.20512
45400  0.20512
45450  0.20512
45500  0.20512
45550  0.20512
45600  0.20512
45650  0.20512
45700  0.20512
45750  0.20512
45800  0.20512
45850  0.204687
45900  0.204687
45950  0.204687
46000  0.204687
46050  0.204687
46100  0.204687
46150  0.204687
46200  0.2032
46250  0.2032
46300  0.2032
46350  0.2032
46400  0.2032
46450  0.2032
46500  0.202778
46550  0.202778
46600  0.202778
46650  0.202778
46700  0.202778
46750  0.202778
46800  0.202778
46850  0.202778
46900  0.202778
46950  0.202778
47000  0.202778
47050  0.202778
47100  0.202778
47150  0.202778
47200  0.202778
47250  0.202778
47300  0.202778
47350  0.202778
47400  0.202778
47450  0.202778
47500  0.202778
47550  0.202778
47600  0.202778
47650  0.202778
47700  0.202778
47750  0.202778
47800  0.202778
47850  0.202778
47900  0.202778
47950  0.202778
48000  0.202778
48050  0.202778
48100  0.202778
48150  0.202778
48200  0.202778
48250  0.202778
48300  0.202778
48350  0.202778
48400  0.202778
48450  0.202778
48500  0.202778
48550  0.202778
48600  0.202778
48650  0.202778
48700  0.202778
48750  0.202778
48800  0.202778
48850  0.202778
48900  0.202778
48950  0.202778
49000  0.202778
49050  0.202778
49100  0.202778
49150  0.202778
49200  0.20188
49250  0.20188
49300  0.20188
49350  0.20188
49400  0.20188
49450  0.20188
49500  0.20188
49550  0.20188
49600  0.20188
49650  0.20188
49700  0.20188
49750  0.20188
49800  0.20188
49850  0.20188
49900  0.20188
49950  0.20188
50000  0.20188
50050  0.20188
50100  0.20188
50150  0.20188
50200  0.20188
50250  0.20188
50300  0.20188
50350  0.20188
50400  0.20188
50450  0.20188
50500  0.20188
50550  0.20188
50600  0.20188
50650  0.20188
50700  0.20188
50750  0.20188
50800  0.20188
50850  0.20188
50900  0.20188
50950  0.20188
51000  0.20188
51050  0.195141
51100  0.195141
51150  0.195141
51200  0.195141
51250  0.195141
51300  0.195141
51350  0.195141
51400  0.195141
51450  0.195141
51500  0.195141
51550  0.195141
51600  0.195141
51650  0.195141
51700  0.195141
51750  0.195141
51800  0.195141
51850  0.195141
51900  0.195141
51950  0.195141
52000  0.195141
52050  0.195141
52100  0.195141
52150  0.195141
52200  0.195141
52250  0.195141
52300  0.195141
52350  0.195141
52400  0.195141
52450  0.195141
52500  0.195141
52550  0.195141
52600  0.195141
52650  0.195141
52700  0.195141
52750  0.195141
52800  0.195141
52850  0.195141
52900  0.195141
52950  0.195141
53000  0.195141
53050  0.195141
53100  0.195141
53150  0.195141
53200  0.195141
53250  0.195141
53300  0.195141
53350  0.195141
53400  0.195141
53450  0.195141
53500  0.195141
53550  0.195141
53600  0.195141
53650  0.195141
53700  0.195141
53750  0.195141
53800  0.195141
53850  0.195141
53900  0.195141
53950  0.195141
54000  0.195141
54050  0.195141
54100  0.195141
54150  0.195141
54200  0.195141
54250  0.195141
54300  0.195141
54350  0.195141
54400  0.195141
54450  0.195141
54500  0.195141
54550  0.195141
54600  0.195141
54650  0.195141
54700  0.195141
54750  0.195141
54800  0.195141
54850  0.195141
54900  0.195141
54950  0.195141
55000  0.195141
55050  0.195141
55100  0.195141
55150  0.195141
55200  0.195141
55250  0.195141
55300  0.195141
55350  0.195141
55400  0.195141
55450  0.195141
55500  0.195141
55550  0.195141
55600  0.195141
55650  0.195141
55700  0.195141
55750  0.195141
55800  0.195141
55850  0.195141
55900  0.193439
55950  0.193439
56000  0.193439
56050  0.193439
56100  0.193439
56150  0.193439
56200  0.193439
56250  0.193439
56300  0.193439
56350  0.193439
56400  0.193439
56450  0.193439
56500  0.193439
56550  0.193439
56600  0.193439
56650  0.193439
56700  0.193439
56750  0.193439
56800  0.193439
56850  0.193439
56900  0.193439
56950  0.193439
57000  0.193439
57050  0.193439
57100  0.193439
57150  0.193439
57200  0.193439
57250  0.193439
57300  0.193439
57350  0.193439
57400  0.193439
57450  0.193439
57500  0.193439
57550  0.193439
57600  0.193439
57650  0.193439
57700  0.193439
57750  0.193439
57800  0.193439
57850  0.193439
57900  0.193439
57950  0.193439
58000  0.193439
58050  0.193439
58100  0.193439
58150  0.193439
58200  0.193439
58250  0.193439
58300  0.193439
58350  0.193439
58400  0.193439
58450  0.193439
58500  0.193439
58550  0.193439
58600  0.193439
58650  0.193439
58700  0.193439
58750  0.193439
58800  0.193439
58850  0.193439
58900  0.193439
58950  0.193439
59000  0.193439
59050  0.193439
59100  0.193439
59150  0.193439
59200  0.193439
59250  0.193439
59300  0.193439
59350  0.193439
59400  0.193439
59450  0.193439
59500  0.193439
59550  0.193439
59600  0.193439
59650  0.193439
59700  0.193439
59750  0.193439
59800  0.193439
59850  0.193439
59900  0.193439
59950  0.193439
60000  0.193439
60050  0.193439
60100  0.193439
60150  0.193439
60200  0.193439
60250  0.193439
60300  0.193439
60350  0.193439
60400  0.193439
60450  0.193439
60500  0.193439
60550  0.193439
60600  0.193439
60650  0.193439
60700  0.193439
60750  0.193439
60800  0.193439
60850  0.193439
60900  0.192588
60950  0.192588
61000  0.192588
61050  0.192588
61100  0.192588
61150  0.192588
61200  0.192588
61250  0.192588
61300  0.192588
61350  0.192588
61400  0.192588
61450  0.192588
61500  0.192588
61550  0.192588
61600  0.192588
61650  0.192588
61700  0.192588
61750  0.192588
61800  0.192588
61850  0.192588
61900  0.192588
61950  0.192588
62000  0.192588
62050  0.192588
62100  0.192588
62150  0.192588
62200  0.192588
62250  0.192588
62300  0.192588
62350  0.192588
62400  0.192588
62450  0.192588
62500  0.192588
62550  0.192588
62600  0.192588
62650  0.192588
62700  0.192588
62750  0.192588
62800  0.192588
62850  0.192588
62900  0.192588
62950  0.192588
63000  0.192588
63050  0.192588
63100  0.192588
63150  0.192588
63200  0.192588
63250  0.192588
63300  0.192588
63350  0.192588
63400  0.192588
63450  0.192588
63500  0.192588
63550  0.192588
63600  0.192588
63650  0.192588
63700  0.192588
63750  0.192588
63800  0.192588
63850  0.192588
63900  0.192588
63950  0.192588
64000  0.192588
64050  0.192588
64100  0.192588
64150  0.192588
64200  0.192588
64250  0.192588
64300  0.192588
64350  0.192588
64400  0.192588
64450  0.192588
64500  0.192588
64550  0.192588
64600  0.192588
64650  0.192588
64700  0.192588
64750  0.192588
64800  0.192588
64850  0.192588
64900  0.192588
64950  0.192588
65000  0.192588
65050  0.192588
65100  0.192588
65150  0.192588
65200  0.192588
65250  0.192588
65300  0.192588
65350  0.192588
65400  0.192588
65450  0.192588
65500  0.192588
65550  0.192588
65600  0.192588
65650  0.192588
65700  0.192588
65750  0.192588
65800  0.192588
65850  0.192588
65900  0.192588
65950  0.192588
66000  0.192588
66050  0.192588
66100  0.191105
66150  0.191105
66200  0.191105
66250  0.191105
66300  0.191105
66350  0.191105
66400  0.191105
66450  0.191105
66500  0.191105
66550  0.191105
66600  0.191105
66650  0.191105
66700  0.191105
66750  0.191105
66800  0.191105
66850  0.191105
66900  0.191105
66950  0.191105
67000  0.191105
67050  0.191105
67100  0.191105
67150  0.191105
67200  0.191105
67250  0.191105
67300  0.191105
67350  0.191105
67400  0.191105
67450  0.191105
67500  0.191105
67550  0.191105
67600  0.191105
67650  0.191105
67700  0.191105
67750  0.191105
67800  0.191105
67850  0.191105
67900  0.191105
67950  0.191105
68000  0.191105
68050  0.191105
68100  0.191105
68150  0.191105
68200  0.191105
68250  0.191105
68300  0.191105
68350  0.191105
68400  0.191105
68450  0.191105
68500  0.191105
68550  0.191105
68600  0.191105
68650  0.191105
68700  0.191105
68750  0.191105
68800  0.191105
68850  0.191105
68900  0.191105
68950  0.191105
69000  0.191105
69050  0.191105
69100  0.191105
69150  0.191105
69200  0.191105
69250  0.191105
69300  0.191105
69350  0.191105
69400  0.191105
69450  0.191105
69500  0.191105
69550  0.191105
69600  0.191105
69650  0.191105
69700  0.191105
69750  0.191105
69800  0.191105
69850  0.191105
69900  0.191105
69950  0.191105
70000  0.191105
70050  0.191105
70100  0.191105
70150  0.191105
70200  0.191105
70250  0.191105
70300  0.191105
70350  0.191105
70400  0.191105
70450  0.191105
70500  0.191105
70550  0.191105
70600  0.191105
70650  0.191105
70700  0.191105
70750  0.191105
70800  0.191105
70850  0.191105
70900  0.191105
70950  0.191105
71000  0.191105
71050  0.191105
71100  0.191105
71150  0.191105
71200  0.191105
71250  0.191105
71300  0.191105
71350  0.191105
71400  0.191105
71450  0.191105
71500  0.191105
71550  0.191105
71600  0.191105
71650  0.191105
71700  0.191105
71750  0.191105
71800  0.191105
71850  0.191105
71900  0.191105
71950  0.191105
72000  0.191105
72050  0.191105
72100  0.191105
72150  0.191105
72200  0.191105
72250  0.191105
72300  0.191105
72350  0.191105
72400  0.191105
72450  0.191105
72500  0.191105
72550  0.191105
72600  0.191105
72650  0.191105
72700  0.191105
72750  0.191105
72800  0.191105
72850  0.191105
72900  0.191105
72950  0.191105
73000  0.191105
73050  0.191105
73100  0.191105
73150  0.191105
73200  0.191105
73250  0.191105
73300  0.191105
73350  0.191105
73400  0.191105
73450  0.191105
73500  0.191105
73550  0.191105
73600  0.191105
73650  0.191105
73700  0.191105
73750  0.191105
73800  0.191105
73850  0.191105
73900  0.191105
73950  0.188175
74000  0.188175
74050  0.188175
74100  0.188175
74150  0.188175
74200  0.188175
74250  0.188175
74300  0.188175
74350  0.188175
74400  0.188175
74450  0.188175
74500  0.188175
74550  0.188175
74600  0.188175
74650  0.188175
74700  0.188175
74750  0.188175
74800  0.188175
74850  0.188175
74900  0.188175
74950  0.188175
75000  0.188175
75050  0.188175
75100  0.188175
75150  0.188175
75200  0.188175
75250  0.188175
75300  0.188175
75350  0.188175
75400  0.188175
75450  0.188175
75500  0.188175
75550  0.188175
75600  0.188175
75650  0.188175
75700  0.188175
75750  0.188175
75800  0.188175
75850  0.188175
75900  0.188175
75950  0.188175
76000  0.188175
76050  0.188175
76100  0.188175
76150  0.188175
76200  0.188175
76250  0.188175
76300  0.188175
76350  0.188175
76400  0.188175
76450  0.188175
76500  0.188175
76550  0.188175
76600  0.188175
76650  0.188175
76700  0.188175
76750  0.188175
76800  0.188175
76850  0.188175
76900  0.188175
76950  0.188175
77000  0.188175
77050  0.188175
77100  0.188175
77150  0.188175
77200  0.188175
77250  0.188175
77300  0.188175
77350  0.188175
77400  0.188175
77450  0.188175
77500  0.188175
77550  0.188175
77600  0.188175
77650  0.188175
77700  0.188175
77750  0.188175
77800  0.188175
77850  0.188175
77900  0.188175
77950  0.188175
78000  0.188175
78050  0.188175
78100  0.188175
78150  0.188175
78200  0.188175
78250  0.188175
78300  0.188175
78350  0.188175
78400  0.188175
78450  0.188175
78500  0.188175
78550  0.188175
78600  0.188175
78650  0.188175
78700  0.188175
78750  0.188175
78800  0.188175
78850  0.188175
78900  0.188175
78950  0.188175
79000  0.188175
79050  0.188175
79100  0.188175
79150  0.188175
79200  0.188175
79250  0.188175
79300  0.188175
79350  0.188175
79400  0.188175
79450  0.188175
79500  0.188175
79550  0.188175
79600  0.188175
79650  0.188175
79700  0.188175
79750  0.188175
79800  0.188175
79850  0.188175
79900  0.188175
79950  0.188175
80000  0.188175
80050  0.188175
80100  0.188175
80150  0.188175
80200  0.188175
80250  0.188175
80300  0.188175
80350  0.188175
80400  0.188175
80450  0.188175
80500  0.188175
80550  0.188175
80600  0.188175
80650  0.188175
80700  0.188175
80750  0.188175
80800  0.188175
80850  0.188175
80900  0.188175
80950  0.188175
81000  0.188175
81050  0.188175
81100  0.188175
81150  0.188175
81200  0.188175
81250  0.188175
81300  0.188175
81350  0.188175
81400  0.188175
81450  0.188175
81500  0.188175
81550  0.188175
81600  0.188175
81650  0.188175
81700  0.188175
81750  0.188175
81800  0.188175
81850  0.188175
81900  0.188175
81950  0.188175
82000  0.188175
82050  0.188175
82100  0.188175
82150  0.188175
82200  0.188175
82250  0.188175
82300  0.188175
82350  0.188175
82400  0.188175
82450  0.188175
82500  0.188175
82550  0.188175
82600  0.188175
82650  0.188175
82700  0.188175
82750  0.188175
82800  0.188175
82850  0.188175
82900  0.188175
82950  0.188175
83000  0.188175
83050  0.188175
83100  0.188175
83150  0.188175
83200  0.188175
83250  0.188175
83300  0.188175
83350  0.188175
83400  0.188175
83450  0.188175
83500  0.188175
83550  0.188175
83600  0.188175
83650  0.188175
83700  0.188175
83750  0.188175
83800  0.188175
83850  0.188175
83900  0.188175
83950  0.188175
84000  0.188175
84050  0.188175
84100  0.188175
84150  0.188175
84200  0.188175
84250  0.188175
84300  0.188175
84350  0.188175
84400  0.188175
84450  0.188175
84500  0.188175
84550  0.188175
84600  0.188175
84650  0.188175
84700  0.188175
84750  0.188175
84800  0.188175
84850  0.188175
84900  0.188175
84950  0.188175
85000  0.188175
85050  0.188175
85100  0.188175
85150  0.188175
85200  0.188175
85250  0.188175
85300  0.188175
85350  0.188175
85400  0.188175
85450  0.188175
85500  0.188175
85550  0.188175
85600  0.188175
85650  0.188175
85700  0.188175
85750  0.188175
85800  0.188175
85850  0.188175
85900  0.188175
85950  0.188175
86000  0.188175
86050  0.188175
86100  0.188175
86150  0.188175
86200  0.188175
86250  0.188175
86300  0.188175
86350  0.188175
86400  0.188175
86450  0.188175
86500  0.188175
86550  0.188175
86600  0.188175
86650  0.188175
86700  0.188175
86750  0.188175
86800  0.188175
86850  0.188175
86900  0.188175
86950  0.188175
87000  0.188175
87050  0.188175
87100  0.188175
87150  0.188175
87200  0.188175
87250  0.188175
87300  0.188175
87350  0.188175
87400  0.188175
87450  0.188175
87500  0.188175
87550  0.188175
87600  0.188175
87650  0.188175
87700  0.188175
87750  0.188175
87800  0.188175
87850  0.188175
87900  0.188175
87950  0.188175
88000  0.188175
88050  0.188175
88100  0.188175
88150  0.188175
88200  0.188175
88250  0.188175
88300  0.188175
88350  0.188175
88400  0.188175
88450  0.188175
88500  0.188175
88550  0.188175
88600  0.188175
88650  0.188175
88700  0.188175
88750  0.188175
88800  0.188175
88850  0.188175
88900  0.188175
88950  0.188175
89000  0.188175
89050  0.188175
89100  0.188175
89150  0.188175
89200  0.188175
89250  0.188175
89300  0.188175
89350  0.188175
89400  0.188175
89450  0.188175
89500  0.188175
89550  0.188175
89600  0.188175
89650  0.188175
89700  0.188175
89750  0.188175
89800  0.188175
89850  0.188175
89900  0.188175
89950  0.188175
90000  0.188175
90050  0.188175
90100  0.188175
90150  0.188175
90200  0.188175
90250  0.188175
90300  0.188175
90350  0.188175
90400  0.188175
90450  0.188175
90500  0.188175
90550  0.188175
90600  0.188175
90650  0.188175
90700  0.188175
90750  0.188175
90800  0.188175
90850  0.188175
90900  0.188175
90950  0.188175
91000  0.188175
91050  0.188175
91100  0.188175
91150  0.188175
91200  0.188175
91250  0.188175
91300  0.188175
91350  0.188175
91400  0.188175
91450  0.188175
91500  0.188175
91550  0.188175
91600  0.188175
91650  0.188175
91700  0.188175
91750  0.188175
91800  0.188175
91850  0.188175
91900  0.188175
91950  0.188175
92000  0.188175
92050  0.188175
92100  0.188175
92150  0.188175
92200  0.188175
92250  0.188175
92300  0.188175
92350  0.188175
92400  0.188175
92450  0.188175
92500  0.188175
92550  0.188175
92600  0.188175
92650  0.188175
92700  0.188175
92750  0.188175
92800  0.188175
92850  0.188175
92900  0.188175
92950  0.188175
93000  0.188175
93050  0.188175
93100  0.188175
93150  0.188175
93200  0.188175
93250  0.188175
93300  0.188175
93350  0.188175
93400  0.188175
93450  0.188175
93500  0.188175
93550  0.188175
93600  0.188175
93650  0.188175
93700  0.188175
93750  0.187736
93800  0.187736
93850  0.187736
93900  0.187736
93950  0.187736
94000  0.187736
94050  0.187736
94100  0.187736
94150  0.187736
94200  0.187736
94250  0.187736
94300  0.187736
94350  0.187736
94400  0.187736
94450  0.187736
94500  0.187736
94550  0.187736
94600  0.187736
94650  0.187736
94700  0.187736
94750  0.187736
94800  0.187736
94850  0.187736
94900  0.187736
94950  0.187736
95000  0.187736
95050  0.187736
95100  0.187736
95150  0.187736
95200  0.187736
95250  0.187736
95300  0.187736
95350  0.187736
95400  0.187736
95450  0.187736
95500  0.187736
95550  0.187736
95600  0.187736
95650  0.187736
95700  0.187736
95750  0.187736
95800  0.187736
95850  0.187736
95900  0.187736
95950  0.187736
96000  0.187736
96050  0.187736
96100  0.187736
96150  0.187736
96200  0.187736
96250  0.187736
96300  0.187736
96350  0.187736
96400  0.187736
96450  0.187736
96500  0.187736
96550  0.187736
96600  0.187736
96650  0.187736
96700  0.187736
96750  0.187736
96800  0.187736
96850  0.187736
96900  0.187736
96950  0.187736
97000  0.187736
97050  0.187736
97100  0.187736
97150  0.187736
97200  0.187736
97250  0.187736
97300  0.187736
97350  0.187736
97400  0.187736
97450  0.187736
97500  0.187736
97550  0.187736
97600  0.187736
97650  0.187736
97700  0.187736
97750  0.187736
97800  0.187736
97850  0.187736
97900  0.187736
97950  0.187736
98000  0.187736
98050  0.187736
98100  0.187736
98150  0.187736
98200  0.187736
98250  0.187736
98300  0.187736
98350  0.187736
98400  0.187736
98450  0.187736
98500  0.187736
98550  0.187736
98600  0.187736
98650  0.187736
98700  0.187736
98750  0.187736
98800  0.187736
98850  0.187736
98900  0.187736
98950  0.187736
99000  0.187736
99050  0.187736
99100  0.187736
99150  0.187736
99200  0.187736
99250  0.187736
99300  0.187736
99350  0.187736
99400  0.187736
99450  0.187736
99500  0.187736
99550  0.187736
99600  0.187736
99650  0.187736
99700  0.187736
99750  0.187736
99800  0.187736
99850  0.187736
99900  0.187736
99950  0.187736
100000  0.187736
100050  0.187736
100100  0.187736
100150  0.187736
100200  0.187736
100250  0.187736
100300  0.187736
100350  0.187736
100400  0.187736
100450  0.187736
100500  0.187736
100550  0.187736
100600  0.187736
100650  0.187736
100700  0.187736
100750  0.18773
100800  0.18773
100850  0.18773
100900  0.18773
100950  0.18773
101000  0.18773
101050  0.18773
101100  0.18773
101150  0.18773
101200  0.18773
101250  0.18773
101300  0.18773
101350  0.187245
101400  0.187245
101450  0.187245
101500  0.187245
101550  0.187245
101600  0.187245
101650  0.187245
101700  0.187245
101750  0.187245
101800  0.187245
101850  0.187245
101900  0.187245
101950  0.187245
102000  0.187245
102050  0.187245
102100  0.187245
102150  0.187245
102200  0.187245
102250  0.187245
102300  0.187245
102350  0.187245
102400  0.187245
102450  0.187245
102500  0.187245
102550  0.187245
102600  0.187245
102650  0.187245
102700  0.187245
102750  0.187245
102800  0.187245
102850  0.187245
102900  0.187245
102950  0.187245
103000  0.187245
103050  0.187245
103100  0.187245
103150  0.187245
103200  0.187085
103250  0.187085
103300  0.187085
103350  0.187085
103400  0.187085
103450  0.187085
103500  0.187085
103550  0.187085
103600  0.187085
103650  0.187085
103700  0.187085
103750  0.187085
103800  0.187085
103850  0.187085
103900  0.187085
103950  0.187085
104000  0.187085
104050  0.187085
104100  0.187085
104150  0.187085
104200  0.187085
104250  0.187085
104300  0.187085
104350  0.187085
104400  0.187085
104450  0.187085
104500  0.187085
104550  0.187085
104600  0.187085
104650  0.187085
104700  0.187085
104750  0.187085
104800  0.187085
104850  0.187085
104900  0.187085
104950  0.187085
105000  0.187085
105050  0.187085
105100  0.187085
105150  0.187085
105200  0.187085
105250  0.187085
105300  0.187085
105350  0.187085
105400  0.187085
105450  0.187085
105500  0.187085
105550  0.187085
105600  0.187085
105650  0.187085
105700  0.187085
105750  0.187085
105800  0.187085
105850  0.187085
105900  0.187085
105950  0.187085
106000  0.187085
106050  0.187085
106100  0.187085
106150  0.187085
106200  0.187085
106250  0.187085
106300  0.187085
106350  0.187085
106400  0.187085
106450  0.187085
106500  0.187085
106550  0.187085
106600  0.187085
106650  0.187085
106700  0.187085
106750  0.187085
106800  0.187085
106850  0.186594
106900  0.186594
106950  0.186594
107000  0.185681
107050  0.185681
107100  0.185681
107150  0.185681
107200  0.185681
107250  0.184415
107300  0.184415
107350  0.184415
107400  0.184415
107450  0.184415
107500  0.184415
107550  0.184415
107600  0.184415
107650  0.184415
107700  0.184415
107750  0.184415
107800  0.184415
107850  0.184415
107900  0.184415
107950  0.184415
108000  0.184415
108050  0.184415
108100  0.184415
108150  0.184415
108200  0.184415
108250  0.184415
108300  0.184415
108350  0.184415
108400  0.184415
108450  0.184415
108500  0.184415
108550  0.184415
108600  0.184415
108650  0.184415
108700  0.184415
108750  0.184415
108800  0.184415
108850  0.184415
108900  0.184415
108950  0.184415
109000  0.184415
109050  0.184415
109100  0.184415
109150  0.184415
109200  0.184415
109250  0.184415
109300  0.184415
109350  0.184415
109400  0.184415
109450  0.184415
109500  0.184415
109550  0.184415
109600  0.184415
109650  0.184415
109700  0.184415
109750  0.184415
109800  0.184415
109850  0.184415
109900  0.184415
109950  0.184415
110000  0.184415
110050  0.184415
110100  0.184415
110150  0.184415
110200  0.184415
110250  0.184415
110300  0.184415
110350  0.184415
110400  0.184415
110450  0.184415
110500  0.184415
110550  0.184415
110600  0.184415
110650  0.184415
110700  0.184415
110750  0.184415
110800  0.184415
110850  0.184415
110900  0.184415
110950  0.184415
111000  0.184415
111050  0.184415
111100  0.184415
111150  0.184415
111200  0.184415
111250  0.184415
111300  0.184415
111350  0.184415
111400  0.184415
111450  0.184415
111500  0.184415
111550  0.184415
111600  0.184415
111650  0.184415
111700  0.184415
111750  0.184415
111800  0.184415
111850  0.184415
111900  0.184415
111950  0.184415
112000  0.184415
112050  0.184415
112100  0.184415
112150  0.184415
112200  0.184415
112250  0.184415
112300  0.184415
112350  0.184415
112400  0.184415
112450  0.184415
112500  0.184415
112550  0.184415
112600  0.184415
112650  0.184415
112700  0.184415
112750  0.184415
112800  0.184415
112850  0.184415
112900  0.184415
112950  0.184415
113000  0.184415
113050  0.184415
113100  0.184415
113150  0.184415
113200  0.184415
113250  0.184415
113300  0.184415
113350  0.184415
113400  0.184415
113450  0.184415
113500  0.184415
113550  0.184415
113600  0.184415
113650  0.184415
113700  0.184415
113750  0.184415
113800  0.184415
113850  0.184415
113900  0.184415
113950  0.184415
114000  0.184415
114050  0.184415
114100  0.184415
114150  0.184415
114200  0.184415
114250  0.184415
114300  0.184415
114350  0.184415
114400  0.184415
114450  0.184415
114500  0.184415
114550  0.184415
114600  0.184415
114650  0.184415
114700  0.184415
114750  0.184415
114800  0.184415
114850  0.184415
114900  0.184415
114950  0.184415
115000  0.184415
115050  0.184415
115100  0.184415
115150  0.184415
115200  0.184415
115250  0.184415
115300  0.184415
115350  0.184415
115400  0.184415
115450  0.184415
115500  0.184415
115550  0.184415
115600  0.184415
115650  0.184415
115700  0.184415
115750  0.184415
115800  0.184415
115850  0.184415
115900  0.184415
115950  0.184415
116000  0.184415
116050  0.184415
116100  0.184415
116150  0.184415
116200  0.184415
116250  0.184415
116300  0.184415
116350  0.184415
116400  0.184415
116450  0.184415
116500  0.184415
116550  0.184415
116600  0.184415
116650  0.184415
116700  0.184415
116750  0.184415
116800  0.184415
116850  0.184415
116900  0.184415
116950  0.184415
117000  0.184415
117050  0.184415
117100  0.184415
117150  0.184415
117200  0.184415
117250  0.184415
117300  0.184415
117350  0.184415
117400  0.184415
117450  0.184415
117500  0.184415
117550  0.184415
117600  0.184415
117650  0.184415
117700  0.184415
117750  0.184415
117800  0.184415
117850  0.184415
117900  0.184415
117950  0.184415
118000  0.184415
118050  0.184415
118100  0.184415
118150  0.184415
118200  0.184415
118250  0.184415
118300  0.184415
118350  0.184415
118400  0.184415
118450  0.184415
118500  0.184415
118550  0.184415
118600  0.184415
118650  0.184415
118700  0.184415
118750  0.184415
118800  0.184415
118850  0.184415
118900  0.184415
118950  0.184415
119000  0.184415
119050  0.184415
119100  0.184415
119150  0.184415
119200  0.184415
119250  0.184415
119300  0.184415
119350  0.184415
119400  0.184415
119450  0.184415
119500  0.184415
119550  0.184415
119600  0.184415
119650  0.184415
119700  0.184415
119750  0.184415
119800  0.184415
119850  0.184415
119900  0.184415
119950  0.184415
120000  0.184415
120050  0.184415
120100  0.184415
120150  0.184415
120200  0.184415
120250  0.184415
120300  0.184415
120350  0.184415
120400  0.184415
120450  0.184415
120500  0.184415
120550  0.184415
120600  0.184415
120650  0.184415
120700  0.184415
120750  0.184415
120800  0.184415
120850  0.184415
120900  0.184415
120950  0.184415
121000  0.184415
121050  0.184415
121100  0.184336
121150  0.184336
121200  0.184336
121250  0.184336
121300  0.184336
121350  0.184336
121400  0.184336
121450  0.184336
121500  0.184336
121550  0.184336
121600  0.184336
121650  0.184336
121700  0.184336
121750  0.184336
121800  0.184336
121850  0.184336
121900  0.184336
121950  0.184336
122000  0.184336
122050  0.184336
122100  0.184336
122150  0.184336
122200  0.184336
122250  0.184336
122300  0.184336
122350  0.184336
122400  0.184336
122450  0.184336
122500  0.184336
122550  0.184336
122600  0.184336
122650  0.184336
122700  0.184336
122750  0.184336
122800  0.184336
122850  0.184336
122900  0.184336
122950  0.184336
123000  0.184336
123050  0.184336
123100  0.184336
123150  0.184336
123200  0.184336
123250  0.184336
123300  0.184336
123350  0.184336
123400  0.184336
123450  0.184336
123500  0.184336
123550  0.184336
123600  0.184336
123650  0.184336
123700  0.184336
123750  0.184336
123800  0.184336
123850  0.184336
123900  0.184336
123950  0.184336
124000  0.184336
124050  0.184336
124100  0.184336
124150  0.184336
124200  0.184336
124250  0.184336
124300  0.184336
124350  0.184336
124400  0.184336
124450  0.184336
124500  0.184336
124550  0.184336
124600  0.184336
124650  0.184336
124700  0.184336
124750  0.184336
124800  0.184336
124850  0.184336
124900  0.184336
124950  0.184336
125000  0.184336
125050  0.184336
125100  0.184336
125150  0.184336
125200  0.184336
125250  0.181958
125300  0.181958
125350  0.181958
125400  0.181958
125450  0.181958
125500  0.181958
125550  0.181958
125600  0.181958
125650  0.181958
125700  0.181958
125750  0.181958
125800  0.181958
125850  0.181958
125900  0.181958
125950  0.181958
126000  0.181958
126050  0.181958
126100  0.181958
126150  0.181958
126200  0.181958
126250  0.181958
126300  0.181958
126350  0.181958
126400  0.181958
126450  0.181958
126500  0.181958
126550  0.181958
126600  0.181958
126650  0.181958
126700  0.181958
126750  0.181958
126800  0.181958
126850  0.181958
126900  0.181958
126950  0.181958
127000  0.181958
127050  0.181958
127100  0.181958
127150  0.181958
127200  0.181958
127250  0.181958
127300  0.181958
127350  0.181958
127400  0.181958
127450  0.181958
127500  0.181958
127550  0.181958
127600  0.181958
127650  0.181958
127700  0.181958
127750  0.181958
127800  0.181958
127850  0.181958
127900  0.181958
127950  0.181958
128000  0.181958
128050  0.181958
128100  0.181958
128150  0.181958
128200  0.181958
128250  0.181958
128300  0.181958
128350  0.181958
128400  0.181958
128450  0.181958
128500  0.181958
128550  0.181958
128600  0.181958
128650  0.181958
128700  0.181958
128750  0.181958
128800  0.181958
128850  0.181958
128900  0.181958
128950  0.181958
129000  0.181958
129050  0.181958
129100  0.181958
129150  0.181958
129200  0.181958
129250  0.181958
129300  0.181958
129350  0.181958
129400  0.181958
129450  0.181958
129500  0.181958
129550  0.181958
129600  0.181958
129650  0.181958
129700  0.181958
129750  0.181958
129800  0.181958
129850  0.181958
129900  0.181958
129950  0.181958
130000  0.181958
130050  0.181958
130100  0.181958
130150  0.181958
130200  0.181958
130250  0.181958
130300  0.181958
130350  0.181958
130400  0.181958
130450  0.181958
130500  0.181958
130550  0.181958
130600  0.181958
130650  0.181958
130700  0.181958
130750  0.181958
130800  0.181958
130850  0.181958
130900  0.181958
130950  0.181958
131000  0.181958
131050  0.181958
131100  0.181958
131150  0.181958
131200  0.181958
131250  0.181958
131300  0.181958
131350  0.181958
131400  0.181958
131450  0.181958
131500  0.181958
131550  0.181958
131600  0.181958
131650  0.181958
131700  0.181958
131750  0.181958
131800  0.181958
131850  0.181958
131900  0.181958
131950  0.181958
132000  0.181958
132050  0.181958
132100  0.181958
132150  0.181958
132200  0.181958
132250  0.181958
132300  0.181958
132350  0.181958
132400  0.181958
132450  0.181958
132500  0.181958
132550  0.181958
132600  0.181958
132650  0.181958
132700  0.181958
132750  0.181958
132800  0.181958
132850  0.181958
132900  0.181958
132950  0.181958
133000  0.181958
133050  0.181958
133100  0.181958
133150  0.181958
133200  0.181958
133250  0.181958
133300  0.181958
133350  0.181958
133400  0.181958
133450  0.181958
133500  0.181348
133550  0.181348
133600  0.181348
133650  0.181348
133700  0.181348
133750  0.181348
133800  0.181348
133850  0.181348
133900  0.181348
133950  0.181348
134000  0.181348
134050  0.181348
134100  0.181348
134150  0.181348
134200  0.181348
134250  0.181348
134300  0.181348
134350  0.181348
134400  0.181348
134450  0.181348
134500  0.181348
134550  0.181348
134600  0.181348
