Step  Penalty
10  0.557866
20  0.531781
30  0.517277
40  0.505252
50  0.499484
60  0.491177
70  0.488038
80  0.486582
90  0.486444
100  0.485292
110  0.481955
120  0.478492
130  0.470969
140  0.469674
150  0.467381
160  0.467381
170  0.467381
180  0.466353
190  0.466353
200  0.466353
210  0.466353
220  0.464933
230  0.463713
240  0.462594
250  0.462377
260  0.462377
270  0.459999
280  0.459131
290  0.458585
300  0.458585
310  0.458585
320  0.458585
330  0.458388
340  0.458388
350  0.458388
360  0.457816
370  0.457557
380  0.457557
390  0.457557
400  0.455112
410  0.454871
420  0.453598
430  0.453598
440  0.453598
450  0.453092
460  0.453092
470  0.453092
480  0.453031
490  0.453031
500  0.453031
510  0.453031
520  0.452328
530  0.452328
540  0.452328
550  0.45074
560  0.45074
570  0.450702
580  0.449838
590  0.449838
600  0.449838
610  0.449838
620  0.449838
630  0.449838
640  0.449838
650  0.449838
660  0.449838
670  0.449838
680  0.449838
690  0.449838
700  0.449838
710  0.449838
720  0.449838
730  0.449838
740  0.4498
750  0.4498
760  0.4498
770  0.4498
780  0.4498
790  0.4498
800  0.449748
810  0.449504
820  0.449172
830  0.449172
840  0.449172
850  0.449172
860  0.449172
870  0.448544
880  0.448544
890  0.448544
900  0.448544
910  0.448544
920  0.448544
930  0.448544
940  0.448544
950  0.446518
960  0.446518
970  0.446518
980  0.446518
990  0.446518
1000  0.446518
1010  0.446518
1020  0.446518
1030  0.445168
1040  0.445168
1050  0.444902
1060  0.444902
1070  0.444902
1080  0.444902
1090  0.444902
1100  0.444865
1110  0.444865
1120  0.444865
1130  0.444427
1140  0.444427
1150  0.444427
1160  0.444427
1170  0.444427
1180  0.442292
1190  0.441537
1200  0.441494
1210  0.441494
1220  0.441494
1230  0.441472
1240  0.441472
1250  0.441472
1260  0.440443
1270  0.440443
1280  0.440443
1290  0.440443
1300  0.440131
1310  0.440131
1320  0.440131
1330  0.439387
1340  0.438829
1350  0.438829
1360  0.43747
1370  0.43747
1380  0.43747
1390  0.43747
1400  0.43747
1410  0.43747
1420  0.43747
1430  0.43747
1440  0.43719
1450  0.436938
1460  0.436433
1470  0.436433
1480  0.434618
1490  0.434618
1500  0.434618
1510  0.434618
1520  0.434618
1530  0.433996
1540  0.433996
1550  0.433996
1560  0.432567
1570  0.432567
1580  0.432567
1590  0.432567
1600  0.432567
1610  0.432567
1620  0.432336
1630  0.432336
1640  0.432145
1650  0.432132
1660  0.432132
1670  0.43146
1680  0.430668
1690  0.43025
1700  0.429793
1710  0.429599
1720  0.429395
1730  0.427783
1740  0.425863
1750  0.425664
1760  0.425664
1770  0.425664
1780  0.425341
1790  0.423796
1800  0.423796
1810  0.423796
1820  0.423796
1830  0.423005
1840  0.423005
1850  0.422737
1860  0.422737
1870  0.422737
1880  0.422657
1890  0.422068
1900  0.422068
1910  0.420039
1920  0.420039
1930  0.41991
1940  0.416977
1950  0.416977
1960  0.416977
1970  0.416977
1980  0.41671
1990  0.416442
2000  0.416442
2010  0.415986
2020  0.415986
2030  0.415463
2040  0.415463
2050  0.410032
2060  0.410032
2070  0.410032
2080  0.410032
2090  0.409465
2100  0.409465
2110  0.409465
2120  0.409465
2130  0.409465
2140  0.408644
2150  0.408195
2160  0.407602
2170  0.407602
2180  0.407602
2190  0.407608
2200  0.407119
2210  0.407119
2220  0.40667
2230  0.40667
2240  0.406296
2250  0.404421
2260  0.404421
2270  0.402943
2280  0.402795
2290  0.402307
2300  0.399352
2310  0.398753
2320  0.398753
2330  0.395071
2340  0.395071
2350  0.395071
2360  0.39396
2370  0.393776
2380  0.393776
2390  0.393005
2400  0.393005
2410  0.393005
2420  0.393005
2430  0.393005
2440  0.393005
2450  0.393005
2460  0.393005
2470  0.393005
2480  0.393005
2490  0.393005
2500  0.390577
2510  0.390213
2520  0.390213
2530  0.390213
2540  0.390213
2550  0.390213
2560  0.390213
2570  0.390213
2580  0.390213
2590  0.390213
2600  0.390213
2610  0.390213
2620  0.390213
2630  0.390213
2640  0.390003
2650  0.390003
2660  0.390003
2670  0.390003
2680  0.390003
2690  0.390003
2700  0.390003
2710  0.389155
2720  0.389155
2730  0.389155
2740  0.389155
2750  0.389155
2760  0.388741
2770  0.387711
2780  0.387711
2790  0.387711
2800  0.387711
2810  0.386109
2820  0.385824
2830  0.385824
2840  0.385824
2850  0.385824
2860  0.385824
2870  0.385824
2880  0.385824
2890  0.385824
2900  0.385824
2910  0.385824
2920  0.385824
2930  0.385824
2940  0.385824
2950  0.385824
2960  0.385824
2970  0.385824
2980  0.385824
2990  0.385576
3000  0.385576
3010  0.385576
3020  0.385282
3030  0.385282
3040  0.385282
3050  0.385282
3060  0.385282
3070  0.385282
3080  0.385282
3090  0.385282
3100  0.385282
3110  0.385282
3120  0.385282
3130  0.385282
3140  0.385282
3150  0.385282
3160  0.385282
3170  0.385282
3180  0.385282
3190  0.385282
3200  0.385282
3210  0.385282
3220  0.385282
3230  0.385282
3240  0.385282
3250  0.385282
3260  0.385282
3270  0.385282
3280  0.385282
3290  0.385282
3300  0.385282
3310  0.385282
3320  0.385282
3330  0.385282
3340  0.385282
3350  0.384941
3360  0.384941
3370  0.384941
3380  0.384941
3390  0.384941
3400  0.384941
3410  0.384941
3420  0.384941
3430  0.384941
3440  0.38461
3450  0.38461
3460  0.38461
3470  0.38461
3480  0.384491
3490  0.384491
3500  0.384491
3510  0.384491
3520  0.384491
3530  0.384491
3540  0.384491
3550  0.384491
3560  0.384491
3570  0.384491
3580  0.384491
3590  0.384491
3600  0.384491
3610  0.384491
3620  0.384491
3630  0.384491
3640  0.384491
3650  0.384491
3660  0.382734
3670  0.382734
3680  0.382734
3690  0.382734
3700  0.382734
3710  0.382734
3720  0.382734
3730  0.382734
3740  0.382734
3750  0.382734
3760  0.382734
3770  0.382734
3780  0.382734
3790  0.382734
3800  0.380989
3810  0.380483
3820  0.380483
3830  0.380483
3840  0.380483
3850  0.380483
3860  0.380483
3870  0.380483
3880  0.380483
3890  0.380483
3900  0.380483
3910  0.380483
3920  0.380483
3930  0.380483
3940  0.380129
3950  0.380129
3960  0.380129
3970  0.380129
3980  0.379523
3990  0.379523
4000  0.379523
4010  0.379523
4020  0.379523
4030  0.379523
4040  0.379523
4050  0.379523
4060  0.379523
4070  0.379523
4080  0.379523
4090  0.379523
4100  0.379523
4110  0.379523
4120  0.379523
4130  0.379523
4140  0.379523
4150  0.379523
4160  0.379523
4170  0.379523
4180  0.379523
4190  0.379523
4200  0.379523
4210  0.379523
4220  0.379523
4230  0.379523
4240  0.379523
4250  0.379523
4260  0.379523
4270  0.379523
4280  0.379523
4290  0.379523
4300  0.379523
4310  0.379523
4320  0.379264
4330  0.379214
4340  0.379214
4350  0.379214
4360  0.379214
4370  0.379214
4380  0.379214
4390  0.379214
4400  0.379214
4410  0.379214
4420  0.379214
4430  0.379214
4440  0.379214
4450  0.379214
4460  0.379214
4470  0.379214
4480  0.379214
4490  0.379214
4500  0.379214
4510  0.379214
4520  0.379214
4530  0.378971
4540  0.378971
4550  0.378971
4560  0.378971
4570  0.378971
4580  0.378971
4590  0.377932
4600  0.377932
4610  0.377455
4620  0.377455
4630  0.377455
4640  0.377455
4650  0.377455
4660  0.377455
4670  0.377455
4680  0.377038
4690  0.377038
4700  0.377038
4710  0.377038
4720  0.377038
4730  0.377038
4740  0.376645
4750  0.376645
4760  0.376645
4770  0.376645
4780  0.376645
4790  0.376645
4800  0.376645
4810  0.376645
4820  0.376645
4830  0.376645
4840  0.376645
4850  0.376645
4860  0.376645
4870  0.376645
4880  0.376489
4890  0.376489
4900  0.376489
4910  0.376489
4920  0.376489
4930  0.376489
4940  0.376489
4950  0.376489
4960  0.376489
4970  0.375731
4980  0.375731
4990  0.375731
5000  0.375731
5010  0.375731
5020  0.375731
5030  0.375731
5040  0.375731
5050  0.375731
5060  0.375731
5070  0.375731
5080  0.375731
5090  0.375731
5100  0.375731
5110  0.375731
5120  0.375731
5130  0.375731
5140  0.375731
5150  0.375731
5160  0.375731
5170  0.375731
5180  0.375731
5190  0.375731
5200  0.375731
5210  0.375731
5220  0.375731
5230  0.375731
5240  0.375731
5250  0.375731
5260  0.375731
5270  0.375731
5280  0.375731
5290  0.375731
5300  0.375731
5310  0.375731
5320  0.375731
5330  0.375731
5340  0.375731
5350  0.375731
5360  0.375731
5370  0.375731
5380  0.375731
5390  0.375731
5400  0.375731
5410  0.375731
5420  0.375731
5430  0.375731
5440  0.375731
5450  0.375731
5460  0.375731
5470  0.375731
5480  0.375731
5490  0.375731
5500  0.375731
5510  0.375731
5520  0.375731
5530  0.375731
5540  0.375731
5550  0.375731
5560  0.375731
5570  0.375731
5580  0.375731
5590  0.375731
5600  0.375731
5610  0.375731
5620  0.375731
5630  0.375731
5640  0.375552
5650  0.375552
5660  0.375552
5670  0.375552
5680  0.375552
5690  0.375552
5700  0.375552
5710  0.374692
5720  0.374692
5730  0.374692
5740  0.374692
5750  0.374692
5760  0.374692
5770  0.374692
5780  0.374692
5790  0.374692
5800  0.374692
5810  0.374692
5820  0.374692
5830  0.374692
5840  0.374692
5850  0.374692
5860  0.374692
5870  0.374692
5880  0.374692
5890  0.374692
5900  0.374692
5910  0.374692
5920  0.374692
5930  0.374692
5940  0.374692
5950  0.374692
5960  0.374692
5970  0.374692
5980  0.374692
5990  0.374692
6000  0.374692
6010  0.374692
6020  0.374692
6030  0.374692
6040  0.374692
6050  0.374692
6060  0.374692
6070  0.374692
6080  0.374692
6090  0.374692
6100  0.374692
6110  0.374526
6120  0.374526
6130  0.374526
6140  0.374526
6150  0.374526
6160  0.374526
6170  0.374526
6180  0.374526
6190  0.374526
6200  0.374526
6210  0.374526
6220  0.374526
6230  0.374526
6240  0.374526
6250  0.374526
6260  0.374526
6270  0.374526
6280  0.374526
6290  0.374526
6300  0.374526
6310  0.374526
6320  0.374312
6330  0.374228
6340  0.374228
6350  0.374051
6360  0.374051
6370  0.374051
6380  0.374051
6390  0.374051
6400  0.374051
6410  0.374051
6420  0.374051
6430  0.374051
6440  0.374051
6450  0.374051
6460  0.374051
6470  0.374051
6480  0.374051
6490  0.374051
6500  0.374051
6510  0.374051
6520  0.374051
6530  0.374051
6540  0.374051
6550  0.374051
6560  0.374051
6570  0.374051
6580  0.374051
6590  0.374051
6600  0.374051
6610  0.374051
6620  0.374051
6630  0.374051
6640  0.374051
6650  0.374051
6660  0.374051
6670  0.372965
6680  0.372965
6690  0.372965
6700  0.372965
6710  0.372965
6720  0.372965
6730  0.372965
6740  0.372965
6750  0.372965
6760  0.372965
6770  0.372965
6780  0.372965
6790  0.372965
6800  0.372965
6810  0.372965
6820  0.372965
6830  0.372965
6840  0.372965
6850  0.372965
6860  0.372965
6870  0.372965
6880  0.372965
6890  0.372965
6900  0.372965
6910  0.372965
6920  0.372798
6930  0.372798
6940  0.372798
6950  0.372798
6960  0.372798
6970  0.372798
6980  0.372798
6990  0.372798
7000  0.372235
7010  0.372235
7020  0.372116
7030  0.372116
7040  0.372116
7050  0.372116
7060  0.372116
7070  0.372116
7080  0.372116
7090  0.372116
7100  0.372116
7110  0.372116
7120  0.372116
7130  0.372116
7140  0.372116
7150  0.372116
7160  0.371727
7170  0.371727
7180  0.370793
7190  0.370793
7200  0.370793
7210  0.370793
7220  0.370793
7230  0.370793
7240  0.369779
7250  0.369779
7260  0.369779
7270  0.369035
7280  0.369035
7290  0.369035
7300  0.369035
7310  0.369035
7320  0.369035
7330  0.369035
7340  0.369035
7350  0.369035
7360  0.369035
7370  0.369035
7380  0.369035
7390  0.369035
7400  0.369035
7410  0.369035
7420  0.369035
7430  0.368825
7440  0.368825
7450  0.368825
7460  0.368825
7470  0.368825
7480  0.368825
7490  0.368715
7500  0.368715
7510  0.368715
7520  0.368715
7530  0.368715
7540  0.367906
7550  0.367906
7560  0.367906
7570  0.367906
7580  0.367906
7590  0.367906
7600  0.367906
7610  0.367331
7620  0.367216
7630  0.367216
7640  0.367216
7650  0.367216
7660  0.367216
7670  0.367216
7680  0.367216
7690  0.367216
7700  0.367216
7710  0.367216
7720  0.367216
7730  0.367216
7740  0.36653
7750  0.36653
7760  0.36653
7770  0.36653
7780  0.36653
7790  0.365428
7800  0.365428
7810  0.365428
7820  0.365428
7830  0.365428
7840  0.365428
7850  0.365063
7860  0.363968
7870  0.363968
7880  0.363968
7890  0.363968
7900  0.363138
7910  0.363138
7920  0.363138
7930  0.363138
7940  0.363138
7950  0.363138
7960  0.363138
7970  0.363138
7980  0.362498
7990  0.361637
8000  0.361637
8010  0.361574
8020  0.361574
8030  0.361574
8040  0.361574
8050  0.361574
8060  0.361574
8070  0.361574
8080  0.361574
8090  0.361437
8100  0.361437
8110  0.361437
8120  0.361437
8130  0.360978
8140  0.360978
8150  0.360978
8160  0.360978
8170  0.360978
8180  0.360978
8190  0.360716
8200  0.360574
8210  0.360574
8220  0.360574
8230  0.360574
8240  0.360574
8250  0.360204
8260  0.360204
8270  0.360204
8280  0.360204
8290  0.360204
8300  0.360204
8310  0.360204
8320  0.360204
8330  0.360204
8340  0.360204
8350  0.360204
8360  0.360204
8370  0.360204
8380  0.360204
8390  0.360204
8400  0.358498
8410  0.358498
8420  0.358498
8430  0.358498
8440  0.358498
8450  0.358498
8460  0.358498
8470  0.358498
8480  0.358498
8490  0.358498
8500  0.358498
8510  0.358498
8520  0.358498
8530  0.358498
8540  0.358498
8550  0.358498
8560  0.358498
8570  0.358498
8580  0.358498
8590  0.358454
8600  0.358454
8610  0.358454
8620  0.358454
8630  0.358362
8640  0.358362
8650  0.358362
8660  0.358362
8670  0.358362
8680  0.358116
8690  0.357832
8700  0.357832
8710  0.357832
8720  0.357832
8730  0.357832
8740  0.357832
8750  0.357832
8760  0.357832
8770  0.357832
8780  0.357832
8790  0.357832
8800  0.357832
8810  0.356855
8820  0.356855
8830  0.356855
8840  0.356855
8850  0.356855
8860  0.356855
8870  0.356855
8880  0.356855
8890  0.356419
8900  0.356419
8910  0.356419
8920  0.356419
8930  0.356419
8940  0.356419
8950  0.356419
8960  0.356419
8970  0.356419
8980  0.356316
8990  0.356316
9000  0.356316
9010  0.356316
9020  0.356316
9030  0.356316
9040  0.356316
9050  0.356316
9060  0.356316
9070  0.356316
9080  0.356316
9090  0.356316
9100  0.356316
9110  0.356316
9120  0.356316
9130  0.356316
9140  0.356316
9150  0.356316
9160  0.356316
9170  0.356316
9180  0.356316
9190  0.356316
9200  0.356316
9210  0.356316
9220  0.356316
9230  0.356316
9240  0.356316
9250  0.356316
9260  0.356316
9270  0.356316
9280  0.356316
9290  0.356316
9300  0.356316
9310  0.356316
9320  0.356316
9330  0.356316
9340  0.356316
9350  0.356316
9360  0.356316
9370  0.356316
9380  0.356316
9390  0.356316
9400  0.35598
9410  0.35598
9420  0.35598
9430  0.35598
9440  0.35598
9450  0.35598
9460  0.35598
9470  0.35598
9480  0.35598
9490  0.35598
9500  0.35598
9510  0.35598
9520  0.35598
9530  0.35598
9540  0.35598
9550  0.35598
9560  0.35598
9570  0.35598
9580  0.35598
9590  0.35598
9600  0.35598
9610  0.35598
9620  0.35598
9630  0.35598
9640  0.35598
9650  0.35598
9660  0.35598
9670  0.35598
9680  0.355574
9690  0.355574
9700  0.355574
9710  0.355574
9720  0.355574
9730  0.355574
9740  0.355574
9750  0.355574
9760  0.355574
9770  0.355574
9780  0.355574
9790  0.355574
9800  0.355574
9810  0.355574
9820  0.355574
9830  0.355574
9840  0.355574
9850  0.355574
9860  0.355574
9870  0.355574
9880  0.355574
9890  0.355574
9900  0.355574
9910  0.355574
9920  0.355574
9930  0.355574
9940  0.355574
9950  0.355574
9960  0.355574
9970  0.355574
9980  0.355574
9990  0.355574
10000  0.355574
10010  0.355574
10020  0.355574
10030  0.355574
10040  0.355574
10050  0.355364
10060  0.355364
10070  0.355364
10080  0.355364
10090  0.355364
10100  0.355364
10110  0.355364
10120  0.355364
10130  0.355364
10140  0.355364
10150  0.355364
10160  0.355364
10170  0.355364
10180  0.355364
10190  0.355364
10200  0.355364
10210  0.355364
10220  0.355364
10230  0.355364
10240  0.354456
10250  0.354456
10260  0.354456
10270  0.354456
10280  0.354456
10290  0.354456
10300  0.354456
10310  0.354456
10320  0.354456
10330  0.354456
10340  0.354456
10350  0.354456
10360  0.354456
10370  0.354456
10380  0.354456
10390  0.354456
10400  0.354456
10410  0.354456
10420  0.354456
10430  0.354456
10440  0.354456
10450  0.354456
10460  0.354456
10470  0.354456
10480  0.354456
10490  0.354456
10500  0.354456
10510  0.354456
10520  0.354456
10530  0.354456
10540  0.354456
10550  0.354456
10560  0.354456
10570  0.354456
10580  0.354456
10590  0.354456
10600  0.354456
10610  0.354456
10620  0.354456
10630  0.354456
10640  0.354271
10650  0.354271
10660  0.354271
10670  0.354271
10680  0.354271
10690  0.354271
10700  0.354271
10710  0.354271
10720  0.354271
10730  0.354271
10740  0.354271
10750  0.354271
10760  0.354271
10770  0.354271
10780  0.354271
10790  0.354271
10800  0.354271
10810  0.354271
10820  0.354271
10830  0.354271
10840  0.354271
10850  0.354271
10860  0.354271
10870  0.354271
10880  0.354271
10890  0.354271
10900  0.354271
10910  0.354271
10920  0.354271
10930  0.354271
10940  0.354271
10950  0.354271
10960  0.354271
10970  0.354271
10980  0.354271
10990  0.354271
11000  0.354271
11010  0.354271
11020  0.354271
11030  0.354271
11040  0.354271
11050  0.354271
11060  0.354271
11070  0.354271
11080  0.354271
11090  0.354271
11100  0.354271
11110  0.354271
11120  0.354271
11130  0.354271
11140  0.354271
11150  0.354271
11160  0.354271
11170  0.354271
11180  0.354271
11190  0.354271
11200  0.354271
11210  0.354271
11220  0.354271
11230  0.354271
11240  0.354271
11250  0.354271
11260  0.354271
11270  0.354271
11280  0.354271
11290  0.354271
11300  0.354271
11310  0.354271
11320  0.354271
11330  0.354271
11340  0.354271
11350  0.354271
11360  0.354271
11370  0.354271
11380  0.354271
11390  0.354271
11400  0.354271
11410  0.354271
11420  0.354271
11430  0.354271
11440  0.354271
11450  0.354271
11460  0.354271
11470  0.354271
11480  0.354271
11490  0.354271
11500  0.354174
11510  0.354174
11520  0.354174
11530  0.354174
11540  0.354174
11550  0.354174
11560  0.354174
11570  0.354174
11580  0.354174
11590  0.354174
11600  0.354174
11610  0.354174
11620  0.354174
11630  0.354174
11640  0.354174
11650  0.354174
11660  0.354174
11670  0.353079
11680  0.352909
11690  0.352909
11700  0.352909
11710  0.352909
11720  0.352909
11730  0.352909
11740  0.352909
11750  0.352909
11760  0.352909
11770  0.352909
11780  0.352909
11790  0.352909
11800  0.352909
11810  0.352909
11820  0.352909
11830  0.352909
11840  0.352909
11850  0.352909
11860  0.351262
11870  0.351262
11880  0.351262
11890  0.351262
11900  0.351262
11910  0.351262
11920  0.351262
11930  0.351262
11940  0.351262
11950  0.351262
11960  0.351222
11970  0.351222
11980  0.351222
11990  0.351222
12000  0.351222
12010  0.351222
12020  0.351222
12030  0.351005
12040  0.351005
12050  0.351005
12060  0.351005
12070  0.351005
12080  0.350532
12090  0.350532
12100  0.350532
12110  0.350532
12120  0.350532
12130  0.350532
12140  0.350511
12150  0.350511
12160  0.350511
12170  0.350511
12180  0.350511
12190  0.350511
12200  0.350511
12210  0.350511
12220  0.350244
12230  0.350244
12240  0.350244
12250  0.350244
12260  0.350244
12270  0.350244
12280  0.350244
12290  0.350244
12300  0.350244
12310  0.350244
12320  0.350244
12330  0.350244
12340  0.348473
12350  0.348473
12360  0.348473
12370  0.348473
12380  0.348204
12390  0.348204
12400  0.348204
12410  0.348204
12420  0.348204
12430  0.348204
12440  0.348204
12450  0.348204
12460  0.348204
12470  0.348204
12480  0.347603
12490  0.347603
12500  0.347603
12510  0.347603
12520  0.347603
12530  0.347603
12540  0.34738
12550  0.34738
12560  0.34738
12570  0.34738
12580  0.34738
12590  0.34738
12600  0.34738
12610  0.34738
12620  0.34738
12630  0.34738
12640  0.34738
12650  0.346956
12660  0.346956
12670  0.346956
12680  0.346956
12690  0.346956
12700  0.346956
12710  0.346956
12720  0.346956
12730  0.346956
12740  0.346956
12750  0.346956
12760  0.346956
12770  0.346956
12780  0.346956
12790  0.346956
12800  0.346956
12810  0.346956
12820  0.346956
12830  0.346956
12840  0.346956
12850  0.346956
12860  0.346956
12870  0.346956
12880  0.346956
12890  0.346956
12900  0.346956
12910  0.346956
12920  0.346956
12930  0.346956
12940  0.346956
12950  0.346956
12960  0.34576
12970  0.34576
12980  0.34576
12990  0.345598
13000  0.345598
13010  0.345598
13020  0.345598
13030  0.345598
13040  0.345598
13050  0.345598
13060  0.345598
13070  0.345598
13080  0.345598
13090  0.345598
13100  0.345598
13110  0.345598
13120  0.345598
13130  0.345598
13140  0.345598
13150  0.345598
13160  0.345598
13170  0.345598
13180  0.345598
13190  0.345598
13200  0.345598
13210  0.345598
13220  0.345598
13230  0.345598
13240  0.345598
13250  0.345598
13260  0.345598
13270  0.345598
13280  0.345598
13290  0.345598
13300  0.345598
13310  0.345598
13320  0.345598
13330  0.345598
13340  0.345598
13350  0.345598
13360  0.345598
13370  0.345598
13380  0.345598
13390  0.345598
13400  0.345428
13410  0.345428
13420  0.345428
13430  0.345428
13440  0.345428
13450  0.345428
13460  0.345428
13470  0.345428
13480  0.345428
13490  0.344012
13500  0.344012
13510  0.344012
13520  0.344012
13530  0.344012
13540  0.344012
13550  0.344012
13560  0.344012
13570  0.344012
13580  0.344012
13590  0.343733
13600  0.343733
13610  0.343733
13620  0.343733
13630  0.343733
13640  0.343733
13650  0.343733
13660  0.343733
13670  0.343733
13680  0.343733
13690  0.343733
13700  0.343733
13710  0.343733
13720  0.343733
13730  0.343733
13740  0.343733
13750  0.343733
13760  0.343733
13770  0.343733
13780  0.343733
13790  0.343733
13800  0.343733
13810  0.343733
13820  0.343733
13830  0.343733
13840  0.343733
13850  0.343733
13860  0.343733
13870  0.343733
13880  0.343733
13890  0.343733
13900  0.343733
13910  0.343733
13920  0.343733
13930  0.343733
13940  0.343733
13950  0.343733
13960  0.343733
13970  0.343733
13980  0.343733
13990  0.343733
14000  0.343733
14010  0.343733
14020  0.343733
14030  0.343733
14040  0.343035
14050  0.343035
14060  0.342575
14070  0.342575
14080  0.342575
14090  0.342575
14100  0.342575
14110  0.342575
14120  0.342575
14130  0.342575
14140  0.342575
14150  0.342575
14160  0.342575
14170  0.342575
14180  0.342575
14190  0.342575
14200  0.342575
14210  0.342575
14220  0.342575
14230  0.342575
14240  0.342575
14250  0.342575
14260  0.342575
14270  0.342575
14280  0.342575
14290  0.342575
14300  0.342575
14310  0.342575
14320  0.342575
14330  0.342575
14340  0.342575
14350  0.342575
14360  0.342575
14370  0.342575
14380  0.342575
14390  0.342575
14400  0.342575
14410  0.342452
14420  0.342452
14430  0.342452
14440  0.342452
14450  0.342452
14460  0.342452
14470  0.342452
14480  0.342452
14490  0.342452
14500  0.342452
14510  0.342452
14520  0.342452
14530  0.342452
14540  0.342452
14550  0.342452
14560  0.342452
14570  0.342452
14580  0.342452
14590  0.342452
14600  0.342452
14610  0.342452
14620  0.342452
14630  0.342452
14640  0.342452
14650  0.342452
14660  0.342452
14670  0.342452
14680  0.342452
14690  0.342452
14700  0.342452
14710  0.342452
14720  0.342452
14730  0.342452
14740  0.342452
14750  0.342452
14760  0.342452
14770  0.342452
14780  0.342452
14790  0.342452
14800  0.342452
14810  0.342452
14820  0.342452
14830  0.342452
14840  0.342452
14850  0.342452
14860  0.342452
14870  0.342452
14880  0.342452
14890  0.342452
14900  0.342452
14910  0.342452
14920  0.342452
14930  0.342452
14940  0.342452
14950  0.342452
14960  0.342452
14970  0.342452
14980  0.342452
14990  0.342452
15000  0.342452
15010  0.341972
15020  0.341972
15030  0.341972
15040  0.341972
15050  0.341972
15060  0.341972
15070  0.341972
15080  0.341972
15090  0.341972
15100  0.341972
15110  0.341972
15120  0.341972
15130  0.341972
15140  0.341972
15150  0.341972
15160  0.341972
15170  0.341389
15180  0.341389
15190  0.341389
15200  0.341389
15210  0.341389
15220  0.341389
15230  0.341389
15240  0.341389
15250  0.341389
15260  0.341389
15270  0.341389
15280  0.341389
15290  0.341389
15300  0.341389
15310  0.341389
15320  0.341389
15330  0.341389
15340  0.341389
15350  0.341389
15360  0.341389
15370  0.341389
15380  0.341389
15390  0.341389
15400  0.341389
15410  0.341389
15420  0.341389
15430  0.341389
15440  0.341389
15450  0.341389
15460  0.341389
15470  0.341389
15480  0.341389
15490  0.341389
15500  0.341389
15510  0.341389
15520  0.341389
15530  0.341389
15540  0.341389
15550  0.340713
15560  0.340713
15570  0.340713
15580  0.340713
15590  0.340713
15600  0.340713
15610  0.340713
15620  0.340713
15630  0.340713
15640  0.340713
15650  0.340713
15660  0.340713
15670  0.340713
15680  0.340713
15690  0.340713
15700  0.340713
15710  0.340713
15720  0.340713
15730  0.340713
15740  0.340713
15750  0.340713
15760  0.340713
15770  0.340713
15780  0.340713
15790  0.340713
15800  0.340713
15810  0.340713
15820  0.340713
15830  0.340713
15840  0.340713
15850  0.340713
15860  0.340713
15870  0.340713
15880  0.340713
15890  0.340713
15900  0.340713
15910  0.340713
15920  0.340713
15930  0.340713
15940  0.340713
15950  0.340713
15960  0.340713
15970  0.340713
15980  0.340713
15990  0.340713
16000  0.340713
16010  0.340713
16020  0.340713
16030  0.340713
16040  0.340713
16050  0.340713
16060  0.340713
16070  0.340713
16080  0.340713
16090  0.340713
16100  0.340713
16110  0.340713
16120  0.340713
16130  0.340713
16140  0.340713
16150  0.340713
16160  0.340713
16170  0.340713
16180  0.340713
16190  0.340713
16200  0.340713
16210  0.340713
16220  0.340713
16230  0.340713
16240  0.340713
16250  0.340713
16260  0.340713
16270  0.340713
16280  0.340713
16290  0.340713
16300  0.340713
16310  0.340713
16320  0.340713
16330  0.340713
16340  0.340713
16350  0.340713
16360  0.340713
16370  0.340713
16380  0.340713
16390  0.340713
16400  0.340713
16410  0.340713
16420  0.340713
16430  0.340713
16440  0.340713
16450  0.340713
16460  0.340713
16470  0.340713
16480  0.340713
16490  0.340713
16500  0.340713
16510  0.340713
16520  0.340713
16530  0.340713
16540  0.340713
16550  0.340713
16560  0.340713
16570  0.340713
16580  0.340713
16590  0.340713
16600  0.340713
16610  0.340713
16620  0.340713
16630  0.340713
16640  0.340713
16650  0.340713
16660  0.340713
16670  0.340713
16680  0.340713
16690  0.340713
16700  0.340713
16710  0.340631
16720  0.340631
16730  0.340631
16740  0.340631
16750  0.340631
16760  0.340631
16770  0.340631
16780  0.340631
16790  0.340631
16800  0.340631
16810  0.340631
16820  0.340631
16830  0.340631
16840  0.340631
16850  0.340631
16860  0.340631
16870  0.340631
16880  0.340631
16890  0.340631
16900  0.340631
16910  0.340507
16920  0.340362
16930  0.340362
16940  0.340362
16950  0.340362
16960  0.340362
16970  0.340362
16980  0.340362
16990  0.340362
17000  0.340362
17010  0.340362
17020  0.340362
17030  0.340362
17040  0.339778
17050  0.339778
17060  0.339778
17070  0.339778
17080  0.339778
17090  0.339778
17100  0.339778
17110  0.339778
17120  0.339778
17130  0.339778
17140  0.339778
17150  0.339778
17160  0.339778
17170  0.339778
17180  0.339778
17190  0.339778
17200  0.339778
17210  0.339778
17220  0.338932
17230  0.338932
17240  0.338932
17250  0.338932
17260  0.338932
17270  0.338932
17280  0.338932
17290  0.338932
17300  0.338932
17310  0.338932
17320  0.338932
17330  0.338932
17340  0.338932
17350  0.338932
17360  0.338932
17370  0.338932
17380  0.338932
17390  0.338932
17400  0.338932
17410  0.338932
17420  0.338932
17430  0.338932
17440  0.338932
17450  0.338932
17460  0.338932
17470  0.338932
17480  0.338932
17490  0.338932
17500  0.338932
17510  0.338932
17520  0.338932
17530  0.338932
17540  0.338932
17550  0.338932
17560  0.338932
17570  0.338932
17580  0.338932
17590  0.338932
17600  0.338932
17610  0.338932
17620  0.338932
17630  0.338932
17640  0.338932
17650  0.338932
17660  0.338932
17670  0.338932
17680  0.338932
17690  0.338932
17700  0.338932
17710  0.338932
17720  0.338932
17730  0.338932
17740  0.338932
17750  0.338932
17760  0.338932
17770  0.338932
17780  0.338932
17790  0.338932
17800  0.338932
17810  0.338932
17820  0.338932
17830  0.338932
17840  0.338932
17850  0.338932
17860  0.338932
17870  0.338932
17880  0.338932
17890  0.338932
17900  0.338932
17910  0.338932
17920  0.338932
17930  0.338932
17940  0.338932
17950  0.338932
17960  0.338932
17970  0.338932
17980  0.338932
17990  0.338932
18000  0.338932
18010  0.338932
18020  0.338932
18030  0.338932
18040  0.338932
18050  0.338932
18060  0.338932
18070  0.338932
18080  0.338932
18090  0.338932
18100  0.338932
18110  0.338932
18120  0.338932
18130  0.338932
18140  0.338932
18150  0.338932
18160  0.338932
18170  0.338932
18180  0.338932
18190  0.338932
18200  0.338932
18210  0.338932
18220  0.338932
18230  0.338932
18240  0.338932
18250  0.338932
18260  0.338932
18270  0.338932
18280  0.338932
18290  0.338932
18300  0.338932
18310  0.338932
18320  0.338932
18330  0.338932
18340  0.338932
18350  0.338932
18360  0.338932
18370  0.338932
18380  0.338932
18390  0.338932
18400  0.338932
18410  0.338932
18420  0.338932
18430  0.338557
18440  0.338557
18450  0.338557
18460  0.338557
18470  0.338557
18480  0.338557
18490  0.338557
18500  0.338557
18510  0.338557
18520  0.338557
18530  0.338557
18540  0.338557
18550  0.338557
18560  0.338557
18570  0.338557
18580  0.338557
18590  0.338557
18600  0.338557
18610  0.338557
18620  0.338557
18630  0.338557
18640  0.338557
18650  0.338557
18660  0.338557
18670  0.338557
18680  0.338557
18690  0.338557
18700  0.338557
18710  0.338557
18720  0.338557
18730  0.338557
18740  0.338557
18750  0.338557
18760  0.338557
18770  0.338557
18780  0.338557
18790  0.338557
18800  0.338557
18810  0.338557
18820  0.338557
18830  0.338557
18840  0.338557
18850  0.338557
18860  0.338557
18870  0.338557
18880  0.338557
18890  0.338557
18900  0.338512
18910  0.338512
18920  0.338512
18930  0.338512
18940  0.338512
18950  0.338512
18960  0.338512
18970  0.338512
18980  0.338512
18990  0.338512
19000  0.338512
19010  0.338512
19020  0.338512
19030  0.338512
19040  0.338512
19050  0.338512
19060  0.338512
19070  0.338512
19080  0.338512
19090  0.338512
19100  0.338512
19110  0.338512
19120  0.338512
19130  0.338512
19140  0.338512
19150  0.338512
19160  0.338512
19170  0.338512
19180  0.338512
19190  0.338512
19200  0.338512
19210  0.338512
19220  0.338512
19230  0.338512
19240  0.338512
19250  0.338512
19260  0.338512
19270  0.338512
19280  0.338512
19290  0.338512
19300  0.338512
19310  0.338512
19320  0.338512
19330  0.337971
19340  0.337971
19350  0.337971
19360  0.337971
19370  0.337971
19380  0.337971
19390  0.337971
19400  0.337971
19410  0.337971
19420  0.336834
19430  0.336834
19440  0.336834
19450  0.336834
19460  0.336834
19470  0.336834
19480  0.336834
19490  0.336834
19500  0.336834
19510  0.336834
19520  0.336834
19530  0.336834
19540  0.336834
19550  0.336834
19560  0.336834
19570  0.336834
19580  0.336834
19590  0.336834
19600  0.336834
19610  0.336834
19620  0.336834
19630  0.336834
19640  0.336834
19650  0.336834
19660  0.336834
19670  0.336834
19680  0.336834
19690  0.336834
19700  0.336834
19710  0.336834
19720  0.336834
19730  0.336834
19740  0.336834
19750  0.336834
19760  0.336834
19770  0.336834
19780  0.336834
19790  0.336834
19800  0.336834
19810  0.336834
19820  0.336834
19830  0.336834
19840  0.336834
19850  0.336834
19860  0.336834
19870  0.336834
19880  0.336834
19890  0.336834
19900  0.336834
19910  0.336834
19920  0.336834
19930  0.336834
19940  0.336834
19950  0.336834
19960  0.336834
19970  0.336834
19980  0.336834
19990  0.336834
20000  0.336834
20010  0.335575
20020  0.335575
20030  0.335575
20040  0.335575
20050  0.335575
20060  0.335575
20070  0.335466
20080  0.335466
20090  0.335466
20100  0.335466
20110  0.335466
20120  0.335466
20130  0.335466
20140  0.335466
20150  0.335466
20160  0.335466
20170  0.335466
20180  0.335466
20190  0.335466
20200  0.335466
20210  0.335466
20220  0.335466
20230  0.335466
20240  0.335466
20250  0.335466
20260  0.335466
20270  0.335466
20280  0.335466
20290  0.335466
20300  0.335466
20310  0.335466
20320  0.335466
20330  0.335466
20340  0.335466
20350  0.335466
20360  0.335466
20370  0.335466
20380  0.335466
20390  0.335466
20400  0.335466
20410  0.335466
20420  0.335466
20430  0.335466
20440  0.335466
20450  0.335466
20460  0.335466
20470  0.335466
20480  0.335466
20490  0.335466
20500  0.335466
20510  0.335466
20520  0.335466
20530  0.335466
20540  0.335466
20550  0.335466
20560  0.335466
20570  0.335466
20580  0.335466
20590  0.335466
20600  0.335466
20610  0.335466
20620  0.335466
20630  0.335466
20640  0.335466
20650  0.335466
20660  0.335434
20670  0.335434
20680  0.335434
20690  0.335434
20700  0.335434
20710  0.335434
20720  0.335434
20730  0.335434
20740  0.335434
20750  0.335434
20760  0.335434
20770  0.335434
20780  0.335434
20790  0.335434
20800  0.335434
20810  0.335434
20820  0.335434
20830  0.335434
20840  0.335434
20850  0.335434
20860  0.335434
20870  0.335434
20880  0.335434
20890  0.335434
20900  0.335434
20910  0.335434
20920  0.335434
20930  0.335434
20940  0.335434
20950  0.335056
20960  0.334954
20970  0.334954
20980  0.334954
20990  0.334954
21000  0.334954
21010  0.334954
21020  0.334954
21030  0.334954
21040  0.334954
21050  0.334954
21060  0.334954
21070  0.334954
21080  0.334954
21090  0.334954
21100  0.334954
21110  0.334954
21120  0.334954
21130  0.334954
21140  0.334954
21150  0.334954
21160  0.334954
21170  0.334954
21180  0.334954
21190  0.334954
21200  0.334954
21210  0.334954
21220  0.334954
21230  0.334954
21240  0.334954
21250  0.334954
21260  0.334954
21270  0.334954
21280  0.334954
21290  0.334954
21300  0.334954
21310  0.334954
21320  0.334954
21330  0.334954
21340  0.334954
21350  0.334954
21360  0.334954
21370  0.334954
21380  0.334817
21390  0.334817
21400  0.334817
21410  0.334817
21420  0.334817
21430  0.334817
21440  0.334817
21450  0.334817
21460  0.334817
21470  0.334817
21480  0.334817
21490  0.334817
21500  0.333585
21510  0.333585
21520  0.333585
21530  0.333585
21540  0.333585
21550  0.333585
21560  0.333585
21570  0.333585
21580  0.333585
21590  0.333585
21600  0.333585
21610  0.333585
21620  0.333585
21630  0.333585
21640  0.333585
21650  0.333585
21660  0.333585
21670  0.333585
21680  0.333585
21690  0.333585
21700  0.333585
21710  0.333585
21720  0.333585
21730  0.333585
21740  0.333585
21750  0.333585
21760  0.333585
21770  0.333585
21780  0.333585
21790  0.333585
21800  0.333585
21810  0.333148
21820  0.333148
21830  0.333148
21840  0.333148
21850  0.333148
21860  0.333148
21870  0.333148
21880  0.333148
21890  0.333148
21900  0.333148
21910  0.333148
21920  0.333148
21930  0.333148
21940  0.333148
21950  0.333148
21960  0.333148
21970  0.333148
21980  0.333148
21990  0.333148
22000  0.333148
22010  0.333148
22020  0.333148
22030  0.333148
22040  0.333148
22050  0.333148
22060  0.333148
22070  0.333148
22080  0.333148
22090  0.333148
22100  0.333148
22110  0.333148
22120  0.333148
22130  0.333148
22140  0.333148
22150  0.333148
22160  0.333148
22170  0.333148
22180  0.333148
22190  0.333148
22200  0.333148
22210  0.333148
22220  0.333148
22230  0.333148
22240  0.333148
22250  0.333148
22260  0.333148
22270  0.333148
22280  0.333148
22290  0.333148
22300  0.333148
22310  0.333148
22320  0.333148
22330  0.333148
22340  0.333148
22350  0.333148
22360  0.333148
22370  0.333148
22380  0.333148
22390  0.333148
22400  0.333148
22410  0.333148
22420  0.333148
22430  0.333148
22440  0.333148
22450  0.333148
22460  0.333148
22470  0.333148
22480  0.333148
22490  0.333148
22500  0.333148
22510  0.333148
22520  0.333148
22530  0.333148
22540  0.333148
22550  0.333148
22560  0.333148
22570  0.333148
22580  0.333148
22590  0.333148
22600  0.333148
22610  0.333148
22620  0.333148
22630  0.333148
22640  0.333148
22650  0.333148
22660  0.333148
22670  0.333148
22680  0.333148
22690  0.333148
22700  0.333148
22710  0.333148
22720  0.333148
22730  0.333148
22740  0.333148
22750  0.333148
22760  0.333148
22770  0.333148
22780  0.333148
22790  0.333148
22800  0.333148
22810  0.333148
22820  0.333148
22830  0.333148
22840  0.333148
22850  0.333148
22860  0.333148
22870  0.333148
22880  0.333148
22890  0.333148
22900  0.333148
22910  0.333148
22920  0.333148
22930  0.333148
22940  0.333148
22950  0.333148
22960  0.333148
22970  0.333148
22980  0.333148
22990  0.333148
23000  0.333148
23010  0.333148
23020  0.333148
23030  0.333148
23040  0.333148
23050  0.333148
23060  0.333148
23070  0.333148
23080  0.333148
23090  0.333148
23100  0.333148
23110  0.333148
23120  0.332764
23130  0.332764
23140  0.332764
23150  0.332764
23160  0.332764
23170  0.332764
23180  0.332764
23190  0.332764
23200  0.332764
23210  0.332764
23220  0.332764
23230  0.332764
23240  0.332764
23250  0.332764
23260  0.332764
23270  0.332764
23280  0.332764
23290  0.332764
23300  0.332764
23310  0.332764
23320  0.332764
23330  0.332764
23340  0.332764
23350  0.332764
23360  0.332764
23370  0.332764
23380  0.332764
23390  0.332764
23400  0.332764
23410  0.332764
23420  0.332764
23430  0.332764
23440  0.332764
23450  0.332764
23460  0.332764
23470  0.332764
23480  0.332764
23490  0.332764
23500  0.332764
23510  0.332764
23520  0.332764
23530  0.332764
23540  0.332764
23550  0.332764
23560  0.332764
23570  0.332764
23580  0.332764
23590  0.332764
23600  0.332764
23610  0.332764
23620  0.332764
23630  0.332764
23640  0.332764
23650  0.332764
23660  0.332764
23670  0.332764
23680  0.332764
23690  0.332764
23700  0.332764
23710  0.332764
23720  0.332764
23730  0.332764
23740  0.332764
23750  0.332764
23760  0.332764
23770  0.332764
23780  0.332764
23790  0.332764
23800  0.332764
23810  0.332764
23820  0.332764
23830  0.332764
23840  0.332764
23850  0.332764
23860  0.332764
23870  0.332764
23880  0.332764
23890  0.332764
23900  0.332764
23910  0.332764
23920  0.332764
23930  0.332764
23940  0.332764
23950  0.332764
23960  0.332764
23970  0.332764
23980  0.332764
23990  0.332764
24000  0.332619
24010  0.332619
24020  0.332312
24030  0.332312
24040  0.332312
24050  0.332312
24060  0.332312
24070  0.332312
24080  0.332312
24090  0.332312
24100  0.332312
24110  0.332312
24120  0.332312
24130  0.332312
24140  0.332312
24150  0.332312
24160  0.332312
24170  0.332312
24180  0.332312
24190  0.332312
24200  0.332312
24210  0.332312
24220  0.332312
24230  0.332312
24240  0.332312
24250  0.332312
24260  0.332312
24270  0.332312
24280  0.332312
24290  0.332312
24300  0.332312
24310  0.332312
24320  0.332312
24330  0.332312
24340  0.332312
24350  0.332312
24360  0.332312
24370  0.332312
24380  0.332312
24390  0.332312
24400  0.332312
24410  0.332312
24420  0.332312
24430  0.332312
24440  0.332312
24450  0.332312
24460  0.332312
24470  0.332312
24480  0.332312
24490  0.332312
24500  0.332312
24510  0.332312
24520  0.332312
24530  0.332312
24540  0.332312
24550  0.332312
24560  0.332312
24570  0.332312
24580  0.332312
24590  0.332312
24600  0.332312
24610  0.332312
24620  0.332312
24630  0.332312
24640  0.332312
24650  0.332312
24660  0.332312
24670  0.332312
24680  0.332312
24690  0.332312
24700  0.332312
24710  0.332312
24720  0.332312
24730  0.332312
24740  0.332312
24750  0.332312
24760  0.332312
24770  0.332312
24780  0.332312
24790  0.332312
24800  0.332312
24810  0.332312
24820  0.332312
24830  0.332312
24840  0.332312
24850  0.332312
24860  0.332312
24870  0.332312
24880  0.332312
24890  0.332312
24900  0.332312
24910  0.332312
24920  0.332312
24930  0.332312
24940  0.332312
24950  0.332312
24960  0.332312
24970  0.332312
24980  0.332312
24990  0.332312
25000  0.332312
25010  0.332312
25020  0.332312
25030  0.332312
25040  0.332312
25050  0.332312
25060  0.332312
25070  0.332312
25080  0.332312
25090  0.332312
25100  0.332312
25110  0.332312
25120  0.332312
25130  0.332312
25140  0.332312
25150  0.332312
25160  0.332312
25170  0.332312
25180  0.332312
25190  0.332312
25200  0.332312
25210  0.332312
25220  0.332312
25230  0.332312
25240  0.332312
25250  0.332312
25260  0.332312
25270  0.332312
25280  0.332312
25290  0.332312
25300  0.332312
25310  0.332312
25320  0.332312
25330  0.332312
25340  0.332312
25350  0.332312
25360  0.332312
25370  0.332312
25380  0.332312
25390  0.332312
25400  0.332312
25410  0.332312
25420  0.332312
25430  0.332312
25440  0.332312
25450  0.332312
25460  0.332312
25470  0.332312
25480  0.332312
25490  0.332312
25500  0.332312
25510  0.332312
25520  0.332312
25530  0.332312
25540  0.332312
25550  0.332312
25560  0.332312
25570  0.332312
25580  0.332312
25590  0.332312
25600  0.332312
25610  0.332312
25620  0.332312
25630  0.332312
25640  0.332312
25650  0.332312
25660  0.332312
25670  0.332312
25680  0.332312
25690  0.332312
25700  0.332312
25710  0.332312
25720  0.332312
25730  0.332312
25740  0.332312
25750  0.332312
25760  0.332312
25770  0.332312
25780  0.332312
25790  0.332312
25800  0.332312
25810  0.332312
25820  0.332312
25830  0.332312
25840  0.332312
25850  0.332312
25860  0.332312
25870  0.332312
25880  0.332312
25890  0.332312
25900  0.332312
25910  0.332312
25920  0.332312
25930  0.332312
25940  0.332312
25950  0.332312
25960  0.332312
25970  0.332312
25980  0.332312
25990  0.332312
26000  0.332312
26010  0.332312
26020  0.332312
26030  0.332312
26040  0.332312
26050  0.332312
26060  0.332312
26070  0.332312
26080  0.332312
26090  0.332312
26100  0.332312
26110  0.332312
26120  0.332312
26130  0.332312
26140  0.332312
26150  0.332312
26160  0.332312
26170  0.332312
26180  0.332312
26190  0.332312
26200  0.332312
26210  0.332312
26220  0.332312
26230  0.332312
26240  0.332312
26250  0.332312
26260  0.332312
26270  0.332312
26280  0.332312
26290  0.332312
26300  0.332312
26310  0.332312
26320  0.332312
26330  0.332312
26340  0.332312
26350  0.332312
26360  0.332312
26370  0.332312
26380  0.332312
26390  0.332312
26400  0.332312
26410  0.332312
26420  0.332312
26430  0.332312
26440  0.332312
26450  0.332312
26460  0.332312
26470  0.332312
26480  0.332312
26490  0.332312
26500  0.332312
26510  0.332312
26520  0.332312
26530  0.332312
26540  0.332312
26550  0.332312
26560  0.332312
26570  0.332312
26580  0.332312
26590  0.332312
26600  0.332312
26610  0.332312
26620  0.332312
26630  0.332312
26640  0.332312
26650  0.332312
26660  0.332312
26670  0.332312
26680  0.332312
26690  0.332312
26700  0.332312
26710  0.332312
26720  0.332312
26730  0.332312
26740  0.332312
26750  0.332312
26760  0.332312
26770  0.332312
26780  0.332312
26790  0.332312
26800  0.332312
26810  0.332312
26820  0.332312
26830  0.332312
26840  0.332312
26850  0.332312
26860  0.332312
26870  0.332312
26880  0.332312
26890  0.332312
26900  0.332312
26910  0.332312
26920  0.332312
26930  0.332312
26940  0.331934
26950  0.331934
26960  0.331934
26970  0.331934
26980  0.331934
26990  0.331934
27000  0.331934
27010  0.331934
27020  0.331934
27030  0.331934
27040  0.331934
27050  0.331934
27060  0.331934
27070  0.331934
27080  0.331934
27090  0.331934
27100  0.331934
27110  0.331934
27120  0.331934
27130  0.331934
27140  0.331934
27150  0.331934
27160  0.331934
27170  0.331934
27180  0.331934
27190  0.331934
27200  0.331934
27210  0.331934
27220  0.331934
27230  0.331934
27240  0.331934
27250  0.331934
27260  0.331934
27270  0.331934
27280  0.331934
27290  0.331934
27300  0.331934
27310  0.331934
27320  0.331934
27330  0.331934
27340  0.331934
27350  0.331934
27360  0.331934
27370  0.331934
27380  0.331934
27390  0.331934
27400  0.331934
27410  0.331934
27420  0.331934
27430  0.331934
27440  0.331934
27450  0.331934
27460  0.331934
27470  0.331934
27480  0.331934
27490  0.331934
27500  0.331934
27510  0.331934
27520  0.331934
27530  0.331934
27540  0.331934
27550  0.331934
27560  0.331934
27570  0.331934
27580  0.331934
27590  0.331934
27600  0.331934
27610  0.331934
27620  0.331934
27630  0.331934
27640  0.331934
27650  0.331934
27660  0.331934
27670  0.331934
27680  0.331934
27690  0.331934
27700  0.331934
27710  0.331934
27720  0.331934
27730  0.331934
27740  0.331934
27750  0.331934
27760  0.331934
27770  0.331934
27780  0.331934
27790  0.331934
27800  0.331934
27810  0.331934
27820  0.331934
27830  0.331934
27840  0.331934
27850  0.331934
27860  0.331934
27870  0.331934
27880  0.331934
27890  0.331934
27900  0.331934
27910  0.331934
27920  0.331934
27930  0.331934
27940  0.331934
27950  0.331934
27960  0.331934
27970  0.331934
27980  0.331934
27990  0.331934
28000  0.331934
28010  0.331934
28020  0.331934
28030  0.331934
28040  0.331934
28050  0.331934
28060  0.331934
28070  0.331934
28080  0.331934
28090  0.331934
28100  0.331934
28110  0.331934
28120  0.331934
28130  0.331934
28140  0.331934
28150  0.331934
28160  0.331934
28170  0.331934
28180  0.331934
28190  0.331934
28200  0.331934
28210  0.331934
28220  0.331934
28230  0.331934
28240  0.331934
28250  0.331934
28260  0.331934
28270  0.331934
28280  0.331934
28290  0.331934
28300  0.331934
28310  0.331934
28320  0.331934
28330  0.331934
28340  0.331934
28350  0.331934
28360  0.331934
28370  0.331934
28380  0.331934
28390  0.331934
28400  0.33189
28410  0.33189
28420  0.33189
28430  0.33189
28440  0.33189
28450  0.33189
28460  0.33189
28470  0.33189
28480  0.33189
28490  0.331069
28500  0.331069
28510  0.331069
28520  0.331069
28530  0.331069
28540  0.331069
28550  0.331069
28560  0.331069
28570  0.331069
28580  0.331069
28590  0.331069
28600  0.331069
28610  0.331069
28620  0.331069
28630  0.331069
28640  0.331069
28650  0.331069
28660  0.331069
28670  0.331069
28680  0.331069
28690  0.331069
28700  0.331069
28710  0.331069
28720  0.331069
28730  0.331069
28740  0.331069
28750  0.331069
28760  0.331069
28770  0.331069
28780  0.331069
28790  0.331069
28800  0.331069
28810  0.331069
28820  0.331069
28830  0.331069
28840  0.331069
28850  0.331069
28860  0.331069
28870  0.331069
28880  0.331069
28890  0.331069
28900  0.331069
28910  0.331069
28920  0.331069
28930  0.331069
28940  0.331069
28950  0.331069
28960  0.331069
28970  0.331069
28980  0.331069
28990  0.331069
29000  0.331069
29010  0.331069
29020  0.331069
29030  0.331069
29040  0.331069
29050  0.331069
29060  0.331069
29070  0.331069
29080  0.331069
29090  0.331069
29100  0.331069
29110  0.331069
29120  0.331069
29130  0.331069
29140  0.331069
29150  0.331069
29160  0.331069
29170  0.331069
29180  0.331069
29190  0.331069
29200  0.331069
29210  0.331069
29220  0.331069
29230  0.331069
29240  0.331069
29250  0.331069
29260  0.331069
29270  0.331069
29280  0.331069
29290  0.331069
29300  0.331069
29310  0.331069
29320  0.331069
29330  0.331069
29340  0.331069
29350  0.331069
29360  0.331069
29370  0.331069
29380  0.331069
29390  0.331069
29400  0.331069
29410  0.331069
29420  0.331069
29430  0.331069
29440  0.331069
29450  0.331069
29460  0.331069
29470  0.331069
29480  0.331069
29490  0.331069
29500  0.331069
29510  0.331069
29520  0.331069
29530  0.331069
29540  0.331069
29550  0.331069
29560  0.331069
29570  0.331069
29580  0.331069
29590  0.331069
29600  0.331069
29610  0.331069
29620  0.331069
29630  0.331069
29640  0.331069
29650  0.331069
29660  0.331069
29670  0.331069
29680  0.331069
29690  0.331069
29700  0.331069
29710  0.331069
29720  0.331069
29730  0.331069
29740  0.331069
29750  0.331069
29760  0.331069
29770  0.331069
29780  0.331069
29790  0.331069
29800  0.331069
29810  0.331069
29820  0.331069
29830  0.331069
29840  0.331069
29850  0.331069
29860  0.331069
29870  0.331069
29880  0.331069
29890  0.331069
29900  0.331069
29910  0.331069
29920  0.331069
29930  0.331069
29940  0.331069
29950  0.331069
29960  0.331069
29970  0.331069
29980  0.331069
29990  0.331069
30000  0.331069
30010  0.331069
