Step  Penalty
100  0.579163
200  0.527786
300  0.514276
400  0.505232
500  0.497956
600  0.491942
700  0.485444
800  0.479881
900  0.474352
1000  0.468561
1100  0.462725
1200  0.458108
1300  0.455157
1400  0.451482
1500  0.446376
1600  0.443742
1700  0.440062
1800  0.436257
1900  0.432217
2000  0.427696
2100  0.42465
2200  0.420859
2300  0.414872
2400  0.407222
2500  0.39494
2600  0.385652
2700  0.380063
2800  0.375978
2900  0.370335
3000  0.363409
3100  0.358427
3200  0.352767
3300  0.348615
3400  0.343367
3500  0.337299
3600  0.332555
3700  0.3273
3800  0.322281
3900  0.314441
4000  0.307933
4100  0.303671
4200  0.299778
4300  0.294866
4400  0.290118
4500  0.285966
4600  0.281381
4700  0.277182
4800  0.27438
4900  0.270067
5000  0.265573
5100  0.262799
5200  0.259744
5300  0.257564
5400  0.255001
5500  0.252698
5600  0.250585
5700  0.248535
5800  0.246049
5900  0.244479
6000  0.243485
6100  0.24308
6200  0.241811
6300  0.241323
6400  0.239445
6500  0.238147
6600  0.236631
6700  0.23587
6800  0.23489
6900  0.234093
7000  0.232921
7100  0.231701
7200  0.230445
7300  0.22943
7400  0.228673
7500  0.227927
7600  0.227576
7700  0.227129
7800  0.226546
7900  0.2258
8000  0.224894
8100  0.224312
8200  0.223741
8300  0.223176
8400  0.221988
8500  0.221473
8600  0.220454
8700  0.219558
8800  0.219095
8900  0.218508
9000  0.218037
9100  0.217777
9200  0.217458
9300  0.217182
9400  0.216658
9500  0.216152
9600  0.215634
9700  0.215458
9800  0.215017
9900  0.214755
10000  0.214316
10100  0.214093
10200  0.213781
10300  0.213536
10400  0.213242
10500  0.213335
10600  0.212726
10700  0.212625
10800  0.212038
10900  0.21208
11000  0.211394
11100  0.211125
11200  0.210927
11300  0.210851
11400  0.210656
11500  0.210346
11600  0.209627
11700  0.209377
11800  0.209154
11900  0.208859
12000  0.208517
12100  0.208371
12200  0.207812
12300  0.207546
12400  0.207293
12500  0.206877
12600  0.206649
12700  0.206244
12800  0.206337
12900  0.205837
13000  0.205542
13100  0.205345
13200  0.204861
13300  0.204815
13400  0.204665
13500  0.204452
13600  0.204452
13700  0.204126
13800  0.203761
13900  0.203567
14000  0.203413
14100  0.203259
14200  0.202951
14300  0.202885
14400  0.202672
14500  0.202491
14600  0.202363
14700  0.202363
14800  0.202262
14900  0.20206
15000  0.201739
15100  0.201642
15200  0.201353
15300  0.201314
15400  0.201279
15500  0.201264
15600  0.200916
15700  0.20097
15800  0.200785
