Step  Penalty
100  0.481337
200  0.480085
300  0.447414
400  0.432714
500  0.424554
600  0.410395
700  0.393541
800  0.370286
900  0.354373
1000  0.339878
1100  0.328266
1200  0.31314
1300  0.306049
1400  0.294999
1500  0.28627
1600  0.282139
1700  0.269391
1800  0.265501
1900  0.256433
2000  0.256433
2100  0.254527
2200  0.247743
2300  0.245261
2400  0.245189
2500  0.240957
2600  0.235805
2700  0.234224
2800  0.234224
2900  0.233729
3000  0.231725
3100  0.231725
3200  0.231725
3300  0.231555
3400  0.228886
3500  0.228886
3600  0.228886
3700  0.228886
3800  0.228504
3900  0.226401
4000  0.226401
4100  0.226401
4200  0.226401
4300  0.226105
4400  0.226105
4500  0.226105
4600  0.226105
4700  0.225764
4800  0.224005
4900  0.224005
5000  0.224005
5100  0.221599
5200  0.221599
5300  0.221599
5400  0.221599
5500  0.221599
5600  0.221599
5700  0.221599
5800  0.221599
5900  0.221599
6000  0.221599
6100  0.221599
6200  0.221599
6300  0.221599
6400  0.221599
6500  0.221599
6600  0.221599
6700  0.221599
6800  0.221599
6900  0.221599
7000  0.221599
7100  0.219464
7200  0.219464
7300  0.219464
7400  0.219464
7500  0.219464
7600  0.219464
7700  0.219464
7800  0.219464
7900  0.219464
8000  0.219464
8100  0.219464
8200  0.219464
8300  0.219464
8400  0.219464
8500  0.219464
8600  0.219464
8700  0.219464
8800  0.219464
8900  0.219464
9000  0.219464
9100  0.219464
9200  0.219464
9300  0.219464
9400  0.219412
9500  0.219412
9600  0.219412
9700  0.219412
9800  0.219412
9900  0.219412
10000  0.219412
10100  0.219412
10200  0.219412
10300  0.218591
10400  0.218591
10500  0.21783
10600  0.21783
10700  0.21783
10800  0.21783
10900  0.21768
11000  0.21768
11100  0.21768
11200  0.217608
11300  0.217608
11400  0.216268
11500  0.216268
11600  0.213574
11700  0.213574
11800  0.213574
11900  0.213574
12000  0.213574
12100  0.213574
12200  0.213574
12300  0.213574
12400  0.213574
12500  0.213574
12600  0.213574
12700  0.213574
12800  0.213574
12900  0.213574
13000  0.213574
13100  0.213574
13200  0.213574
13300  0.213574
13400  0.213574
13500  0.213574
13600  0.212005
13700  0.212005
13800  0.212005
13900  0.211733
14000  0.211733
14100  0.211733
14200  0.211733
14300  0.211188
14400  0.211188
14500  0.211188
14600  0.211188
14700  0.211188
14800  0.211188
14900  0.211188
15000  0.211188
15100  0.211188
15200  0.211188
15300  0.211188
15400  0.211188
15500  0.211188
15600  0.211188
15700  0.211188
15800  0.211188
15900  0.211188
16000  0.211188
16100  0.211188
16200  0.211188
16300  0.211188
16400  0.211188
16500  0.211188
16600  0.211188
16700  0.211188
16800  0.211188
16900  0.211188
17000  0.211188
17100  0.211188
17200  0.211188
17300  0.211188
17400  0.211188
17500  0.211188
17600  0.211188
17700  0.211188
17800  0.211188
17900  0.211188
18000  0.211188
18100  0.211188
18200  0.211188
18300  0.211188
18400  0.211188
18500  0.211188
18600  0.211188
18700  0.211188
18800  0.211188
18900  0.211188
19000  0.211188
19100  0.211188
19200  0.211188
19300  0.211188
19400  0.211188
19500  0.211188
19600  0.211188
19700  0.211188
19800  0.211188
19900  0.211188
20000  0.211188
20100  0.211188
20200  0.211188
20300  0.211188
20400  0.211188
20500  0.211188
20600  0.211188
20700  0.211188
20800  0.211188
20900  0.211188
21000  0.211188
21100  0.211188
21200  0.211188
21300  0.211188
21400  0.211188
21500  0.211188
21600  0.211188
21700  0.211188
21800  0.211188
21900  0.211188
22000  0.211188
22100  0.211188
22200  0.211188
22300  0.211188
22400  0.211188
22500  0.211188
22600  0.211188
22700  0.211188
22800  0.211188
22900  0.211188
23000  0.211188
23100  0.211188
23200  0.211188
23300  0.211188
23400  0.211188
23500  0.211188
23600  0.211188
23700  0.211188
23800  0.211188
23900  0.211188
24000  0.211188
24100  0.211188
24200  0.211188
24300  0.211188
24400  0.211188
24500  0.211188
24600  0.211188
24700  0.211188
24800  0.211188
24900  0.211188
25000  0.210067
25100  0.210067
25200  0.210067
25300  0.210067
25400  0.210067
25500  0.210067
25600  0.210067
25700  0.210067
25800  0.210067
25900  0.210067
26000  0.209847
26100  0.209847
26200  0.209847
26300  0.209847
26400  0.209847
26500  0.209847
26600  0.209472
26700  0.209472
26800  0.209472
26900  0.209472
27000  0.209472
27100  0.209472
27200  0.209472
27300  0.209472
27400  0.209472
27500  0.209472
27600  0.209472
27700  0.209472
27800  0.209472
27900  0.209472
28000  0.209472
28100  0.209472
28200  0.209472
28300  0.209472
28400  0.209472
28500  0.209472
28600  0.209472
28700  0.209472
28800  0.209472
28900  0.209472
29000  0.209472
29100  0.209472
29200  0.209472
29300  0.209472
29400  0.209472
29500  0.209472
29600  0.209472
29700  0.209472
29800  0.209472
29900  0.209472
30000  0.209472
30100  0.209472
30200  0.209472
30300  0.209472
30400  0.209472
30500  0.209472
30600  0.209234
30700  0.209234
30800  0.209234
30900  0.209234
31000  0.209234
31100  0.209234
31200  0.209234
31300  0.209234
31400  0.209234
31500  0.209234
31600  0.209234
31700  0.209234
31800  0.209234
31900  0.209234
32000  0.209234
32100  0.209234
32200  0.209234
32300  0.209234
32400  0.209234
32500  0.209234
32600  0.209234
32700  0.209234
32800  0.209234
32900  0.209234
33000  0.209234
33100  0.209234
33200  0.209234
33300  0.209234
33400  0.209234
33500  0.209234
33600  0.209234
33700  0.209234
33800  0.209234
33900  0.209234
34000  0.209234
34100  0.209234
34200  0.209234
34300  0.209234
34400  0.209234
34500  0.209234
34600  0.209234
34700  0.209234
34800  0.209234
34900  0.209234
35000  0.209192
35100  0.209192
35200  0.209192
35300  0.209192
35400  0.209192
35500  0.209192
35600  0.209192
35700  0.209192
35800  0.209192
35900  0.209192
36000  0.209192
36100  0.209192
36200  0.209192
36300  0.209192
36400  0.209005
36500  0.209005
36600  0.205976
36700  0.205976
36800  0.205976
36900  0.205976
37000  0.205976
37100  0.205976
37200  0.205976
37300  0.205976
37400  0.205976
37500  0.205976
37600  0.205976
37700  0.205976
37800  0.205976
37900  0.205976
38000  0.205976
38100  0.205976
38200  0.205976
38300  0.205976
38400  0.205976
38500  0.205976
38600  0.205976
38700  0.205976
38800  0.205976
38900  0.205976
39000  0.205976
39100  0.205976
39200  0.205976
39300  0.205976
39400  0.205976
39500  0.205976
39600  0.205976
39700  0.205976
39800  0.205976
39900  0.205976
40000  0.205976
40100  0.205976
40200  0.205976
40300  0.205976
40400  0.205976
40500  0.205976
40600  0.205976
40700  0.205976
40800  0.205976
40900  0.205976
41000  0.205976
41100  0.205976
41200  0.205976
41300  0.205976
41400  0.205976
41500  0.205976
41600  0.205976
41700  0.205976
41800  0.205976
41900  0.205976
42000  0.205976
42100  0.205976
42200  0.205976
42300  0.205976
42400  0.205976
42500  0.205976
42600  0.205976
42700  0.205976
42800  0.205976
42900  0.205976
43000  0.205976
43100  0.205976
43200  0.205976
43300  0.205976
43400  0.205976
43500  0.205976
43600  0.205976
43700  0.205976
43800  0.205976
43900  0.205976
44000  0.205976
44100  0.205976
44200  0.205976
44300  0.205976
44400  0.205976
44500  0.205976
44600  0.205976
44700  0.205976
44800  0.205976
44900  0.205976
45000  0.205976
45100  0.205976
45200  0.205976
45300  0.205976
45400  0.205976
45500  0.205976
45600  0.205976
45700  0.205976
45800  0.205976
45900  0.205976
46000  0.205976
46100  0.205976
46200  0.205976
46300  0.205976
46400  0.205976
46500  0.205976
46600  0.205976
46700  0.205976
46800  0.205976
46900  0.205976
47000  0.205976
47100  0.205976
47200  0.205976
47300  0.205976
47400  0.205976
47500  0.205976
47600  0.205976
47700  0.205976
47800  0.205976
47900  0.205976
48000  0.205976
48100  0.205976
48200  0.205976
48300  0.205976
48400  0.205976
48500  0.205976
48600  0.205976
48700  0.205976
48800  0.205976
48900  0.205976
49000  0.205976
49100  0.205976
49200  0.205976
49300  0.205976
49400  0.205976
49500  0.205976
49600  0.205976
49700  0.205976
49800  0.205976
49900  0.205976
50000  0.203407
50100  0.203407
50200  0.203407
50300  0.203407
50400  0.203407
50500  0.203407
50600  0.203407
50700  0.203407
50800  0.203407
50900  0.203407
51000  0.203407
51100  0.203407
51200  0.203407
51300  0.203407
51400  0.203407
51500  0.203407
51600  0.203407
51700  0.203407
51800  0.203407
51900  0.203407
52000  0.203407
52100  0.203407
52200  0.203407
52300  0.203407
52400  0.203407
52500  0.203407
52600  0.203407
52700  0.203407
52800  0.203407
52900  0.203407
53000  0.203407
53100  0.203407
53200  0.203407
53300  0.203407
53400  0.203407
53500  0.203407
53600  0.203407
53700  0.203407
53800  0.203407
53900  0.203407
54000  0.203407
54100  0.203407
54200  0.203407
54300  0.203407
54400  0.203407
54500  0.203407
54600  0.203407
54700  0.203407
54800  0.203407
54900  0.203407
55000  0.203407
55100  0.203407
55200  0.203407
55300  0.203407
55400  0.203407
55500  0.203407
55600  0.203407
55700  0.203407
55800  0.203407
55900  0.203407
56000  0.203407
56100  0.203407
56200  0.203407
56300  0.203407
56400  0.203407
56500  0.203407
56600  0.203407
56700  0.203407
56800  0.203407
56900  0.203407
57000  0.203407
57100  0.203407
57200  0.203407
57300  0.203407
57400  0.203407
57500  0.203407
57600  0.203407
57700  0.203407
57800  0.203407
57900  0.203407
58000  0.203407
58100  0.203407
58200  0.203407
58300  0.203407
58400  0.203407
58500  0.203407
58600  0.203424
58700  0.203424
58800  0.203424
58900  0.203424
59000  0.203424
59100  0.203424
59200  0.203424
59300  0.203424
59400  0.203424
59500  0.203424
59600  0.203424
59700  0.203424
59800  0.203424
59900  0.203424
60000  0.203424
60100  0.203424
60200  0.203424
60300  0.203424
60400  0.203424
60500  0.203424
60600  0.203424
60700  0.203424
60800  0.203424
60900  0.203424
61000  0.203424
61100  0.203424
61200  0.203424
61300  0.203424
61400  0.203424
61500  0.203424
61600  0.203424
61700  0.203424
61800  0.203424
61900  0.203424
62000  0.203424
62100  0.203424
62200  0.203424
62300  0.203424
62400  0.203424
62500  0.203424
62600  0.203424
62700  0.203424
62800  0.203424
62900  0.203424
63000  0.203424
63100  0.203424
63200  0.203424
63300  0.203424
63400  0.203202
63500  0.203195
63600  0.203195
63700  0.203424
63800  0.203424
63900  0.203195
64000  0.203195
64100  0.203195
64200  0.203195
64300  0.202747
64400  0.202747
64500  0.202747
64600  0.202747
64700  0.202747
64800  0.202747
64900  0.202747
65000  0.202747
65100  0.202747
65200  0.202747
65300  0.202747
65400  0.202747
65500  0.202747
65600  0.202747
65700  0.202747
65800  0.202747
65900  0.202747
66000  0.202747
66100  0.202747
66200  0.202747
66300  0.202747
66400  0.202747
66500  0.202747
66600  0.202747
66700  0.202747
66800  0.202747
66900  0.202747
67000  0.202747
67100  0.202747
67200  0.202747
67300  0.202747
67400  0.202747
67500  0.202747
67600  0.202747
67700  0.202747
67800  0.202747
67900  0.202747
68000  0.202747
68100  0.202747
68200  0.202747
68300  0.202747
68400  0.202747
68500  0.202747
68600  0.202747
68700  0.202747
68800  0.202747
68900  0.202747
69000  0.202747
69100  0.202747
69200  0.202747
69300  0.202747
69400  0.202747
69500  0.202747
69600  0.202747
69700  0.202747
69800  0.202747
69900  0.202747
70000  0.202747
70100  0.202747
70200  0.202747
70300  0.202747
70400  0.202747
70500  0.202747
70600  0.202747
70700  0.202747
70800  0.202747
70900  0.202747
71000  0.202747
71100  0.202747
71200  0.202747
71300  0.202747
71400  0.202747
71500  0.202747
71600  0.202747
71700  0.202747
71800  0.202747
71900  0.202747
72000  0.202747
72100  0.202747
72200  0.202747
72300  0.202747
72400  0.202747
72500  0.202747
72600  0.202747
72700  0.202747
72800  0.202747
72900  0.202747
73000  0.202747
73100  0.202747
73200  0.202747
73300  0.202747
73400  0.202747
73500  0.202747
73600  0.202747
73700  0.202747
73800  0.202747
73900  0.202747
74000  0.202747
74100  0.202747
74200  0.202747
74300  0.202747
74400  0.202747
74500  0.202747
74600  0.202747
74700  0.202747
74800  0.202747
74900  0.202747
75000  0.202747
75100  0.202747
75200  0.202747
75300  0.202747
75400  0.202747
75500  0.202747
75600  0.202747
75700  0.202747
75800  0.202747
75900  0.202747
76000  0.202747
76100  0.202747
76200  0.202747
76300  0.202747
76400  0.202747
76500  0.201976
76600  0.201534
76700  0.201976
76800  0.201976
76900  0.201976
77000  0.201976
77100  0.201976
77200  0.201976
77300  0.201976
77400  0.201976
77500  0.201976
77600  0.201976
77700  0.201976
77800  0.201534
77900  0.201534
78000  0.201976
78100  0.201534
78200  0.201535
78300  0.201548
78400  0.201534
78500  0.201534
78600  0.201534
78700  0.201534
78800  0.201976
78900  0.201534
79000  0.201976
79100  0.201976
79200  0.201534
79300  0.201534
79400  0.201534
79500  0.201976
79600  0.201976
79700  0.201976
79800  0.201534
79900  0.201534
80000  0.201548
80100  0.201976
80200  0.201534
80300  0.20154
80400  0.201976
80500  0.201865
80600  0.201865
80700  0.201865
80800  0.201865
80900  0.201865
81000  0.201865
81100  0.201865
81200  0.201865
81300  0.201865
81400  0.201865
81500  0.201865
81600  0.201865
81700  0.201865
81800  0.201865
81900  0.20075
82000  0.20075
82100  0.20075
82200  0.20075
82300  0.20075
82400  0.20075
82500  0.20075
82600  0.20075
82700  0.20075
82800  0.20075
82900  0.20075
83000  0.20075
83100  0.20075
83200  0.20075
83300  0.20075
83400  0.20075
83500  0.20075
83600  0.20075
83700  0.20075
83800  0.20075
83900  0.20075
84000  0.20075
84100  0.20075
84200  0.20075
84300  0.20075
84400  0.20075
84500  0.20075
84600  0.20075
84700  0.20075
84800  0.20075
84900  0.20075
85000  0.20075
85100  0.20075
85200  0.20075
85300  0.20075
85400  0.20075
85500  0.20075
85600  0.20075
85700  0.20075
85800  0.20075
85900  0.20075
86000  0.20075
86100  0.20075
86200  0.20075
86300  0.20075
86400  0.20075
86500  0.20075
86600  0.20075
86700  0.20075
86800  0.20075
86900  0.20075
87000  0.20075
87100  0.20075
87200  0.20075
87300  0.20075
87400  0.20075
87500  0.20075
87600  0.20075
87700  0.20075
87800  0.20075
87900  0.20075
88000  0.20075
88100  0.20075
88200  0.20075
88300  0.20075
88400  0.20075
88500  0.20075
88600  0.20075
88700  0.20075
88800  0.20075
88900  0.20075
89000  0.20075
89100  0.20075
89200  0.20075
89300  0.20075
89400  0.20075
89500  0.20075
89600  0.20075
89700  0.20075
89800  0.20075
89900  0.20075
90000  0.20075
90100  0.20075
90200  0.20075
90300  0.20075
90400  0.20075
90500  0.20075
90600  0.20075
90700  0.20075
90800  0.20075
90900  0.20075
91000  0.20075
91100  0.20075
91200  0.20075
91300  0.20075
91400  0.20075
91500  0.20075
91600  0.20075
91700  0.20075
91800  0.20075
91900  0.20075
92000  0.20075
92100  0.20075
92200  0.20075
92300  0.20075
92400  0.20075
92500  0.20075
92600  0.20075
92700  0.20075
92800  0.20075
92900  0.20075
93000  0.20075
93100  0.20075
93200  0.20075
93300  0.20075
93400  0.20075
93500  0.20075
93600  0.20075
93700  0.20075
93800  0.20075
93900  0.20075
94000  0.20075
94100  0.20075
94200  0.20075
94300  0.20075
94400  0.20075
94500  0.20075
94600  0.20075
94700  0.20075
94800  0.20075
94900  0.20075
95000  0.20075
95100  0.20075
95200  0.20075
95300  0.20075
95400  0.20075
95500  0.20075
95600  0.20075
95700  0.20075
95800  0.20075
95900  0.20075
96000  0.20075
96100  0.20075
96200  0.20075
96300  0.20075
96400  0.20075
96500  0.20075
96600  0.20075
96700  0.20075
96800  0.20075
96900  0.20075
97000  0.20075
97100  0.20075
97200  0.20075
97300  0.20075
97400  0.20075
97500  0.20075
97600  0.20075
97700  0.20075
97800  0.20075
97900  0.20075
98000  0.20075
98100  0.20075
98200  0.20075
98300  0.20075
98400  0.20075
98500  0.199215
98600  0.199215
98700  0.199215
98800  0.199215
98900  0.199215
99000  0.199215
99100  0.199215
99200  0.199215
99300  0.199215
99400  0.199215
99500  0.199215
99600  0.199215
99700  0.199215
99800  0.199215
99900  0.199006
100000  0.199006
100100  0.199006
100200  0.199006
100300  0.199006
100400  0.199006
100500  0.199006
100600  0.199006
100700  0.199006
100800  0.199006
100900  0.199006
101000  0.199006
101100  0.199006
101200  0.199006
101300  0.198732
101400  0.198726
101500  0.198732
101600  0.198726
101700  0.198726
101800  0.198726
101900  0.198732
102000  0.198726
102100  0.198726
102200  0.198732
102300  0.198726
102400  0.198632
102500  0.198632
102600  0.198632
102700  0.198632
102800  0.198632
102900  0.198632
103000  0.198632
103100  0.198632
103200  0.198146
103300  0.198146
103400  0.198146
103500  0.198146
103600  0.198146
103700  0.198146
103800  0.198146
103900  0.198146
104000  0.198146
104100  0.198146
104200  0.198146
104300  0.198146
104400  0.198146
104500  0.198146
104600  0.198146
104700  0.198146
104800  0.198146
104900  0.198146
105000  0.198146
105100  0.197965
105200  0.197965
105300  0.197965
105400  0.197965
105500  0.197965
105600  0.197965
105700  0.197965
105800  0.197965
105900  0.197965
106000  0.197965
106100  0.197965
106200  0.19729
106300  0.19729
106400  0.19684
106500  0.19684
106600  0.19684
106700  0.196284
106800  0.196284
106900  0.196284
107000  0.196284
107100  0.196284
107200  0.195537
107300  0.195537
107400  0.195537
107500  0.195537
107600  0.195537
107700  0.195537
107800  0.195537
107900  0.195537
108000  0.195537
108100  0.195537
108200  0.195537
108300  0.195537
108400  0.194533
108500  0.194533
108600  0.194533
108700  0.194533
108800  0.194533
108900  0.194533
109000  0.194533
109100  0.194533
109200  0.194533
109300  0.194533
109400  0.194533
109500  0.193616
109600  0.193616
109700  0.193616
109800  0.193616
109900  0.193616
110000  0.193616
110100  0.193616
110200  0.193616
110300  0.193616
110400  0.193616
110500  0.193616
110600  0.193616
110700  0.193616
110800  0.193616
110900  0.193616
111000  0.193616
111100  0.193616
111200  0.193616
111300  0.193616
111400  0.193616
111500  0.193616
111600  0.193616
111700  0.193616
111800  0.193616
111900  0.193616
112000  0.193616
112100  0.193616
112200  0.193616
112300  0.193616
112400  0.193616
112500  0.193616
112600  0.193616
112700  0.193616
112800  0.193616
112900  0.193616
113000  0.193616
113100  0.193616
113200  0.193616
113300  0.193616
113400  0.193616
113500  0.193616
113600  0.193616
113700  0.193616
113800  0.193616
113900  0.193616
114000  0.193616
114100  0.193616
