Step  Penalty
50  0.582329
100  0.544865
150  0.541939
200  0.539567
250  0.537402
300  0.534695
350  0.532045
400  0.528942
450  0.524301
500  0.518017
550  0.502915
600  0.471534
650  0.435441
700  0.401249
750  0.373247
800  0.348347
850  0.330456
900  0.316299
950  0.303793
1000  0.293173
1050  0.285621
1100  0.279059
1150  0.273179
1200  0.269043
1250  0.265425
1300  0.263389
1350  0.26199
1400  0.260118
1450  0.258486
1500  0.257467
1550  0.256992
1600  0.255817
1650  0.255029
1700  0.254664
1750  0.254198
1800  0.25405
1850  0.253906
1900  0.253368
1950  0.252733
2000  0.252542
2050  0.252295
2100  0.25222
2150  0.251872
2200  0.251825
2250  0.251718
2300  0.251543
2350  0.251302
2400  0.251234
2450  0.25115
2500  0.251022
2550  0.251022
2600  0.251007
2650  0.250722
2700  0.250722
2750  0.250534
2800  0.250426
2850  0.250426
2900  0.25024
2950  0.250145
3000  0.249981
3050  0.249981
3100  0.249892
3150  0.249892
3200  0.249884
3250  0.249829
3300  0.249829
3350  0.249729
3400  0.249647
3450  0.249567
3500  0.249479
3550  0.249479
3600  0.249455
3650  0.249422
3700  0.24936
3750  0.24936
3800  0.24936
3850  0.249267
3900  0.249267
3950  0.249234
4000  0.249034
4050  0.248935
4100  0.248971
4150  0.248915
4200  0.248915
4250  0.248915
4300  0.248814
4350  0.248814
4400  0.24875
4450  0.24875
4500  0.248686
4550  0.248725
4600  0.248725
4650  0.248725
4700  0.248677
4750  0.248606
4800  0.24859
4850  0.24859
4900  0.248518
4950  0.248428
5000  0.248428
5050  0.248416
5100  0.248416
5150  0.248416
5200  0.248301
5250  0.248236
5300  0.248236
5350  0.248236
5400  0.248236
5450  0.248236
5500  0.248215
5550  0.248106
5600  0.248067
5650  0.248067
5700  0.248067
5750  0.248067
5800  0.248067
5850  0.248042
5900  0.248042
5950  0.248013
6000  0.247915
6050  0.247915
6100  0.247915
6150  0.247851
6200  0.247851
6250  0.247851
6300  0.247851
6350  0.247851
6400  0.247794
6450  0.247794
6500  0.247743
6550  0.247743
6600  0.247743
6650  0.247743
6700  0.247623
6750  0.247598
6800  0.247598
6850  0.247598
6900  0.247593
6950  0.247593
7000  0.247593
7050  0.247593
7100  0.247593
7150  0.247539
7200  0.247539
7250  0.247509
7300  0.247467
7350  0.247467
7400  0.247467
7450  0.247467
7500  0.247393
7550  0.247169
7600  0.247122
7650  0.247122
7700  0.247122
7750  0.247117
7800  0.247034
7850  0.247024
7900  0.247024
7950  0.247021
8000  0.246991
8050  0.246991
8100  0.246987
8150  0.246797
8200  0.246777
8250  0.246777
8300  0.246777
8350  0.246719
8400  0.246623
8450  0.246623
8500  0.246609
8550  0.246609
8600  0.246609
8650  0.246609
8700  0.246584
8750  0.246556
8800  0.246556
8850  0.246556
8900  0.246556
8950  0.246556
9000  0.246556
9050  0.246556
9100  0.246556
9150  0.246556
9200  0.246556
9250  0.246556
9300  0.246509
9350  0.246509
9400  0.24646
9450  0.246419
9500  0.246419
9550  0.246419
9600  0.246419
9650  0.246419
9700  0.246419
9750  0.246419
9800  0.246419
9850  0.246419
9900  0.24637
9950  0.24637
10000  0.246355
10050  0.246355
10100  0.246355
10150  0.246355
10200  0.246266
10250  0.246266
10300  0.246224
10350  0.246209
10400  0.246209
10450  0.246004
10500  0.246004
10550  0.246004
10600  0.246004
10650  0.246004
10700  0.246004
10750  0.246004
10800  0.246
10850  0.246
10900  0.246
10950  0.246
11000  0.245954
11050  0.245954
11100  0.245954
11150  0.245954
11200  0.245887
11250  0.245887
11300  0.24582
11350  0.245814
11400  0.245814
11450  0.245814
11500  0.245814
11550  0.245814
11600  0.245768
11650  0.245768
11700  0.245768
11750  0.24568
11800  0.24568
11850  0.24568
11900  0.24568
11950  0.24568
12000  0.245639
12050  0.245639
12100  0.245639
12150  0.245639
12200  0.245639
12250  0.245412
12300  0.245412
12350  0.245412
12400  0.245288
12450  0.245285
12500  0.245285
12550  0.245285
12600  0.245211
12650  0.245199
12700  0.245199
12750  0.245199
12800  0.245196
12850  0.245159
12900  0.245159
12950  0.244942
13000  0.244942
13050  0.244896
13100  0.244896
13150  0.244896
13200  0.244896
13250  0.244896
13300  0.244896
13350  0.244801
13400  0.244801
13450  0.244757
13500  0.244757
13550  0.244744
13600  0.244744
13650  0.244744
13700  0.244744
13750  0.244744
13800  0.244744
13850  0.244744
13900  0.244744
13950  0.244744
14000  0.244744
14050  0.244744
14100  0.244744
14150  0.244744
14200  0.244744
14250  0.244744
14300  0.244744
14350  0.244744
14400  0.244744
14450  0.244744
14500  0.244744
14550  0.24465
14600  0.24465
14650  0.24465
14700  0.244628
14750  0.244628
14800  0.244628
14850  0.244628
14900  0.244628
14950  0.244628
15000  0.244628
15050  0.244628
15100  0.244628
15150  0.244628
15200  0.244628
15250  0.244628
15300  0.244628
15350  0.244584
15400  0.244584
15450  0.244584
15500  0.244584
15550  0.244584
15600  0.244584
15650  0.244577
15700  0.244577
15750  0.244577
15800  0.244577
15850  0.244577
15900  0.244577
15950  0.244577
16000  0.244577
16050  0.244577
16100  0.244577
16150  0.244577
16200  0.244577
16250  0.244577
16300  0.244577
16350  0.244577
16400  0.244577
16450  0.244577
16500  0.244577
16550  0.244577
16600  0.244577
16650  0.244577
16700  0.244577
16750  0.244577
16800  0.244577
16850  0.24455
16900  0.24455
16950  0.24455
17000  0.24455
17050  0.24455
17100  0.24455
17150  0.24455
17200  0.24455
17250  0.24455
17300  0.24455
17350  0.24455
17400  0.24455
17450  0.24455
17500  0.24455
17550  0.24455
17600  0.24455
17650  0.24455
17700  0.24455
17750  0.24455
17800  0.244523
17850  0.244502
17900  0.244502
17950  0.244502
18000  0.244502
18050  0.244502
18100  0.244502
18150  0.244502
18200  0.244502
18250  0.244502
18300  0.244502
18350  0.244502
18400  0.244502
18450  0.244502
18500  0.244502
18550  0.244502
18600  0.244502
18650  0.244502
18700  0.244459
18750  0.244404
18800  0.244404
18850  0.244404
18900  0.244404
18950  0.244404
19000  0.244404
19050  0.244404
19100  0.244404
19150  0.244404
19200  0.244404
19250  0.244404
19300  0.244404
19350  0.244404
19400  0.244404
19450  0.244394
19500  0.244394
19550  0.244394
19600  0.244394
19650  0.244368
19700  0.244368
19750  0.244368
19800  0.244294
19850  0.244294
19900  0.244294
19950  0.244294
20000  0.244294
20050  0.244256
20100  0.244256
20150  0.244246
20200  0.244246
20250  0.244246
20300  0.244246
20350  0.244252
20400  0.244252
20450  0.244252
20500  0.244252
20550  0.244252
20600  0.244252
20650  0.244252
20700  0.244252
20750  0.244252
20800  0.244252
20850  0.244217
20900  0.244217
20950  0.244217
21000  0.244217
21050  0.244217
21100  0.244217
21150  0.244217
21200  0.244217
21250  0.244217
21300  0.244217
21350  0.244217
21400  0.244217
21450  0.244217
21500  0.244217
21550  0.244217
21600  0.244217
21650  0.244217
21700  0.244217
21750  0.244217
21800  0.244217
21850  0.244217
21900  0.244217
21950  0.244217
22000  0.244217
22050  0.244217
22100  0.244217
22150  0.244205
22200  0.244205
22250  0.244205
22300  0.244205
22350  0.244204
22400  0.244204
22450  0.244097
22500  0.244097
22550  0.244097
22600  0.244097
22650  0.244097
22700  0.244097
22750  0.244097
22800  0.244097
22850  0.244097
22900  0.244097
22950  0.244097
23000  0.244097
23050  0.244097
23100  0.244036
23150  0.243999
23200  0.243984
23250  0.243984
23300  0.243984
23350  0.243984
23400  0.243984
23450  0.243984
23500  0.243984
23550  0.243984
23600  0.243984
23650  0.243972
23700  0.243972
23750  0.243972
23800  0.243972
23850  0.243972
23900  0.243972
23950  0.243972
24000  0.243972
24050  0.243972
24100  0.243972
24150  0.243972
24200  0.243972
24250  0.243972
24300  0.243972
24350  0.243972
24400  0.243972
24450  0.243972
24500  0.243972
24550  0.243972
24600  0.243972
24650  0.243972
24700  0.243972
24750  0.243972
24800  0.243972
24850  0.243972
24900  0.243972
24950  0.243972
25000  0.243936
25050  0.243936
25100  0.243936
25150  0.243936
25200  0.243936
25250  0.243936
25300  0.243936
25350  0.243936
25400  0.243936
25450  0.243936
25500  0.243936
25550  0.243936
25600  0.243936
25650  0.243936
25700  0.243936
25750  0.243936
25800  0.243909
25850  0.243909
25900  0.243909
25950  0.243909
26000  0.243909
26050  0.243909
26100  0.243909
26150  0.243909
26200  0.243909
26250  0.243909
26300  0.24385
26350  0.243839
26400  0.243815
26450  0.243815
26500  0.243815
26550  0.243815
26600  0.243815
26650  0.243815
26700  0.243815
26750  0.243815
26800  0.243815
26850  0.243815
26900  0.243815
26950  0.243815
27000  0.243815
27050  0.243815
27100  0.243815
27150  0.243815
27200  0.243815
27250  0.243815
27300  0.243721
27350  0.243721
27400  0.243721
27450  0.243687
27500  0.243687
27550  0.243687
27600  0.243687
27650  0.243687
27700  0.243687
27750  0.243687
27800  0.243687
27850  0.243687
27900  0.243687
27950  0.243687
28000  0.243687
28050  0.243687
28100  0.243687
28150  0.243687
28200  0.243687
28250  0.243687
28300  0.243687
28350  0.243687
28400  0.243664
28450  0.243664
28500  0.243664
28550  0.243664
28600  0.243664
28650  0.243664
28700  0.243664
28750  0.243631
28800  0.243631
28850  0.243631
28900  0.243631
28950  0.243631
29000  0.243631
29050  0.243631
29100  0.243631
29150  0.243631
29200  0.243631
29250  0.243631
29300  0.243631
29350  0.243631
29400  0.243631
29450  0.243631
29500  0.243631
29550  0.243631
29600  0.243631
29650  0.243631
29700  0.243631
29750  0.243631
29800  0.243631
29850  0.243631
29900  0.243548
29950  0.243548
30000  0.243548
30050  0.243548
30100  0.243548
30150  0.243548
30200  0.243523
30250  0.243523
30300  0.243523
30350  0.243523
30400  0.243523
30450  0.243523
30500  0.243523
30550  0.243523
30600  0.243523
30650  0.243491
30700  0.243491
30750  0.243491
30800  0.243491
30850  0.243491
30900  0.243491
30950  0.243491
31000  0.243481
31050  0.243472
31100  0.243472
31150  0.243472
31200  0.243472
31250  0.243429
31300  0.243429
31350  0.243429
31400  0.243429
31450  0.243429
31500  0.243429
31550  0.243429
31600  0.243429
31650  0.243429
31700  0.243429
31750  0.243429
31800  0.243429
31850  0.243429
31900  0.243429
31950  0.243429
32000  0.243429
32050  0.243429
32100  0.243429
32150  0.243429
32200  0.243429
32250  0.243429
32300  0.243429
32350  0.243429
32400  0.243429
32450  0.243429
32500  0.243429
32550  0.243429
32600  0.243429
32650  0.243429
32700  0.243429
32750  0.243429
32800  0.243429
32850  0.243429
32900  0.243429
32950  0.243429
33000  0.243429
33050  0.243429
33100  0.243429
33150  0.243429
33200  0.243429
33250  0.243429
33300  0.243429
33350  0.243429
33400  0.243381
33450  0.243381
33500  0.243381
33550  0.243381
33600  0.243381
33650  0.24337
33700  0.24337
33750  0.24337
33800  0.24337
33850  0.24337
33900  0.24337
33950  0.24337
34000  0.243282
34050  0.243282
34100  0.243282
34150  0.243282
34200  0.243282
34250  0.243282
34300  0.243282
34350  0.243282
34400  0.243282
34450  0.243282
34500  0.243282
34550  0.243282
34600  0.243282
34650  0.243282
34700  0.243282
34750  0.243282
34800  0.243282
34850  0.243282
34900  0.243282
34950  0.243282
35000  0.243282
35050  0.243282
35100  0.243282
35150  0.243282
35200  0.243282
35250  0.243282
35300  0.243282
35350  0.243282
35400  0.243282
35450  0.243282
35500  0.243282
35550  0.243282
35600  0.243282
35650  0.243282
35700  0.243258
35750  0.243258
35800  0.243258
35850  0.243258
35900  0.243258
35950  0.243258
36000  0.243258
36050  0.243258
36100  0.243258
36150  0.243258
36200  0.243258
36250  0.243258
36300  0.243258
36350  0.243258
36400  0.243258
36450  0.243204
36500  0.243204
36550  0.243204
36600  0.243204
36650  0.243177
36700  0.243177
36750  0.243177
36800  0.243177
36850  0.243177
36900  0.243177
36950  0.243177
37000  0.243177
37050  0.243177
37100  0.243177
37150  0.243177
37200  0.243177
37250  0.243159
37300  0.243159
37350  0.243159
37400  0.243159
37450  0.243159
37500  0.243159
37550  0.2431
37600  0.2431
37650  0.2431
37700  0.2431
37750  0.2431
37800  0.2431
37850  0.2431
37900  0.243021
37950  0.243021
38000  0.243021
38050  0.243021
38100  0.243021
38150  0.243021
38200  0.243021
38250  0.243021
38300  0.243021
38350  0.243021
38400  0.243021
38450  0.243021
38500  0.243021
38550  0.243021
38600  0.243021
38650  0.243021
38700  0.243021
38750  0.243021
38800  0.243021
38850  0.243021
38900  0.243021
38950  0.243021
39000  0.243021
39050  0.243021
39100  0.243021
39150  0.243021
39200  0.243021
39250  0.243021
39300  0.243021
39350  0.243002
39400  0.243002
39450  0.242995
39500  0.242995
39550  0.242995
39600  0.242995
39650  0.242995
39700  0.242995
39750  0.242995
39800  0.242995
39850  0.242995
39900  0.242995
39950  0.242995
40000  0.242995
40050  0.242995
40100  0.242995
40150  0.242995
40200  0.242995
40250  0.242995
40300  0.242995
40350  0.242995
40400  0.242995
40450  0.242995
40500  0.242995
40550  0.242995
40600  0.242995
40650  0.242995
40700  0.242995
40750  0.242995
40800  0.242995
40850  0.242995
40900  0.242995
40950  0.242995
41000  0.242995
41050  0.242995
41100  0.242995
41150  0.242995
41200  0.242995
41250  0.242995
41300  0.242995
41350  0.242995
41400  0.242995
41450  0.242995
41500  0.242995
41550  0.242995
41600  0.242995
41650  0.242995
41700  0.242995
41750  0.242995
41800  0.242995
41850  0.242995
41900  0.242995
41950  0.242995
42000  0.242995
42050  0.242995
42100  0.242995
42150  0.242995
42200  0.242995
42250  0.242995
42300  0.242995
42350  0.242995
42400  0.242995
42450  0.242995
42500  0.242995
42550  0.242995
42600  0.242995
42650  0.242995
42700  0.242995
42750  0.242995
42800  0.242995
42850  0.242995
42900  0.242995
42950  0.242995
43000  0.242995
43050  0.242995
43100  0.242995
43150  0.242995
43200  0.242995
43250  0.242995
43300  0.242995
43350  0.242995
43400  0.242995
43450  0.242995
43500  0.242995
43550  0.242995
43600  0.242995
43650  0.242995
43700  0.242995
43750  0.242995
43800  0.242995
43850  0.242995
43900  0.24291
43950  0.24291
44000  0.24291
44050  0.24291
44100  0.24291
44150  0.24291
44200  0.24291
44250  0.24291
44300  0.24291
44350  0.24291
44400  0.24291
44450  0.24291
44500  0.242855
44550  0.242855
44600  0.242855
44650  0.242855
44700  0.242855
44750  0.242855
44800  0.242855
44850  0.242855
44900  0.242855
44950  0.242855
45000  0.242855
45050  0.242855
45100  0.242855
45150  0.242855
45200  0.242855
45250  0.242855
45300  0.242855
45350  0.242855
45400  0.242855
45450  0.242855
45500  0.242855
45550  0.242855
45600  0.242855
45650  0.242805
45700  0.242805
45750  0.242805
45800  0.242805
45850  0.242805
45900  0.242805
45950  0.242805
46000  0.242805
46050  0.242805
46100  0.242805
46150  0.242805
46200  0.242805
46250  0.242805
46300  0.242805
46350  0.242805
46400  0.242805
46450  0.242805
46500  0.242805
46550  0.242805
46600  0.242805
46650  0.242805
46700  0.242805
46750  0.242805
46800  0.242805
46850  0.242805
46900  0.242805
46950  0.242805
47000  0.242805
47050  0.242805
47100  0.242805
47150  0.242805
47200  0.242805
47250  0.242805
47300  0.242805
47350  0.242805
47400  0.242805
47450  0.242805
47500  0.242805
47550  0.242805
47600  0.242805
47650  0.242805
47700  0.242805
47750  0.242805
47800  0.242805
47850  0.242805
47900  0.242805
47950  0.242805
48000  0.242805
48050  0.242756
48100  0.242756
48150  0.242756
48200  0.242756
48250  0.242756
48300  0.242756
48350  0.242756
48400  0.242756
48450  0.242756
48500  0.242756
48550  0.242756
48600  0.242756
48650  0.242756
48700  0.242756
48750  0.242756
48800  0.242756
48850  0.242756
48900  0.242756
48950  0.242756
49000  0.242756
49050  0.242756
49100  0.242756
49150  0.242756
49200  0.242756
49250  0.242756
49300  0.242756
49350  0.242749
49400  0.242749
49450  0.242749
49500  0.242749
49550  0.242749
49600  0.242749
49650  0.242749
49700  0.242749
49750  0.242749
49800  0.242749
49850  0.242612
49900  0.242612
49950  0.242612
50000  0.242612
50050  0.242612
50100  0.242612
50150  0.242612
50200  0.242612
50250  0.242612
50300  0.242612
50350  0.242612
50400  0.242612
50450  0.242612
50500  0.242612
50550  0.242612
50600  0.242612
50650  0.242612
50700  0.242612
50750  0.242612
50800  0.242612
50850  0.242612
50900  0.242612
50950  0.242612
51000  0.242612
51050  0.242612
51100  0.242612
51150  0.242612
51200  0.242612
51250  0.242612
51300  0.242612
51350  0.242612
51400  0.242612
51450  0.242612
51500  0.242612
51550  0.242612
51600  0.242612
51650  0.242612
51700  0.242612
51750  0.242612
51800  0.242612
51850  0.242612
51900  0.242612
51950  0.242612
52000  0.242559
52050  0.242559
52100  0.242559
52150  0.242559
52200  0.242559
52250  0.242559
52300  0.242559
52350  0.242559
52400  0.242559
52450  0.242559
52500  0.242559
52550  0.242559
52600  0.242559
52650  0.242559
52700  0.242559
52750  0.242559
52800  0.242559
52850  0.242559
52900  0.242559
52950  0.242559
53000  0.242559
53050  0.242559
53100  0.242559
53150  0.242559
53200  0.242559
53250  0.242559
53300  0.242559
53350  0.242559
53400  0.242559
53450  0.242559
53500  0.242559
53550  0.242559
53600  0.242559
53650  0.242559
53700  0.242559
53750  0.242559
53800  0.242559
53850  0.242559
53900  0.242559
53950  0.242454
54000  0.242454
54050  0.242454
54100  0.242454
54150  0.242454
54200  0.242454
54250  0.242454
54300  0.242454
54350  0.242454
54400  0.242454
54450  0.242454
54500  0.242454
54550  0.242454
54600  0.242454
54650  0.242454
54700  0.242454
54750  0.2424
54800  0.2424
54850  0.2424
54900  0.2424
54950  0.2424
55000  0.2424
55050  0.2424
55100  0.2424
55150  0.2424
55200  0.2424
55250  0.2424
55300  0.2424
55350  0.2424
55400  0.2424
55450  0.2424
55500  0.2424
55550  0.2424
55600  0.2424
55650  0.2424
55700  0.2424
55750  0.2424
55800  0.2424
55850  0.2424
55900  0.2424
55950  0.2424
56000  0.2424
56050  0.2424
56100  0.2424
56150  0.2424
56200  0.2424
56250  0.2424
56300  0.2424
56350  0.2424
56400  0.2424
56450  0.2424
56500  0.242382
56550  0.242382
56600  0.242382
56650  0.242382
56700  0.242382
56750  0.242382
56800  0.242382
56850  0.242382
56900  0.242382
56950  0.242382
57000  0.242382
57050  0.242382
57100  0.242382
57150  0.242382
57200  0.242382
57250  0.242382
57300  0.242382
57350  0.242382
57400  0.242382
57450  0.242382
57500  0.242382
57550  0.242382
57600  0.242382
57650  0.242382
57700  0.242382
57750  0.242382
57800  0.242382
57850  0.242382
57900  0.242382
57950  0.242382
58000  0.242382
58050  0.242382
58100  0.242382
58150  0.242382
58200  0.242382
58250  0.242382
58300  0.242382
58350  0.242382
58400  0.242382
58450  0.242382
58500  0.242382
58550  0.242382
58600  0.242382
58650  0.242382
58700  0.242382
58750  0.242382
58800  0.242382
58850  0.242382
58900  0.242382
58950  0.242382
59000  0.242382
59050  0.242382
59100  0.242382
59150  0.242382
59200  0.242382
59250  0.242382
59300  0.242382
59350  0.242382
59400  0.242382
59450  0.242382
59500  0.242382
59550  0.242382
59600  0.242354
59650  0.242354
59700  0.242354
59750  0.242354
59800  0.242354
59850  0.242354
59900  0.242354
59950  0.242354
60000  0.242354
60050  0.242354
60100  0.242354
60150  0.242354
60200  0.242354
60250  0.242354
60300  0.242354
60350  0.242354
60400  0.242354
60450  0.242311
60500  0.242311
60550  0.242311
60600  0.242311
60650  0.242311
60700  0.242311
60750  0.242311
60800  0.242311
60850  0.242311
60900  0.242311
60950  0.242311
61000  0.242311
61050  0.242311
61100  0.242311
61150  0.242311
61200  0.242311
61250  0.242311
61300  0.242311
61350  0.242311
61400  0.242311
61450  0.242311
61500  0.242311
61550  0.242361
61600  0.242361
61650  0.242361
61700  0.242361
61750  0.242361
61800  0.242361
61850  0.242361
61900  0.242361
61950  0.242361
62000  0.242361
62050  0.242361
62100  0.242361
62150  0.242361
62200  0.242361
62250  0.242361
62300  0.242361
62350  0.242361
62400  0.242361
62450  0.242361
62500  0.242361
62550  0.242361
62600  0.242361
62650  0.242361
62700  0.242361
62750  0.242361
62800  0.242361
62850  0.242361
62900  0.242361
62950  0.242361
63000  0.242361
63050  0.242361
63100  0.242361
63150  0.242361
63200  0.242361
63250  0.242361
63300  0.242361
63350  0.242361
63400  0.242361
63450  0.242361
63500  0.242361
63550  0.242361
63600  0.242361
63650  0.242361
63700  0.242361
63750  0.242361
63800  0.242361
63850  0.242361
63900  0.242361
63950  0.242361
64000  0.242361
64050  0.242361
64100  0.242361
64150  0.242361
64200  0.242361
64250  0.242361
64300  0.242361
64350  0.242361
64400  0.242361
64450  0.242361
64500  0.242361
64550  0.242361
64600  0.242269
64650  0.242269
64700  0.242269
64750  0.242269
64800  0.242269
64850  0.242269
64900  0.242269
64950  0.242269
65000  0.242269
65050  0.242269
65100  0.242269
65150  0.242269
65200  0.242269
65250  0.242269
65300  0.242269
65350  0.242269
65400  0.242269
65450  0.242269
65500  0.242269
65550  0.242269
65600  0.242269
65650  0.242269
65700  0.242269
65750  0.242269
65800  0.242269
65850  0.242269
65900  0.242269
65950  0.242269
66000  0.242269
66050  0.242269
66100  0.242269
66150  0.242269
66200  0.242269
66250  0.242269
66300  0.242269
66350  0.242269
66400  0.242269
66450  0.242269
66500  0.242269
66550  0.242269
66600  0.242269
66650  0.242269
66700  0.242269
66750  0.242269
66800  0.242269
66850  0.242269
66900  0.242269
66950  0.242269
67000  0.242269
67050  0.242269
67100  0.242269
67150  0.242269
67200  0.242269
67250  0.242269
67300  0.242269
67350  0.242269
67400  0.242269
67450  0.242269
67500  0.242269
67550  0.242269
67600  0.242269
67650  0.242269
67700  0.242269
67750  0.242269
67800  0.242269
67850  0.242269
67900  0.242269
67950  0.242269
68000  0.242269
68050  0.242269
68100  0.242269
68150  0.242269
68200  0.242269
68250  0.242269
68300  0.242269
68350  0.242269
68400  0.242269
68450  0.242269
68500  0.242269
68550  0.242269
68600  0.242269
68650  0.242269
68700  0.242269
68750  0.242269
68800  0.242269
68850  0.242269
68900  0.242269
68950  0.242269
69000  0.242269
69050  0.242269
69100  0.242269
69150  0.242269
69200  0.242269
69250  0.242269
69300  0.242269
69350  0.242269
69400  0.242269
69450  0.242269
69500  0.242269
69550  0.242269
69600  0.242269
69650  0.242269
69700  0.242269
69750  0.242269
69800  0.242269
69850  0.242269
69900  0.242269
69950  0.242269
70000  0.242269
70050  0.242269
70100  0.24222
70150  0.24222
70200  0.24222
70250  0.24222
70300  0.24222
70350  0.24222
70400  0.24222
70450  0.24222
70500  0.24222
70550  0.24222
70600  0.24222
70650  0.24222
70700  0.24222
70750  0.24222
70800  0.24222
70850  0.24222
70900  0.24222
70950  0.24222
71000  0.24222
71050  0.24222
71100  0.24222
71150  0.24222
71200  0.24222
71250  0.24222
71300  0.24222
71350  0.24222
71400  0.24222
71450  0.24222
71500  0.24222
71550  0.24222
71600  0.24222
71650  0.24222
71700  0.24222
71750  0.24222
71800  0.24222
71850  0.24222
71900  0.24222
71950  0.24222
72000  0.24222
72050  0.24222
72100  0.24222
72150  0.24222
72200  0.24222
72250  0.24222
72300  0.24222
72350  0.24222
72400  0.24222
72450  0.24222
72500  0.24222
72550  0.24222
72600  0.24222
72650  0.24222
72700  0.24222
72750  0.24222
72800  0.24222
72850  0.24222
72900  0.24222
72950  0.24222
73000  0.24222
73050  0.24222
73100  0.24222
73150  0.24222
73200  0.24222
73250  0.24222
73300  0.24222
73350  0.24222
73400  0.24222
73450  0.24222
73500  0.24222
73550  0.24222
73600  0.24222
73650  0.24222
73700  0.24222
73750  0.24222
73800  0.24222
73850  0.24222
73900  0.24222
73950  0.24222
74000  0.24222
74050  0.242188
74100  0.242188
74150  0.242188
74200  0.242188
74250  0.242188
74300  0.242188
74350  0.242188
74400  0.242188
74450  0.242188
74500  0.242188
74550  0.242188
74600  0.242188
74650  0.242188
74700  0.242188
74750  0.242188
74800  0.242188
74850  0.242188
74900  0.242188
74950  0.242188
75000  0.242188
75050  0.242188
75100  0.242188
75150  0.242188
75200  0.242188
75250  0.242188
75300  0.242188
75350  0.242188
75400  0.242188
75450  0.242188
75500  0.242188
75550  0.242188
75600  0.242188
75650  0.242188
75700  0.242188
75750  0.242188
75800  0.242188
75850  0.242188
75900  0.242188
75950  0.242188
76000  0.242188
76050  0.242188
76100  0.242188
76150  0.242188
76200  0.242188
76250  0.242188
76300  0.242188
76350  0.242188
76400  0.242188
76450  0.242188
76500  0.242188
76550  0.242188
76600  0.242188
76650  0.242188
76700  0.242188
76750  0.242188
76800  0.242188
76850  0.242188
76900  0.242188
76950  0.242188
77000  0.242188
77050  0.242188
77100  0.242188
77150  0.242188
77200  0.242188
77250  0.242188
77300  0.242188
77350  0.242188
77400  0.242188
77450  0.242188
77500  0.242188
77550  0.242188
77600  0.242188
77650  0.242188
77700  0.242188
77750  0.242188
77800  0.242188
77850  0.242188
77900  0.242188
77950  0.242188
78000  0.242188
78050  0.242188
78100  0.242188
78150  0.242188
78200  0.242188
78250  0.242188
78300  0.242188
78350  0.242188
78400  0.242188
78450  0.242188
78500  0.242188
78550  0.242188
78600  0.242188
78650  0.242188
78700  0.242188
78750  0.242188
78800  0.242188
78850  0.242188
78900  0.242188
78950  0.242188
79000  0.242188
79050  0.242188
79100  0.242188
79150  0.242188
79200  0.242188
79250  0.242188
79300  0.242188
79350  0.242188
79400  0.242188
79450  0.242188
79500  0.242188
79550  0.242188
79600  0.242188
79650  0.242188
79700  0.242188
79750  0.242188
79800  0.242188
79850  0.242188
79900  0.242188
79950  0.242188
80000  0.242188
80050  0.242188
80100  0.242188
80150  0.242188
80200  0.242188
80250  0.242188
80300  0.242188
80350  0.242188
80400  0.242188
80450  0.242188
80500  0.242188
80550  0.242188
80600  0.242188
80650  0.242188
80700  0.242188
80750  0.242188
80800  0.242188
80850  0.242188
80900  0.242188
80950  0.242188
81000  0.242188
81050  0.242188
81100  0.242188
81150  0.242188
81200  0.242188
81250  0.242188
81300  0.242188
81350  0.242188
81400  0.242188
81450  0.242188
81500  0.242188
81550  0.242188
81600  0.242188
81650  0.242188
81700  0.242188
81750  0.242188
81800  0.242188
81850  0.242188
81900  0.242188
81950  0.242178
82000  0.242178
82050  0.242178
82100  0.242178
82150  0.242178
82200  0.242178
82250  0.242178
82300  0.242178
82350  0.242178
82400  0.242178
82450  0.242137
82500  0.242137
82550  0.242137
82600  0.242137
82650  0.242137
82700  0.242137
82750  0.242137
82800  0.242137
82850  0.242137
82900  0.242137
82950  0.242137
83000  0.242137
83050  0.242137
83100  0.242137
83150  0.242137
83200  0.242137
83250  0.242137
83300  0.242137
83350  0.242137
83400  0.242137
83450  0.242137
83500  0.242137
83550  0.242137
83600  0.242137
83650  0.242137
83700  0.242137
83750  0.242137
83800  0.242137
83850  0.242137
83900  0.242137
83950  0.242137
84000  0.242137
84050  0.242137
84100  0.242137
84150  0.242137
84200  0.242137
84250  0.242137
84300  0.242137
84350  0.242137
84400  0.242137
84450  0.242137
84500  0.242137
84550  0.242137
84600  0.242137
84650  0.242137
84700  0.242137
84750  0.242137
84800  0.242137
84850  0.242137
84900  0.242137
84950  0.242137
85000  0.242137
85050  0.242137
85100  0.242137
85150  0.242137
85200  0.242137
85250  0.242137
85300  0.242137
85350  0.242137
85400  0.242137
85450  0.242137
85500  0.242137
85550  0.242137
85600  0.242137
85650  0.242137
85700  0.242137
85750  0.242137
85800  0.242137
85850  0.242137
85900  0.242137
85950  0.242137
86000  0.242137
86050  0.242137
86100  0.242137
86150  0.242137
86200  0.242137
86250  0.242137
86300  0.242137
86350  0.242137
86400  0.242137
86450  0.242137
86500  0.242137
86550  0.242137
86600  0.242137
86650  0.242137
86700  0.242137
86750  0.242137
86800  0.242137
86850  0.242137
86900  0.242137
86950  0.242137
87000  0.242137
87050  0.242137
87100  0.242137
87150  0.242137
87200  0.242137
87250  0.242137
87300  0.242137
87350  0.242137
87400  0.242137
87450  0.242137
87500  0.242137
87550  0.242137
87600  0.242137
87650  0.242137
87700  0.242137
87750  0.242137
87800  0.242137
87850  0.242137
87900  0.242137
87950  0.242137
88000  0.242137
88050  0.242137
88100  0.242137
88150  0.242137
88200  0.242137
88250  0.242137
88300  0.242045
88350  0.242045
88400  0.242045
88450  0.242045
88500  0.242045
88550  0.242045
88600  0.242045
88650  0.242045
88700  0.242045
88750  0.242045
88800  0.242045
88850  0.242045
88900  0.242045
88950  0.242045
89000  0.242045
89050  0.242045
89100  0.242045
89150  0.242045
89200  0.242045
89250  0.242045
89300  0.242045
89350  0.242045
89400  0.242045
89450  0.242045
89500  0.242045
89550  0.242045
89600  0.242045
89650  0.242045
89700  0.242045
89750  0.242045
89800  0.242045
89850  0.242045
89900  0.242045
89950  0.242045
90000  0.242045
90050  0.242045
90100  0.242045
90150  0.242045
90200  0.242045
90250  0.242045
90300  0.242045
90350  0.242045
90400  0.242045
90450  0.242045
90500  0.242045
90550  0.242045
90600  0.242045
90650  0.242045
90700  0.242045
90750  0.242045
90800  0.242045
90850  0.242045
90900  0.242045
90950  0.242045
91000  0.242045
91050  0.242045
91100  0.242045
91150  0.242045
91200  0.242045
91250  0.242045
91300  0.242045
91350  0.242045
91400  0.242045
91450  0.242045
91500  0.242045
91550  0.242045
91600  0.242045
91650  0.242045
91700  0.242045
91750  0.242045
91800  0.242045
91850  0.242045
91900  0.242045
91950  0.242045
92000  0.242045
92050  0.242045
92100  0.242045
92150  0.242045
92200  0.242045
92250  0.242045
92300  0.242045
92350  0.242045
92400  0.242045
92450  0.242045
92500  0.242045
92550  0.242045
92600  0.242045
92650  0.242045
92700  0.242045
92750  0.242045
92800  0.242045
92850  0.242045
92900  0.242045
92950  0.242045
93000  0.242045
93050  0.242045
93100  0.242045
93150  0.242045
93200  0.242045
93250  0.242045
93300  0.242045
93350  0.242045
93400  0.242045
93450  0.242045
93500  0.242045
93550  0.242045
93600  0.242045
93650  0.242045
93700  0.242045
93750  0.242045
93800  0.242045
93850  0.242045
93900  0.242045
93950  0.242045
94000  0.242045
94050  0.242045
94100  0.242045
94150  0.242045
94200  0.242045
94250  0.242045
94300  0.242045
94350  0.242045
94400  0.242045
94450  0.242045
94500  0.242045
94550  0.242045
94600  0.242045
94650  0.242045
94700  0.242045
94750  0.242045
94800  0.242045
94850  0.242045
94900  0.242045
94950  0.242045
95000  0.242045
95050  0.242045
95100  0.242045
95150  0.242045
95200  0.242045
95250  0.242045
95300  0.242045
95350  0.242045
95400  0.242045
95450  0.242045
95500  0.242045
95550  0.242045
95600  0.242045
95650  0.242045
95700  0.242045
95750  0.242045
95800  0.242045
95850  0.242045
95900  0.242045
95950  0.242045
96000  0.242045
96050  0.242045
96100  0.242045
96150  0.242045
96200  0.242045
96250  0.242045
96300  0.242045
96350  0.242045
96400  0.242045
96450  0.242045
96500  0.242045
96550  0.242045
96600  0.242038
96650  0.242038
96700  0.242038
96750  0.242038
96800  0.242038
96850  0.242038
96900  0.242038
96950  0.242038
97000  0.242038
97050  0.242038
97100  0.242038
97150  0.242038
97200  0.242038
97250  0.242038
97300  0.242038
97350  0.242038
97400  0.242038
97450  0.242038
97500  0.242038
97550  0.242038
97600  0.242038
97650  0.242038
97700  0.242038
97750  0.242038
97800  0.242038
97850  0.242038
97900  0.242038
97950  0.242038
98000  0.242038
98050  0.242038
98100  0.242038
98150  0.242038
98200  0.242038
98250  0.242038
98300  0.242038
98350  0.242038
98400  0.242038
98450  0.242038
98500  0.242038
98550  0.242038
98600  0.242038
98650  0.242038
98700  0.242038
98750  0.242038
98800  0.242038
98850  0.242038
98900  0.242038
98950  0.242038
99000  0.242038
99050  0.242038
99100  0.242038
99150  0.242038
99200  0.242038
99250  0.242038
99300  0.242036
99350  0.242036
99400  0.242036
99450  0.242036
99500  0.242036
99550  0.242036
99600  0.242036
99650  0.242036
99700  0.242036
99750  0.242036
99800  0.242036
99850  0.242036
99900  0.242036
99950  0.242036
100000  0.242036
100050  0.242036
100100  0.242036
100150  0.242036
100200  0.242036
100250  0.242036
100300  0.242036
100350  0.242036
100400  0.242036
100450  0.242036
100500  0.242036
100550  0.242036
100600  0.242036
100650  0.242036
100700  0.242036
100750  0.242036
100800  0.242036
100850  0.242036
100900  0.242036
100950  0.242036
101000  0.242036
101050  0.242036
101100  0.242036
101150  0.242036
101200  0.242036
101250  0.242036
101300  0.242036
101350  0.242036
101400  0.242036
101450  0.242036
101500  0.242036
101550  0.242036
101600  0.242036
101650  0.242036
101700  0.242036
101750  0.242036
101800  0.242036
101850  0.242036
101900  0.242036
101950  0.242036
102000  0.242036
102050  0.242036
102100  0.242036
102150  0.242036
102200  0.242036
102250  0.242019
102300  0.242019
102350  0.242019
102400  0.242019
102450  0.242019
102500  0.242019
102550  0.242019
102600  0.242019
102650  0.242019
102700  0.242019
102750  0.242019
102800  0.242019
102850  0.242019
102900  0.242019
102950  0.242019
103000  0.242019
103050  0.242019
103100  0.242019
103150  0.242019
103200  0.242019
103250  0.242019
103300  0.242019
103350  0.242019
103400  0.242019
103450  0.242019
103500  0.242019
103550  0.242019
103600  0.242019
103650  0.242019
103700  0.242019
103750  0.242019
103800  0.242019
103850  0.242019
103900  0.242019
103950  0.242019
104000  0.242019
104050  0.242019
104100  0.242019
104150  0.242019
104200  0.242019
104250  0.242019
104300  0.242019
104350  0.242019
104400  0.242019
104450  0.242019
104500  0.242019
104550  0.242019
104600  0.242019
104650  0.242019
104700  0.242019
104750  0.242019
104800  0.242019
104850  0.242019
104900  0.242019
104950  0.242019
105000  0.242019
105050  0.242019
105100  0.242019
105150  0.242019
105200  0.242019
105250  0.242019
105300  0.242019
105350  0.242019
105400  0.242019
105450  0.242019
105500  0.242019
105550  0.242019
105600  0.242019
105650  0.242019
105700  0.242019
105750  0.242019
105800  0.242019
105850  0.242019
105900  0.242019
105950  0.242019
106000  0.242019
106050  0.242019
106100  0.242019
106150  0.242019
106200  0.242019
106250  0.242019
106300  0.242019
106350  0.242019
106400  0.242019
106450  0.242019
106500  0.242019
106550  0.242019
106600  0.242019
106650  0.242019
106700  0.242019
106750  0.242019
106800  0.242019
106850  0.242019
106900  0.242019
106950  0.242019
107000  0.242019
107050  0.242019
107100  0.241961
107150  0.241961
107200  0.241961
107250  0.241961
107300  0.241961
107350  0.241961
107400  0.241961
107450  0.241961
107500  0.241961
107550  0.241961
107600  0.241961
107650  0.241961
107700  0.241961
107750  0.241961
107800  0.241961
107850  0.241961
107900  0.241961
107950  0.241961
108000  0.241961
108050  0.241961
108100  0.241961
108150  0.241961
108200  0.241961
108250  0.241961
108300  0.241961
108350  0.241961
108400  0.241961
108450  0.241961
108500  0.241961
108550  0.241961
108600  0.241961
108650  0.241961
108700  0.241961
108750  0.241961
108800  0.241961
108850  0.241961
108900  0.241961
108950  0.241947
109000  0.241947
109050  0.241947
109100  0.241947
109150  0.241947
109200  0.241947
109250  0.241947
109300  0.241947
109350  0.241947
109400  0.241947
109450  0.241947
109500  0.241947
109550  0.241947
109600  0.241947
109650  0.241947
109700  0.241947
109750  0.241947
109800  0.241947
109850  0.241947
109900  0.241947
109950  0.241947
110000  0.241947
110050  0.241947
110100  0.241947
110150  0.241947
110200  0.241947
110250  0.241947
110300  0.241947
110350  0.241947
110400  0.241947
110450  0.241947
110500  0.241947
110550  0.241947
110600  0.241947
110650  0.241947
110700  0.241947
110750  0.241947
110800  0.241947
110850  0.241947
110900  0.241947
110950  0.241947
111000  0.241947
111050  0.241947
111100  0.241947
111150  0.241947
111200  0.241947
111250  0.241947
111300  0.241947
111350  0.241947
111400  0.241947
111450  0.241947
111500  0.241947
111550  0.241947
111600  0.241947
111650  0.241947
111700  0.241947
111750  0.241947
111800  0.241947
111850  0.241947
111900  0.241947
111950  0.241947
112000  0.241947
112050  0.241947
112100  0.241947
112150  0.241947
112200  0.241947
112250  0.241947
112300  0.241947
112350  0.241947
112400  0.241947
112450  0.241947
112500  0.241947
112550  0.241947
112600  0.241947
112650  0.241947
112700  0.241947
112750  0.241947
112800  0.241947
112850  0.241947
112900  0.241947
112950  0.241947
113000  0.241947
113050  0.241947
113100  0.241947
113150  0.241947
113200  0.241947
113250  0.241947
113300  0.241947
113350  0.241947
113400  0.241947
113450  0.241947
113500  0.241947
113550  0.241947
113600  0.241947
113650  0.241947
113700  0.241947
113750  0.241947
113800  0.241947
113850  0.241947
113900  0.241947
113950  0.241947
114000  0.241947
114050  0.241947
114100  0.241947
114150  0.241947
114200  0.241947
114250  0.241947
114300  0.241947
114350  0.241947
114400  0.241947
114450  0.241947
114500  0.241947
114550  0.241947
114600  0.241947
114650  0.241947
114700  0.241947
114750  0.241947
114800  0.241947
114850  0.241947
114900  0.241947
114950  0.241947
115000  0.241947
115050  0.241947
115100  0.241947
115150  0.241947
115200  0.241947
115250  0.241947
115300  0.241947
115350  0.241947
115400  0.241947
115450  0.241947
115500  0.241947
115550  0.241947
115600  0.241947
115650  0.241947
115700  0.241947
115750  0.241947
115800  0.241947
115850  0.241947
115900  0.241947
115950  0.241947
116000  0.241947
116050  0.241947
116100  0.241947
116150  0.241947
116200  0.241947
116250  0.241947
116300  0.241947
116350  0.241947
116400  0.241947
116450  0.241947
116500  0.241947
116550  0.241947
116600  0.241947
116650  0.241947
116700  0.241947
116750  0.241947
116800  0.241947
116850  0.241947
116900  0.241947
116950  0.241947
117000  0.241947
117050  0.241947
117100  0.241947
117150  0.241947
117200  0.241947
117250  0.241947
117300  0.241947
117350  0.241947
117400  0.241947
117450  0.241947
117500  0.241947
117550  0.241947
117600  0.241947
117650  0.241947
117700  0.241947
117750  0.241947
117800  0.241947
117850  0.241947
117900  0.241947
117950  0.241947
118000  0.241947
118050  0.241947
118100  0.241947
118150  0.241947
118200  0.241947
118250  0.241947
118300  0.241947
118350  0.241947
118400  0.241947
118450  0.241947
118500  0.241947
118550  0.241947
118600  0.241947
118650  0.241947
118700  0.241947
118750  0.241947
118800  0.241919
118850  0.241919
118900  0.241919
118950  0.241919
