Step  Penalty
10  0.563205
20  0.524839
30  0.495196
40  0.477794
50  0.469636
60  0.461166
70  0.45199
80  0.446196
90  0.442567
100  0.433234
110  0.424043
120  0.410965
130  0.405093
140  0.39417
150  0.382442
160  0.370741
170  0.357991
180  0.349497
190  0.338324
200  0.33038
210  0.324048
220  0.320194
230  0.315142
240  0.310893
250  0.307932
260  0.305248
270  0.299707
280  0.296557
290  0.291652
300  0.28727
310  0.284659
320  0.279758
330  0.275872
340  0.270205
350  0.266479
360  0.264311
370  0.258156
380  0.257396
390  0.255001
400  0.254343
410  0.253354
420  0.252779
430  0.252449
440  0.251932
450  0.250371
460  0.24987
470  0.249157
480  0.248778
490  0.246457
500  0.245267
510  0.244826
520  0.243509
530  0.242624
540  0.242055
550  0.241744
560  0.240622
570  0.240253
580  0.240008
590  0.239571
600  0.237334
610  0.236686
620  0.234924
630  0.233705
640  0.23319
650  0.232812
660  0.230994
670  0.229679
680  0.22921
690  0.228465
700  0.228405
710  0.228088
720  0.227836
730  0.22696
740  0.22696
750  0.226048
760  0.225948
770  0.225948
780  0.225948
790  0.225948
800  0.225841
810  0.225716
820  0.225716
830  0.225716
840  0.225586
850  0.225473
860  0.225473
870  0.225473
880  0.225473
890  0.225275
900  0.225174
910  0.225174
920  0.225058
930  0.225034
940  0.224878
950  0.224826
960  0.223985
970  0.223866
980  0.223811
990  0.223811
1000  0.223531
1010  0.223531
1020  0.223531
1030  0.223361
1040  0.222662
1050  0.222421
1060  0.222312
1070  0.22216
1080  0.22216
1090  0.222129
1100  0.221998
1110  0.221948
1120  0.221804
1130  0.221665
1140  0.221665
1150  0.221418
1160  0.221037
1170  0.220566
1180  0.220566
1190  0.220495
1200  0.220495
1210  0.220495
1220  0.22017
1230  0.220101
1240  0.219637
1250  0.21899
1260  0.218592
1270  0.218592
1280  0.218305
1290  0.217647
1300  0.217223
1310  0.217119
1320  0.217119
1330  0.217119
1340  0.217119
1350  0.217065
1360  0.216852
1370  0.216852
1380  0.216826
1390  0.216826
1400  0.216581
1410  0.216581
1420  0.216581
1430  0.216496
1440  0.216496
1450  0.21625
1460  0.216049
1470  0.216049
1480  0.216049
1490  0.215744
1500  0.215533
1510  0.215438
1520  0.215438
1530  0.215438
1540  0.215382
1550  0.215382
1560  0.215382
1570  0.21537
1580  0.215316
1590  0.215036
1600  0.215036
1610  0.215036
1620  0.215036
1630  0.214752
1640  0.214622
1650  0.214622
1660  0.214622
1670  0.21454
1680  0.21454
1690  0.21454
1700  0.21454
1710  0.21454
1720  0.21454
1730  0.214518
1740  0.214279
1750  0.214279
1760  0.213937
1770  0.213937
1780  0.21373
1790  0.21373
1800  0.21373
1810  0.21373
1820  0.213381
1830  0.213381
1840  0.213381
1850  0.213381
1860  0.213381
1870  0.213381
1880  0.213381
1890  0.213221
1900  0.213221
1910  0.213221
1920  0.213221
1930  0.213078
1940  0.213078
1950  0.212982
1960  0.212982
1970  0.212982
1980  0.212982
1990  0.212973
2000  0.212972
2010  0.212972
2020  0.212972
2030  0.212834
2040  0.212834
2050  0.212815
2060  0.212617
2070  0.212446
2080  0.212044
2090  0.212044
2100  0.212044
2110  0.212044
2120  0.212044
2130  0.212044
2140  0.212044
2150  0.212044
2160  0.212044
2170  0.212044
2180  0.211785
2190  0.211785
2200  0.211743
2210  0.211465
2220  0.211465
2230  0.211465
2240  0.211465
2250  0.211465
2260  0.211432
2270  0.211432
2280  0.211432
2290  0.211432
2300  0.211409
2310  0.211299
2320  0.211075
2330  0.210913
2340  0.210913
2350  0.210913
2360  0.210913
2370  0.210913
2380  0.210913
2390  0.210913
2400  0.210913
2410  0.210913
2420  0.210913
2430  0.210832
2440  0.210832
2450  0.210832
2460  0.210566
2470  0.210566
2480  0.210566
2490  0.210566
2500  0.210371
2510  0.210371
2520  0.210237
2530  0.210237
2540  0.210237
2550  0.210001
2560  0.209987
2570  0.209798
2580  0.209798
2590  0.209771
2600  0.209771
2610  0.209771
2620  0.209771
2630  0.209771
2640  0.209771
2650  0.209652
2660  0.209652
2670  0.209652
2680  0.209652
2690  0.209652
2700  0.209627
2710  0.209466
2720  0.209142
2730  0.209142
2740  0.20904
2750  0.20904
2760  0.20904
2770  0.20904
2780  0.20904
2790  0.20904
2800  0.208934
2810  0.208934
2820  0.208934
2830  0.208934
2840  0.208934
2850  0.208477
2860  0.208477
2870  0.208477
2880  0.208477
2890  0.208477
2900  0.208477
2910  0.20831
2920  0.20831
2930  0.20831
2940  0.208272
2950  0.208272
2960  0.208272
2970  0.207909
2980  0.207481
2990  0.207481
3000  0.207481
3010  0.207481
3020  0.207481
3030  0.207481
3040  0.207481
3050  0.207385
3060  0.207385
3070  0.207385
3080  0.207385
3090  0.207385
3100  0.207385
3110  0.207385
3120  0.207057
3130  0.206971
3140  0.206971
3150  0.206971
3160  0.206971
3170  0.206794
3180  0.206416
3190  0.206416
3200  0.206416
3210  0.205801
3220  0.205723
3230  0.205378
3240  0.205378
3250  0.205307
3260  0.205307
3270  0.205307
3280  0.205307
3290  0.205307
3300  0.205273
3310  0.205273
3320  0.205204
3330  0.205204
3340  0.205204
3350  0.205077
3360  0.205077
3370  0.205077
3380  0.205077
3390  0.205077
3400  0.205077
3410  0.205045
3420  0.205045
3430  0.205045
3440  0.205045
3450  0.205045
3460  0.205045
3470  0.204915
3480  0.204673
3490  0.204673
3500  0.204673
3510  0.204673
3520  0.204617
3530  0.204617
3540  0.204617
3550  0.204617
3560  0.204617
3570  0.204617
3580  0.204394
3590  0.204394
3600  0.204394
3610  0.204394
3620  0.204394
3630  0.204394
3640  0.204394
3650  0.204394
3660  0.204394
3670  0.204394
3680  0.204394
3690  0.204394
3700  0.204394
3710  0.204394
3720  0.204394
3730  0.204394
3740  0.204394
3750  0.204287
3760  0.204099
3770  0.204092
3780  0.204092
3790  0.204092
3800  0.203937
3810  0.203937
3820  0.203937
3830  0.203937
3840  0.203937
3850  0.203937
3860  0.203937
3870  0.203937
3880  0.203937
3890  0.203803
3900  0.203803
3910  0.203681
3920  0.203681
3930  0.203681
3940  0.203681
3950  0.203681
3960  0.203613
3970  0.203613
3980  0.203531
3990  0.203374
4000  0.203374
4010  0.203374
4020  0.203328
4030  0.203328
4040  0.203328
4050  0.203251
4060  0.203053
4070  0.202988
4080  0.202988
4090  0.202988
4100  0.202988
4110  0.202988
4120  0.202988
4130  0.202988
4140  0.202988
4150  0.202601
4160  0.202601
4170  0.202601
4180  0.202601
4190  0.20254
4200  0.20254
4210  0.20254
4220  0.20254
4230  0.20254
4240  0.20254
4250  0.202526
4260  0.202319
4270  0.202077
4280  0.202077
4290  0.202077
4300  0.202077
4310  0.202077
4320  0.201719
4330  0.201519
4340  0.200526
4350  0.200526
4360  0.200526
4370  0.200526
4380  0.200526
4390  0.200526
4400  0.200526
4410  0.200391
4420  0.20019
4430  0.200119
4440  0.200035
4450  0.200022
4460  0.200022
4470  0.199979
4480  0.199979
4490  0.199979
4500  0.199979
4510  0.199979
4520  0.199979
4530  0.199651
4540  0.199651
4550  0.199651
4560  0.199651
4570  0.199378
4580  0.199378
4590  0.199273
4600  0.199273
4610  0.199273
4620  0.199273
4630  0.199273
4640  0.199221
4650  0.199221
4660  0.199221
4670  0.199173
4680  0.199173
4690  0.199173
4700  0.199173
4710  0.199173
4720  0.199173
4730  0.199173
4740  0.199173
4750  0.199173
4760  0.199173
4770  0.199173
4780  0.199173
4790  0.199173
4800  0.199173
4810  0.199137
4820  0.199137
4830  0.199137
4840  0.198898
4850  0.198898
4860  0.198898
4870  0.198842
4880  0.198842
4890  0.198842
4900  0.198842
4910  0.198842
4920  0.198842
4930  0.198842
4940  0.198842
4950  0.198842
4960  0.19879
4970  0.19879
4980  0.19879
4990  0.198607
5000  0.198607
5010  0.198607
5020  0.198607
5030  0.198607
5040  0.198607
5050  0.198607
5060  0.198607
5070  0.198607
5080  0.198607
5090  0.198607
5100  0.198607
5110  0.198607
5120  0.198607
5130  0.198607
5140  0.198079
5150  0.198079
5160  0.198079
5170  0.198015
5180  0.198015
5190  0.198015
5200  0.197996
5210  0.197996
5220  0.197996
5230  0.197958
5240  0.197932
5250  0.197868
5260  0.197868
5270  0.197666
5280  0.197368
5290  0.196898
5300  0.196898
5310  0.1967
5320  0.196624
5330  0.196624
5340  0.196624
5350  0.196624
5360  0.196624
5370  0.196624
5380  0.196624
5390  0.196624
5400  0.196624
5410  0.196624
5420  0.196531
5430  0.196531
5440  0.196301
5450  0.195985
5460  0.195985
5470  0.195985
5480  0.195985
5490  0.195985
5500  0.195985
5510  0.195663
5520  0.195663
5530  0.195663
5540  0.195663
5550  0.195663
5560  0.195663
5570  0.195663
5580  0.195663
5590  0.195663
5600  0.195663
5610  0.195663
5620  0.195251
5630  0.19494
5640  0.19494
5650  0.19494
5660  0.19494
5670  0.194866
5680  0.194866
5690  0.194866
5700  0.194866
5710  0.194866
5720  0.194866
5730  0.194866
5740  0.194866
5750  0.194866
5760  0.194866
5770  0.194866
5780  0.194866
5790  0.194866
5800  0.194866
5810  0.194866
5820  0.194866
5830  0.194866
5840  0.194866
5850  0.194866
5860  0.194866
5870  0.194866
5880  0.194866
5890  0.194866
5900  0.194866
5910  0.194866
5920  0.19478
5930  0.19478
5940  0.19478
5950  0.19478
5960  0.19478
5970  0.19478
5980  0.19478
5990  0.19478
6000  0.19478
6010  0.19478
6020  0.19478
6030  0.19478
6040  0.19478
6050  0.19478
6060  0.19478
6070  0.194487
6080  0.194487
6090  0.194487
6100  0.194487
6110  0.194487
6120  0.194487
6130  0.194487
6140  0.194092
6150  0.194092
6160  0.194092
6170  0.194092
6180  0.194092
6190  0.194092
6200  0.194092
6210  0.194092
6220  0.194092
6230  0.194092
6240  0.194092
6250  0.194092
6260  0.194092
6270  0.194092
6280  0.194092
6290  0.194092
6300  0.194092
6310  0.194092
6320  0.194092
6330  0.194092
6340  0.194092
6350  0.194092
6360  0.194092
6370  0.194092
6380  0.194092
6390  0.19404
6400  0.19404
6410  0.19404
6420  0.19404
6430  0.19404
6440  0.19404
6450  0.19404
6460  0.19404
6470  0.19404
6480  0.19404
6490  0.19404
6500  0.193906
6510  0.193906
6520  0.193906
6530  0.193906
6540  0.193751
6550  0.193751
6560  0.193751
6570  0.193751
6580  0.193751
6590  0.193751
6600  0.193751
6610  0.193751
6620  0.193751
6630  0.193751
6640  0.193751
6650  0.193751
6660  0.193751
6670  0.193751
6680  0.193751
6690  0.193751
6700  0.193751
6710  0.193751
6720  0.193751
6730  0.193751
6740  0.193751
6750  0.193751
6760  0.193751
6770  0.193552
6780  0.193552
6790  0.193552
6800  0.193552
6810  0.193552
6820  0.193552
6830  0.193552
6840  0.193552
6850  0.193552
6860  0.193552
6870  0.193552
6880  0.193552
6890  0.193552
6900  0.193552
6910  0.193552
6920  0.193552
6930  0.193376
6940  0.193376
6950  0.193376
6960  0.193376
6970  0.193376
6980  0.193376
6990  0.193376
7000  0.193376
7010  0.193376
7020  0.193376
7030  0.193376
7040  0.193376
7050  0.193376
7060  0.193376
7070  0.193376
7080  0.193376
7090  0.193376
7100  0.193376
7110  0.193376
7120  0.193376
7130  0.193376
7140  0.193376
7150  0.193376
7160  0.193376
7170  0.193376
7180  0.193376
7190  0.193376
7200  0.193376
7210  0.193376
7220  0.193376
7230  0.193376
7240  0.193376
7250  0.193376
7260  0.193376
7270  0.193376
7280  0.193376
7290  0.193172
7300  0.193172
7310  0.193172
7320  0.193172
7330  0.193172
7340  0.193172
7350  0.193172
7360  0.193172
7370  0.193172
7380  0.193037
7390  0.193037
7400  0.193037
7410  0.193037
7420  0.193037
7430  0.193037
7440  0.193037
7450  0.193037
7460  0.193037
7470  0.193037
7480  0.193037
7490  0.192951
7500  0.192951
7510  0.192951
7520  0.192951
7530  0.192951
7540  0.192951
7550  0.192951
7560  0.192951
7570  0.192951
7580  0.192951
7590  0.192836
7600  0.192836
7610  0.192836
7620  0.192836
7630  0.192836
7640  0.192836
7650  0.192836
7660  0.192836
7670  0.192836
7680  0.192836
7690  0.192836
7700  0.192836
7710  0.192836
7720  0.192836
7730  0.192836
7740  0.192836
7750  0.192836
7760  0.192836
7770  0.192836
7780  0.192836
7790  0.192836
7800  0.192836
7810  0.192836
7820  0.192836
7830  0.192836
7840  0.192836
7850  0.192836
7860  0.192836
7870  0.192836
7880  0.192836
7890  0.192836
7900  0.192836
7910  0.192836
7920  0.192836
7930  0.192836
7940  0.192836
7950  0.192836
7960  0.192836
7970  0.192836
7980  0.192836
7990  0.192836
8000  0.192836
8010  0.192836
8020  0.192797
8030  0.192556
8040  0.192556
8050  0.192556
8060  0.192556
8070  0.192556
8080  0.192481
8090  0.1923
8100  0.1923
8110  0.1923
8120  0.192137
8130  0.192197
8140  0.192197
8150  0.191636
8160  0.191636
8170  0.191636
8180  0.191636
8190  0.191636
8200  0.191636
8210  0.191636
8220  0.191636
8230  0.191636
8240  0.191636
8250  0.191636
8260  0.191636
8270  0.191636
8280  0.191281
8290  0.191281
8300  0.191281
8310  0.191227
8320  0.191227
8330  0.191227
8340  0.191227
8350  0.191227
8360  0.191227
8370  0.191227
8380  0.191227
8390  0.191227
8400  0.191227
8410  0.191227
8420  0.191227
8430  0.191227
8440  0.191227
8450  0.191177
8460  0.19105
8470  0.19105
8480  0.19105
8490  0.190821
8500  0.190821
8510  0.190502
8520  0.190502
8530  0.190502
8540  0.190367
8550  0.190367
8560  0.190311
8570  0.190311
8580  0.190076
8590  0.189778
8600  0.189577
8610  0.189577
8620  0.189342
8630  0.188944
8640  0.188944
8650  0.188714
8660  0.188714
8670  0.188714
8680  0.188641
8690  0.188641
8700  0.188641
8710  0.188292
8720  0.187995
8730  0.187945
8740  0.1878
8750  0.1878
8760  0.1878
8770  0.1878
8780  0.1878
8790  0.1878
8800  0.1878
8810  0.187581
8820  0.187479
8830  0.187344
8840  0.187344
8850  0.187344
8860  0.187344
8870  0.187344
8880  0.187344
8890  0.187344
8900  0.186802
8910  0.186802
8920  0.186802
8930  0.186802
8940  0.186802
8950  0.186802
8960  0.186423
8970  0.186423
8980  0.186423
8990  0.1857
9000  0.1857
9010  0.1857
9020  0.185627
9030  0.185149
9040  0.185149
9050  0.185149
9060  0.185149
9070  0.184943
9080  0.184943
9090  0.184943
9100  0.184824
9110  0.184824
9120  0.184824
9130  0.184824
9140  0.184824
9150  0.184824
9160  0.184824
9170  0.184824
9180  0.184824
9190  0.184824
9200  0.184824
9210  0.184824
9220  0.184824
9230  0.184824
9240  0.184824
9250  0.184824
9260  0.184824
9270  0.184824
9280  0.184824
9290  0.184824
9300  0.184824
9310  0.184824
9320  0.184824
9330  0.184824
9340  0.184824
9350  0.184824
9360  0.184824
9370  0.184824
9380  0.184824
9390  0.184824
9400  0.184824
9410  0.184677
9420  0.184615
9430  0.184615
9440  0.184615
9450  0.184615
9460  0.184615
9470  0.184615
9480  0.184615
9490  0.184615
9500  0.184321
9510  0.184321
9520  0.184321
9530  0.184321
9540  0.184321
9550  0.184321
9560  0.184149
9570  0.184149
9580  0.184149
9590  0.184149
9600  0.184149
9610  0.184149
9620  0.184149
9630  0.184149
9640  0.184149
9650  0.184149
9660  0.184149
9670  0.184149
9680  0.184149
9690  0.184149
9700  0.184149
9710  0.184149
9720  0.184149
9730  0.184149
9740  0.184149
9750  0.184149
9760  0.184149
9770  0.184149
9780  0.184149
9790  0.184149
9800  0.184149
9810  0.184149
9820  0.184149
9830  0.184149
9840  0.184149
9850  0.184149
9860  0.184149
9870  0.184149
9880  0.184149
9890  0.184149
9900  0.184149
9910  0.184149
9920  0.184149
9930  0.184149
9940  0.184149
9950  0.183767
9960  0.183767
9970  0.183709
9980  0.183709
9990  0.183709
10000  0.183709
10010  0.183709
10020  0.183692
10030  0.183118
10040  0.183118
10050  0.183118
10060  0.183118
10070  0.18305
10080  0.18305
10090  0.18305
10100  0.18305
10110  0.18305
10120  0.18305
10130  0.18305
10140  0.182833
10150  0.182833
10160  0.182833
10170  0.182833
10180  0.182833
10190  0.182833
10200  0.182833
10210  0.182833
10220  0.182833
10230  0.182833
10240  0.182833
10250  0.182833
10260  0.182833
10270  0.182833
10280  0.182833
10290  0.182833
10300  0.182833
10310  0.182833
10320  0.182833
10330  0.182833
10340  0.182833
10350  0.182833
10360  0.182833
10370  0.182833
10380  0.182833
10390  0.182833
10400  0.182833
10410  0.182833
10420  0.182833
10430  0.182833
10440  0.182833
10450  0.182833
10460  0.182833
10470  0.182833
10480  0.182833
10490  0.182809
10500  0.182809
10510  0.182809
10520  0.182809
10530  0.182809
10540  0.182809
10550  0.182809
10560  0.182809
10570  0.182809
10580  0.182809
10590  0.182809
10600  0.182809
10610  0.182809
10620  0.182809
10630  0.182765
10640  0.182765
10650  0.182765
10660  0.182765
10670  0.182765
10680  0.182765
10690  0.182765
10700  0.182765
10710  0.182765
10720  0.18275
10730  0.182609
10740  0.182609
10750  0.182609
10760  0.182609
10770  0.182609
10780  0.182609
10790  0.182609
10800  0.182609
10810  0.182609
10820  0.182609
10830  0.182609
10840  0.182609
10850  0.182609
10860  0.182609
10870  0.182609
10880  0.182609
10890  0.182609
10900  0.182609
10910  0.182609
10920  0.182609
10930  0.182609
10940  0.182609
10950  0.182861
10960  0.182861
10970  0.182861
10980  0.182861
10990  0.182861
11000  0.182861
11010  0.182861
11020  0.182861
11030  0.182861
11040  0.182861
11050  0.182861
11060  0.182861
11070  0.182861
11080  0.182582
11090  0.182582
11100  0.182582
11110  0.182582
11120  0.182582
11130  0.182582
11140  0.182437
11150  0.182437
11160  0.182437
11170  0.182437
11180  0.182437
11190  0.182437
11200  0.182437
11210  0.182437
11220  0.182437
11230  0.182437
11240  0.182144
11250  0.182144
11260  0.182144
11270  0.182144
11280  0.182144
11290  0.182144
11300  0.182144
11310  0.182144
11320  0.182144
11330  0.182144
11340  0.182144
11350  0.181969
11360  0.181969
11370  0.181969
11380  0.181969
11390  0.181969
11400  0.181969
11410  0.181969
11420  0.181969
11430  0.181946
11440  0.181946
11450  0.181946
11460  0.181946
11470  0.181946
11480  0.181946
11490  0.181946
11500  0.181861
11510  0.181861
11520  0.181861
11530  0.181861
11540  0.181861
11550  0.181861
11560  0.181861
11570  0.181861
11580  0.181861
11590  0.18154
11600  0.18154
11610  0.18154
11620  0.18154
11630  0.18154
11640  0.181203
11650  0.181203
11660  0.181203
11670  0.181203
11680  0.181203
11690  0.181203
11700  0.18113
11710  0.181081
11720  0.181043
11730  0.181043
11740  0.181043
11750  0.181038
11760  0.181038
11770  0.18079
11780  0.18079
11790  0.18079
11800  0.18079
11810  0.18079
11820  0.18079
11830  0.18079
11840  0.18079
11850  0.18079
11860  0.18079
11870  0.18079
11880  0.18079
11890  0.18079
11900  0.18079
11910  0.18079
11920  0.18079
11930  0.18079
11940  0.18079
11950  0.18079
11960  0.18079
11970  0.18079
11980  0.18079
11990  0.18079
12000  0.18079
12010  0.18079
12020  0.18079
12030  0.18079
12040  0.18079
12050  0.18079
12060  0.18079
12070  0.18079
12080  0.18079
12090  0.18079
12100  0.18079
12110  0.18079
12120  0.18079
12130  0.18079
12140  0.18079
12150  0.18079
12160  0.18079
12170  0.18079
12180  0.18037
12190  0.18037
12200  0.18037
12210  0.18037
12220  0.18037
12230  0.18037
12240  0.18037
12250  0.18037
12260  0.18037
12270  0.18037
12280  0.18037
12290  0.18037
12300  0.18037
12310  0.18037
12320  0.18037
12330  0.18037
12340  0.18037
12350  0.180306
12360  0.180306
12370  0.180306
12380  0.180306
12390  0.180306
12400  0.180306
12410  0.180306
12420  0.180306
12430  0.180306
12440  0.180306
12450  0.180306
12460  0.180306
12470  0.180306
12480  0.180306
12490  0.180306
12500  0.180306
12510  0.180306
12520  0.180272
12530  0.180272
12540  0.180272
12550  0.180272
12560  0.180272
12570  0.180272
12580  0.180272
12590  0.180272
12600  0.180272
12610  0.180272
12620  0.180272
12630  0.180272
12640  0.180221
12650  0.180221
12660  0.180221
12670  0.180221
12680  0.180221
12690  0.180221
12700  0.180221
12710  0.180012
12720  0.180012
12730  0.180012
12740  0.180012
12750  0.180012
12760  0.180012
12770  0.180012
12780  0.180012
12790  0.180012
12800  0.180012
12810  0.180012
12820  0.180012
12830  0.180012
12840  0.180012
12850  0.180012
12860  0.180012
12870  0.180012
12880  0.180012
12890  0.180012
12900  0.180012
12910  0.179963
12920  0.179963
12930  0.179963
12940  0.179963
12950  0.179963
12960  0.179963
12970  0.179963
12980  0.179749
12990  0.179749
13000  0.179746
13010  0.179746
13020  0.179746
13030  0.179746
13040  0.179746
13050  0.179257
13060  0.179257
13070  0.179187
13080  0.179187
13090  0.179187
13100  0.179187
13110  0.179187
13120  0.179187
13130  0.179187
13140  0.179187
13150  0.179187
13160  0.179187
13170  0.179112
13180  0.179112
13190  0.179112
13200  0.179112
13210  0.179112
13220  0.179112
13230  0.179112
13240  0.179112
13250  0.179112
13260  0.179112
13270  0.179112
13280  0.179112
13290  0.179112
13300  0.179112
13310  0.179112
13320  0.179112
13330  0.179112
13340  0.179112
13350  0.179112
13360  0.179112
13370  0.179112
13380  0.179112
13390  0.179112
13400  0.179112
13410  0.179112
13420  0.179112
13430  0.179112
13440  0.179112
13450  0.179112
13460  0.179112
13470  0.179112
13480  0.179112
13490  0.179112
13500  0.179112
13510  0.179112
13520  0.179112
13530  0.179112
13540  0.179112
13550  0.179112
13560  0.179112
13570  0.179112
13580  0.179112
13590  0.179112
13600  0.179112
13610  0.179112
13620  0.179112
13630  0.179022
13640  0.179022
13650  0.179022
13660  0.178975
13670  0.178531
13680  0.178531
13690  0.178531
13700  0.178531
13710  0.178531
13720  0.178531
13730  0.178531
13740  0.178531
13750  0.178531
13760  0.178531
13770  0.178531
13780  0.178531
13790  0.178531
13800  0.178531
13810  0.178531
13820  0.178531
13830  0.178419
13840  0.178419
13850  0.178419
13860  0.178419
13870  0.178419
13880  0.178419
13890  0.178419
13900  0.178419
13910  0.178419
13920  0.178419
13930  0.178419
13940  0.178419
13950  0.178369
13960  0.178369
13970  0.178369
13980  0.178099
13990  0.178099
14000  0.178099
14010  0.178099
14020  0.178099
14030  0.178099
14040  0.178099
14050  0.178099
14060  0.178099
14070  0.178099
14080  0.178099
14090  0.178099
14100  0.178099
14110  0.178099
14120  0.178099
14130  0.178099
14140  0.178099
14150  0.178099
14160  0.178099
14170  0.178099
14180  0.178042
14190  0.178042
14200  0.178042
14210  0.177966
14220  0.177966
14230  0.177966
14240  0.177966
14250  0.177966
14260  0.177966
14270  0.177966
14280  0.177966
14290  0.177966
14300  0.177966
14310  0.177966
14320  0.177966
14330  0.177966
14340  0.177966
14350  0.177727
14360  0.177613
14370  0.177481
14380  0.177605
14390  0.177481
14400  0.177444
14410  0.177444
14420  0.177444
14430  0.177444
14440  0.177444
14450  0.177444
14460  0.177444
14470  0.177444
14480  0.177444
14490  0.177444
14500  0.177444
14510  0.177444
14520  0.177444
14530  0.177444
14540  0.177444
14550  0.177444
14560  0.177444
14570  0.177444
14580  0.177444
14590  0.177444
14600  0.177444
14610  0.177444
14620  0.177444
14630  0.177444
14640  0.177444
14650  0.177444
14660  0.177444
14670  0.177444
14680  0.177444
14690  0.177444
14700  0.177444
14710  0.177444
14720  0.177444
14730  0.177444
14740  0.177444
14750  0.177444
14760  0.177444
14770  0.177444
14780  0.177444
14790  0.177186
14800  0.177186
14810  0.177186
14820  0.177186
14830  0.177186
14840  0.177186
14850  0.177186
14860  0.177186
14870  0.177186
14880  0.177186
14890  0.177186
14900  0.177186
14910  0.177186
14920  0.17708
14930  0.17688
14940  0.17688
14950  0.17688
14960  0.176714
14970  0.176714
14980  0.176646
14990  0.176646
15000  0.176646
15010  0.176646
15020  0.176646
15030  0.176646
15040  0.176646
15050  0.176646
15060  0.176646
15070  0.176646
15080  0.176646
15090  0.176646
15100  0.176646
15110  0.176646
15120  0.176646
15130  0.176646
15140  0.176646
15150  0.176646
15160  0.176561
15170  0.176561
15180  0.176561
15190  0.17628
15200  0.17628
15210  0.17628
15220  0.17628
15230  0.17628
15240  0.176107
15250  0.176107
15260  0.176107
15270  0.176107
15280  0.176047
15290  0.176047
15300  0.176047
15310  0.176047
15320  0.176047
15330  0.176014
15340  0.176014
15350  0.176014
15360  0.176014
15370  0.176014
15380  0.175903
15390  0.175903
15400  0.175903
15410  0.175903
15420  0.175903
15430  0.175908
15440  0.175908
15450  0.175908
15460  0.175908
15470  0.175908
15480  0.175908
15490  0.175908
15500  0.175908
15510  0.175908
15520  0.175908
15530  0.175908
15540  0.175908
15550  0.175908
15560  0.175908
15570  0.175908
15580  0.175908
15590  0.175908
15600  0.175908
15610  0.175908
15620  0.175908
15630  0.175908
15640  0.175298
15650  0.175298
15660  0.175298
15670  0.175298
15680  0.175298
15690  0.175298
15700  0.175298
15710  0.175298
15720  0.175298
15730  0.175298
15740  0.175298
15750  0.175298
15760  0.175298
15770  0.175298
15780  0.175298
15790  0.175298
15800  0.175298
15810  0.175298
15820  0.175298
15830  0.175298
15840  0.175298
15850  0.175298
15860  0.175298
15870  0.175298
15880  0.175298
15890  0.175298
15900  0.175298
15910  0.175298
15920  0.175217
15930  0.175212
15940  0.175212
15950  0.175212
15960  0.175212
15970  0.175212
15980  0.175212
15990  0.175212
16000  0.175212
16010  0.175212
16020  0.175158
16030  0.175044
16040  0.175217
16050  0.175217
16060  0.175217
16070  0.175217
16080  0.175217
16090  0.175217
16100  0.175217
16110  0.175217
16120  0.175217
16130  0.175044
16140  0.175044
16150  0.175044
16160  0.175044
16170  0.175044
16180  0.175044
16190  0.175044
16200  0.175044
16210  0.175044
16220  0.175044
16230  0.175044
16240  0.175044
16250  0.175044
16260  0.175044
16270  0.175044
16280  0.175044
16290  0.175044
16300  0.175044
16310  0.175044
16320  0.175044
16330  0.175044
16340  0.175044
16350  0.175044
16360  0.175044
16370  0.175044
16380  0.175044
16390  0.175044
16400  0.175044
16410  0.175044
16420  0.175044
16430  0.175044
16440  0.175044
16450  0.175044
16460  0.174818
16470  0.174818
16480  0.174818
16490  0.174732
16500  0.174732
16510  0.174732
16520  0.174732
16530  0.174732
16540  0.174732
16550  0.174732
16560  0.174732
16570  0.174605
16580  0.174605
16590  0.174605
16600  0.174605
16610  0.174605
16620  0.174605
16630  0.174605
16640  0.174605
16650  0.174605
16660  0.174605
16670  0.174605
16680  0.174605
16690  0.174605
16700  0.174605
16710  0.174605
16720  0.174605
16730  0.174605
16740  0.174498
16750  0.174498
16760  0.174498
16770  0.174498
16780  0.174498
16790  0.174498
16800  0.174498
16810  0.174498
16820  0.174498
16830  0.174498
16840  0.174498
16850  0.174498
16860  0.174498
16870  0.174498
16880  0.174498
16890  0.174498
16900  0.174498
16910  0.174498
16920  0.174498
16930  0.174498
16940  0.174405
16950  0.174405
16960  0.174405
16970  0.174405
16980  0.174405
16990  0.174405
17000  0.174405
17010  0.174405
17020  0.174405
17030  0.174405
17040  0.174405
17050  0.174405
17060  0.174405
17070  0.174405
17080  0.174405
17090  0.174278
17100  0.174278
17110  0.174278
17120  0.174278
17130  0.174195
17140  0.174195
17150  0.174195
17160  0.174195
17170  0.174195
17180  0.174195
17190  0.174195
17200  0.174195
17210  0.174195
17220  0.174195
17230  0.174195
17240  0.174195
17250  0.174195
17260  0.174195
17270  0.174195
17280  0.174195
17290  0.174195
17300  0.174195
17310  0.174195
17320  0.174195
17330  0.174195
17340  0.174195
17350  0.173947
17360  0.173947
17370  0.173947
17380  0.173947
17390  0.173947
17400  0.173947
17410  0.173947
17420  0.173947
17430  0.173947
17440  0.173947
17450  0.173947
17460  0.173947
17470  0.173947
17480  0.173947
17490  0.173947
17500  0.173947
17510  0.173947
17520  0.173947
17530  0.173947
17540  0.173947
17550  0.173947
17560  0.173947
17570  0.173947
17580  0.173947
17590  0.173947
17600  0.173947
17610  0.173947
17620  0.173947
17630  0.173947
17640  0.173947
17650  0.173947
17660  0.173838
17670  0.173838
17680  0.173838
17690  0.173838
17700  0.173838
17710  0.173838
17720  0.173838
17730  0.173838
17740  0.173838
17750  0.173838
17760  0.173838
17770  0.173838
17780  0.173838
17790  0.173838
17800  0.173838
17810  0.173838
17820  0.173838
17830  0.173838
17840  0.173838
17850  0.173838
17860  0.173838
17870  0.173838
17880  0.173838
17890  0.173838
17900  0.173838
17910  0.173498
17920  0.173498
17930  0.173498
17940  0.173498
17950  0.173498
17960  0.173498
17970  0.173498
17980  0.173498
17990  0.173498
18000  0.173498
18010  0.173498
18020  0.173498
18030  0.173498
18040  0.173498
18050  0.173498
18060  0.173498
18070  0.173498
18080  0.173498
18090  0.173498
18100  0.173498
18110  0.173498
18120  0.173498
18130  0.173498
18140  0.173498
18150  0.173498
18160  0.173498
18170  0.173498
18180  0.173498
18190  0.173498
18200  0.173498
18210  0.173498
18220  0.173498
18230  0.173498
18240  0.173383
18250  0.173383
18260  0.173383
18270  0.173383
18280  0.173383
18290  0.173383
18300  0.173383
18310  0.173383
18320  0.173383
18330  0.173383
18340  0.173383
18350  0.173383
18360  0.173383
18370  0.173383
18380  0.173383
18390  0.173383
18400  0.173383
18410  0.173383
18420  0.173383
18430  0.173383
18440  0.173383
18450  0.173383
18460  0.173383
18470  0.173383
18480  0.173383
18490  0.173383
18500  0.173383
18510  0.173383
18520  0.173383
18530  0.173383
18540  0.173383
18550  0.173383
18560  0.173383
18570  0.173383
18580  0.173296
18590  0.173296
18600  0.173296
18610  0.173296
18620  0.173296
18630  0.173296
18640  0.173296
18650  0.173296
18660  0.173296
18670  0.173296
18680  0.173296
18690  0.173296
18700  0.173296
18710  0.173296
18720  0.173296
18730  0.173296
18740  0.173296
18750  0.173296
18760  0.173296
18770  0.173296
18780  0.173296
18790  0.173296
18800  0.173296
18810  0.173193
18820  0.173193
18830  0.173193
18840  0.173193
18850  0.173193
18860  0.173193
18870  0.173193
18880  0.173193
18890  0.173193
18900  0.173193
18910  0.173193
18920  0.173193
18930  0.173193
18940  0.173193
18950  0.173193
18960  0.173193
18970  0.173193
18980  0.173193
18990  0.173193
19000  0.173193
19010  0.173193
19020  0.173193
19030  0.173193
19040  0.173193
19050  0.173193
19060  0.173193
19070  0.173193
19080  0.173193
19090  0.173193
19100  0.173193
19110  0.173193
19120  0.173096
19130  0.173096
19140  0.173096
19150  0.173096
19160  0.173096
19170  0.173096
19180  0.173096
19190  0.173096
19200  0.173096
19210  0.173096
19220  0.173096
19230  0.173096
19240  0.173096
19250  0.173096
19260  0.173096
19270  0.173096
19280  0.173096
19290  0.173096
19300  0.173096
19310  0.173096
19320  0.173096
19330  0.173096
19340  0.173096
19350  0.173096
19360  0.173096
19370  0.173096
19380  0.173096
19390  0.173096
19400  0.173096
19410  0.173096
19420  0.173096
19430  0.173096
19440  0.173096
19450  0.173096
19460  0.173096
19470  0.173096
19480  0.173096
19490  0.173096
19500  0.173096
19510  0.173096
19520  0.173096
19530  0.173096
19540  0.173096
19550  0.173096
19560  0.173096
19570  0.173096
19580  0.173096
19590  0.173096
19600  0.173096
19610  0.173096
19620  0.173096
19630  0.173096
19640  0.173096
19650  0.173096
19660  0.173096
19670  0.173096
19680  0.173096
19690  0.173096
19700  0.173096
19710  0.173096
19720  0.173032
19730  0.173032
19740  0.173032
19750  0.173032
19760  0.173032
19770  0.173032
19780  0.173032
19790  0.173032
19800  0.173032
19810  0.173032
19820  0.173032
19830  0.173032
19840  0.173032
19850  0.172935
19860  0.172935
19870  0.172935
19880  0.172935
19890  0.172935
19900  0.172935
19910  0.172935
19920  0.172935
19930  0.172935
19940  0.172935
19950  0.172935
19960  0.172935
19970  0.172776
19980  0.172776
19990  0.172776
20000  0.172776
20010  0.172776
20020  0.172776
20030  0.172776
20040  0.172776
20050  0.172776
20060  0.172776
20070  0.172776
20080  0.172776
20090  0.172776
20100  0.172776
20110  0.172776
20120  0.172776
20130  0.172776
20140  0.172776
20150  0.172776
20160  0.172776
20170  0.172776
20180  0.172776
20190  0.172776
20200  0.172776
20210  0.172776
20220  0.172776
20230  0.172776
20240  0.172776
20250  0.172776
20260  0.172776
20270  0.172776
20280  0.172776
20290  0.172776
20300  0.172776
20310  0.172776
20320  0.172776
20330  0.172776
20340  0.172776
20350  0.172776
20360  0.172776
20370  0.172776
20380  0.172776
20390  0.172776
20400  0.172776
20410  0.172776
20420  0.172776
20430  0.172742
20440  0.172742
20450  0.172742
20460  0.172742
20470  0.172742
20480  0.172742
20490  0.172742
20500  0.172742
20510  0.172742
20520  0.172742
20530  0.172742
20540  0.172742
20550  0.172742
20560  0.172742
20570  0.172742
20580  0.172742
20590  0.172742
20600  0.172742
20610  0.172682
20620  0.172682
20630  0.172682
20640  0.172682
20650  0.172682
20660  0.172682
20670  0.172682
20680  0.172682
20690  0.17266
20700  0.17266
20710  0.17266
20720  0.17266
20730  0.17266
20740  0.172623
20750  0.172705
20760  0.172705
20770  0.172643
20780  0.172643
20790  0.172643
20800  0.172643
20810  0.172643
20820  0.172643
20830  0.172643
20840  0.172643
20850  0.172643
20860  0.172643
20870  0.172643
20880  0.172643
20890  0.172643
20900  0.172643
20910  0.172632
20920  0.172476
20930  0.172705
20940  0.172476
20950  0.172476
20960  0.172476
20970  0.172476
20980  0.172476
20990  0.172476
21000  0.172476
21010  0.172476
21020  0.172476
21030  0.172476
21040  0.172476
21050  0.172476
21060  0.172443
21070  0.172443
21080  0.172443
21090  0.172443
21100  0.172443
21110  0.172443
21120  0.172443
21130  0.172443
21140  0.172443
21150  0.172443
21160  0.172443
21170  0.172443
21180  0.172443
21190  0.172443
21200  0.172443
21210  0.172443
21220  0.172443
21230  0.172443
21240  0.172443
21250  0.172443
21260  0.172443
21270  0.172443
21280  0.172443
21290  0.172443
21300  0.172443
21310  0.172443
21320  0.172443
21330  0.172443
21340  0.172443
21350  0.172443
21360  0.172443
21370  0.172443
21380  0.172443
21390  0.172443
21400  0.172443
21410  0.172443
21420  0.172443
21430  0.172443
21440  0.172443
21450  0.172443
21460  0.172443
21470  0.172443
21480  0.172443
21490  0.172443
21500  0.172408
21510  0.172408
21520  0.172408
21530  0.172408
21540  0.172349
21550  0.172349
21560  0.172349
21570  0.172349
21580  0.172349
21590  0.172349
21600  0.172349
21610  0.172218
21620  0.172218
21630  0.172004
21640  0.172004
21650  0.172004
21660  0.171909
21670  0.171909
21680  0.171909
21690  0.171892
21700  0.171623
21710  0.171623
21720  0.171603
21730  0.171603
21740  0.171603
21750  0.171603
21760  0.171603
21770  0.171603
21780  0.171603
21790  0.171561
21800  0.171561
21810  0.171561
21820  0.171561
21830  0.171548
21840  0.171548
21850  0.171548
21860  0.171548
21870  0.171548
21880  0.171548
21890  0.171548
21900  0.171548
21910  0.171548
21920  0.171548
21930  0.171548
21940  0.171548
21950  0.171548
21960  0.171487
21970  0.171487
21980  0.171487
21990  0.171487
22000  0.171487
22010  0.171485
22020  0.171485
22030  0.171485
22040  0.171485
22050  0.171485
22060  0.171374
22070  0.171374
22080  0.171228
22090  0.171228
22100  0.171228
22110  0.171228
22120  0.171228
22130  0.171121
22140  0.171121
22150  0.171121
22160  0.171121
22170  0.171121
22180  0.171121
22190  0.170784
22200  0.170784
22210  0.170784
22220  0.170784
22230  0.170784
22240  0.170679
22250  0.170679
22260  0.170679
22270  0.170679
22280  0.170679
22290  0.170679
22300  0.170679
22310  0.170679
22320  0.170679
22330  0.170679
22340  0.170679
22350  0.170679
22360  0.170679
22370  0.170679
22380  0.170679
22390  0.170679
22400  0.170679
22410  0.170564
22420  0.170564
22430  0.170564
22440  0.170564
22450  0.170564
22460  0.170008
22470  0.170008
22480  0.170008
22490  0.170008
22500  0.170008
22510  0.170008
22520  0.170008
22530  0.170008
22540  0.170008
22550  0.170008
22560  0.170008
22570  0.170008
22580  0.170008
22590  0.170008
22600  0.169842
22610  0.169842
22620  0.169842
22630  0.169842
22640  0.169543
22650  0.169777
22660  0.169777
22670  0.169777
22680  0.169777
22690  0.169777
22700  0.169777
22710  0.169777
22720  0.169777
22730  0.169777
22740  0.169777
22750  0.169777
22760  0.169777
22770  0.169777
22780  0.169777
22790  0.169777
22800  0.169777
22810  0.169777
22820  0.169777
22830  0.169777
22840  0.169777
22850  0.169777
22860  0.169777
22870  0.169777
22880  0.169777
22890  0.169777
22900  0.169777
22910  0.169777
22920  0.169777
22930  0.169777
22940  0.169777
22950  0.169777
22960  0.169777
22970  0.169777
22980  0.169777
22990  0.169777
23000  0.169777
23010  0.169777
23020  0.169777
23030  0.169777
23040  0.169777
23050  0.169856
23060  0.169856
23070  0.169543
23080  0.169363
23090  0.169363
23100  0.169363
23110  0.169363
23120  0.169363
23130  0.169363
23140  0.169363
23150  0.169363
23160  0.169363
23170  0.169363
23180  0.169319
23190  0.169319
23200  0.169005
23210  0.169005
23220  0.169005
23230  0.169005
23240  0.169005
23250  0.169005
23260  0.169005
23270  0.169005
23280  0.169005
23290  0.169005
23300  0.169005
23310  0.169005
23320  0.169005
23330  0.169005
23340  0.169005
23350  0.169005
23360  0.169005
23370  0.169005
23380  0.169005
23390  0.169005
23400  0.169005
23410  0.169005
23420  0.169005
23430  0.169005
23440  0.169005
23450  0.169005
23460  0.169005
23470  0.169005
23480  0.169005
23490  0.169005
23500  0.169005
23510  0.169005
23520  0.169005
23530  0.169005
23540  0.169005
23550  0.169005
23560  0.169005
23570  0.169005
23580  0.169005
23590  0.169005
23600  0.169005
23610  0.169005
23620  0.169005
23630  0.169005
23640  0.169005
23650  0.169005
23660  0.169005
23670  0.169005
23680  0.169005
23690  0.169005
23700  0.169005
23710  0.169005
23720  0.169005
23730  0.169005
23740  0.169005
23750  0.169005
23760  0.169005
23770  0.169005
23780  0.169005
23790  0.169005
23800  0.169005
23810  0.169002
23820  0.169002
23830  0.168777
23840  0.168758
23850  0.168758
23860  0.168758
23870  0.168758
23880  0.168758
23890  0.168758
23900  0.168758
23910  0.168758
23920  0.168758
23930  0.168758
23940  0.168758
23950  0.168758
23960  0.168758
23970  0.168758
23980  0.168758
23990  0.168758
24000  0.168758
24010  0.168758
24020  0.168758
24030  0.168758
24040  0.168758
24050  0.168758
24060  0.168758
24070  0.168758
24080  0.168758
24090  0.168758
24100  0.168758
24110  0.168758
24120  0.168758
24130  0.168758
24140  0.168758
24150  0.168758
24160  0.168758
24170  0.168758
24180  0.168758
24190  0.168758
24200  0.168758
24210  0.168758
24220  0.168758
24230  0.168758
24240  0.168758
24250  0.168758
24260  0.168758
24270  0.168758
24280  0.168758
24290  0.168758
24300  0.168758
24310  0.168758
24320  0.168758
24330  0.168758
24340  0.168758
24350  0.168758
24360  0.168758
24370  0.168758
24380  0.168758
24390  0.168758
24400  0.168758
24410  0.168758
24420  0.168758
24430  0.168758
24440  0.168758
24450  0.168964
24460  0.168964
24470  0.168876
24480  0.168876
24490  0.168876
24500  0.168876
24510  0.168876
24520  0.168876
24530  0.168876
24540  0.168876
24550  0.168876
24560  0.168876
24570  0.168876
24580  0.168876
24590  0.168758
24600  0.168709
24610  0.168709
24620  0.168709
24630  0.168709
24640  0.16872
24650  0.16872
24660  0.168642
24670  0.168642
24680  0.168642
24690  0.168642
24700  0.168642
24710  0.168642
24720  0.168642
24730  0.168642
24740  0.168642
24750  0.168642
24760  0.168642
24770  0.168642
24780  0.168642
24790  0.168642
24800  0.168642
24810  0.168642
24820  0.168642
24830  0.168642
24840  0.168501
24850  0.168501
24860  0.168501
24870  0.168501
24880  0.168501
24890  0.168501
24900  0.168501
24910  0.168501
24920  0.168501
24930  0.168501
24940  0.168501
24950  0.168501
24960  0.168501
24970  0.168501
24980  0.168501
24990  0.168501
25000  0.168501
25010  0.168501
25020  0.168501
25030  0.168501
25040  0.168501
25050  0.168501
25060  0.168501
25070  0.168455
25080  0.168455
25090  0.168455
25100  0.168455
25110  0.168455
25120  0.168455
25130  0.168455
25140  0.168455
25150  0.168455
25160  0.168455
25170  0.168455
25180  0.168455
25190  0.168455
25200  0.168455
25210  0.168455
25220  0.168455
25230  0.168455
25240  0.168455
25250  0.168455
25260  0.168455
25270  0.168455
25280  0.168455
25290  0.168455
25300  0.168455
25310  0.168455
25320  0.168455
25330  0.168372
25340  0.168372
25350  0.168372
25360  0.168372
25370  0.168302
25380  0.168302
25390  0.168302
25400  0.168302
25410  0.168302
25420  0.168302
25430  0.168302
25440  0.168302
25450  0.168302
25460  0.168302
25470  0.168302
25480  0.168302
25490  0.168302
25500  0.168302
25510  0.168302
25520  0.168302
25530  0.168302
25540  0.168302
25550  0.168302
25560  0.168302
25570  0.168302
25580  0.168302
25590  0.168302
25600  0.168302
25610  0.168302
25620  0.168302
25630  0.168302
25640  0.168302
25650  0.168302
25660  0.168302
25670  0.168302
25680  0.168302
25690  0.168302
25700  0.168302
25710  0.168302
25720  0.168302
25730  0.168302
25740  0.168302
25750  0.168302
25760  0.168302
25770  0.168302
25780  0.168302
25790  0.168302
25800  0.168302
25810  0.168302
25820  0.168302
25830  0.168302
25840  0.168302
25850  0.168302
25860  0.168302
25870  0.168302
25880  0.168302
25890  0.168302
25900  0.168302
25910  0.168302
25920  0.168302
25930  0.168302
25940  0.168302
25950  0.168302
25960  0.168302
25970  0.168302
25980  0.168302
25990  0.168302
26000  0.168302
26010  0.168302
26020  0.168302
26030  0.168302
26040  0.168302
26050  0.168302
26060  0.168302
26070  0.168302
26080  0.168302
26090  0.168302
26100  0.168302
26110  0.168302
26120  0.168302
26130  0.168302
26140  0.168302
26150  0.168302
26160  0.168302
26170  0.168302
26180  0.168302
26190  0.168302
26200  0.168302
26210  0.168302
26220  0.168302
26230  0.168302
26240  0.168296
26250  0.168296
26260  0.168132
26270  0.168132
26280  0.168132
26290  0.168132
26300  0.168132
26310  0.168132
26320  0.168132
26330  0.168132
26340  0.168132
26350  0.168132
26360  0.168132
26370  0.168132
26380  0.168132
26390  0.168132
26400  0.168132
26410  0.168132
26420  0.168132
26430  0.168132
26440  0.168132
26450  0.168132
26460  0.168132
26470  0.168132
26480  0.168132
26490  0.168132
26500  0.168132
26510  0.168132
26520  0.168132
26530  0.168132
26540  0.168132
26550  0.168132
26560  0.168132
26570  0.168132
26580  0.168132
26590  0.168132
26600  0.168132
26610  0.168132
26620  0.168132
26630  0.168132
26640  0.168219
26650  0.168219
26660  0.168219
26670  0.168219
26680  0.168219
26690  0.168219
26700  0.168219
26710  0.168219
26720  0.168219
26730  0.168085
26740  0.168085
26750  0.168092
26760  0.168092
26770  0.168092
26780  0.168092
26790  0.168092
26800  0.168092
26810  0.168092
26820  0.168092
26830  0.168092
26840  0.168092
26850  0.16801
26860  0.167983
26870  0.167983
26880  0.167983
26890  0.167983
26900  0.167983
26910  0.167983
26920  0.167983
26930  0.167983
26940  0.167983
26950  0.167983
26960  0.167983
26970  0.167983
26980  0.167983
26990  0.167983
27000  0.167983
27010  0.167983
27020  0.167983
27030  0.167983
27040  0.167983
27050  0.167983
27060  0.167983
27070  0.167983
27080  0.167983
27090  0.167983
27100  0.167983
27110  0.167902
27120  0.167902
27130  0.167902
27140  0.167902
27150  0.167902
27160  0.167902
27170  0.167902
27180  0.167902
27190  0.167902
27200  0.167902
27210  0.167902
27220  0.167902
27230  0.167902
27240  0.167902
27250  0.167902
27260  0.167902
27270  0.167902
27280  0.167902
27290  0.167902
27300  0.167902
27310  0.167902
27320  0.167902
27330  0.167902
27340  0.167902
27350  0.167902
27360  0.167902
27370  0.167902
27380  0.167902
27390  0.167902
27400  0.167902
27410  0.167902
27420  0.167902
27430  0.167902
27440  0.167902
27450  0.167902
27460  0.167902
27470  0.167902
27480  0.167902
27490  0.167902
27500  0.167902
27510  0.167902
27520  0.167902
27530  0.167902
27540  0.167902
27550  0.167902
27560  0.167902
27570  0.167902
27580  0.167902
27590  0.167902
27600  0.167902
27610  0.167902
27620  0.167902
27630  0.167902
27640  0.167902
27650  0.167902
27660  0.167902
27670  0.167902
27680  0.167902
27690  0.167902
27700  0.167902
27710  0.167902
27720  0.167902
27730  0.167902
27740  0.167902
27750  0.167902
27760  0.167902
27770  0.167902
27780  0.167902
27790  0.167902
27800  0.167902
27810  0.167902
27820  0.167902
27830  0.167902
27840  0.167902
27850  0.167902
27860  0.167902
27870  0.167902
27880  0.167902
27890  0.167902
27900  0.167902
27910  0.167902
27920  0.167902
27930  0.167902
27940  0.167902
27950  0.167902
27960  0.167902
27970  0.167902
27980  0.167902
27990  0.167902
28000  0.167902
28010  0.167902
28020  0.167902
28030  0.167644
28040  0.167644
28050  0.167644
28060  0.167644
28070  0.167518
28080  0.167518
28090  0.16736
28100  0.16736
28110  0.16736
28120  0.16736
28130  0.16736
28140  0.16736
28150  0.16736
28160  0.16736
28170  0.167095
28180  0.167095
28190  0.167095
28200  0.167058
28210  0.167058
28220  0.167058
28230  0.167058
28240  0.167058
28250  0.167058
28260  0.167058
28270  0.167058
28280  0.167058
28290  0.167058
28300  0.167058
28310  0.167058
28320  0.167058
28330  0.167058
28340  0.167058
28350  0.167058
28360  0.167058
28370  0.167058
28380  0.167058
28390  0.167058
28400  0.167058
28410  0.167058
28420  0.167058
28430  0.167058
28440  0.167058
28450  0.167058
28460  0.167058
28470  0.167058
28480  0.167058
28490  0.167058
28500  0.167058
28510  0.167058
28520  0.167058
28530  0.167058
28540  0.167058
28550  0.167058
28560  0.167058
28570  0.167058
28580  0.167058
28590  0.167058
28600  0.166654
28610  0.166654
28620  0.166654
28630  0.166654
28640  0.166654
28650  0.166654
28660  0.166654
28670  0.166654
28680  0.166654
28690  0.166654
28700  0.166654
28710  0.166654
28720  0.166654
28730  0.166654
28740  0.166654
28750  0.166654
28760  0.166654
28770  0.166654
28780  0.166654
28790  0.166654
28800  0.166654
28810  0.166654
28820  0.166654
28830  0.166654
28840  0.166654
28850  0.166654
28860  0.166654
28870  0.166654
28880  0.166654
28890  0.166654
28900  0.166654
28910  0.166654
28920  0.166654
28930  0.166654
28940  0.166654
28950  0.166654
28960  0.166654
28970  0.166654
28980  0.166654
28990  0.166654
29000  0.166654
29010  0.166634
29020  0.166634
29030  0.166634
29040  0.166634
29050  0.166411
29060  0.166411
29070  0.166411
29080  0.166411
29090  0.166411
29100  0.166411
29110  0.166411
29120  0.166411
29130  0.166411
29140  0.166411
29150  0.166411
29160  0.166411
29170  0.166411
29180  0.166411
29190  0.166411
29200  0.166411
29210  0.166411
29220  0.166411
29230  0.166411
29240  0.166411
29250  0.166411
29260  0.166411
29270  0.166411
29280  0.166411
29290  0.166411
29300  0.166411
29310  0.166411
29320  0.166411
29330  0.166411
29340  0.166411
29350  0.166411
29360  0.166411
29370  0.166411
29380  0.166411
29390  0.166411
29400  0.166411
29410  0.166411
29420  0.166411
29430  0.166411
29440  0.166411
29450  0.166411
29460  0.166411
29470  0.166411
29480  0.166411
29490  0.166411
29500  0.166411
29510  0.166411
29520  0.166411
29530  0.166411
29540  0.166411
29550  0.166411
29560  0.166411
29570  0.166411
29580  0.166411
29590  0.166411
29600  0.166411
29610  0.166411
29620  0.166411
29630  0.166411
29640  0.166411
29650  0.166411
29660  0.166411
29670  0.166411
29680  0.166411
29690  0.166411
29700  0.166411
29710  0.166272
29720  0.166272
29730  0.166272
29740  0.166272
29750  0.166272
29760  0.166272
29770  0.166272
29780  0.166272
29790  0.166272
29800  0.166272
29810  0.166272
29820  0.166272
29830  0.166272
29840  0.166272
29850  0.166272
29860  0.166272
29870  0.166272
29880  0.166272
29890  0.166272
29900  0.166272
29910  0.166272
29920  0.166272
29930  0.166272
29940  0.166272
29950  0.166272
29960  0.166272
29970  0.166272
29980  0.166272
29990  0.166272
30000  0.166272
30010  0.166272
