Step  Penalty
10  0.482096
20  0.482096
30  0.482096
40  0.482096
50  0.459109
60  0.451286
70  0.418909
80  0.389662
90  0.370835
100  0.350649
110  0.332848
120  0.313084
130  0.292726
140  0.284551
150  0.274244
160  0.269517
170  0.260821
180  0.250629
190  0.245411
200  0.245411
210  0.245411
220  0.245411
230  0.245411
240  0.245411
250  0.243835
260  0.243835
270  0.240648
280  0.240648
290  0.240648
300  0.240648
310  0.240648
320  0.240648
330  0.240648
340  0.239169
350  0.239169
360  0.239169
370  0.239169
380  0.239169
390  0.239169
400  0.239169
410  0.239169
420  0.239169
430  0.239169
440  0.239169
450  0.239169
460  0.239169
470  0.239169
480  0.239169
490  0.239169
500  0.239169
510  0.239169
520  0.239169
530  0.239169
540  0.239169
550  0.239169
560  0.239169
570  0.237965
580  0.237965
590  0.237965
600  0.237965
610  0.237965
620  0.237965
630  0.237965
640  0.237965
650  0.237965
660  0.237965
670  0.237965
680  0.237965
690  0.237965
700  0.237965
710  0.237965
720  0.237965
730  0.237965
740  0.237965
750  0.237965
760  0.237965
770  0.237965
780  0.237965
790  0.237965
800  0.237965
810  0.237965
820  0.237965
830  0.237965
840  0.237965
850  0.237965
860  0.237965
870  0.237965
880  0.237965
890  0.237965
900  0.237965
910  0.237965
920  0.237965
930  0.237965
940  0.237965
950  0.237965
960  0.237965
970  0.237965
980  0.237965
990  0.237965
1000  0.237965
1010  0.237965
1020  0.237965
1030  0.237965
1040  0.237965
1050  0.237965
1060  0.237965
1070  0.236575
1080  0.236575
1090  0.236575
1100  0.236575
1110  0.236575
1120  0.236575
1130  0.236575
1140  0.236575
1150  0.236575
1160  0.236575
1170  0.236117
1180  0.236117
1190  0.236117
1200  0.236117
1210  0.236117
1220  0.236117
1230  0.236117
1240  0.236117
1250  0.236117
1260  0.236117
1270  0.236117
1280  0.236117
1290  0.236117
1300  0.236117
1310  0.236117
1320  0.236117
1330  0.236117
1340  0.236117
1350  0.236117
1360  0.236117
1370  0.236117
1380  0.236117
1390  0.236117
1400  0.236117
1410  0.236117
1420  0.236117
1430  0.236117
1440  0.236117
1450  0.236117
1460  0.236117
1470  0.236117
1480  0.236117
1490  0.236117
1500  0.236117
1510  0.236117
1520  0.236117
1530  0.236117
1540  0.236117
1550  0.236117
1560  0.236117
1570  0.236117
1580  0.236117
1590  0.236117
1600  0.236117
1610  0.236117
1620  0.236117
1630  0.236117
1640  0.236117
1650  0.236117
1660  0.236117
1670  0.236117
1680  0.236117
1690  0.236117
1700  0.236117
1710  0.236117
1720  0.236117
1730  0.236117
1740  0.236117
1750  0.236117
1760  0.236117
1770  0.236117
1780  0.236117
1790  0.236117
1800  0.236117
1810  0.236117
1820  0.236117
1830  0.236117
1840  0.236117
1850  0.236117
1860  0.236117
1870  0.236117
1880  0.236117
1890  0.236117
1900  0.236117
1910  0.236117
1920  0.236117
1930  0.236117
1940  0.236117
1950  0.236117
1960  0.236117
1970  0.236117
1980  0.236117
1990  0.236117
2000  0.236117
2010  0.236117
2020  0.236117
2030  0.236117
2040  0.236117
2050  0.236117
2060  0.236117
2070  0.236117
2080  0.236117
2090  0.236117
2100  0.236117
2110  0.236117
2120  0.236117
2130  0.236117
2140  0.236117
2150  0.236117
2160  0.236117
2170  0.236117
2180  0.236117
2190  0.236117
2200  0.236117
2210  0.236117
2220  0.236117
2230  0.236117
2240  0.236117
2250  0.236117
2260  0.236117
2270  0.236117
2280  0.236117
2290  0.236117
2300  0.236117
2310  0.236117
2320  0.236117
2330  0.236117
2340  0.236117
2350  0.236117
2360  0.236117
2370  0.236117
2380  0.236117
2390  0.236117
2400  0.236117
2410  0.236117
2420  0.236117
2430  0.236117
2440  0.236117
2450  0.236117
2460  0.236117
2470  0.236117
2480  0.236117
2490  0.236117
2500  0.236117
2510  0.236117
2520  0.236117
2530  0.236117
2540  0.236117
2550  0.236117
2560  0.236117
2570  0.236117
2580  0.236117
2590  0.236117
2600  0.236117
2610  0.236117
2620  0.236117
2630  0.236117
2640  0.236117
2650  0.236117
2660  0.236117
2670  0.236117
2680  0.236117
2690  0.236117
2700  0.236117
2710  0.236117
2720  0.236117
2730  0.235679
2740  0.235679
2750  0.235679
2760  0.235679
2770  0.235679
2780  0.235679
2790  0.235679
2800  0.235679
2810  0.235679
2820  0.235679
2830  0.235679
2840  0.235679
2850  0.235679
2860  0.235679
2870  0.235679
2880  0.235679
2890  0.235679
2900  0.235679
2910  0.235679
2920  0.235679
2930  0.235679
2940  0.235679
2950  0.235679
2960  0.235679
2970  0.235679
2980  0.235679
2990  0.235679
3000  0.235679
3010  0.235679
3020  0.235679
3030  0.235679
3040  0.235679
3050  0.235679
3060  0.235679
3070  0.235679
3080  0.235679
3090  0.235679
3100  0.235679
3110  0.235679
3120  0.235679
3130  0.235679
3140  0.235679
3150  0.235679
3160  0.235679
3170  0.235679
3180  0.235679
3190  0.235679
3200  0.235679
3210  0.235679
3220  0.235679
3230  0.235679
3240  0.235679
3250  0.235679
3260  0.235679
3270  0.235679
3280  0.235679
3290  0.235679
3300  0.235679
3310  0.235679
3320  0.235679
3330  0.235679
3340  0.235679
3350  0.235679
3360  0.235679
3370  0.235679
3380  0.235679
3390  0.235679
3400  0.235679
3410  0.235679
3420  0.235679
3430  0.235679
3440  0.235679
3450  0.235679
3460  0.235679
3470  0.235679
3480  0.235679
3490  0.235679
3500  0.235679
3510  0.235679
3520  0.235679
3530  0.235679
3540  0.235679
3550  0.235679
3560  0.235679
3570  0.235679
3580  0.235679
3590  0.235679
3600  0.235679
3610  0.235679
3620  0.235679
3630  0.235679
3640  0.235679
3650  0.235679
3660  0.235679
3670  0.235679
3680  0.235679
3690  0.235679
3700  0.235679
3710  0.235679
3720  0.235679
3730  0.235679
3740  0.235679
3750  0.235679
3760  0.235679
3770  0.235679
3780  0.235679
3790  0.235679
3800  0.235679
3810  0.235679
3820  0.235679
3830  0.235679
3840  0.235679
3850  0.235679
3860  0.235679
3870  0.235679
3880  0.235679
3890  0.235679
3900  0.235679
3910  0.235679
3920  0.235679
3930  0.235679
3940  0.235679
3950  0.235679
3960  0.235679
3970  0.235679
3980  0.235679
3990  0.235679
4000  0.235679
4010  0.235679
4020  0.235679
4030  0.235679
4040  0.235679
4050  0.232232
4060  0.232232
4070  0.232232
4080  0.232232
4090  0.232232
4100  0.232232
4110  0.232232
4120  0.232232
4130  0.232232
4140  0.232232
4150  0.232232
4160  0.232232
4170  0.232232
4180  0.232232
4190  0.232232
4200  0.232232
4210  0.232232
4220  0.232232
4230  0.232232
4240  0.232232
4250  0.232232
4260  0.232232
4270  0.232232
4280  0.232232
4290  0.232232
4300  0.232232
4310  0.232232
4320  0.232232
4330  0.232232
4340  0.232232
4350  0.232232
4360  0.232232
4370  0.232232
4380  0.232232
4390  0.232232
4400  0.232232
4410  0.232232
4420  0.232232
4430  0.232232
4440  0.232232
4450  0.232232
4460  0.232232
4470  0.232232
4480  0.232232
4490  0.232232
4500  0.232232
4510  0.232232
4520  0.232232
4530  0.232232
4540  0.232232
4550  0.232232
4560  0.232232
4570  0.232232
4580  0.232232
4590  0.232232
4600  0.232232
4610  0.232232
4620  0.232232
4630  0.232232
4640  0.232232
4650  0.232232
4660  0.232232
4670  0.232232
4680  0.232232
4690  0.232232
4700  0.232232
4710  0.232232
4720  0.232232
4730  0.232232
4740  0.232232
4750  0.232232
4760  0.232232
4770  0.232232
4780  0.232232
4790  0.232232
4800  0.232232
4810  0.232232
4820  0.232232
4830  0.232232
4840  0.232232
4850  0.232232
4860  0.232232
4870  0.232232
4880  0.232232
4890  0.232232
4900  0.232232
4910  0.232232
4920  0.232232
4930  0.232232
4940  0.232232
4950  0.232232
4960  0.232232
4970  0.232232
4980  0.232232
4990  0.232232
5000  0.232232
5010  0.232232
5020  0.232232
5030  0.232232
5040  0.232232
5050  0.232232
5060  0.232232
5070  0.232232
5080  0.232232
5090  0.232232
5100  0.232232
5110  0.232232
5120  0.232232
5130  0.232232
5140  0.232232
5150  0.232232
5160  0.232232
5170  0.232232
5180  0.232232
5190  0.232232
5200  0.232232
5210  0.232232
5220  0.232232
5230  0.232232
5240  0.232232
5250  0.232232
5260  0.232232
5270  0.232232
5280  0.232232
5290  0.232232
5300  0.232232
5310  0.232232
5320  0.232232
5330  0.232232
5340  0.232232
5350  0.232232
5360  0.232232
5370  0.232232
5380  0.232232
5390  0.232232
5400  0.232232
5410  0.232232
5420  0.232232
5430  0.232232
5440  0.232232
5450  0.232232
5460  0.232232
5470  0.232232
5480  0.232232
5490  0.232232
5500  0.232232
5510  0.232232
5520  0.232232
5530  0.232232
5540  0.232232
5550  0.232232
5560  0.232232
5570  0.232232
5580  0.232232
5590  0.232232
5600  0.232232
5610  0.232232
5620  0.232232
5630  0.232232
5640  0.232232
5650  0.232232
5660  0.232232
5670  0.232232
5680  0.232232
5690  0.232232
5700  0.232232
5710  0.232232
5720  0.232232
5730  0.232232
5740  0.232232
5750  0.232232
5760  0.232232
5770  0.232232
5780  0.232232
5790  0.232232
5800  0.232232
5810  0.232232
5820  0.232232
5830  0.232232
5840  0.232232
5850  0.232232
5860  0.232232
5870  0.232232
5880  0.232232
5890  0.232232
5900  0.232232
5910  0.232232
5920  0.232232
5930  0.232232
5940  0.232232
5950  0.232232
5960  0.232232
5970  0.232232
5980  0.232232
5990  0.232232
6000  0.232232
6010  0.232232
6020  0.232232
6030  0.232232
6040  0.232232
6050  0.232232
6060  0.232232
6070  0.232232
6080  0.232232
6090  0.232232
6100  0.232232
6110  0.232232
6120  0.232232
6130  0.232232
6140  0.232232
6150  0.232232
6160  0.232232
6170  0.232232
6180  0.232232
6190  0.232232
6200  0.232232
6210  0.232232
6220  0.232232
6230  0.232232
6240  0.232232
6250  0.232232
6260  0.232232
6270  0.232232
6280  0.232232
6290  0.232232
6300  0.232232
6310  0.232232
6320  0.232232
6330  0.232232
6340  0.232232
6350  0.232232
6360  0.232232
6370  0.232232
6380  0.232232
6390  0.232232
6400  0.232232
6410  0.232232
6420  0.232232
6430  0.232232
6440  0.232232
6450  0.232232
6460  0.232232
6470  0.232232
6480  0.232232
6490  0.232232
6500  0.232232
6510  0.232232
6520  0.232232
6530  0.232232
6540  0.232232
6550  0.232232
6560  0.232232
6570  0.232232
6580  0.232232
6590  0.232232
6600  0.232232
6610  0.232232
6620  0.232232
6630  0.232232
6640  0.232232
6650  0.232232
6660  0.232232
6670  0.232232
6680  0.232232
6690  0.232232
6700  0.232232
6710  0.232232
6720  0.232232
6730  0.232232
6740  0.232232
6750  0.232232
6760  0.232232
6770  0.232232
6780  0.232232
6790  0.232232
6800  0.232232
6810  0.232232
6820  0.232232
6830  0.232232
6840  0.232232
6850  0.232232
6860  0.232232
6870  0.232232
6880  0.232232
6890  0.232232
6900  0.232232
6910  0.232232
6920  0.232232
6930  0.232232
6940  0.232232
6950  0.232232
6960  0.232232
6970  0.232232
6980  0.232232
6990  0.232232
7000  0.232232
7010  0.232232
7020  0.232232
7030  0.232232
7040  0.232232
7050  0.232232
7060  0.232232
7070  0.232232
7080  0.232232
7090  0.232232
7100  0.232232
7110  0.232232
7120  0.232232
7130  0.232232
7140  0.232232
7150  0.232232
7160  0.232232
7170  0.232232
7180  0.232232
7190  0.232232
7200  0.232232
7210  0.232232
7220  0.232232
7230  0.232232
7240  0.232232
7250  0.232232
7260  0.232232
7270  0.232232
7280  0.232232
7290  0.232232
7300  0.232232
7310  0.232232
7320  0.232232
7330  0.232232
7340  0.232232
7350  0.232232
7360  0.232232
7370  0.232232
7380  0.232232
7390  0.232232
7400  0.232232
7410  0.232232
7420  0.232232
7430  0.232232
7440  0.232232
7450  0.232232
7460  0.232232
7470  0.232232
7480  0.232232
7490  0.232232
7500  0.232232
7510  0.232232
7520  0.232232
7530  0.232232
7540  0.232232
7550  0.232232
7560  0.232232
7570  0.232232
7580  0.232232
7590  0.232232
7600  0.232232
7610  0.232232
7620  0.232232
7630  0.232232
7640  0.232232
7650  0.232232
7660  0.232232
7670  0.232232
7680  0.232232
7690  0.232232
7700  0.232232
7710  0.232232
7720  0.232232
7730  0.232232
7740  0.232232
7750  0.232232
7760  0.232232
7770  0.232232
7780  0.232232
7790  0.232232
7800  0.232232
7810  0.232232
7820  0.232232
7830  0.232232
7840  0.232232
7850  0.232232
7860  0.232232
7870  0.232232
7880  0.232232
7890  0.232232
7900  0.232232
7910  0.232232
7920  0.232232
7930  0.232232
7940  0.232232
7950  0.232232
7960  0.232232
7970  0.232232
7980  0.232232
7990  0.232232
8000  0.232232
8010  0.232232
8020  0.232232
8030  0.232232
8040  0.232232
8050  0.232232
8060  0.232232
8070  0.232232
8080  0.232232
8090  0.232232
8100  0.232232
8110  0.232232
8120  0.232232
8130  0.232232
8140  0.232232
8150  0.232232
8160  0.232232
8170  0.232232
8180  0.232232
8190  0.232232
8200  0.232232
8210  0.232232
8220  0.232232
8230  0.232232
8240  0.232232
8250  0.232232
8260  0.232232
8270  0.232232
8280  0.232232
8290  0.232232
8300  0.232232
8310  0.232232
8320  0.232232
8330  0.232232
8340  0.232232
8350  0.232232
8360  0.232232
8370  0.232232
8380  0.232232
8390  0.232232
8400  0.232232
8410  0.232232
8420  0.232232
8430  0.232232
8440  0.232232
8450  0.232232
8460  0.232232
8470  0.232232
8480  0.232232
8490  0.232232
8500  0.232232
8510  0.232232
8520  0.232232
8530  0.232232
8540  0.232232
8550  0.232232
8560  0.232232
8570  0.232232
8580  0.232232
8590  0.232232
8600  0.232232
8610  0.232232
8620  0.232232
8630  0.232232
8640  0.232232
8650  0.232232
8660  0.232232
8670  0.232232
8680  0.232232
8690  0.232232
8700  0.232232
8710  0.232232
8720  0.232232
8730  0.232232
8740  0.232232
8750  0.232232
8760  0.232232
8770  0.232232
8780  0.232232
8790  0.232232
8800  0.232232
8810  0.232232
8820  0.232232
8830  0.232232
8840  0.232232
8850  0.232232
8860  0.232232
8870  0.232232
8880  0.232232
8890  0.232232
8900  0.232232
8910  0.232232
8920  0.232232
8930  0.232232
8940  0.232232
8950  0.232232
8960  0.232232
8970  0.232232
8980  0.232232
8990  0.232232
9000  0.232232
9010  0.232232
9020  0.232232
9030  0.232232
9040  0.232232
9050  0.232232
9060  0.232232
9070  0.232232
9080  0.232232
9090  0.232232
9100  0.232232
9110  0.232232
9120  0.232232
9130  0.232232
9140  0.232232
9150  0.232232
9160  0.232232
9170  0.232232
9180  0.232232
9190  0.232232
9200  0.232232
9210  0.232232
9220  0.232232
9230  0.232232
9240  0.232232
9250  0.232232
9260  0.232232
9270  0.232232
9280  0.232232
9290  0.232232
9300  0.232232
9310  0.232232
9320  0.232232
9330  0.232232
9340  0.232232
9350  0.232232
9360  0.232232
9370  0.232232
9380  0.232232
9390  0.232232
9400  0.232232
9410  0.232232
9420  0.232232
9430  0.232232
9440  0.232232
9450  0.232232
9460  0.232232
9470  0.232232
9480  0.232232
9490  0.232232
9500  0.232232
9510  0.232232
9520  0.232232
9530  0.232232
9540  0.232232
9550  0.232232
9560  0.232232
9570  0.232232
9580  0.232232
9590  0.232232
9600  0.232232
9610  0.232232
9620  0.232232
9630  0.232232
9640  0.232232
9650  0.232232
9660  0.232232
9670  0.232232
9680  0.232232
9690  0.232232
9700  0.232232
9710  0.232232
9720  0.232232
9730  0.232232
9740  0.232232
9750  0.232232
9760  0.232232
9770  0.232232
9780  0.232232
9790  0.232232
9800  0.232232
9810  0.232232
9820  0.232232
9830  0.232232
9840  0.232232
9850  0.232232
9860  0.232232
9870  0.232232
9880  0.232232
9890  0.232232
9900  0.232232
9910  0.232232
9920  0.232232
9930  0.232232
9940  0.232232
9950  0.232232
9960  0.232232
9970  0.232232
9980  0.232232
9990  0.232232
10000  0.232232
10010  0.232232
10020  0.232232
10030  0.232232
10040  0.232232
10050  0.232232
10060  0.232232
10070  0.232232
10080  0.232232
10090  0.232232
10100  0.232232
10110  0.232232
10120  0.232232
10130  0.232232
10140  0.232232
10150  0.232232
10160  0.232232
10170  0.232232
10180  0.232232
10190  0.232232
10200  0.232232
10210  0.232232
10220  0.232232
10230  0.232232
10240  0.232232
10250  0.232232
10260  0.232232
10270  0.232232
10280  0.232232
10290  0.232232
10300  0.232232
10310  0.232232
10320  0.232232
10330  0.232232
10340  0.232232
10350  0.232232
10360  0.232232
10370  0.232232
10380  0.232232
10390  0.232232
10400  0.232232
10410  0.232232
10420  0.232232
10430  0.232232
10440  0.232232
10450  0.232232
10460  0.232232
10470  0.232232
10480  0.232232
10490  0.232232
10500  0.232232
10510  0.232232
10520  0.232232
10530  0.232232
10540  0.232232
10550  0.232232
10560  0.232232
10570  0.232232
10580  0.232232
10590  0.232232
10600  0.232232
10610  0.232232
10620  0.232232
10630  0.232232
10640  0.232232
10650  0.232232
10660  0.232232
10670  0.232232
10680  0.232232
10690  0.232232
10700  0.232232
10710  0.232232
10720  0.232232
10730  0.232232
10740  0.232232
10750  0.232232
10760  0.232232
10770  0.232232
10780  0.232232
10790  0.232232
10800  0.232232
10810  0.232232
10820  0.232232
10830  0.232232
10840  0.232232
10850  0.232232
10860  0.232232
10870  0.232232
10880  0.232232
10890  0.232232
10900  0.232232
10910  0.232232
10920  0.232232
10930  0.232232
10940  0.232232
10950  0.232232
10960  0.232232
10970  0.232232
10980  0.232232
10990  0.232232
11000  0.232232
11010  0.232232
11020  0.232232
11030  0.232232
11040  0.232232
11050  0.232232
11060  0.232232
11070  0.232232
11080  0.232232
11090  0.232232
11100  0.232232
11110  0.232232
11120  0.232232
11130  0.232232
11140  0.232232
11150  0.232232
11160  0.232232
11170  0.232232
11180  0.232232
11190  0.232232
11200  0.232232
11210  0.232232
11220  0.232232
11230  0.232232
11240  0.232232
11250  0.232232
11260  0.232232
11270  0.232232
11280  0.232232
11290  0.232232
11300  0.232232
11310  0.232232
11320  0.232232
11330  0.232232
11340  0.232232
11350  0.232232
11360  0.232232
11370  0.232232
11380  0.232232
11390  0.232232
11400  0.232232
11410  0.232232
11420  0.232232
11430  0.232232
11440  0.232232
11450  0.232232
11460  0.232232
11470  0.232232
11480  0.232232
11490  0.232232
11500  0.232232
11510  0.232232
11520  0.232232
11530  0.232232
11540  0.232232
11550  0.232232
11560  0.232232
11570  0.232232
11580  0.232232
11590  0.232232
11600  0.232232
11610  0.232232
11620  0.232232
11630  0.232232
11640  0.232232
11650  0.232232
11660  0.232232
11670  0.232232
11680  0.232232
11690  0.232232
11700  0.232232
11710  0.232232
11720  0.232232
11730  0.232232
11740  0.232232
11750  0.232232
11760  0.232232
11770  0.232232
11780  0.232232
11790  0.232232
11800  0.232232
11810  0.232232
11820  0.232232
11830  0.232232
11840  0.232232
11850  0.232232
11860  0.232232
11870  0.232232
11880  0.232232
11890  0.232232
11900  0.232232
11910  0.232232
11920  0.232232
11930  0.232232
11940  0.232232
11950  0.232232
11960  0.232232
11970  0.232232
11980  0.232232
11990  0.232232
12000  0.232232
12010  0.232232
12020  0.232232
12030  0.232232
12040  0.232232
12050  0.232232
12060  0.232232
12070  0.232232
12080  0.232232
12090  0.232232
12100  0.232232
12110  0.232232
12120  0.232232
12130  0.232232
12140  0.232232
12150  0.232232
12160  0.232232
12170  0.232232
12180  0.232232
12190  0.232232
12200  0.232232
12210  0.232232
12220  0.232232
12230  0.232232
12240  0.232232
12250  0.232232
12260  0.232232
12270  0.232232
12280  0.232232
12290  0.232232
12300  0.232232
12310  0.232232
12320  0.232232
12330  0.232232
12340  0.232232
12350  0.232232
12360  0.232232
12370  0.232232
12380  0.232232
12390  0.232232
12400  0.232232
12410  0.232232
12420  0.232232
12430  0.232232
12440  0.232232
12450  0.232232
12460  0.232232
12470  0.232232
12480  0.232232
12490  0.232232
12500  0.232232
12510  0.232232
12520  0.232232
12530  0.232232
12540  0.232232
12550  0.232232
12560  0.232232
12570  0.232232
12580  0.232232
12590  0.232232
12600  0.232232
12610  0.232232
12620  0.232232
12630  0.232232
12640  0.232232
12650  0.232232
12660  0.232232
12670  0.232232
12680  0.232232
12690  0.232232
12700  0.232232
12710  0.232232
12720  0.232232
12730  0.232232
12740  0.232232
12750  0.232232
12760  0.232232
12770  0.232232
12780  0.232232
12790  0.232232
12800  0.232232
12810  0.232232
12820  0.232232
12830  0.232232
12840  0.232232
12850  0.232232
12860  0.232232
12870  0.232232
12880  0.232232
12890  0.232232
12900  0.232232
12910  0.232232
12920  0.232232
12930  0.232232
12940  0.232232
12950  0.232232
12960  0.232232
12970  0.232232
12980  0.232232
12990  0.232232
13000  0.232232
13010  0.232232
13020  0.232232
13030  0.232232
13040  0.232232
13050  0.232232
13060  0.232232
13070  0.232232
13080  0.232232
13090  0.232232
13100  0.232232
13110  0.232232
13120  0.232232
13130  0.232232
13140  0.232232
13150  0.232232
13160  0.232232
13170  0.232232
13180  0.232232
13190  0.232232
13200  0.232232
13210  0.232232
13220  0.232232
13230  0.232232
13240  0.232232
13250  0.232232
13260  0.232232
13270  0.232232
13280  0.232232
13290  0.232232
13300  0.232232
13310  0.232232
13320  0.232232
13330  0.232232
13340  0.232232
13350  0.232232
13360  0.232232
13370  0.232232
13380  0.232232
13390  0.232232
13400  0.232232
13410  0.232232
13420  0.232232
13430  0.232232
13440  0.232232
13450  0.232232
13460  0.232232
13470  0.232232
13480  0.232232
13490  0.232232
13500  0.232232
13510  0.232232
13520  0.232232
13530  0.232232
13540  0.232232
13550  0.232232
13560  0.232232
13570  0.232232
13580  0.232232
13590  0.232232
13600  0.232232
13610  0.232232
13620  0.232232
13630  0.232232
13640  0.232232
13650  0.232232
13660  0.232232
13670  0.232232
13680  0.232232
13690  0.232232
13700  0.232232
13710  0.232232
13720  0.232232
13730  0.232232
13740  0.232232
13750  0.232232
13760  0.232232
13770  0.232232
13780  0.232232
13790  0.232232
13800  0.232232
13810  0.232232
13820  0.232232
13830  0.232232
13840  0.232232
13850  0.232232
13860  0.232232
13870  0.232232
13880  0.232232
13890  0.232232
13900  0.232232
13910  0.232232
13920  0.232232
13930  0.232232
13940  0.232232
13950  0.232232
13960  0.232232
13970  0.232232
13980  0.232232
13990  0.232232
14000  0.232232
14010  0.232232
14020  0.232232
14030  0.232232
14040  0.232232
14050  0.232232
14060  0.232232
14070  0.232232
14080  0.232232
14090  0.232232
14100  0.232232
14110  0.232232
14120  0.232232
14130  0.232232
14140  0.232232
14150  0.232232
14160  0.232232
14170  0.232232
14180  0.232232
14190  0.232232
14200  0.232232
14210  0.232232
14220  0.232232
14230  0.232232
14240  0.232232
14250  0.232232
14260  0.232232
14270  0.232232
14280  0.232232
14290  0.232232
14300  0.232232
14310  0.232232
14320  0.232232
14330  0.232232
14340  0.232232
14350  0.232232
14360  0.232232
14370  0.232232
14380  0.232232
14390  0.232232
14400  0.232232
14410  0.232232
14420  0.232232
14430  0.232232
14440  0.232232
14450  0.232232
14460  0.232232
14470  0.232232
14480  0.232232
14490  0.232232
14500  0.232232
14510  0.232232
14520  0.232232
14530  0.232232
14540  0.232232
14550  0.232232
14560  0.232232
14570  0.232232
14580  0.232232
14590  0.232232
14600  0.232232
14610  0.232232
14620  0.232232
14630  0.232232
14640  0.232232
14650  0.232232
14660  0.232232
14670  0.232232
14680  0.232232
14690  0.232232
14700  0.232232
14710  0.232232
14720  0.232232
14730  0.232232
14740  0.232232
14750  0.232232
14760  0.232232
14770  0.232232
14780  0.232232
14790  0.232232
14800  0.232232
14810  0.232232
14820  0.232232
14830  0.232232
14840  0.232232
14850  0.232232
14860  0.232232
14870  0.232232
14880  0.232232
14890  0.232232
14900  0.232232
14910  0.232232
14920  0.232232
14930  0.232232
14940  0.232232
14950  0.232232
14960  0.232232
14970  0.232232
14980  0.232232
14990  0.232232
15000  0.232232
15010  0.232232
15020  0.232232
15030  0.232232
15040  0.232232
15050  0.232232
15060  0.232232
15070  0.232232
15080  0.232232
15090  0.232232
15100  0.232232
15110  0.232232
15120  0.232232
15130  0.232232
15140  0.232232
15150  0.232232
15160  0.232232
15170  0.232232
15180  0.232232
15190  0.232232
15200  0.232232
15210  0.232232
15220  0.232232
15230  0.232232
15240  0.232232
15250  0.232232
15260  0.232232
15270  0.232232
15280  0.232232
15290  0.232232
15300  0.232232
15310  0.232232
15320  0.232232
15330  0.232232
15340  0.232232
15350  0.232232
15360  0.232232
15370  0.232232
15380  0.232232
15390  0.232232
15400  0.232232
15410  0.232232
15420  0.232232
15430  0.232232
15440  0.232232
15450  0.232232
15460  0.232232
15470  0.232232
15480  0.232232
15490  0.232232
15500  0.232232
15510  0.232232
15520  0.232232
15530  0.232232
15540  0.232232
15550  0.232232
15560  0.232232
15570  0.232232
15580  0.232232
15590  0.232232
15600  0.232232
15610  0.232232
15620  0.232232
15630  0.232232
15640  0.232232
15650  0.232232
15660  0.232232
15670  0.232232
15680  0.232232
15690  0.232232
15700  0.232232
15710  0.232232
15720  0.232232
15730  0.232232
15740  0.232232
15750  0.232232
15760  0.232232
15770  0.232232
15780  0.232232
15790  0.232232
15800  0.232232
15810  0.232232
15820  0.232232
15830  0.232232
15840  0.232232
15850  0.232232
15860  0.232232
15870  0.232232
15880  0.232232
15890  0.232232
15900  0.232232
15910  0.232232
15920  0.232232
15930  0.232232
15940  0.232232
15950  0.232232
15960  0.232232
15970  0.232232
15980  0.232232
15990  0.232232
16000  0.232232
16010  0.232232
16020  0.232232
16030  0.232232
16040  0.232232
16050  0.232232
16060  0.232232
16070  0.232232
16080  0.232232
16090  0.232232
16100  0.232232
16110  0.232232
16120  0.232232
16130  0.232232
16140  0.232232
16150  0.232232
16160  0.232232
16170  0.232232
16180  0.232232
16190  0.232232
16200  0.232232
16210  0.232232
16220  0.232232
16230  0.232232
16240  0.232232
16250  0.232232
16260  0.232232
16270  0.232232
16280  0.232232
16290  0.232232
16300  0.232232
16310  0.232232
16320  0.232232
16330  0.232232
16340  0.232232
16350  0.232232
16360  0.232232
16370  0.232232
16380  0.232232
16390  0.232232
16400  0.232232
16410  0.232232
16420  0.232232
16430  0.232232
16440  0.232232
16450  0.232232
16460  0.232232
16470  0.232232
16480  0.232232
16490  0.232232
16500  0.232232
16510  0.232232
16520  0.232232
16530  0.232232
16540  0.232232
16550  0.232232
16560  0.232232
16570  0.232232
16580  0.232232
16590  0.232232
16600  0.232232
16610  0.232232
16620  0.232232
16630  0.232232
16640  0.232232
16650  0.232232
16660  0.232232
16670  0.232232
16680  0.232232
16690  0.232232
16700  0.232232
16710  0.232232
16720  0.232232
16730  0.232232
16740  0.232232
16750  0.232232
16760  0.232232
16770  0.232232
16780  0.232232
16790  0.232232
16800  0.232232
16810  0.232232
16820  0.232232
16830  0.232232
16840  0.232232
16850  0.232232
16860  0.232232
16870  0.232232
16880  0.232232
16890  0.232232
16900  0.232232
16910  0.232232
16920  0.232232
16930  0.232232
16940  0.232232
16950  0.232232
16960  0.232232
16970  0.232232
16980  0.232232
16990  0.232232
17000  0.232232
17010  0.232232
17020  0.232232
17030  0.232232
17040  0.232232
17050  0.232232
17060  0.232232
17070  0.232232
17080  0.232232
17090  0.232232
17100  0.232232
17110  0.232232
17120  0.232232
17130  0.232232
17140  0.232232
17150  0.232232
17160  0.232232
17170  0.232232
17180  0.232232
17190  0.232232
17200  0.232232
17210  0.232232
17220  0.232232
17230  0.232232
17240  0.232232
17250  0.232232
17260  0.232232
17270  0.232232
17280  0.232232
17290  0.232232
17300  0.232232
17310  0.232232
17320  0.232232
17330  0.232232
17340  0.232232
17350  0.232232
17360  0.232232
17370  0.232232
17380  0.232232
17390  0.232232
17400  0.232232
17410  0.232232
17420  0.232232
17430  0.232232
17440  0.232232
17450  0.232232
17460  0.232232
17470  0.232232
17480  0.232232
17490  0.232232
17500  0.232232
17510  0.232232
17520  0.232232
17530  0.232232
17540  0.232232
17550  0.232232
17560  0.232232
17570  0.232232
17580  0.232232
17590  0.232232
17600  0.232232
17610  0.232232
17620  0.232232
17630  0.232232
17640  0.232232
17650  0.232232
17660  0.232232
17670  0.232232
17680  0.232232
17690  0.232232
17700  0.232232
17710  0.232232
17720  0.232232
17730  0.232232
17740  0.232232
17750  0.232232
17760  0.232232
17770  0.232232
17780  0.232232
17790  0.232232
17800  0.232232
17810  0.232232
17820  0.232232
17830  0.232232
17840  0.232232
17850  0.232232
17860  0.232232
17870  0.232232
17880  0.232232
17890  0.232232
17900  0.232232
17910  0.232232
17920  0.232232
17930  0.232232
17940  0.232232
17950  0.232232
17960  0.232232
17970  0.232232
17980  0.232232
17990  0.232232
18000  0.232232
18010  0.232232
18020  0.232232
18030  0.232232
18040  0.232232
18050  0.232232
18060  0.232232
18070  0.232232
18080  0.232232
18090  0.232232
18100  0.232232
18110  0.232232
18120  0.232232
18130  0.232232
18140  0.232232
18150  0.232232
18160  0.232232
18170  0.232232
18180  0.232232
18190  0.232232
18200  0.232232
18210  0.232232
18220  0.232232
18230  0.232232
18240  0.232232
18250  0.232232
18260  0.232232
18270  0.232232
18280  0.232232
18290  0.232232
18300  0.232232
18310  0.232232
18320  0.232232
18330  0.232232
18340  0.232232
18350  0.232232
18360  0.232232
18370  0.232232
18380  0.232232
18390  0.232232
18400  0.232232
18410  0.232232
18420  0.232232
18430  0.232232
18440  0.232232
18450  0.232232
18460  0.232232
18470  0.232232
18480  0.232232
18490  0.232232
18500  0.232232
18510  0.232232
18520  0.232232
18530  0.232232
18540  0.232232
18550  0.232232
18560  0.232232
18570  0.232232
18580  0.232232
18590  0.232232
18600  0.232232
18610  0.232232
18620  0.232232
18630  0.232232
18640  0.232232
18650  0.232232
18660  0.232232
18670  0.232232
18680  0.232232
18690  0.232232
18700  0.232232
18710  0.232232
18720  0.232232
18730  0.232232
18740  0.232232
18750  0.232232
18760  0.232232
18770  0.232232
18780  0.232232
18790  0.232232
18800  0.232232
18810  0.232232
18820  0.232232
18830  0.232232
18840  0.232232
18850  0.232232
18860  0.232232
18870  0.232232
18880  0.232232
18890  0.232232
18900  0.232232
18910  0.232232
18920  0.232232
18930  0.232232
18940  0.232232
18950  0.232232
18960  0.232232
18970  0.232232
18980  0.232232
18990  0.232232
19000  0.232232
19010  0.232232
19020  0.232232
19030  0.232232
19040  0.232232
19050  0.232232
19060  0.232232
19070  0.232232
19080  0.232232
19090  0.232232
19100  0.232232
19110  0.232232
19120  0.232232
19130  0.232232
19140  0.232232
19150  0.232232
19160  0.232232
19170  0.232232
19180  0.232232
19190  0.232232
19200  0.232232
19210  0.232232
19220  0.232232
19230  0.232232
19240  0.232232
19250  0.232232
19260  0.232232
19270  0.232232
19280  0.232232
19290  0.232232
19300  0.232232
19310  0.232232
19320  0.232232
19330  0.232232
19340  0.232232
19350  0.232232
19360  0.232232
19370  0.232232
19380  0.232232
19390  0.232232
19400  0.232232
19410  0.232232
19420  0.232232
19430  0.232232
19440  0.232232
19450  0.232232
19460  0.232232
19470  0.232232
19480  0.232232
19490  0.232232
19500  0.232232
19510  0.232232
19520  0.232232
19530  0.232232
19540  0.232232
19550  0.232232
19560  0.232232
19570  0.232232
19580  0.232232
19590  0.232232
19600  0.232232
19610  0.232232
19620  0.232232
19630  0.232232
19640  0.232232
19650  0.232232
19660  0.232232
19670  0.232232
19680  0.232232
19690  0.232232
19700  0.232232
19710  0.232232
19720  0.232232
19730  0.232232
19740  0.232232
19750  0.232232
19760  0.232232
19770  0.232232
19780  0.232232
19790  0.232232
19800  0.232232
19810  0.232232
19820  0.232232
19830  0.232232
19840  0.232232
19850  0.232232
19860  0.232232
19870  0.232232
19880  0.232232
19890  0.232232
19900  0.232232
19910  0.232232
19920  0.232232
19930  0.232232
19940  0.232232
19950  0.232232
19960  0.232232
19970  0.232232
19980  0.232232
19990  0.232232
20000  0.232232
20010  0.232232
20020  0.232232
20030  0.232232
20040  0.232232
20050  0.232232
20060  0.232232
20070  0.232232
20080  0.232232
20090  0.232232
20100  0.232232
20110  0.232232
20120  0.232232
20130  0.232232
20140  0.232232
20150  0.232232
20160  0.232232
20170  0.232232
20180  0.232232
20190  0.232232
20200  0.232232
20210  0.232232
20220  0.232232
20230  0.232232
20240  0.232232
20250  0.232232
20260  0.232232
20270  0.232232
20280  0.232232
20290  0.232232
20300  0.232232
20310  0.232232
20320  0.232232
20330  0.232232
20340  0.232232
20350  0.232232
20360  0.232232
20370  0.232232
20380  0.232232
20390  0.232232
20400  0.232232
20410  0.232232
20420  0.232232
20430  0.232232
20440  0.232232
20450  0.232232
20460  0.232232
20470  0.232232
20480  0.232232
20490  0.232232
20500  0.232232
20510  0.232232
20520  0.232232
20530  0.232232
20540  0.232232
20550  0.232232
20560  0.232232
20570  0.232232
20580  0.232232
20590  0.232232
20600  0.232232
20610  0.232232
20620  0.232232
20630  0.232232
20640  0.232232
20650  0.232232
20660  0.232232
20670  0.232232
20680  0.232232
20690  0.232232
20700  0.232232
20710  0.232232
20720  0.232232
20730  0.232232
20740  0.232232
20750  0.232232
20760  0.232232
20770  0.232232
20780  0.232232
20790  0.232232
20800  0.232232
20810  0.232232
20820  0.232232
20830  0.232232
20840  0.232232
20850  0.232232
20860  0.232232
20870  0.232232
20880  0.232232
20890  0.232232
20900  0.232232
20910  0.232232
20920  0.232232
20930  0.232232
20940  0.232232
20950  0.232232
20960  0.232232
20970  0.232232
20980  0.232232
20990  0.232232
21000  0.232232
21010  0.232232
21020  0.232232
21030  0.232232
21040  0.232232
21050  0.232232
21060  0.232232
21070  0.232232
21080  0.232232
21090  0.232232
21100  0.232232
21110  0.232232
21120  0.232232
21130  0.232232
21140  0.232232
21150  0.232232
21160  0.232232
21170  0.232232
21180  0.232232
21190  0.232232
21200  0.232232
21210  0.232232
21220  0.232232
21230  0.232232
21240  0.232232
21250  0.232232
21260  0.232232
21270  0.232232
21280  0.232232
21290  0.232232
21300  0.232232
21310  0.232232
21320  0.232232
21330  0.232232
21340  0.232232
21350  0.232232
21360  0.232232
21370  0.232232
21380  0.232232
21390  0.232232
21400  0.232232
21410  0.232232
21420  0.232232
21430  0.232232
21440  0.232232
21450  0.232232
21460  0.232232
21470  0.232232
21480  0.232232
21490  0.232232
21500  0.232232
21510  0.232232
21520  0.232232
21530  0.232232
21540  0.232232
21550  0.232232
21560  0.232232
21570  0.232232
21580  0.232232
21590  0.232232
21600  0.232232
21610  0.232232
21620  0.232232
21630  0.232232
21640  0.232232
21650  0.232232
21660  0.232232
21670  0.232232
21680  0.232232
21690  0.232232
21700  0.232232
21710  0.232232
21720  0.232232
21730  0.232232
21740  0.232232
21750  0.232232
21760  0.232232
21770  0.232232
21780  0.232232
21790  0.232232
21800  0.232232
21810  0.232232
21820  0.232232
21830  0.232232
21840  0.232232
21850  0.232232
21860  0.232232
21870  0.232232
21880  0.232232
21890  0.232232
21900  0.232232
21910  0.232232
21920  0.232232
21930  0.232232
21940  0.232232
21950  0.232232
21960  0.232232
21970  0.232232
21980  0.232232
21990  0.232232
22000  0.232232
22010  0.232232
22020  0.232232
22030  0.232232
22040  0.232232
22050  0.232232
22060  0.232232
22070  0.232232
22080  0.232232
22090  0.232232
22100  0.232232
22110  0.232232
22120  0.232232
22130  0.232232
22140  0.232232
22150  0.232232
22160  0.232232
22170  0.232232
22180  0.232232
22190  0.232232
22200  0.232232
22210  0.232232
22220  0.232232
22230  0.232232
22240  0.232232
22250  0.232232
22260  0.232232
22270  0.232232
22280  0.232232
22290  0.232232
22300  0.232232
22310  0.232232
22320  0.232232
22330  0.232232
22340  0.232232
22350  0.232232
22360  0.232232
22370  0.232232
22380  0.232232
22390  0.232232
22400  0.232232
22410  0.232232
22420  0.232232
22430  0.232232
22440  0.232232
22450  0.232232
22460  0.232232
22470  0.232232
22480  0.232232
22490  0.232232
22500  0.232232
22510  0.232232
22520  0.232232
22530  0.232232
22540  0.232232
22550  0.232232
22560  0.232232
22570  0.232232
22580  0.232232
22590  0.232232
22600  0.232232
22610  0.232232
22620  0.232232
22630  0.232232
22640  0.232232
22650  0.232232
22660  0.232232
22670  0.232232
22680  0.232232
22690  0.232232
22700  0.232232
22710  0.232232
22720  0.232232
22730  0.232232
22740  0.232232
22750  0.232232
22760  0.232232
22770  0.232232
22780  0.232232
22790  0.232232
22800  0.232232
22810  0.232232
22820  0.232232
22830  0.232232
22840  0.232232
22850  0.232232
22860  0.232232
22870  0.232232
22880  0.232232
22890  0.232232
22900  0.232232
22910  0.232232
22920  0.232232
22930  0.232232
22940  0.232232
22950  0.232232
22960  0.232232
22970  0.232232
22980  0.232232
22990  0.232232
23000  0.232232
23010  0.232232
23020  0.232232
23030  0.232232
23040  0.232232
23050  0.232232
23060  0.232232
23070  0.232232
23080  0.232232
23090  0.232232
23100  0.232232
23110  0.232232
23120  0.232232
23130  0.232232
23140  0.232232
23150  0.232232
23160  0.232232
23170  0.232232
23180  0.232232
23190  0.232232
23200  0.232232
23210  0.232232
23220  0.232232
23230  0.232232
23240  0.232232
23250  0.232232
23260  0.232232
23270  0.232232
23280  0.232232
23290  0.232232
23300  0.232232
23310  0.232232
23320  0.232232
23330  0.232232
23340  0.232232
23350  0.232232
23360  0.232232
23370  0.232232
23380  0.232232
23390  0.232232
23400  0.232232
23410  0.232232
23420  0.232232
23430  0.232232
23440  0.232232
23450  0.232232
23460  0.232232
23470  0.232232
23480  0.232232
23490  0.232232
23500  0.232232
23510  0.232232
23520  0.232232
23530  0.232232
23540  0.232232
23550  0.232232
23560  0.232232
23570  0.232232
23580  0.232232
23590  0.232232
23600  0.232232
23610  0.232232
23620  0.232232
23630  0.232232
23640  0.232232
23650  0.232232
23660  0.232232
23670  0.232232
23680  0.232232
23690  0.232232
23700  0.232232
23710  0.232232
23720  0.232232
23730  0.232232
23740  0.232232
23750  0.232232
23760  0.232232
23770  0.232232
23780  0.232232
23790  0.232232
23800  0.232232
23810  0.232232
23820  0.232232
23830  0.232232
23840  0.232232
23850  0.232232
23860  0.232232
23870  0.232232
23880  0.232232
23890  0.232232
23900  0.232232
23910  0.232232
23920  0.232232
23930  0.232232
23940  0.232232
23950  0.232232
23960  0.232232
23970  0.232232
23980  0.232232
23990  0.232232
24000  0.232232
24010  0.232232
24020  0.232232
24030  0.232232
24040  0.232232
24050  0.232232
24060  0.232232
24070  0.232232
24080  0.232232
24090  0.232232
24100  0.232232
24110  0.232232
24120  0.232232
24130  0.232232
24140  0.232232
24150  0.232232
24160  0.232232
24170  0.232232
24180  0.232232
24190  0.232232
24200  0.232232
24210  0.232232
24220  0.232232
24230  0.232232
24240  0.232232
24250  0.232232
24260  0.232232
24270  0.232232
24280  0.232232
24290  0.232232
24300  0.232232
24310  0.232232
24320  0.232232
24330  0.232232
24340  0.232232
24350  0.232232
24360  0.232232
24370  0.232232
24380  0.232232
24390  0.232232
24400  0.232232
24410  0.232232
24420  0.232232
24430  0.232232
24440  0.232232
24450  0.232232
24460  0.232232
24470  0.232232
24480  0.232232
24490  0.232232
24500  0.232232
24510  0.232232
24520  0.232232
24530  0.232232
24540  0.232232
24550  0.232232
24560  0.232232
24570  0.232232
24580  0.232232
24590  0.232232
24600  0.232232
24610  0.232232
24620  0.232232
24630  0.232232
24640  0.232232
24650  0.232232
24660  0.232232
24670  0.232232
24680  0.232232
24690  0.232232
24700  0.232232
24710  0.232232
24720  0.232232
24730  0.232232
24740  0.232232
24750  0.232232
24760  0.232232
24770  0.232232
24780  0.232232
24790  0.232232
24800  0.232232
24810  0.232232
24820  0.232232
24830  0.232232
24840  0.232232
24850  0.232232
24860  0.232232
24870  0.232232
24880  0.232232
24890  0.232232
24900  0.232232
24910  0.232232
24920  0.232232
24930  0.232232
24940  0.232232
24950  0.232232
24960  0.232232
24970  0.232232
24980  0.232232
24990  0.232232
25000  0.232232
25010  0.232232
25020  0.232232
25030  0.232232
25040  0.232232
25050  0.232232
25060  0.232232
25070  0.232232
25080  0.232232
25090  0.232232
25100  0.232232
25110  0.232232
25120  0.232232
25130  0.232232
25140  0.232232
25150  0.232232
25160  0.232232
25170  0.232232
25180  0.232232
25190  0.232232
25200  0.232232
25210  0.232232
25220  0.232232
25230  0.232232
25240  0.232232
25250  0.232232
25260  0.232232
25270  0.232232
25280  0.232232
25290  0.232232
25300  0.232232
25310  0.232232
25320  0.232232
25330  0.232232
25340  0.232232
25350  0.232232
25360  0.232232
25370  0.232232
25380  0.232232
25390  0.232232
25400  0.232232
25410  0.232232
25420  0.232232
25430  0.232232
25440  0.232232
25450  0.232232
25460  0.232232
25470  0.232232
25480  0.232232
25490  0.232232
25500  0.232232
25510  0.232232
25520  0.232232
25530  0.232232
25540  0.232232
25550  0.232232
25560  0.232232
25570  0.232232
25580  0.232232
25590  0.232232
25600  0.232232
25610  0.232232
25620  0.232232
25630  0.232232
25640  0.232232
25650  0.232232
25660  0.232232
25670  0.232232
25680  0.232232
25690  0.232232
25700  0.232232
25710  0.232232
25720  0.232232
25730  0.232232
25740  0.232232
25750  0.232232
25760  0.232232
25770  0.232232
25780  0.232232
25790  0.232232
25800  0.232232
25810  0.232232
25820  0.232232
25830  0.232232
25840  0.232232
25850  0.232232
25860  0.232232
25870  0.232232
25880  0.232232
25890  0.232232
25900  0.232232
25910  0.232232
25920  0.232232
25930  0.232232
25940  0.232232
25950  0.232232
25960  0.232232
25970  0.232232
25980  0.232232
25990  0.232232
26000  0.232232
26010  0.232232
26020  0.232232
26030  0.232232
26040  0.232232
26050  0.232232
26060  0.232232
26070  0.232232
26080  0.232232
26090  0.232232
26100  0.232232
26110  0.232232
26120  0.232232
26130  0.232232
26140  0.232232
26150  0.232232
26160  0.232232
26170  0.232232
26180  0.232232
26190  0.232232
26200  0.232232
26210  0.232232
26220  0.232232
26230  0.232232
26240  0.232232
26250  0.232232
26260  0.232232
26270  0.232232
26280  0.232232
26290  0.232232
26300  0.232232
26310  0.232232
26320  0.232232
26330  0.232232
26340  0.232232
26350  0.232232
26360  0.232232
26370  0.232232
26380  0.232232
26390  0.232232
26400  0.232232
26410  0.232232
26420  0.232232
26430  0.232232
26440  0.232232
26450  0.232232
26460  0.232232
26470  0.232232
26480  0.232232
26490  0.232232
26500  0.232232
26510  0.232232
26520  0.232232
26530  0.232232
26540  0.232232
26550  0.232232
26560  0.232232
26570  0.232232
26580  0.232232
26590  0.232232
26600  0.232232
26610  0.232232
26620  0.232232
26630  0.232232
26640  0.232232
26650  0.232232
26660  0.232232
26670  0.232232
26680  0.232232
26690  0.232232
26700  0.232232
26710  0.232232
26720  0.232232
26730  0.232232
26740  0.232232
26750  0.232232
26760  0.232232
26770  0.232232
26780  0.232232
26790  0.232232
26800  0.232232
26810  0.232232
26820  0.232232
26830  0.232232
26840  0.232232
26850  0.232232
26860  0.232232
26870  0.232232
26880  0.232232
26890  0.232232
26900  0.232232
26910  0.232232
26920  0.232232
26930  0.232232
26940  0.232232
26950  0.232232
26960  0.232232
26970  0.232232
26980  0.232232
26990  0.232232
27000  0.232232
27010  0.232232
27020  0.232232
27030  0.232232
27040  0.232232
27050  0.232232
27060  0.232232
27070  0.232232
27080  0.232232
27090  0.232232
27100  0.232232
27110  0.232232
27120  0.232232
27130  0.232232
27140  0.232232
27150  0.232232
27160  0.232232
27170  0.232232
27180  0.232232
27190  0.232232
27200  0.232232
27210  0.232232
27220  0.232232
27230  0.232232
27240  0.232232
27250  0.232232
27260  0.232232
27270  0.232232
27280  0.232232
27290  0.232232
27300  0.232232
27310  0.232232
27320  0.232232
27330  0.232232
27340  0.232232
27350  0.232232
27360  0.232232
27370  0.232232
27380  0.232232
27390  0.232232
27400  0.232232
27410  0.232232
27420  0.232232
27430  0.232232
27440  0.232232
27450  0.232232
27460  0.232232
27470  0.232232
27480  0.232232
27490  0.232232
27500  0.232232
27510  0.232232
27520  0.232232
27530  0.232232
27540  0.232232
27550  0.232232
27560  0.232232
27570  0.232232
27580  0.232232
27590  0.232232
27600  0.232232
27610  0.232232
27620  0.232232
27630  0.232232
27640  0.232232
27650  0.232232
27660  0.232232
27670  0.232232
27680  0.232232
27690  0.232232
27700  0.232232
27710  0.232232
27720  0.232232
27730  0.232232
27740  0.232232
27750  0.232232
27760  0.232232
27770  0.232232
27780  0.232232
27790  0.232232
27800  0.232232
27810  0.232232
27820  0.232232
27830  0.232232
27840  0.232232
27850  0.232232
27860  0.232232
27870  0.232232
27880  0.232232
27890  0.232232
27900  0.232232
27910  0.232232
27920  0.232232
27930  0.232232
27940  0.232232
27950  0.232232
27960  0.232232
27970  0.232232
27980  0.232232
27990  0.232232
28000  0.232232
28010  0.232232
28020  0.232232
28030  0.232232
28040  0.232232
28050  0.232232
28060  0.232232
28070  0.232232
28080  0.232232
28090  0.232232
28100  0.232232
28110  0.232232
28120  0.232232
28130  0.232232
28140  0.232232
28150  0.232232
28160  0.232232
28170  0.232232
28180  0.232232
28190  0.232232
28200  0.232232
28210  0.232232
28220  0.232232
28230  0.232232
28240  0.232232
28250  0.232232
28260  0.232232
28270  0.232232
28280  0.232232
28290  0.232232
28300  0.232232
28310  0.232232
28320  0.232232
28330  0.232232
28340  0.232232
28350  0.232232
28360  0.232232
28370  0.232232
28380  0.232232
28390  0.232232
28400  0.232232
28410  0.232232
28420  0.232232
28430  0.232232
28440  0.232232
28450  0.232232
28460  0.232232
28470  0.232232
28480  0.232232
28490  0.232232
28500  0.232232
28510  0.232232
28520  0.232232
28530  0.232232
28540  0.232232
28550  0.232232
28560  0.232232
28570  0.232232
28580  0.232232
28590  0.232232
28600  0.232232
28610  0.232232
28620  0.232232
28630  0.232232
28640  0.232232
28650  0.232232
28660  0.232232
28670  0.232232
28680  0.232232
28690  0.232232
28700  0.232232
28710  0.232232
28720  0.232232
28730  0.232232
28740  0.232232
28750  0.232232
28760  0.232232
28770  0.232232
28780  0.232232
28790  0.232232
28800  0.232232
28810  0.232232
28820  0.232232
28830  0.232232
28840  0.232232
28850  0.232232
28860  0.232232
28870  0.232232
28880  0.232232
28890  0.232232
28900  0.232232
28910  0.232232
28920  0.232232
28930  0.232232
28940  0.232232
28950  0.232232
28960  0.232232
28970  0.232232
28980  0.232232
28990  0.232232
29000  0.232232
29010  0.232232
29020  0.232232
29030  0.232232
29040  0.232232
29050  0.232232
29060  0.232232
29070  0.232232
29080  0.232232
29090  0.232232
29100  0.232232
29110  0.232232
29120  0.232232
29130  0.232232
29140  0.232232
29150  0.232232
29160  0.232232
29170  0.232232
29180  0.232232
29190  0.232232
29200  0.232232
29210  0.232232
29220  0.232232
29230  0.232232
29240  0.232232
29250  0.232232
29260  0.232232
29270  0.232232
29280  0.232232
29290  0.232232
29300  0.232232
29310  0.232232
29320  0.232232
29330  0.232232
29340  0.232232
29350  0.232232
29360  0.232232
29370  0.232232
29380  0.232232
29390  0.232232
29400  0.232232
29410  0.232232
29420  0.232232
29430  0.232232
29440  0.232232
29450  0.232232
29460  0.232232
29470  0.232232
29480  0.232232
29490  0.232232
29500  0.232232
29510  0.232232
29520  0.232232
29530  0.232232
29540  0.232232
29550  0.232232
29560  0.232232
29570  0.232232
29580  0.232232
29590  0.232232
29600  0.232232
29610  0.232232
29620  0.232232
29630  0.232232
29640  0.232232
29650  0.232232
29660  0.232232
29670  0.232232
29680  0.232232
29690  0.232232
29700  0.232232
29710  0.232232
29720  0.232232
29730  0.232232
29740  0.232232
29750  0.232232
29760  0.232232
29770  0.232232
29780  0.232232
29790  0.232232
29800  0.232232
29810  0.232232
29820  0.232232
29830  0.232232
29840  0.232232
29850  0.232232
29860  0.232232
29870  0.232232
29880  0.232232
29890  0.232232
29900  0.232232
29910  0.232232
29920  0.232232
29930  0.232232
29940  0.232232
29950  0.232232
29960  0.232232
29970  0.232232
29980  0.232232
29990  0.232232
30000  0.232232
30010  0.232232
