Step  Penalty
32  0.489548
64  0.488141
96  0.480798
128  0.480101
160  0.480101
192  0.479443
224  0.475155
256  0.475155
288  0.475155
320  0.471906
352  0.471906
384  0.471906
416  0.471906
448  0.471906
480  0.471906
512  0.471906
544  0.465876
576  0.465876
608  0.465876
640  0.465876
672  0.465876
704  0.465876
736  0.463099
768  0.463099
800  0.463099
832  0.463099
864  0.463099
896  0.463099
928  0.463099
960  0.463099
992  0.463099
1024  0.463099
1056  0.463099
1088  0.463099
1120  0.463099
1152  0.463099
1184  0.463099
1216  0.463099
1248  0.463099
1280  0.463099
1312  0.463099
1344  0.463099
1376  0.463099
1408  0.463099
1440  0.463099
1472  0.463099
1504  0.440463
1536  0.440463
1568  0.440463
1600  0.440463
1632  0.440463
1664  0.440463
1696  0.440463
1728  0.440463
1760  0.440463
1792  0.440463
1824  0.440463
1856  0.440463
1888  0.440463
1920  0.440463
1952  0.440463
1984  0.440463
2016  0.440463
2048  0.440463
2080  0.440463
2112  0.440463
2144  0.440463
2176  0.440463
2208  0.440463
2240  0.440463
2272  0.440463
2304  0.440463
2336  0.440463
2368  0.440463
2400  0.440463
2432  0.440463
2464  0.440463
2496  0.440463
2528  0.440463
2560  0.440463
2592  0.440463
2624  0.440463
2656  0.440463
2688  0.440463
2720  0.440463
2752  0.440463
2784  0.440463
2816  0.440463
2848  0.440463
2880  0.440463
2912  0.440463
2944  0.440463
2976  0.440463
3008  0.440463
3040  0.440463
3072  0.440463
3104  0.440463
3136  0.440463
3168  0.440463
3200  0.440463
3232  0.440463
3264  0.440463
3296  0.440463
3328  0.440463
3360  0.440463
3392  0.440463
3424  0.440463
3456  0.440463
3488  0.440463
3520  0.440463
3552  0.440463
3584  0.440463
3616  0.440463
3648  0.440463
3680  0.440463
3712  0.440463
3744  0.440463
3776  0.440463
3808  0.440463
3840  0.440463
3872  0.440463
3904  0.440463
3936  0.440463
3968  0.440463
4000  0.440463
4032  0.440463
4064  0.440463
4096  0.440463
4128  0.440463
4160  0.440463
4192  0.440463
4224  0.440463
4256  0.440463
4288  0.440463
4320  0.440463
4352  0.440463
4384  0.440463
4416  0.440463
4448  0.440463
4480  0.440463
4512  0.440463
4544  0.440463
4576  0.440463
4608  0.440463
4640  0.440463
4672  0.440463
4704  0.440463
4736  0.440463
4768  0.440463
4800  0.440463
4832  0.440463
4864  0.440463
4896  0.440463
4928  0.440463
4960  0.440463
4992  0.440463
5024  0.440463
5056  0.440463
5088  0.440463
5120  0.440463
5152  0.440463
5184  0.440463
5216  0.440463
5248  0.440463
5280  0.440463
5312  0.440463
5344  0.440463
5376  0.440463
5408  0.440463
5440  0.440463
5472  0.440463
5504  0.440463
5536  0.440463
5568  0.440463
5600  0.440463
5632  0.440463
5664  0.440463
5696  0.440463
5728  0.440463
5760  0.440463
5792  0.440463
5824  0.440463
5856  0.440463
5888  0.440463
5920  0.440463
5952  0.440463
5984  0.440463
6016  0.440463
6048  0.440463
6080  0.440463
6112  0.440463
6144  0.440463
6176  0.440463
6208  0.440463
6240  0.440463
6272  0.440463
6304  0.440463
6336  0.440463
6368  0.440463
6400  0.440463
6432  0.440463
6464  0.440463
6496  0.440463
6528  0.440463
6560  0.440463
6592  0.440463
6624  0.440463
6656  0.440463
6688  0.440463
6720  0.440463
6752  0.440463
6784  0.440463
6816  0.440463
6848  0.440463
6880  0.440463
6912  0.440463
6944  0.440463
6976  0.440463
7008  0.440463
7040  0.440463
7072  0.440463
7104  0.440463
7136  0.440463
7168  0.440463
7200  0.440463
7232  0.440463
7264  0.440463
7296  0.440463
7328  0.440463
7360  0.440463
7392  0.440463
7424  0.440463
7456  0.440463
7488  0.440463
7520  0.440463
7552  0.440463
7584  0.440463
7616  0.440463
7648  0.440463
7680  0.440463
7712  0.440463
7744  0.440463
7776  0.440463
7808  0.440463
7840  0.440463
7872  0.440463
7904  0.440463
7936  0.440463
7968  0.440463
8000  0.440463
8032  0.440463
8064  0.440463
8096  0.440463
8128  0.440463
8160  0.440463
8192  0.440463
8224  0.440463
8256  0.440463
8288  0.440463
8320  0.440463
8352  0.440463
8384  0.440463
8416  0.440463
8448  0.440463
8480  0.440463
8512  0.440463
8544  0.440463
8576  0.440463
8608  0.440463
8640  0.440463
8672  0.440463
8704  0.440463
8736  0.440463
8768  0.440463
8800  0.440463
8832  0.440463
8864  0.440463
8896  0.440463
8928  0.440463
8960  0.440463
8992  0.440463
9024  0.440463
9056  0.440463
9088  0.440463
9120  0.440463
9152  0.440463
9184  0.440463
9216  0.440463
9248  0.440463
9280  0.440463
9312  0.440463
9344  0.440463
9376  0.440463
9408  0.440463
9440  0.440463
9472  0.440463
9504  0.440463
9536  0.440463
9568  0.440463
9600  0.440463
9632  0.440463
9664  0.440463
9696  0.440463
9728  0.440463
9760  0.440463
9792  0.440463
9824  0.440463
9856  0.440463
9888  0.440463
9920  0.440463
9952  0.440463
9984  0.440463
10016  0.440463
10048  0.440463
10080  0.440463
10112  0.440463
10144  0.440463
10176  0.440463
10208  0.440463
10240  0.440463
10272  0.440463
10304  0.440463
10336  0.440463
10368  0.440463
10400  0.440463
10432  0.440463
10464  0.440463
10496  0.440463
10528  0.440463
10560  0.440463
10592  0.440463
10624  0.440463
10656  0.440463
10688  0.440463
10720  0.440463
10752  0.440463
10784  0.440463
10816  0.440463
10848  0.440463
10880  0.440463
10912  0.440463
10944  0.440463
10976  0.440463
11008  0.440463
11040  0.440463
11072  0.440463
11104  0.440463
11136  0.440463
11168  0.440463
11200  0.440463
11232  0.440463
11264  0.440463
11296  0.440463
11328  0.440463
11360  0.440463
11392  0.440463
11424  0.440463
11456  0.440463
11488  0.440463
11520  0.440463
11552  0.440463
11584  0.440463
11616  0.440463
11648  0.440463
11680  0.440463
11712  0.440463
11744  0.440463
11776  0.440463
11808  0.440463
11840  0.440463
11872  0.440463
11904  0.440463
11936  0.440463
11968  0.440463
12000  0.440463
12032  0.440463
12064  0.440463
12096  0.440463
12128  0.440463
12160  0.440463
12192  0.440463
12224  0.440463
12256  0.440463
12288  0.440463
12320  0.440463
12352  0.440463
12384  0.440463
12416  0.440463
12448  0.440463
12480  0.440463
12512  0.440463
12544  0.440463
12576  0.440463
12608  0.440463
12640  0.440463
12672  0.440463
12704  0.440463
12736  0.440463
12768  0.440463
12800  0.440463
12832  0.440463
12864  0.440463
12896  0.440463
12928  0.440463
12960  0.440463
12992  0.440463
13024  0.440463
13056  0.440463
13088  0.440463
13120  0.440463
13152  0.440463
13184  0.440463
13216  0.440463
13248  0.440463
13280  0.440463
13312  0.440463
13344  0.440463
13376  0.440463
13408  0.440463
13440  0.440463
13472  0.440463
13504  0.440463
13536  0.440463
13568  0.440463
13600  0.440463
13632  0.440463
13664  0.440463
13696  0.440463
13728  0.440463
13760  0.440463
13792  0.440463
13824  0.440463
13856  0.440463
13888  0.440463
13920  0.440463
13952  0.440463
13984  0.440463
14016  0.440463
14048  0.440463
14080  0.440463
14112  0.440463
14144  0.440463
14176  0.440463
14208  0.440463
14240  0.440463
14272  0.440463
14304  0.440463
14336  0.440463
14368  0.440463
14400  0.440463
14432  0.440463
14464  0.440463
14496  0.440463
14528  0.440463
14560  0.440463
14592  0.440463
14624  0.440463
14656  0.440463
14688  0.440463
14720  0.440463
14752  0.440463
14784  0.440463
14816  0.440463
14848  0.440463
14880  0.440463
14912  0.440463
14944  0.440463
14976  0.440463
15008  0.440463
15040  0.440463
15072  0.440463
15104  0.440463
15136  0.440463
15168  0.440463
15200  0.440463
15232  0.440463
15264  0.440463
15296  0.440463
15328  0.440463
15360  0.440463
15392  0.440463
15424  0.440463
15456  0.440463
15488  0.440463
15520  0.440463
15552  0.440463
15584  0.440463
15616  0.440463
15648  0.440463
15680  0.440463
15712  0.440463
15744  0.440463
15776  0.440463
15808  0.440463
15840  0.440463
15872  0.440463
15904  0.440463
15936  0.440463
15968  0.440463
16000  0.440463
16032  0.440463
16064  0.440463
16096  0.440463
16128  0.440463
16160  0.440463
16192  0.440463
16224  0.440463
16256  0.440463
16288  0.440463
16320  0.440463
16352  0.440463
16384  0.440463
16416  0.440463
16448  0.440463
16480  0.440463
16512  0.440463
16544  0.440463
16576  0.440463
16608  0.440463
16640  0.440463
16672  0.440463
16704  0.440463
16736  0.440463
16768  0.440463
16800  0.440463
16832  0.440463
16864  0.440463
16896  0.440463
16928  0.440463
16960  0.440463
16992  0.440463
17024  0.440463
17056  0.440463
17088  0.440463
17120  0.440463
17152  0.440463
17184  0.440463
17216  0.440463
17248  0.440463
17280  0.440463
17312  0.440463
17344  0.440463
17376  0.440463
17408  0.440463
17440  0.440463
17472  0.440463
17504  0.440463
17536  0.440463
17568  0.440463
17600  0.440463
17632  0.440463
17664  0.440463
17696  0.440463
17728  0.440463
17760  0.440463
17792  0.440463
17824  0.440463
17856  0.440463
17888  0.440463
17920  0.440463
17952  0.440463
17984  0.440463
18016  0.440463
18048  0.440463
18080  0.440463
18112  0.440463
18144  0.440463
18176  0.440463
18208  0.440463
18240  0.440463
18272  0.440463
18304  0.440463
18336  0.440463
18368  0.440463
18400  0.440463
18432  0.440463
18464  0.440463
18496  0.440463
18528  0.440463
18560  0.440463
18592  0.440463
18624  0.440463
18656  0.440463
18688  0.440463
18720  0.440463
18752  0.440463
18784  0.440463
18816  0.440463
18848  0.440463
18880  0.440463
18912  0.440463
18944  0.440463
18976  0.440463
19008  0.440463
19040  0.440463
19072  0.440463
19104  0.440463
19136  0.440463
19168  0.440463
19200  0.440463
19232  0.440463
19264  0.440463
19296  0.440463
19328  0.440463
19360  0.440463
19392  0.440463
19424  0.440463
19456  0.440463
19488  0.440463
19520  0.440463
19552  0.440463
19584  0.440463
19616  0.440463
19648  0.440463
19680  0.440463
19712  0.440463
19744  0.440463
19776  0.440463
19808  0.440463
19840  0.440463
19872  0.440463
19904  0.440463
19936  0.440463
19968  0.440463
20000  0.440463
20032  0.440463
20064  0.440463
20096  0.440463
20128  0.440463
20160  0.440463
20192  0.440463
20224  0.440463
20256  0.440463
20288  0.440463
20320  0.440463
20352  0.440463
20384  0.440463
20416  0.440463
20448  0.440463
20480  0.440463
20512  0.440463
20544  0.440463
20576  0.440463
20608  0.440463
20640  0.440463
20672  0.440463
20704  0.440463
20736  0.440463
20768  0.440463
20800  0.440463
20832  0.440463
20864  0.440463
20896  0.440463
20928  0.440463
20960  0.440463
20992  0.440463
21024  0.440463
21056  0.440463
21088  0.440463
21120  0.440463
21152  0.440463
21184  0.440463
21216  0.440463
21248  0.440463
21280  0.440463
21312  0.440463
21344  0.440463
21376  0.440463
21408  0.440463
21440  0.440463
21472  0.440463
21504  0.440463
21536  0.440463
21568  0.440463
21600  0.440463
21632  0.440463
21664  0.440463
21696  0.440463
21728  0.440463
21760  0.440463
21792  0.440463
21824  0.440463
21856  0.440463
21888  0.440463
21920  0.440463
21952  0.440463
21984  0.440463
22016  0.440463
22048  0.440463
22080  0.440463
22112  0.440463
22144  0.440463
22176  0.440463
22208  0.440463
22240  0.440463
22272  0.440463
22304  0.440463
22336  0.440463
22368  0.440463
22400  0.440463
22432  0.440463
22464  0.440463
22496  0.440463
22528  0.440463
22560  0.440463
22592  0.440463
22624  0.440463
22656  0.440463
22688  0.440463
22720  0.440463
22752  0.440463
22784  0.440463
22816  0.440463
22848  0.440463
22880  0.440463
22912  0.440463
22944  0.440463
22976  0.440463
23008  0.440463
23040  0.440463
23072  0.440463
23104  0.440463
23136  0.440463
23168  0.440463
23200  0.440463
23232  0.440463
23264  0.440463
23296  0.440463
23328  0.440463
23360  0.440463
23392  0.440463
23424  0.440463
23456  0.440463
23488  0.440463
23520  0.440463
23552  0.440463
23584  0.440463
23616  0.440463
23648  0.440463
23680  0.440463
23712  0.440463
23744  0.440463
23776  0.440463
23808  0.440463
23840  0.440463
23872  0.440463
23904  0.440463
23936  0.440463
23968  0.440463
24000  0.440463
24032  0.440463
24064  0.440463
24096  0.440463
24128  0.440463
24160  0.440463
24192  0.440463
24224  0.440463
24256  0.440463
24288  0.440463
24320  0.440463
24352  0.440463
24384  0.440463
24416  0.440463
24448  0.440463
24480  0.440463
24512  0.440463
24544  0.440463
24576  0.440463
24608  0.440463
24640  0.440463
24672  0.440463
24704  0.440463
24736  0.440463
24768  0.440463
24800  0.440463
24832  0.440463
24864  0.440463
24896  0.440463
24928  0.440463
24960  0.440463
24992  0.440463
25024  0.440463
25056  0.440463
25088  0.440463
25120  0.440463
25152  0.440463
25184  0.440463
25216  0.440463
25248  0.440463
25280  0.440463
25312  0.440463
25344  0.440463
25376  0.440463
25408  0.440463
25440  0.440463
25472  0.440463
25504  0.440463
25536  0.440463
25568  0.440463
25600  0.440463
25632  0.440463
25664  0.440463
25696  0.440463
25728  0.440463
25760  0.440463
25792  0.440463
25824  0.440463
25856  0.440463
25888  0.440463
25920  0.440463
25952  0.440463
25984  0.440463
26016  0.440463
26048  0.440463
26080  0.440463
26112  0.440463
26144  0.440463
26176  0.440463
26208  0.440463
26240  0.440463
26272  0.440463
26304  0.440463
26336  0.440463
26368  0.440463
26400  0.440463
26432  0.440463
26464  0.440463
26496  0.440463
26528  0.440463
26560  0.440463
26592  0.440463
26624  0.440463
26656  0.440463
26688  0.440463
26720  0.440463
26752  0.440463
26784  0.440463
26816  0.440463
26848  0.440463
26880  0.440463
26912  0.440463
26944  0.440463
26976  0.440463
27008  0.440463
27040  0.440463
27072  0.440463
27104  0.440463
27136  0.440463
27168  0.440463
27200  0.440463
27232  0.440463
27264  0.440463
27296  0.440463
27328  0.440463
27360  0.440463
27392  0.440463
27424  0.440463
27456  0.440463
27488  0.440463
27520  0.440463
27552  0.440463
27584  0.440463
27616  0.440463
27648  0.440463
27680  0.440463
27712  0.440463
27744  0.440463
27776  0.440463
27808  0.440463
27840  0.440463
27872  0.440463
27904  0.440463
27936  0.440463
27968  0.440463
28000  0.440463
28032  0.440463
28064  0.440463
28096  0.440463
28128  0.440463
28160  0.440463
28192  0.440463
28224  0.440463
28256  0.440463
28288  0.440463
28320  0.440463
28352  0.440463
28384  0.440463
28416  0.440463
28448  0.440463
28480  0.440463
28512  0.440463
28544  0.440463
28576  0.440463
28608  0.440463
28640  0.440463
28672  0.440463
28704  0.440463
28736  0.440463
28768  0.440463
28800  0.440463
28832  0.440463
28864  0.440463
28896  0.440463
28928  0.440463
28960  0.440463
28992  0.440463
29024  0.440463
29056  0.440463
29088  0.440463
29120  0.440463
29152  0.440463
29184  0.440463
29216  0.440463
29248  0.440463
29280  0.440463
29312  0.440463
29344  0.440463
29376  0.440463
29408  0.440463
29440  0.440463
29472  0.440463
29504  0.440463
29536  0.440463
29568  0.440463
29600  0.440463
29632  0.440463
29664  0.440463
29696  0.440463
29728  0.440463
29760  0.440463
29792  0.440463
29824  0.440463
29856  0.440463
29888  0.440463
29920  0.440463
29952  0.440463
29984  0.440463
30016  0.440463
30048  0.440463
30080  0.440463
30112  0.440463
30144  0.440463
30176  0.440463
30208  0.440463
30240  0.440463
30272  0.440463
30304  0.440463
30336  0.440463
30368  0.440463
30400  0.440463
30432  0.440463
30464  0.440463
30496  0.440463
30528  0.440463
30560  0.440463
30592  0.440463
30624  0.440463
30656  0.440463
30688  0.440463
30720  0.440463
30752  0.440463
30784  0.440463
30816  0.440463
30848  0.440463
30880  0.440463
30912  0.440463
30944  0.440463
30976  0.440463
31008  0.440463
31040  0.440463
31072  0.440463
31104  0.440463
31136  0.440463
31168  0.440463
31200  0.440463
31232  0.440463
31264  0.440463
31296  0.440463
31328  0.440463
31360  0.440463
31392  0.440463
31424  0.440463
31456  0.440463
31488  0.440463
31520  0.440463
31552  0.440463
31584  0.440463
31616  0.440463
31648  0.440463
31680  0.440463
31712  0.440463
31744  0.440463
31776  0.440463
31808  0.440463
31840  0.440463
31872  0.440463
31904  0.440463
31936  0.440463
31968  0.440463
32000  0.440463
32032  0.440463
32064  0.440463
32096  0.440463
32128  0.440463
32160  0.440463
32192  0.440463
32224  0.440463
32256  0.440463
32288  0.440463
32320  0.440463
32352  0.440463
32384  0.440463
32416  0.440463
32448  0.440463
32480  0.440463
32512  0.440463
32544  0.440463
32576  0.440463
32608  0.440463
32640  0.440463
32672  0.440463
32704  0.440463
32736  0.440463
32768  0.440463
32800  0.440463
32832  0.440463
32864  0.440463
32896  0.440463
32928  0.440463
32960  0.440463
32992  0.440463
33024  0.440463
33056  0.440463
33088  0.440463
33120  0.440463
33152  0.440463
33184  0.440463
33216  0.440463
33248  0.440463
33280  0.440463
33312  0.440463
33344  0.440463
33376  0.440463
33408  0.440463
33440  0.440463
33472  0.440463
33504  0.440463
33536  0.440463
33568  0.440463
33600  0.440463
33632  0.440463
33664  0.440463
33696  0.440463
33728  0.440463
33760  0.440463
33792  0.440463
33824  0.440463
33856  0.440463
33888  0.440463
33920  0.440463
33952  0.440463
33984  0.440463
34016  0.440463
34048  0.440463
34080  0.440463
34112  0.440463
34144  0.440463
34176  0.440463
34208  0.440463
34240  0.440463
34272  0.440463
34304  0.440463
34336  0.440463
34368  0.440463
34400  0.440463
34432  0.440463
34464  0.440463
34496  0.440463
34528  0.440463
34560  0.440463
34592  0.440463
34624  0.440463
34656  0.440463
34688  0.440463
34720  0.440463
34752  0.440463
34784  0.440463
34816  0.440463
34848  0.440463
34880  0.440463
34912  0.440463
34944  0.440463
34976  0.440463
35008  0.440463
35040  0.440463
35072  0.440463
35104  0.440463
35136  0.440463
35168  0.440463
35200  0.440463
35232  0.440463
35264  0.440463
35296  0.440463
35328  0.440463
35360  0.440463
35392  0.440463
35424  0.440463
35456  0.440463
35488  0.440463
35520  0.440463
35552  0.440463
35584  0.440463
35616  0.440463
35648  0.440463
35680  0.440463
35712  0.440463
35744  0.440463
35776  0.440463
35808  0.440463
35840  0.440463
35872  0.440463
35904  0.440463
35936  0.440463
35968  0.440463
36000  0.440463
36032  0.440463
36064  0.440463
36096  0.440463
36128  0.440463
36160  0.440463
36192  0.440463
36224  0.440463
36256  0.440463
36288  0.440463
36320  0.440463
36352  0.440463
36384  0.440463
36416  0.440463
36448  0.440463
36480  0.440463
36512  0.440463
36544  0.440463
36576  0.440463
36608  0.440463
36640  0.440463
36672  0.440463
36704  0.440463
36736  0.440463
36768  0.440463
36800  0.440463
36832  0.440463
36864  0.440463
36896  0.440463
36928  0.440463
36960  0.440463
36992  0.440463
37024  0.440463
37056  0.440463
37088  0.440463
37120  0.440463
37152  0.440463
37184  0.440463
37216  0.440463
37248  0.440463
37280  0.440463
37312  0.440463
37344  0.440463
37376  0.440463
37408  0.440463
37440  0.440463
37472  0.440463
37504  0.440463
37536  0.440463
37568  0.440463
37600  0.440463
37632  0.440463
37664  0.440463
37696  0.440463
37728  0.440463
37760  0.440463
37792  0.440463
37824  0.440463
37856  0.440463
37888  0.440463
37920  0.440463
37952  0.440463
37984  0.440463
38016  0.440463
38048  0.440463
38080  0.440463
38112  0.440463
38144  0.440463
38176  0.440463
38208  0.440463
38240  0.440463
38272  0.440463
38304  0.440463
38336  0.440463
38368  0.440463
38400  0.440463
38432  0.440463
38464  0.440463
38496  0.440463
38528  0.440463
38560  0.440463
38592  0.440463
38624  0.440463
38656  0.440463
38688  0.440463
38720  0.440463
38752  0.440463
38784  0.440463
38816  0.440463
38848  0.440463
38880  0.440463
38912  0.440463
38944  0.440463
38976  0.440463
39008  0.440463
39040  0.440463
39072  0.440463
39104  0.440463
39136  0.440463
39168  0.440463
39200  0.440463
39232  0.440463
39264  0.440463
39296  0.440463
39328  0.440463
39360  0.440463
39392  0.440463
39424  0.440463
39456  0.440463
39488  0.440463
39520  0.440463
39552  0.440463
39584  0.440463
39616  0.440463
39648  0.440463
39680  0.440463
39712  0.440463
39744  0.440463
39776  0.440463
39808  0.440463
39840  0.440463
39872  0.440463
39904  0.440463
39936  0.440463
39968  0.440463
40000  0.440463
40032  0.440463
40064  0.440463
40096  0.440463
40128  0.440463
40160  0.440463
40192  0.440463
40224  0.440463
40256  0.440463
40288  0.440463
40320  0.440463
40352  0.440463
40384  0.440463
40416  0.440463
40448  0.440463
40480  0.440463
40512  0.440463
40544  0.440463
40576  0.440463
40608  0.440463
40640  0.440463
40672  0.440463
40704  0.440463
40736  0.440463
40768  0.440463
40800  0.440463
40832  0.440463
40864  0.440463
40896  0.440463
40928  0.440463
40960  0.440463
40992  0.440463
41024  0.440463
41056  0.440463
41088  0.440463
41120  0.440463
41152  0.440463
41184  0.440463
41216  0.440463
41248  0.440463
41280  0.440463
41312  0.440463
41344  0.440463
41376  0.440463
41408  0.440463
41440  0.440463
41472  0.440463
41504  0.440463
41536  0.440463
41568  0.440463
41600  0.440463
41632  0.440463
41664  0.440463
41696  0.440463
41728  0.440463
41760  0.440463
41792  0.440463
41824  0.440463
41856  0.440463
41888  0.440463
41920  0.440463
41952  0.440463
41984  0.440463
42016  0.440463
42048  0.440463
42080  0.440463
42112  0.440463
42144  0.440463
42176  0.440463
42208  0.440463
42240  0.440463
42272  0.440463
42304  0.440463
42336  0.440463
42368  0.440463
42400  0.440463
42432  0.440463
42464  0.440463
42496  0.440463
42528  0.440463
42560  0.440463
42592  0.440463
42624  0.440463
42656  0.440463
42688  0.440463
42720  0.440463
42752  0.440463
42784  0.440463
42816  0.440463
42848  0.440463
42880  0.440463
42912  0.440463
42944  0.440463
42976  0.440463
43008  0.440463
43040  0.440463
43072  0.440463
43104  0.440463
43136  0.440463
43168  0.440463
43200  0.440463
43232  0.440463
43264  0.440463
43296  0.440463
43328  0.440463
43360  0.440463
43392  0.440463
43424  0.440463
43456  0.440463
43488  0.440463
43520  0.440463
43552  0.440463
43584  0.440463
43616  0.440463
43648  0.440463
43680  0.440463
43712  0.440463
43744  0.440463
43776  0.440463
43808  0.440463
43840  0.440463
43872  0.440463
43904  0.440463
43936  0.440463
43968  0.440463
44000  0.440463
44032  0.440463
44064  0.440463
44096  0.440463
44128  0.440463
44160  0.440463
44192  0.440463
44224  0.440463
44256  0.440463
44288  0.440463
44320  0.440463
44352  0.440463
44384  0.440463
44416  0.440463
44448  0.440463
44480  0.440463
44512  0.440463
44544  0.440463
44576  0.440463
44608  0.440463
44640  0.440463
44672  0.440463
44704  0.440463
44736  0.440463
44768  0.440463
44800  0.440463
44832  0.440463
44864  0.440463
44896  0.440463
44928  0.440463
44960  0.440463
44992  0.440463
45024  0.438634
45056  0.438634
45088  0.438634
45120  0.438634
45152  0.438634
45184  0.438634
45216  0.438634
45248  0.438634
45280  0.438634
45312  0.438634
45344  0.438634
45376  0.438634
45408  0.438634
45440  0.438634
45472  0.438634
45504  0.438634
45536  0.438634
45568  0.438634
45600  0.438634
45632  0.438634
45664  0.438634
45696  0.438634
45728  0.438634
45760  0.438634
45792  0.438634
45824  0.438634
45856  0.438634
45888  0.438634
45920  0.438634
45952  0.438634
45984  0.438634
46016  0.438634
46048  0.438634
46080  0.438634
46112  0.438634
46144  0.438634
46176  0.438634
46208  0.438634
46240  0.438634
46272  0.438634
46304  0.438634
46336  0.438634
46368  0.438634
46400  0.438634
46432  0.438634
46464  0.438634
46496  0.438634
46528  0.438634
46560  0.438634
46592  0.438634
46624  0.438634
46656  0.438634
46688  0.438634
46720  0.438634
46752  0.438634
46784  0.438634
46816  0.438634
46848  0.438634
46880  0.438634
46912  0.438634
46944  0.438634
46976  0.438634
47008  0.438634
47040  0.438634
47072  0.438634
47104  0.438634
47136  0.438634
47168  0.438634
47200  0.438634
47232  0.438634
47264  0.438634
47296  0.438634
47328  0.438634
47360  0.438634
47392  0.438634
47424  0.438634
47456  0.438634
47488  0.438634
47520  0.438634
47552  0.438634
47584  0.438634
47616  0.438634
47648  0.438634
47680  0.438634
47712  0.438634
47744  0.438634
47776  0.438634
47808  0.438634
47840  0.438634
47872  0.438634
47904  0.438634
47936  0.438634
47968  0.438634
48000  0.438634
48032  0.438634
48064  0.438634
48096  0.438634
48128  0.438634
48160  0.438634
48192  0.438634
48224  0.438634
48256  0.438634
48288  0.438634
48320  0.438634
48352  0.438634
48384  0.438634
48416  0.438634
48448  0.438634
48480  0.438634
48512  0.438634
48544  0.438634
48576  0.438634
48608  0.438634
48640  0.438634
48672  0.438634
48704  0.438634
48736  0.438634
48768  0.438634
48800  0.438634
48832  0.438634
48864  0.438634
48896  0.438634
48928  0.438634
48960  0.438634
48992  0.438634
49024  0.438634
49056  0.438634
49088  0.438634
49120  0.438634
49152  0.438634
49184  0.438634
49216  0.438634
49248  0.438634
49280  0.438634
49312  0.438634
49344  0.438634
49376  0.438634
49408  0.438634
49440  0.438634
49472  0.438634
49504  0.438634
49536  0.438634
49568  0.438634
49600  0.438634
49632  0.438634
49664  0.438634
49696  0.438634
49728  0.438634
49760  0.438634
49792  0.438634
49824  0.438634
49856  0.438634
49888  0.438634
49920  0.438634
49952  0.438634
49984  0.438634
50016  0.438634
50048  0.438634
50080  0.438634
50112  0.438634
50144  0.438634
50176  0.438634
50208  0.438634
50240  0.438634
50272  0.438634
50304  0.438634
50336  0.438634
50368  0.438634
50400  0.438634
50432  0.438634
50464  0.438634
50496  0.438634
50528  0.438634
50560  0.438634
50592  0.438634
50624  0.438634
50656  0.438634
50688  0.438634
50720  0.438634
50752  0.438634
50784  0.438634
50816  0.438634
50848  0.438634
50880  0.438634
50912  0.438634
50944  0.438634
50976  0.438634
51008  0.438634
51040  0.438634
51072  0.438634
51104  0.438634
51136  0.438634
51168  0.438634
51200  0.438634
51232  0.438634
51264  0.438634
51296  0.438634
51328  0.438634
51360  0.438634
51392  0.438634
51424  0.438634
51456  0.438634
51488  0.438634
51520  0.438634
51552  0.438634
51584  0.438634
51616  0.438634
51648  0.438634
51680  0.438634
51712  0.438634
51744  0.438634
51776  0.438634
51808  0.438634
51840  0.438634
51872  0.438634
51904  0.438634
51936  0.438634
51968  0.438634
52000  0.438634
52032  0.438634
52064  0.438634
52096  0.438634
52128  0.438634
52160  0.438634
52192  0.438634
52224  0.438634
52256  0.438634
52288  0.438634
52320  0.438634
52352  0.438634
52384  0.438634
52416  0.438634
52448  0.438634
52480  0.438634
52512  0.438634
52544  0.438634
52576  0.438634
52608  0.438634
52640  0.438634
52672  0.438634
52704  0.438634
52736  0.438634
52768  0.438634
52800  0.438634
52832  0.438634
52864  0.438634
52896  0.438634
52928  0.438634
52960  0.438634
52992  0.438634
53024  0.438634
53056  0.438634
53088  0.438634
53120  0.438634
53152  0.438634
53184  0.438634
53216  0.438634
53248  0.438634
53280  0.438634
53312  0.438634
53344  0.438634
53376  0.438634
53408  0.438634
53440  0.438634
53472  0.438634
53504  0.438634
53536  0.438634
53568  0.438634
53600  0.438634
53632  0.438634
53664  0.438634
53696  0.438634
53728  0.438634
53760  0.438634
53792  0.438634
53824  0.438634
53856  0.438634
53888  0.438634
53920  0.438634
53952  0.438634
53984  0.438634
54016  0.438634
54048  0.438634
54080  0.438634
54112  0.438634
54144  0.438634
54176  0.438634
54208  0.438634
54240  0.438634
54272  0.438634
54304  0.438634
54336  0.438634
54368  0.438634
54400  0.438634
54432  0.438634
54464  0.438634
54496  0.438634
54528  0.438634
54560  0.438634
54592  0.438634
54624  0.438634
54656  0.438634
54688  0.438634
54720  0.438634
54752  0.438634
54784  0.438634
54816  0.438634
54848  0.438634
54880  0.438634
54912  0.438634
54944  0.438634
54976  0.438634
55008  0.438634
55040  0.438634
55072  0.438634
55104  0.438634
55136  0.438634
55168  0.438634
55200  0.438634
55232  0.438634
55264  0.438634
55296  0.438634
55328  0.438634
55360  0.438634
55392  0.438634
55424  0.438634
55456  0.438634
55488  0.438634
55520  0.438634
55552  0.438634
55584  0.438634
55616  0.438634
55648  0.438634
55680  0.438634
55712  0.438634
55744  0.438634
55776  0.438634
55808  0.438634
55840  0.438634
55872  0.438634
55904  0.438634
55936  0.438634
55968  0.438634
56000  0.438634
56032  0.438634
56064  0.438634
56096  0.438634
56128  0.438634
56160  0.438634
56192  0.438634
56224  0.438634
56256  0.438634
56288  0.438634
56320  0.438634
56352  0.438634
56384  0.438634
56416  0.438634
56448  0.438634
56480  0.438634
56512  0.438634
56544  0.438634
56576  0.438634
56608  0.438634
56640  0.438634
56672  0.438634
56704  0.438634
56736  0.438634
56768  0.438634
56800  0.438634
56832  0.438634
56864  0.438634
56896  0.438634
56928  0.438634
56960  0.438634
56992  0.438634
57024  0.438634
57056  0.438634
57088  0.438634
57120  0.438634
57152  0.438634
57184  0.438634
57216  0.438634
57248  0.438634
57280  0.438634
57312  0.438634
57344  0.438634
57376  0.438634
57408  0.438634
57440  0.438634
57472  0.438634
57504  0.438634
57536  0.438634
57568  0.438634
57600  0.438634
57632  0.438634
57664  0.438634
57696  0.438634
57728  0.438634
57760  0.438634
57792  0.438634
57824  0.438634
57856  0.438634
57888  0.438634
57920  0.438634
57952  0.438634
57984  0.438634
58016  0.438634
58048  0.438634
58080  0.438634
58112  0.438634
58144  0.438634
58176  0.438634
58208  0.438634
58240  0.438634
58272  0.438634
58304  0.438634
58336  0.438634
58368  0.438634
58400  0.438634
58432  0.438634
58464  0.438634
58496  0.438634
58528  0.438634
58560  0.438634
58592  0.438634
58624  0.438634
58656  0.438634
58688  0.438634
58720  0.438634
58752  0.438634
58784  0.438634
58816  0.438634
58848  0.438634
58880  0.438634
58912  0.438634
58944  0.438634
58976  0.438634
59008  0.438634
59040  0.438634
59072  0.438634
59104  0.438634
59136  0.438634
59168  0.438634
59200  0.438634
59232  0.438634
59264  0.438634
59296  0.438634
59328  0.438634
59360  0.438634
59392  0.438634
59424  0.438634
59456  0.438634
59488  0.438634
59520  0.438634
59552  0.438634
59584  0.438634
59616  0.438634
59648  0.438634
59680  0.438634
59712  0.438634
59744  0.438634
59776  0.438634
59808  0.438634
59840  0.438634
59872  0.438634
59904  0.438634
59936  0.438634
59968  0.438634
60000  0.438634
60032  0.438634
60064  0.438634
60096  0.438634
60128  0.438634
60160  0.438634
60192  0.438634
60224  0.438634
60256  0.438634
60288  0.438634
60320  0.438634
60352  0.438634
60384  0.438634
60416  0.438634
60448  0.438634
60480  0.438634
60512  0.438634
60544  0.438634
60576  0.438634
60608  0.438634
60640  0.438634
60672  0.438634
60704  0.438634
60736  0.438634
60768  0.438634
60800  0.438634
60832  0.438634
60864  0.438634
60896  0.438634
60928  0.438634
60960  0.438634
60992  0.438634
61024  0.438634
61056  0.438634
61088  0.438634
61120  0.438634
61152  0.438634
61184  0.438634
61216  0.438634
61248  0.438634
61280  0.438634
61312  0.438634
61344  0.438634
61376  0.438634
61408  0.438634
61440  0.438634
61472  0.438634
61504  0.438634
61536  0.438634
61568  0.438634
61600  0.438634
61632  0.438634
61664  0.438634
61696  0.438634
61728  0.438634
61760  0.438634
61792  0.438634
61824  0.438634
61856  0.438634
61888  0.438634
61920  0.438634
61952  0.438634
61984  0.438634
62016  0.438634
62048  0.438634
62080  0.438634
62112  0.438634
62144  0.438634
62176  0.438634
62208  0.438634
62240  0.438634
62272  0.438634
62304  0.438634
62336  0.438634
62368  0.438634
62400  0.438634
62432  0.438634
62464  0.438634
62496  0.438634
62528  0.438634
62560  0.438634
62592  0.438634
62624  0.438634
62656  0.438634
62688  0.438634
62720  0.438634
62752  0.438634
62784  0.438634
62816  0.438634
62848  0.438634
62880  0.438634
62912  0.438634
62944  0.438634
62976  0.438634
63008  0.438634
63040  0.438634
63072  0.438634
63104  0.438634
63136  0.438634
63168  0.438634
63200  0.438634
63232  0.438634
63264  0.438634
63296  0.438634
63328  0.438634
63360  0.438634
63392  0.438634
63424  0.438634
63456  0.438634
63488  0.438634
63520  0.438634
63552  0.438634
63584  0.438634
63616  0.438634
63648  0.438634
63680  0.438634
63712  0.438634
63744  0.438634
63776  0.438634
63808  0.438634
63840  0.438634
63872  0.438634
63904  0.438634
63936  0.438634
63968  0.438634
64000  0.438634
64032  0.438634
64064  0.438634
64096  0.438634
64128  0.438634
64160  0.438634
64192  0.438634
64224  0.438634
64256  0.438634
64288  0.438634
64320  0.438634
64352  0.438634
64384  0.438634
64416  0.438634
64448  0.438634
64480  0.438634
64512  0.438634
64544  0.438634
64576  0.438634
64608  0.438634
64640  0.438634
64672  0.438634
64704  0.438634
64736  0.438634
64768  0.438634
64800  0.438634
64832  0.438634
64864  0.438634
64896  0.438634
64928  0.438634
64960  0.438634
64992  0.438634
65024  0.438634
65056  0.438634
65088  0.438634
65120  0.438634
65152  0.438634
65184  0.438634
65216  0.438634
65248  0.438634
65280  0.438634
65312  0.438634
65344  0.438634
65376  0.438634
65408  0.438634
65440  0.438634
65472  0.438634
65504  0.438634
65536  0.438634
65568  0.438634
65600  0.438634
65632  0.438634
65664  0.438634
65696  0.438634
65728  0.438634
65760  0.438634
65792  0.438634
65824  0.438634
65856  0.438634
65888  0.438634
65920  0.438634
65952  0.438634
65984  0.438634
66016  0.438634
66048  0.438634
66080  0.438634
66112  0.438634
66144  0.438634
66176  0.438634
66208  0.438634
66240  0.438634
66272  0.438634
66304  0.438634
66336  0.438634
66368  0.438634
66400  0.438634
66432  0.438634
66464  0.438634
66496  0.438634
66528  0.438634
66560  0.438634
66592  0.438634
66624  0.438634
66656  0.438634
66688  0.438634
66720  0.438634
66752  0.438634
66784  0.438634
66816  0.438634
66848  0.438634
66880  0.438634
66912  0.438634
66944  0.438634
66976  0.438634
67008  0.438634
67040  0.438634
67072  0.438634
67104  0.438634
67136  0.438634
67168  0.438634
67200  0.438634
67232  0.438634
67264  0.438634
67296  0.438634
67328  0.438634
67360  0.438634
67392  0.438634
67424  0.438634
67456  0.438634
67488  0.438634
67520  0.438634
67552  0.438634
67584  0.438634
67616  0.438634
67648  0.438634
67680  0.438634
67712  0.438634
67744  0.438634
67776  0.438634
67808  0.438634
67840  0.438634
67872  0.438634
67904  0.438634
67936  0.438634
67968  0.438634
68000  0.438634
68032  0.438634
68064  0.438634
68096  0.438634
68128  0.438634
68160  0.438634
68192  0.438634
68224  0.438634
68256  0.438634
68288  0.438634
68320  0.438634
68352  0.438634
68384  0.438634
68416  0.438634
68448  0.438634
68480  0.438634
68512  0.438634
68544  0.438634
68576  0.438634
68608  0.438634
68640  0.438634
68672  0.438634
68704  0.438634
68736  0.438634
68768  0.438634
68800  0.438634
68832  0.438634
68864  0.438634
68896  0.438634
68928  0.438634
68960  0.438634
68992  0.438634
69024  0.438634
69056  0.438634
69088  0.438634
69120  0.438634
69152  0.438634
69184  0.438634
69216  0.438634
69248  0.438634
69280  0.438634
69312  0.438634
69344  0.438634
69376  0.438634
69408  0.438634
69440  0.438634
69472  0.438634
69504  0.438634
69536  0.438634
69568  0.438634
69600  0.438634
69632  0.438634
69664  0.438634
69696  0.438634
69728  0.438634
69760  0.438634
69792  0.438634
69824  0.438634
69856  0.438634
69888  0.438634
69920  0.438634
69952  0.438634
69984  0.438634
70016  0.438634
70048  0.438634
70080  0.438634
70112  0.438634
70144  0.438634
70176  0.438634
70208  0.438634
70240  0.438634
70272  0.438634
70304  0.438634
70336  0.438634
70368  0.438634
70400  0.438634
70432  0.438634
70464  0.438634
70496  0.438634
70528  0.438634
70560  0.438634
70592  0.438634
70624  0.438634
70656  0.438634
70688  0.438634
70720  0.438634
70752  0.438634
70784  0.438634
70816  0.438634
70848  0.438634
70880  0.438634
70912  0.438634
70944  0.438634
70976  0.438634
71008  0.438634
71040  0.438634
71072  0.438634
71104  0.438634
71136  0.438634
71168  0.438634
71200  0.438634
71232  0.438634
71264  0.438634
71296  0.438634
71328  0.438634
71360  0.438634
71392  0.438634
71424  0.438634
71456  0.438634
71488  0.438634
71520  0.438634
71552  0.438634
71584  0.438634
71616  0.438634
71648  0.438634
71680  0.438634
71712  0.438634
71744  0.438634
71776  0.438634
71808  0.438634
71840  0.438634
71872  0.438634
71904  0.438634
71936  0.438634
71968  0.438634
72000  0.438634
72032  0.438634
72064  0.438634
72096  0.438634
72128  0.438634
72160  0.438634
72192  0.438634
72224  0.438634
72256  0.438634
72288  0.438634
72320  0.438634
72352  0.438634
72384  0.438634
72416  0.438634
72448  0.438634
72480  0.438634
72512  0.438634
72544  0.438634
72576  0.438634
72608  0.438634
72640  0.438634
72672  0.438634
72704  0.438634
72736  0.438634
72768  0.438634
72800  0.438634
72832  0.438634
72864  0.438634
72896  0.438634
72928  0.438634
72960  0.438634
72992  0.438634
73024  0.438634
73056  0.438634
73088  0.438634
73120  0.438634
73152  0.438634
73184  0.438634
73216  0.438634
73248  0.438634
73280  0.438634
73312  0.438634
73344  0.438634
73376  0.438634
73408  0.438634
73440  0.438634
73472  0.438634
73504  0.438634
73536  0.438634
73568  0.438634
73600  0.438634
73632  0.438634
73664  0.438634
73696  0.438634
73728  0.438634
73760  0.438634
73792  0.438634
73824  0.438634
73856  0.438634
73888  0.438634
73920  0.438634
73952  0.438634
73984  0.438634
74016  0.438634
74048  0.438634
74080  0.438634
74112  0.438634
74144  0.438634
74176  0.438634
74208  0.438634
74240  0.438634
74272  0.438634
74304  0.438634
74336  0.438634
74368  0.438634
74400  0.438634
74432  0.438634
74464  0.438634
74496  0.438634
74528  0.438634
74560  0.438634
74592  0.438634
74624  0.438634
74656  0.438634
74688  0.438634
74720  0.438634
74752  0.438634
74784  0.438634
74816  0.438634
74848  0.438634
74880  0.438634
74912  0.438634
74944  0.438634
74976  0.438634
75008  0.438634
75040  0.438634
75072  0.438634
75104  0.438634
75136  0.438634
75168  0.438634
75200  0.438634
75232  0.438634
75264  0.438634
75296  0.438634
75328  0.438634
75360  0.438634
75392  0.438634
75424  0.438634
75456  0.438634
75488  0.438634
75520  0.438634
75552  0.438634
75584  0.438634
75616  0.438634
75648  0.438634
75680  0.438634
75712  0.438634
75744  0.438634
75776  0.438634
75808  0.438634
75840  0.438634
75872  0.438634
75904  0.438634
75936  0.438634
75968  0.438634
76000  0.438634
76032  0.438634
76064  0.438634
76096  0.438634
76128  0.438634
76160  0.438634
76192  0.438634
76224  0.438634
76256  0.438634
76288  0.438634
76320  0.438634
76352  0.438634
76384  0.438634
76416  0.438634
76448  0.438634
76480  0.438634
76512  0.438634
76544  0.438634
76576  0.438634
76608  0.438634
76640  0.438634
76672  0.438634
76704  0.438634
76736  0.438634
76768  0.438634
76800  0.438634
76832  0.438634
76864  0.438634
76896  0.438634
76928  0.438634
76960  0.438634
76992  0.438634
77024  0.438634
77056  0.438634
77088  0.438634
77120  0.438634
77152  0.438634
77184  0.438634
77216  0.438634
77248  0.438634
77280  0.438634
77312  0.438634
77344  0.438634
77376  0.438634
77408  0.438634
77440  0.438634
77472  0.438634
77504  0.438634
77536  0.438634
77568  0.438634
77600  0.438634
77632  0.438634
77664  0.438634
77696  0.438634
77728  0.438634
77760  0.438634
77792  0.438634
77824  0.438634
77856  0.438634
77888  0.438634
77920  0.438634
77952  0.438634
77984  0.438634
78016  0.438634
78048  0.438634
78080  0.438634
78112  0.438634
78144  0.438634
78176  0.438634
78208  0.438634
78240  0.438634
78272  0.438634
78304  0.438634
78336  0.438634
78368  0.438634
78400  0.438634
78432  0.438634
78464  0.438634
78496  0.438634
78528  0.438634
78560  0.438634
78592  0.438634
78624  0.438634
78656  0.438634
78688  0.438634
78720  0.438634
78752  0.438634
78784  0.438634
78816  0.438634
78848  0.438634
78880  0.438634
78912  0.438634
78944  0.438634
78976  0.438634
79008  0.438634
79040  0.438634
79072  0.438634
79104  0.438634
79136  0.438634
79168  0.438634
79200  0.438634
79232  0.438634
79264  0.438634
79296  0.438634
79328  0.438634
79360  0.438634
79392  0.438634
79424  0.438634
79456  0.438634
79488  0.438634
79520  0.438634
79552  0.438634
79584  0.438634
79616  0.438634
79648  0.438634
79680  0.438634
79712  0.438634
79744  0.438634
79776  0.438634
79808  0.438634
79840  0.438634
79872  0.438634
79904  0.438634
79936  0.438634
79968  0.438634
80000  0.438634
80032  0.438634
80064  0.438634
80096  0.438634
80128  0.438634
80160  0.438634
80192  0.438634
80224  0.438634
80256  0.438634
80288  0.438634
80320  0.438634
80352  0.438634
80384  0.438634
80416  0.438634
80448  0.438634
80480  0.438634
80512  0.438634
80544  0.438634
80576  0.438634
80608  0.438634
80640  0.438634
80672  0.438634
80704  0.438634
80736  0.438634
80768  0.438634
80800  0.438634
80832  0.438634
80864  0.438634
80896  0.438634
80928  0.438634
80960  0.438634
80992  0.438634
81024  0.438634
81056  0.438634
81088  0.438634
81120  0.438634
81152  0.438634
81184  0.438634
81216  0.438634
81248  0.438634
81280  0.438634
81312  0.438634
81344  0.438634
81376  0.438634
81408  0.438634
81440  0.438634
81472  0.438634
81504  0.438634
81536  0.438634
81568  0.438634
81600  0.438634
81632  0.438634
81664  0.438634
81696  0.438634
81728  0.438634
81760  0.438634
81792  0.438634
81824  0.438634
81856  0.438634
81888  0.438634
81920  0.438634
81952  0.438634
81984  0.438634
82016  0.438634
82048  0.438634
82080  0.438634
82112  0.438634
82144  0.438634
82176  0.438634
82208  0.438634
82240  0.438634
82272  0.438634
82304  0.438634
82336  0.438634
82368  0.438634
82400  0.438634
82432  0.438634
82464  0.438634
82496  0.438634
82528  0.438634
82560  0.438634
82592  0.438634
82624  0.438634
82656  0.438634
82688  0.438634
82720  0.438634
82752  0.438634
82784  0.438634
82816  0.438634
82848  0.438634
82880  0.438634
82912  0.438634
82944  0.438634
82976  0.438634
83008  0.438634
83040  0.438634
83072  0.438634
83104  0.438634
83136  0.438634
83168  0.438634
83200  0.438634
83232  0.438634
83264  0.438634
83296  0.438634
83328  0.438634
83360  0.438634
83392  0.438634
83424  0.438634
83456  0.438634
83488  0.438634
83520  0.438634
83552  0.438634
83584  0.438634
83616  0.438634
83648  0.438634
83680  0.438634
83712  0.438634
83744  0.438634
83776  0.438634
83808  0.438634
83840  0.438634
83872  0.438634
83904  0.438634
83936  0.438634
83968  0.438634
84000  0.438634
84032  0.438634
84064  0.438634
84096  0.438634
84128  0.438634
84160  0.438634
84192  0.438634
84224  0.438634
84256  0.438634
84288  0.438634
84320  0.438634
84352  0.438634
84384  0.438634
84416  0.438634
84448  0.438634
84480  0.438634
84512  0.438634
84544  0.438634
84576  0.438634
84608  0.438634
84640  0.438634
84672  0.438634
84704  0.438634
84736  0.438634
84768  0.438634
84800  0.438634
84832  0.438634
84864  0.438634
84896  0.438634
84928  0.438634
84960  0.438634
84992  0.438634
85024  0.438634
85056  0.438634
85088  0.438634
85120  0.438634
85152  0.438634
85184  0.438634
85216  0.438634
85248  0.438634
85280  0.438634
85312  0.438634
85344  0.438634
85376  0.438634
85408  0.438634
85440  0.438634
85472  0.438634
85504  0.438634
85536  0.438634
85568  0.438634
85600  0.438634
85632  0.438634
85664  0.438634
85696  0.438634
85728  0.438634
85760  0.438634
85792  0.438634
85824  0.438634
85856  0.438634
85888  0.438634
85920  0.438634
85952  0.438634
85984  0.438634
86016  0.438634
86048  0.438634
86080  0.438634
86112  0.438634
86144  0.438634
86176  0.438634
86208  0.438634
86240  0.438634
86272  0.438634
86304  0.438634
86336  0.438634
86368  0.438634
86400  0.438634
86432  0.438634
86464  0.438634
86496  0.438634
86528  0.438634
86560  0.438634
86592  0.438634
86624  0.438634
86656  0.438634
86688  0.438634
86720  0.438634
86752  0.438634
86784  0.438634
86816  0.438634
86848  0.438634
86880  0.438634
86912  0.438634
86944  0.438634
86976  0.438634
87008  0.438634
87040  0.438634
87072  0.438634
87104  0.438634
87136  0.438634
87168  0.438634
87200  0.438634
87232  0.438634
87264  0.438634
87296  0.438634
87328  0.438634
87360  0.438634
87392  0.438634
87424  0.438634
87456  0.438634
87488  0.438634
87520  0.438634
87552  0.438634
87584  0.438634
87616  0.438634
87648  0.438634
87680  0.438634
87712  0.438634
87744  0.438634
87776  0.438634
87808  0.438634
87840  0.438634
87872  0.438634
87904  0.438634
87936  0.438634
87968  0.438634
88000  0.438634
88032  0.438634
88064  0.438634
88096  0.438634
88128  0.438634
88160  0.438634
88192  0.438634
88224  0.438634
88256  0.438634
88288  0.438634
88320  0.438634
88352  0.438634
88384  0.438634
88416  0.438634
88448  0.438634
88480  0.438634
88512  0.438634
88544  0.438634
88576  0.438634
88608  0.438634
88640  0.438634
88672  0.438634
88704  0.438634
88736  0.438634
88768  0.438634
88800  0.438634
88832  0.438634
88864  0.438634
88896  0.438634
88928  0.438634
88960  0.438634
88992  0.438634
89024  0.438634
89056  0.438634
89088  0.438634
89120  0.438634
89152  0.438634
89184  0.438634
89216  0.438634
89248  0.438634
89280  0.438634
89312  0.438634
89344  0.438634
89376  0.438634
89408  0.438634
89440  0.438634
89472  0.438634
89504  0.438634
89536  0.438634
89568  0.438634
89600  0.438634
89632  0.438634
89664  0.438634
89696  0.438634
89728  0.438634
89760  0.438634
89792  0.438634
89824  0.438634
89856  0.438634
89888  0.438634
89920  0.438634
89952  0.438634
89984  0.438634
90016  0.438634
90048  0.438634
90080  0.438634
90112  0.438634
90144  0.438634
90176  0.438634
90208  0.438634
90240  0.438634
90272  0.438634
90304  0.438634
90336  0.438634
90368  0.438634
90400  0.438634
90432  0.438634
90464  0.438634
90496  0.438634
90528  0.438634
90560  0.438634
90592  0.438634
90624  0.438634
90656  0.438634
90688  0.438634
90720  0.438634
90752  0.438634
90784  0.438634
90816  0.438634
90848  0.438634
90880  0.438634
90912  0.438634
90944  0.438634
90976  0.438634
91008  0.438634
91040  0.438634
91072  0.438634
91104  0.438634
91136  0.438634
91168  0.438634
91200  0.438634
91232  0.438634
91264  0.438634
91296  0.438634
91328  0.438634
91360  0.438634
91392  0.438634
91424  0.438634
91456  0.438634
91488  0.438634
91520  0.438634
91552  0.438634
91584  0.438634
91616  0.438634
91648  0.438634
91680  0.438634
91712  0.438634
91744  0.438634
91776  0.438634
91808  0.438634
91840  0.438634
91872  0.438634
91904  0.438634
91936  0.438634
91968  0.438634
92000  0.438634
92032  0.438634
92064  0.438634
92096  0.438634
92128  0.438634
92160  0.438634
92192  0.438634
92224  0.438634
92256  0.438634
92288  0.438634
92320  0.438634
92352  0.438634
92384  0.438634
92416  0.438634
92448  0.438634
92480  0.438634
92512  0.438634
92544  0.438634
92576  0.438634
92608  0.438634
92640  0.438634
92672  0.438634
92704  0.438634
92736  0.438634
92768  0.438634
92800  0.438634
92832  0.438634
92864  0.438634
92896  0.438634
92928  0.438634
92960  0.438634
92992  0.438634
93024  0.438634
93056  0.438634
93088  0.438634
93120  0.438634
93152  0.438634
93184  0.438634
93216  0.438634
93248  0.438634
93280  0.438634
93312  0.438634
93344  0.438634
93376  0.438634
93408  0.438634
93440  0.438634
93472  0.438634
93504  0.438634
93536  0.438634
93568  0.438634
93600  0.438634
93632  0.438634
93664  0.438634
93696  0.438634
93728  0.438634
93760  0.438634
93792  0.438634
93824  0.438634
93856  0.438634
93888  0.438634
93920  0.438634
93952  0.438634
93984  0.438634
94016  0.438634
94048  0.438634
94080  0.438634
94112  0.438634
94144  0.438634
94176  0.438634
94208  0.438634
94240  0.438634
94272  0.438634
94304  0.438634
94336  0.438634
94368  0.438634
94400  0.438634
94432  0.438634
94464  0.438634
94496  0.438634
94528  0.438634
94560  0.438634
94592  0.438634
94624  0.438634
94656  0.438634
94688  0.438634
94720  0.438634
94752  0.438634
94784  0.438634
94816  0.438634
94848  0.435215
94880  0.435215
94912  0.435215
94944  0.435215
94976  0.435215
95008  0.435215
95040  0.435215
95072  0.435215
95104  0.435215
95136  0.435215
95168  0.435215
95200  0.435215
95232  0.435215
95264  0.435215
95296  0.435215
95328  0.435215
95360  0.435215
95392  0.435215
95424  0.435215
95456  0.435215
95488  0.435215
95520  0.435215
95552  0.435215
95584  0.435215
95616  0.435215
95648  0.435215
95680  0.435215
95712  0.435215
95744  0.435215
95776  0.435215
95808  0.435215
95840  0.435215
95872  0.435215
95904  0.435215
95936  0.435215
95968  0.435215
96000  0.435215
96032  0.435215
