Step  Penalty
50  0.526558
100  0.50846
150  0.500699
200  0.493196
250  0.486588
300  0.479128
350  0.471395
400  0.463035
450  0.456502
500  0.450715
550  0.442395
600  0.432994
650  0.426181
700  0.417687
750  0.408244
800  0.399279
850  0.391385
900  0.382474
950  0.375108
1000  0.369007
1050  0.363301
1100  0.356426
1150  0.350255
1200  0.344973
1250  0.339081
1300  0.333637
1350  0.328735
1400  0.324138
1450  0.320284
1500  0.315671
1550  0.310417
1600  0.304993
1650  0.299537
1700  0.293921
1750  0.289559
1800  0.286784
1850  0.283672
1900  0.281746
1950  0.279776
2000  0.27801
2050  0.276881
2100  0.275626
2150  0.274637
2200  0.273006
2250  0.27103
2300  0.268282
2350  0.266571
2400  0.264053
2450  0.262169
2500  0.260693
2550  0.259104
2600  0.256856
2650  0.255429
2700  0.253674
2750  0.252858
2800  0.251769
2850  0.250556
2900  0.249568
2950  0.248744
3000  0.247522
3050  0.245885
3100  0.244728
3150  0.243209
3200  0.242403
3250  0.241423
3300  0.240534
3350  0.239464
3400  0.238809
3450  0.23843
3500  0.237687
3550  0.237247
3600  0.2366
3650  0.236282
3700  0.235852
3750  0.235351
3800  0.235308
3850  0.234761
3900  0.234312
3950  0.234155
4000  0.233827
4050  0.233597
4100  0.233291
4150  0.233065
4200  0.232451
4250  0.23227
4300  0.232123
4350  0.231557
4400  0.231098
4450  0.230866
4500  0.230641
4550  0.230501
4600  0.230204
4650  0.230103
4700  0.229898
4750  0.229713
4800  0.229357
4850  0.229198
4900  0.229019
4950  0.229019
5000  0.228739
5050  0.228647
5100  0.228529
5150  0.228482
5200  0.22843
5250  0.228239
5300  0.227891
5350  0.227629
5400  0.227557
5450  0.227333
5500  0.226991
5550  0.226619
5600  0.226055
5650  0.225519
5700  0.225114
5750  0.22486
5800  0.224082
5850  0.223552
5900  0.223198
5950  0.222926
6000  0.222454
6050  0.222219
6100  0.221974
6150  0.221682
6200  0.221081
6250  0.220825
6300  0.220293
6350  0.220158
6400  0.219857
6450  0.219775
6500  0.219466
6550  0.219254
6600  0.219105
6650  0.218684
6700  0.21841
6750  0.21823
6800  0.217906
6850  0.217719
6900  0.217339
6950  0.217244
7000  0.217046
7050  0.216851
7100  0.216788
7150  0.216618
7200  0.216318
7250  0.215957
7300  0.215958
7350  0.215917
7400  0.21566
7450  0.215418
7500  0.215297
7550  0.215297
7600  0.215211
7650  0.215156
7700  0.215057
7750  0.214886
7800  0.214667
7850  0.214667
7900  0.214667
7950  0.214621
8000  0.21451
8050  0.21439
8100  0.21436
8150  0.21432
8200  0.214051
8250  0.213921
8300  0.213921
8350  0.213845
8400  0.213845
8450  0.213845
8500  0.213577
8550  0.213464
8600  0.213249
8650  0.213206
8700  0.213163
8750  0.213163
8800  0.21294
8850  0.212913
8900  0.212913
8950  0.212864
9000  0.212864
9050  0.212848
9100  0.212615
9150  0.212615
9200  0.212474
9250  0.212153
9300  0.212069
9350  0.212012
9400  0.211924
9450  0.211916
9500  0.211916
9550  0.211879
9600  0.211879
9650  0.211798
9700  0.211773
9750  0.211771
9800  0.211607
9850  0.211584
9900  0.211584
9950  0.211387
10000  0.211362
10050  0.211132
10100  0.210949
10150  0.210916
10200  0.210852
10250  0.210851
10300  0.210795
10350  0.210691
10400  0.210672
10450  0.210603
10500  0.210603
10550  0.210576
10600  0.210452
10650  0.210443
10700  0.210443
10750  0.210411
10800  0.21037
10850  0.210364
10900  0.210303
10950  0.210303
11000  0.210295
11050  0.209973
11100  0.209854
11150  0.209783
11200  0.209737
11250  0.209692
11300  0.209562
11350  0.209451
11400  0.20932
11450  0.209161
11500  0.208976
11550  0.208976
11600  0.208916
11650  0.208916
11700  0.208788
11750  0.208568
11800  0.208568
11850  0.208568
11900  0.208383
11950  0.208344
12000  0.208184
12050  0.208142
12100  0.20798
12150  0.20796
12200  0.207734
12250  0.207717
12300  0.207557
12350  0.207557
12400  0.207454
12450  0.207448
12500  0.207335
12550  0.207327
12600  0.207286
12650  0.207006
12700  0.206714
12750  0.206601
12800  0.206594
12850  0.206594
12900  0.206577
12950  0.206432
13000  0.20643
13050  0.206394
13100  0.206247
13150  0.206085
13200  0.206069
13250  0.206065
13300  0.205976
13350  0.20587
13400  0.205794
13450  0.205794
13500  0.20571
13550  0.205663
13600  0.205491
13650  0.205382
13700  0.205311
13750  0.205241
13800  0.20519
13850  0.20519
13900  0.205071
13950  0.205071
14000  0.205052
14050  0.205028
14100  0.204943
14150  0.204923
14200  0.204875
14250  0.204875
14300  0.204624
14350  0.20458
14400  0.20458
14450  0.20458
14500  0.20458
14550  0.204531
14600  0.204526
14650  0.204526
14700  0.204526
14750  0.204513
14800  0.204466
14850  0.204429
14900  0.204415
14950  0.204415
15000  0.204415
15050  0.204324
15100  0.204324
15150  0.204324
15200  0.204308
15250  0.204308
15300  0.204308
15350  0.204308
15400  0.204288
15450  0.204259
15500  0.204259
15550  0.204253
15600  0.204149
15650  0.204028
15700  0.204
15750  0.204
15800  0.203984
15850  0.203855
15900  0.203855
15950  0.203707
16000  0.203638
16050  0.203583
16100  0.203583
16150  0.203542
16200  0.203542
16250  0.203497
16300  0.203497
16350  0.203497
16400  0.203247
16450  0.203247
16500  0.203207
16550  0.203207
16600  0.203207
16650  0.203207
16700  0.203196
16750  0.203165
16800  0.203112
16850  0.203087
16900  0.203072
16950  0.203061
17000  0.203025
17050  0.203025
17100  0.202982
17150  0.202972
17200  0.202969
17250  0.202939
17300  0.202939
17350  0.202939
17400  0.202933
17450  0.202848
17500  0.202848
17550  0.202848
17600  0.202848
17650  0.202848
17700  0.202761
17750  0.202761
17800  0.202761
17850  0.202761
17900  0.202761
17950  0.202761
18000  0.202761
18050  0.202761
18100  0.202761
18150  0.202761
18200  0.202761
18250  0.202723
18300  0.20272
18350  0.202655
18400  0.202655
18450  0.202564
18500  0.202564
18550  0.202564
18600  0.202564
18650  0.202541
18700  0.202541
18750  0.202514
18800  0.202514
18850  0.202514
18900  0.202514
18950  0.202411
19000  0.202411
19050  0.202411
19100  0.202411
19150  0.202408
19200  0.202408
19250  0.202288
19300  0.202288
19350  0.202124
19400  0.202124
19450  0.202124
19500  0.202115
19550  0.202074
19600  0.202014
19650  0.202009
19700  0.201997
19750  0.201978
19800  0.201971
19850  0.201875
19900  0.201875
19950  0.201781
20000  0.201781
20050  0.201781
20100  0.201781
20150  0.201781
20200  0.201781
20250  0.201781
20300  0.201781
20350  0.201727
20400  0.201727
20450  0.20165
20500  0.201541
20550  0.201541
20600  0.201541
20650  0.201441
20700  0.201441
20750  0.201324
20800  0.201324
20850  0.201324
20900  0.201319
20950  0.201319
21000  0.201239
21050  0.201197
21100  0.201197
21150  0.201147
21200  0.201147
21250  0.201147
21300  0.201143
21350  0.201074
21400  0.201026
21450  0.200953
21500  0.20087
21550  0.200857
21600  0.200767
21650  0.200714
21700  0.200714
21750  0.200714
21800  0.200702
21850  0.200674
21900  0.200666
21950  0.200666
22000  0.200585
22050  0.200507
22100  0.200507
22150  0.200485
22200  0.200399
22250  0.200395
22300  0.200395
22350  0.200347
22400  0.200347
22450  0.20031
22500  0.20031
22550  0.200263
22600  0.20022
22650  0.200121
22700  0.200121
22750  0.200094
22800  0.199993
22850  0.199858
22900  0.19969
22950  0.19969
23000  0.19956
23050  0.199504
23100  0.199455
23150  0.199423
23200  0.199376
23250  0.199168
23300  0.199168
23350  0.19915
23400  0.19915
23450  0.198972
23500  0.198915
23550  0.198804
23600  0.198804
23650  0.198804
23700  0.198804
23750  0.198711
23800  0.198711
23850  0.198711
23900  0.198711
23950  0.198697
24000  0.198697
24050  0.198676
24100  0.198676
24150  0.198676
24200  0.198676
24250  0.198663
24300  0.198663
24350  0.198624
24400  0.198575
24450  0.198517
24500  0.198501
24550  0.198501
24600  0.198434
24650  0.198358
24700  0.198358
24750  0.198358
24800  0.198334
24850  0.198241
24900  0.198241
24950  0.198217
25000  0.198175
25050  0.198162
25100  0.198157
25150  0.198135
25200  0.198031
25250  0.198031
25300  0.197924
25350  0.197818
25400  0.19781
25450  0.197695
25500  0.197679
25550  0.197629
25600  0.197617
25650  0.197451
25700  0.197432
25750  0.197411
25800  0.197411
25850  0.197411
25900  0.197323
25950  0.197287
26000  0.197256
26050  0.197214
26100  0.197214
26150  0.197214
26200  0.197214
26250  0.197214
26300  0.197209
26350  0.197191
26400  0.197148
26450  0.197046
26500  0.196827
26550  0.196827
26600  0.196827
26650  0.196827
26700  0.196737
26750  0.196724
26800  0.196697
26850  0.196603
26900  0.196358
26950  0.196358
27000  0.196315
27050  0.196061
27100  0.195969
27150  0.195947
27200  0.195947
27250  0.195698
27300  0.195653
27350  0.195653
27400  0.195477
27450  0.195444
27500  0.195279
27550  0.195183
27600  0.195115
27650  0.195099
27700  0.195057
27750  0.194992
27800  0.194906
27850  0.194761
27900  0.194725
27950  0.194624
28000  0.1946
28050  0.194384
28100  0.194384
28150  0.194192
28200  0.194129
28250  0.194036
28300  0.193957
28350  0.193854
28400  0.193666
28450  0.193591
28500  0.193546
28550  0.193545
28600  0.193486
28650  0.193484
28700  0.193378
28750  0.193364
28800  0.193233
28850  0.193233
28900  0.193163
28950  0.193155
29000  0.193007
29050  0.192987
29100  0.192947
29150  0.192929
29200  0.192744
29250  0.192745
29300  0.192524
29350  0.192354
29400  0.192121
29450  0.192044
29500  0.191955
29550  0.191822
29600  0.19173
29650  0.191678
29700  0.191605
29750  0.191567
29800  0.19152
29850  0.19152
29900  0.191444
29950  0.191421
30000  0.191386
30050  0.191386
30100  0.191309
30150  0.191261
30200  0.191168
30250  0.191125
30300  0.191089
30350  0.191063
30400  0.191062
30450  0.19101
30500  0.19101
30550  0.191006
30600  0.191006
30650  0.191006
30700  0.190954
30750  0.190954
30800  0.190858
30850  0.190858
30900  0.190794
30950  0.190794
31000  0.190794
31050  0.190794
31100  0.19071
31150  0.19071
31200  0.190652
31250  0.190627
31300  0.190557
31350  0.190399
31400  0.19037
31450  0.19037
31500  0.19037
31550  0.190347
31600  0.190305
31650  0.190254
31700  0.190254
31750  0.190254
31800  0.190185
31850  0.190185
31900  0.190185
31950  0.190113
32000  0.190113
32050  0.18998
32100  0.18998
32150  0.18998
32200  0.18998
32250  0.189962
32300  0.189962
32350  0.189944
32400  0.189873
32450  0.189873
32500  0.189873
32550  0.189824
32600  0.189824
32650  0.189824
32700  0.189799
32750  0.189799
32800  0.189799
32850  0.189758
32900  0.189758
32950  0.189686
33000  0.189686
33050  0.189686
33100  0.189686
33150  0.189686
33200  0.189671
33250  0.18958
33300  0.189565
33350  0.189565
33400  0.189529
33450  0.189529
33500  0.18951
33550  0.18951
33600  0.189448
33650  0.189448
33700  0.189446
33750  0.189347
33800  0.189299
33850  0.189231
33900  0.189231
33950  0.189231
34000  0.189177
34050  0.189146
34100  0.189146
34150  0.189077
34200  0.189077
34250  0.189003
34300  0.189003
34350  0.189001
34400  0.188997
34450  0.188961
34500  0.1889
34550  0.188865
34600  0.188865
34650  0.188865
34700  0.188784
34750  0.188783
34800  0.188783
34850  0.188758
34900  0.188758
34950  0.188756
35000  0.188734
35050  0.188734
35100  0.188727
35150  0.188727
35200  0.188677
35250  0.188625
35300  0.188625
35350  0.188546
35400  0.188411
35450  0.188393
35500  0.188393
35550  0.188393
35600  0.18825
35650  0.18825
35700  0.188173
35750  0.188173
35800  0.188173
35850  0.188173
35900  0.188101
35950  0.188046
36000  0.188032
36050  0.188029
36100  0.188029
36150  0.188019
36200  0.188019
36250  0.188019
36300  0.188019
36350  0.188019
36400  0.188002
36450  0.187929
36500  0.187929
36550  0.187877
36600  0.187851
36650  0.187799
36700  0.187745
36750  0.187745
36800  0.187692
36850  0.187692
36900  0.187692
36950  0.187692
37000  0.187692
37050  0.187692
37100  0.187672
37150  0.187672
37200  0.187672
37250  0.187672
37300  0.187672
37350  0.187672
37400  0.18765
37450  0.18765
37500  0.18765
37550  0.18765
37600  0.18765
37650  0.18765
37700  0.187529
37750  0.187411
37800  0.187411
37850  0.187411
37900  0.187411
37950  0.187411
38000  0.187388
38050  0.187388
38100  0.187368
38150  0.187318
38200  0.187318
38250  0.187318
38300  0.187318
38350  0.187318
38400  0.187281
38450  0.187269
38500  0.187269
38550  0.187243
38600  0.187173
38650  0.187173
38700  0.187173
38750  0.187173
38800  0.18717
38850  0.18717
38900  0.18717
38950  0.18717
39000  0.18717
39050  0.18717
39100  0.187137
39150  0.187096
39200  0.187067
39250  0.187067
39300  0.187067
39350  0.187067
39400  0.18699
39450  0.18699
39500  0.18694
39550  0.186836
39600  0.186836
39650  0.186836
39700  0.186836
39750  0.186836
39800  0.186836
39850  0.186836
39900  0.186836
39950  0.186807
40000  0.186682
40050  0.186623
40100  0.186599
40150  0.186599
40200  0.186486
40250  0.186473
40300  0.186473
40350  0.186473
40400  0.186473
40450  0.186473
40500  0.186469
40550  0.186469
40600  0.186469
40650  0.186469
40700  0.186469
40750  0.186469
40800  0.186469
40850  0.186377
40900  0.186377
40950  0.186377
41000  0.186374
41050  0.186296
41100  0.186296
41150  0.186296
41200  0.18627
41250  0.18627
41300  0.18625
41350  0.186245
41400  0.186245
41450  0.186191
41500  0.186191
41550  0.186191
41600  0.186191
41650  0.186191
41700  0.186191
41750  0.186176
41800  0.186176
41850  0.186069
41900  0.186065
41950  0.186065
42000  0.186065
42050  0.186065
42100  0.186065
42150  0.186038
42200  0.186038
42250  0.185951
42300  0.185893
42350  0.185893
42400  0.185893
42450  0.185893
42500  0.185893
42550  0.185893
42600  0.185893
42650  0.185884
42700  0.185879
42750  0.185879
42800  0.185879
42850  0.185851
42900  0.185851
42950  0.185851
43000  0.185762
43050  0.185734
43100  0.185734
43150  0.185734
43200  0.185734
43250  0.185734
43300  0.185683
43350  0.185683
43400  0.185641
43450  0.185641
43500  0.185641
43550  0.185641
43600  0.185641
43650  0.185641
43700  0.185641
43750  0.185641
43800  0.185593
43850  0.185593
43900  0.185593
43950  0.185593
44000  0.185593
44050  0.18558
44100  0.18558
44150  0.18558
44200  0.18554
44250  0.18554
44300  0.185519
44350  0.185488
44400  0.185488
44450  0.185413
44500  0.185413
44550  0.185387
44600  0.185387
44650  0.185387
44700  0.185316
44750  0.185316
44800  0.185278
44850  0.185278
44900  0.185278
44950  0.185278
45000  0.185278
45050  0.185278
45100  0.185278
45150  0.185278
45200  0.18511
45250  0.18501
45300  0.184905
45350  0.184905
45400  0.184905
45450  0.184898
45500  0.184879
45550  0.184879
45600  0.184879
45650  0.184762
45700  0.184762
45750  0.184747
45800  0.184747
45850  0.184745
45900  0.184745
45950  0.184717
46000  0.184717
46050  0.184717
46100  0.184717
46150  0.184661
46200  0.184634
46250  0.184578
46300  0.184578
46350  0.184578
46400  0.18457
46450  0.18457
46500  0.184568
46550  0.184568
46600  0.184542
46650  0.184519
46700  0.184519
46750  0.184479
46800  0.184432
46850  0.184327
46900  0.184327
46950  0.184327
47000  0.184312
47050  0.18426
47100  0.18426
47150  0.18426
47200  0.18426
47250  0.18426
47300  0.18426
47350  0.18426
47400  0.18426
47450  0.18426
47500  0.18424
47550  0.184192
47600  0.184163
47650  0.184163
47700  0.184163
47750  0.184118
47800  0.184118
47850  0.184118
47900  0.184118
47950  0.184118
48000  0.184118
48050  0.184118
48100  0.184118
48150  0.184118
48200  0.184116
48250  0.184116
48300  0.184116
48350  0.184067
48400  0.184067
48450  0.184067
48500  0.184067
48550  0.184067
48600  0.184013
48650  0.184013
48700  0.184013
48750  0.184001
48800  0.184001
48850  0.184001
48900  0.184001
48950  0.183893
49000  0.183893
49050  0.183893
49100  0.183893
49150  0.183893
49200  0.183893
49250  0.183893
49300  0.183893
49350  0.183858
49400  0.183858
49450  0.183858
49500  0.183853
49550  0.183853
49600  0.183853
49650  0.183853
49700  0.183853
49750  0.183853
49800  0.183761
49850  0.183761
49900  0.183722
49950  0.183722
50000  0.183722
50050  0.183722
50100  0.183722
50150  0.183722
50200  0.183722
50250  0.183722
50300  0.183722
50350  0.183661
50400  0.183661
50450  0.183655
50500  0.183649
50550  0.183608
50600  0.183608
50650  0.183608
50700  0.183586
50750  0.183586
50800  0.183586
50850  0.183558
50900  0.183558
50950  0.183558
51000  0.183558
51050  0.183558
51100  0.183516
51150  0.183516
51200  0.183424
51250  0.18341
51300  0.18341
51350  0.18341
51400  0.18341
51450  0.18341
51500  0.18341
51550  0.18341
51600  0.183409
51650  0.183409
51700  0.183409
51750  0.183409
51800  0.183409
51850  0.183409
51900  0.183409
51950  0.183409
52000  0.183409
52050  0.183409
52100  0.183409
52150  0.183409
52200  0.183366
52250  0.183366
52300  0.183366
52350  0.183366
52400  0.183356
52450  0.183356
52500  0.183356
52550  0.183356
52600  0.183332
52650  0.183332
52700  0.183331
52750  0.183331
52800  0.183331
52850  0.183331
52900  0.183331
52950  0.183325
53000  0.183325
53050  0.183325
53100  0.183325
53150  0.183325
53200  0.183325
53250  0.183325
53300  0.183325
53350  0.183315
53400  0.183315
53450  0.183306
53500  0.183296
53550  0.183296
53600  0.183296
53650  0.183296
53700  0.183296
53750  0.183296
53800  0.183296
53850  0.183296
53900  0.183296
53950  0.183272
54000  0.183272
54050  0.183272
54100  0.183272
54150  0.183269
54200  0.183269
54250  0.183269
54300  0.183269
54350  0.183269
54400  0.183269
54450  0.183269
54500  0.183269
54550  0.183269
54600  0.183269
54650  0.18326
54700  0.18326
54750  0.183257
54800  0.183257
54850  0.183257
54900  0.183257
54950  0.183257
55000  0.183257
55050  0.183257
55100  0.183257
55150  0.183257
55200  0.183257
55250  0.183257
55300  0.183257
55350  0.183257
55400  0.183253
55450  0.183253
55500  0.183253
55550  0.183251
55600  0.183251
55650  0.183251
55700  0.183251
55750  0.183251
55800  0.183246
55850  0.183246
55900  0.183246
55950  0.183232
56000  0.183232
56050  0.183222
56100  0.183222
56150  0.183222
56200  0.183222
56250  0.183222
56300  0.183222
56350  0.183162
56400  0.183149
56450  0.183149
56500  0.183149
56550  0.183149
56600  0.183149
56650  0.183149
56700  0.183149
56750  0.183149
56800  0.183149
56850  0.183149
56900  0.183149
56950  0.183149
57000  0.183079
57050  0.183079
57100  0.183079
57150  0.183079
57200  0.183079
57250  0.183079
57300  0.183079
57350  0.183079
57400  0.183079
57450  0.183075
57500  0.183075
57550  0.183051
57600  0.183051
57650  0.183051
57700  0.183051
57750  0.183051
57800  0.18304
57850  0.18304
57900  0.18304
57950  0.18304
58000  0.18304
58050  0.18304
58100  0.182946
58150  0.182946
58200  0.182946
58250  0.182946
58300  0.182874
58350  0.182874
58400  0.182852
58450  0.182825
58500  0.182825
58550  0.182825
58600  0.182825
58650  0.182825
58700  0.182825
58750  0.182727
58800  0.182727
58850  0.182727
58900  0.182704
58950  0.182704
59000  0.182704
59050  0.182694
59100  0.182694
59150  0.182694
59200  0.182694
59250  0.182694
59300  0.182679
59350  0.182679
59400  0.182679
59450  0.182679
59500  0.182679
59550  0.182609
59600  0.182609
59650  0.182609
59700  0.182609
59750  0.182609
59800  0.182575
59850  0.182575
59900  0.182555
59950  0.182555
60000  0.182555
60050  0.182555
60100  0.182555
60150  0.182555
60200  0.182555
60250  0.182555
60300  0.182555
60350  0.182555
60400  0.182555
60450  0.182555
60500  0.182555
60550  0.182489
60600  0.182489
60650  0.182489
60700  0.182489
60750  0.182489
60800  0.182489
60850  0.182489
60900  0.182489
60950  0.182489
61000  0.182489
61050  0.182489
61100  0.182489
61150  0.182489
61200  0.182489
61250  0.182489
61300  0.182489
61350  0.182489
61400  0.182489
61450  0.182489
61500  0.182473
61550  0.182473
61600  0.182473
61650  0.182473
61700  0.182473
61750  0.182473
61800  0.182473
61850  0.182473
61900  0.182473
61950  0.182473
62000  0.182473
62050  0.182473
62100  0.182473
62150  0.182473
62200  0.182473
62250  0.182473
62300  0.182473
62350  0.182473
62400  0.182473
62450  0.182473
62500  0.182473
62550  0.182473
62600  0.182473
62650  0.182473
62700  0.182434
62750  0.182434
62800  0.182434
62850  0.182434
62900  0.182434
62950  0.182434
63000  0.182434
63050  0.182434
63100  0.182434
63150  0.182434
63200  0.182318
63250  0.182318
63300  0.182234
63350  0.182234
63400  0.182234
63450  0.182234
63500  0.182234
63550  0.182234
63600  0.182234
63650  0.182234
63700  0.182234
63750  0.182234
63800  0.182234
63850  0.182234
63900  0.182234
63950  0.182234
64000  0.182234
64050  0.182234
64100  0.182218
64150  0.182218
64200  0.182218
64250  0.182218
64300  0.182218
64350  0.182218
64400  0.182215
64450  0.182215
64500  0.182215
64550  0.182215
64600  0.182215
64650  0.182215
64700  0.182215
64750  0.182215
64800  0.182191
64850  0.182191
64900  0.182191
64950  0.182191
65000  0.182169
65050  0.182169
65100  0.182169
65150  0.182169
65200  0.182147
65250  0.182147
65300  0.182147
65350  0.182147
65400  0.182147
65450  0.182147
65500  0.182147
65550  0.182147
65600  0.182147
65650  0.182147
65700  0.182147
65750  0.182148
65800  0.182148
65850  0.182148
65900  0.182148
65950  0.182148
66000  0.182148
66050  0.182148
66100  0.18213
66150  0.18213
66200  0.18213
66250  0.18213
66300  0.18213
66350  0.18213
66400  0.18213
66450  0.18213
66500  0.18213
66550  0.18213
66600  0.18213
66650  0.18213
66700  0.18213
66750  0.18213
66800  0.18213
66850  0.18213
66900  0.18213
66950  0.18213
67000  0.18213
67050  0.18213
67100  0.18213
67150  0.18213
67200  0.18213
67250  0.18213
67300  0.18213
67350  0.18213
67400  0.182128
67450  0.182119
67500  0.182105
67550  0.182105
67600  0.182105
67650  0.182105
67700  0.182105
67750  0.182105
67800  0.182105
67850  0.182105
67900  0.182105
67950  0.182105
68000  0.182105
68050  0.182096
68100  0.182096
68150  0.182096
68200  0.182003
68250  0.182003
68300  0.182003
68350  0.182003
68400  0.182003
68450  0.181985
68500  0.181985
68550  0.181985
68600  0.181985
68650  0.181933
68700  0.181933
68750  0.181933
68800  0.181933
68850  0.181933
68900  0.181933
68950  0.181933
69000  0.181933
69050  0.181933
69100  0.181933
69150  0.181933
69200  0.181933
69250  0.181933
69300  0.181933
69350  0.181933
69400  0.181933
69450  0.181933
69500  0.181933
69550  0.181933
69600  0.181933
69650  0.181902
69700  0.181902
69750  0.181902
69800  0.181902
69850  0.181902
69900  0.181902
69950  0.181902
70000  0.181902
70050  0.181902
70100  0.181902
70150  0.181902
70200  0.181902
70250  0.181902
70300  0.181811
70350  0.181811
70400  0.181811
70450  0.181811
70500  0.181811
70550  0.181807
70600  0.181807
70650  0.181807
70700  0.181807
70750  0.181807
70800  0.181807
70850  0.181807
70900  0.181807
70950  0.181807
71000  0.181807
71050  0.181807
71100  0.181754
71150  0.181754
71200  0.181754
71250  0.181754
71300  0.181754
71350  0.181754
71400  0.181754
71450  0.181754
71500  0.181754
71550  0.181754
71600  0.181754
71650  0.181754
71700  0.181754
71750  0.181754
71800  0.181754
71850  0.181754
71900  0.181754
71950  0.181754
72000  0.181754
72050  0.181754
72100  0.181754
72150  0.181754
72200  0.181754
72250  0.181754
72300  0.181754
72350  0.181754
72400  0.181754
72450  0.181754
72500  0.181754
72550  0.181754
72600  0.181754
72650  0.181754
72700  0.181754
72750  0.181754
72800  0.181754
72850  0.181754
72900  0.181754
72950  0.181754
73000  0.181754
73050  0.181754
73100  0.181754
73150  0.181754
73200  0.181754
73250  0.181732
73300  0.181732
73350  0.181732
73400  0.181732
73450  0.181732
73500  0.181732
73550  0.181732
73600  0.181732
73650  0.181697
73700  0.181695
73750  0.181695
73800  0.181695
73850  0.181695
73900  0.181695
73950  0.181685
74000  0.181685
74050  0.181685
74100  0.181685
74150  0.181664
74200  0.181664
74250  0.181664
74300  0.181604
74350  0.181604
74400  0.181604
74450  0.181604
74500  0.181604
74550  0.181604
74600  0.181604
74650  0.181604
74700  0.181604
74750  0.181604
74800  0.181604
74850  0.181604
74900  0.181604
74950  0.181604
75000  0.181604
75050  0.181604
75100  0.181604
75150  0.181604
75200  0.181604
75250  0.181516
75300  0.181516
75350  0.181516
75400  0.181516
75450  0.181516
75500  0.181448
75550  0.181448
75600  0.181448
75650  0.181448
75700  0.181448
75750  0.181448
75800  0.181448
75850  0.181448
75900  0.181448
75950  0.181413
76000  0.181413
76050  0.181413
76100  0.181413
76150  0.181413
76200  0.181413
76250  0.181413
76300  0.181334
76350  0.181334
76400  0.181334
76450  0.181334
76500  0.181334
76550  0.181334
76600  0.181334
76650  0.181292
76700  0.181292
76750  0.181292
76800  0.181292
76850  0.181292
76900  0.181292
76950  0.181292
77000  0.181292
77050  0.181292
77100  0.181292
77150  0.181291
77200  0.181291
77250  0.181257
77300  0.181257
77350  0.181257
77400  0.181257
77450  0.181257
77500  0.181257
77550  0.181257
77600  0.181257
77650  0.181257
77700  0.181257
77750  0.181257
77800  0.181257
77850  0.181257
77900  0.181257
77950  0.181252
78000  0.181247
78050  0.181247
78100  0.181247
78150  0.181247
78200  0.181205
78250  0.181205
78300  0.181205
78350  0.181205
78400  0.181205
78450  0.181205
78500  0.181199
78550  0.181199
78600  0.181199
78650  0.181199
78700  0.181199
78750  0.181199
78800  0.181199
78850  0.181139
78900  0.181139
78950  0.181139
79000  0.181139
79050  0.181139
79100  0.181139
79150  0.181136
79200  0.181136
79250  0.1811
79300  0.181094
79350  0.181094
79400  0.181094
79450  0.181094
79500  0.181094
79550  0.181094
79600  0.181094
79650  0.181094
79700  0.181094
79750  0.181094
79800  0.181094
79850  0.181094
79900  0.181094
79950  0.181094
80000  0.181094
80050  0.181094
80100  0.181064
80150  0.181064
80200  0.181064
80250  0.181064
80300  0.181064
80350  0.181064
80400  0.181062
80450  0.181062
80500  0.181062
80550  0.181062
80600  0.181035
80650  0.181035
80700  0.181035
80750  0.181035
80800  0.181035
80850  0.181035
80900  0.181033
80950  0.181033
81000  0.181033
81050  0.181033
81100  0.181033
81150  0.181033
81200  0.181033
81250  0.181033
81300  0.181033
81350  0.181033
81400  0.181033
81450  0.181033
81500  0.181033
81550  0.181033
81600  0.180987
81650  0.180987
81700  0.180987
81750  0.180987
81800  0.180987
81850  0.180987
81900  0.180987
81950  0.180987
82000  0.180987
82050  0.180987
82100  0.180987
82150  0.180987
82200  0.180987
82250  0.180987
82300  0.180987
82350  0.180987
82400  0.180987
82450  0.180987
82500  0.180987
82550  0.180987
82600  0.180987
82650  0.180987
82700  0.180987
82750  0.180987
82800  0.180987
82850  0.180987
82900  0.180987
82950  0.180987
83000  0.180987
83050  0.180987
83100  0.180987
83150  0.180987
83200  0.180986
83250  0.180986
83300  0.180986
83350  0.180985
83400  0.180985
83450  0.180985
83500  0.180985
83550  0.180985
83600  0.180985
83650  0.18096
83700  0.180922
83750  0.180922
83800  0.180882
83850  0.180882
83900  0.180784
83950  0.180784
84000  0.180784
84050  0.180784
84100  0.180784
84150  0.180784
84200  0.180784
84250  0.180784
84300  0.180731
84350  0.180731
84400  0.180715
84450  0.180715
84500  0.180715
84550  0.180715
84600  0.180715
84650  0.180715
84700  0.180715
84750  0.180715
84800  0.180715
84850  0.180715
84900  0.180715
84950  0.180708
85000  0.180708
85050  0.180708
85100  0.180708
85150  0.180708
85200  0.180708
85250  0.180708
85300  0.180708
85350  0.180708
85400  0.180694
85450  0.180694
85500  0.180694
85550  0.180694
85600  0.180694
85650  0.180694
85700  0.180694
85750  0.180694
85800  0.180694
85850  0.180694
85900  0.180694
85950  0.180623
86000  0.180623
86050  0.180623
86100  0.180623
86150  0.180568
86200  0.180508
86250  0.180508
86300  0.180508
86350  0.180508
86400  0.180508
86450  0.180508
86500  0.180504
86550  0.180504
86600  0.180504
86650  0.180504
86700  0.180504
86750  0.180504
86800  0.180497
86850  0.180497
86900  0.180497
86950  0.180497
87000  0.180495
87050  0.180495
87100  0.180495
87150  0.180495
87200  0.180495
87250  0.180495
87300  0.180495
87350  0.180495
87400  0.180495
87450  0.180495
87500  0.180495
87550  0.180491
87600  0.180491
87650  0.180491
87700  0.180491
87750  0.180491
87800  0.180491
87850  0.180483
87900  0.180483
87950  0.180483
88000  0.180483
88050  0.180456
88100  0.180456
88150  0.180456
88200  0.180456
88250  0.180456
88300  0.180456
88350  0.180446
88400  0.180446
88450  0.180446
88500  0.180446
88550  0.180437
88600  0.180437
88650  0.180437
88700  0.180437
88750  0.180437
88800  0.180437
88850  0.180437
88900  0.180437
88950  0.180437
89000  0.180437
89050  0.180437
89100  0.180437
89150  0.180437
89200  0.180437
89250  0.180437
89300  0.180437
89350  0.180437
89400  0.180437
89450  0.180437
89500  0.18039
89550  0.18039
89600  0.18039
89650  0.18039
89700  0.18039
89750  0.18039
89800  0.18039
89850  0.180318
89900  0.180318
89950  0.180318
90000  0.180318
90050  0.180318
90100  0.180318
90150  0.180318
90200  0.180318
90250  0.180318
90300  0.180318
90350  0.180318
90400  0.180318
90450  0.180318
90500  0.180318
90550  0.180318
90600  0.180318
90650  0.180318
90700  0.180318
90750  0.180262
90800  0.180262
90850  0.180262
90900  0.18021
90950  0.18021
91000  0.18021
91050  0.18021
91100  0.18021
91150  0.18021
91200  0.18021
91250  0.18021
91300  0.18021
91350  0.18021
91400  0.18021
91450  0.18016
91500  0.18016
91550  0.180159
91600  0.180159
91650  0.180159
91700  0.180159
91750  0.180159
91800  0.180159
91850  0.180159
91900  0.180159
91950  0.180159
92000  0.180159
92050  0.180159
92100  0.180136
92150  0.180136
92200  0.180134
92250  0.180112
92300  0.180112
92350  0.180112
92400  0.180112
92450  0.180112
92500  0.180112
92550  0.180112
92600  0.180112
92650  0.180108
92700  0.180108
92750  0.180093
92800  0.180093
92850  0.180093
92900  0.180093
92950  0.180093
93000  0.180095
93050  0.180095
93100  0.180095
93150  0.180095
93200  0.180095
93250  0.180095
93300  0.180095
93350  0.180095
93400  0.180095
93450  0.180095
93500  0.180019
93550  0.17997
93600  0.179969
93650  0.179969
93700  0.179912
93750  0.179912
93800  0.179871
93850  0.179871
93900  0.179871
93950  0.179871
94000  0.179871
94050  0.179871
94100  0.179871
94150  0.179871
94200  0.179871
94250  0.179871
94300  0.179871
94350  0.179871
94400  0.179871
94450  0.179871
94500  0.179849
94550  0.179849
94600  0.179849
94650  0.179849
94700  0.179849
94750  0.179849
94800  0.179849
94850  0.179849
94900  0.179849
94950  0.179849
95000  0.179834
95050  0.179825
95100  0.179819
95150  0.179819
95200  0.179756
95250  0.179756
95300  0.179756
95350  0.179756
95400  0.179756
95450  0.179756
95500  0.179742
95550  0.179742
95600  0.179742
95650  0.179742
95700  0.179742
95750  0.179742
95800  0.179742
95850  0.179742
95900  0.179742
95950  0.179742
96000  0.179742
96050  0.179742
96100  0.179742
96150  0.179742
96200  0.179742
96250  0.179619
96300  0.179619
96350  0.179619
96400  0.179617
96450  0.179617
96500  0.179616
96550  0.179616
96600  0.179616
96650  0.179616
96700  0.179616
96750  0.179616
96800  0.179616
96850  0.179616
96900  0.179616
96950  0.179616
97000  0.179616
97050  0.17957
97100  0.17957
97150  0.17957
97200  0.17957
97250  0.17957
97300  0.17957
97350  0.17957
97400  0.17957
97450  0.17957
97500  0.17957
97550  0.17957
97600  0.179487
97650  0.179487
97700  0.179465
97750  0.179465
97800  0.179465
97850  0.179465
97900  0.179465
97950  0.179465
98000  0.179465
98050  0.179465
98100  0.179465
98150  0.179465
98200  0.179421
98250  0.179421
98300  0.179421
98350  0.179384
98400  0.179379
98450  0.179379
98500  0.179379
98550  0.179379
98600  0.179373
98650  0.179373
98700  0.179373
98750  0.179373
98800  0.179373
98850  0.179373
98900  0.179354
98950  0.179354
99000  0.179354
99050  0.179354
99100  0.179354
99150  0.179354
99200  0.179354
99250  0.179354
99300  0.179354
99350  0.179354
99400  0.179354
99450  0.179228
99500  0.179228
99550  0.179228
99600  0.179228
99650  0.179228
99700  0.179189
99750  0.179189
99800  0.179189
99850  0.179189
99900  0.179189
99950  0.179189
100000  0.179189
100050  0.179189
100100  0.179189
100150  0.179189
100200  0.179189
100250  0.179189
100300  0.179189
100350  0.179178
100400  0.179178
100450  0.17913
100500  0.17913
100550  0.179125
100600  0.179125
100650  0.179125
100700  0.179068
100750  0.179068
100800  0.179068
100850  0.179068
100900  0.179068
100950  0.179014
101000  0.17895
101050  0.17895
101100  0.17895
101150  0.17895
101200  0.17895
101250  0.17895
101300  0.17895
101350  0.17895
101400  0.17895
101450  0.17895
101500  0.17895
101550  0.17895
101600  0.17895
101650  0.17895
101700  0.178936
101750  0.178921
101800  0.178921
101850  0.178921
101900  0.178921
101950  0.178921
102000  0.178921
102050  0.178921
102100  0.178921
102150  0.178921
102200  0.178921
102250  0.178913
102300  0.178769
102350  0.178769
102400  0.178769
102450  0.178769
102500  0.178732
102550  0.178732
102600  0.178732
102650  0.178732
102700  0.178732
102750  0.178732
102800  0.178732
102850  0.178732
102900  0.178732
102950  0.178732
103000  0.178732
103050  0.178694
103100  0.178694
103150  0.178694
103200  0.178694
103250  0.178683
103300  0.178683
103350  0.178683
103400  0.178683
103450  0.178666
103500  0.178645
103550  0.178645
103600  0.178633
103650  0.178633
103700  0.178615
103750  0.178615
103800  0.178615
103850  0.178615
103900  0.178615
103950  0.178606
104000  0.178603
104050  0.178603
104100  0.178603
104150  0.178568
104200  0.178568
104250  0.178524
104300  0.178513
104350  0.17849
104400  0.17849
104450  0.17849
104500  0.17849
104550  0.17849
104600  0.178416
104650  0.178416
104700  0.178416
104750  0.17836
104800  0.17836
104850  0.17836
104900  0.17836
104950  0.17836
105000  0.17836
105050  0.178346
105100  0.178328
105150  0.178326
105200  0.178326
105250  0.178326
105300  0.178326
105350  0.178326
105400  0.178326
105450  0.178326
105500  0.178326
105550  0.178326
105600  0.178326
105650  0.178326
105700  0.178326
105750  0.178326
105800  0.178325
105850  0.178325
105900  0.178325
105950  0.178325
106000  0.178325
106050  0.178325
106100  0.178325
106150  0.178325
106200  0.178325
106250  0.178325
106300  0.178325
106350  0.178325
106400  0.178325
106450  0.1783
106500  0.1783
106550  0.1783
106600  0.1783
106650  0.1783
106700  0.1783
106750  0.178265
106800  0.178265
106850  0.178265
106900  0.178265
106950  0.178235
107000  0.178235
107050  0.178235
107100  0.178235
107150  0.178235
107200  0.178235
107250  0.178235
107300  0.178235
107350  0.178235
107400  0.178235
107450  0.178235
107500  0.178235
107550  0.178235
107600  0.178235
107650  0.178235
107700  0.178227
107750  0.178227
107800  0.178227
107850  0.178227
107900  0.178227
107950  0.178227
108000  0.178227
108050  0.178227
108100  0.178227
108150  0.178227
108200  0.178217
108250  0.178215
108300  0.178215
108350  0.178215
108400  0.178215
108450  0.178215
108500  0.178215
108550  0.178215
108600  0.178215
108650  0.178215
108700  0.178215
108750  0.178215
108800  0.178215
108850  0.178215
108900  0.178215
108950  0.178215
109000  0.178215
109050  0.178215
109100  0.178215
109150  0.178215
109200  0.178203
109250  0.178203
109300  0.178203
109350  0.178203
109400  0.178203
109450  0.178203
109500  0.178203
109550  0.178203
109600  0.178203
109650  0.178014
109700  0.178014
109750  0.178014
109800  0.177967
109850  0.177967
109900  0.177967
109950  0.177967
110000  0.177967
110050  0.177967
110100  0.177922
110150  0.177922
110200  0.177922
110250  0.177922
110300  0.177922
110350  0.177922
110400  0.177922
110450  0.177866
110500  0.177866
110550  0.177856
110600  0.177856
110650  0.177856
110700  0.177851
110750  0.17783
110800  0.17783
110850  0.17783
110900  0.17783
110950  0.177799
111000  0.177799
111050  0.177799
111100  0.177799
111150  0.177799
111200  0.177799
111250  0.177799
111300  0.177799
111350  0.177799
111400  0.177799
111450  0.177799
111500  0.177799
111550  0.177799
111600  0.177799
111650  0.177799
111700  0.177799
111750  0.177799
111800  0.177799
111850  0.177799
111900  0.177799
111950  0.177799
112000  0.177781
112050  0.177781
112100  0.177781
112150  0.177781
112200  0.177781
112250  0.177781
112300  0.177781
112350  0.177781
112400  0.177781
112450  0.177781
112500  0.177781
112550  0.177781
112600  0.177781
112650  0.177781
112700  0.177781
112750  0.177781
112800  0.177781
112850  0.177781
112900  0.177781
112950  0.177781
113000  0.177781
113050  0.177781
113100  0.177769
113150  0.177769
113200  0.177769
113250  0.177769
113300  0.177751
113350  0.177751
113400  0.177751
113450  0.177751
113500  0.177751
113550  0.177751
113600  0.177751
113650  0.177751
113700  0.177751
113750  0.177751
113800  0.177751
113850  0.177679
113900  0.177679
113950  0.177679
114000  0.177679
114050  0.177679
114100  0.177679
114150  0.177647
114200  0.177647
114250  0.177647
114300  0.177647
114350  0.177647
114400  0.177647
114450  0.177647
114500  0.177647
114550  0.177647
114600  0.177621
114650  0.177621
114700  0.177621
114750  0.177621
114800  0.177621
114850  0.177621
114900  0.177621
114950  0.177621
115000  0.177621
115050  0.177621
115100  0.177621
115150  0.177621
115200  0.177621
115250  0.177621
115300  0.177621
115350  0.177621
115400  0.17762
115450  0.17762
115500  0.17762
115550  0.17762
115600  0.17762
115650  0.17762
115700  0.17762
115750  0.177612
115800  0.177612
115850  0.177612
115900  0.177612
115950  0.177612
116000  0.177612
116050  0.177612
116100  0.177612
116150  0.177612
116200  0.177612
116250  0.177612
116300  0.177589
116350  0.177589
116400  0.177589
116450  0.177589
116500  0.177589
116550  0.177589
116600  0.177589
116650  0.177589
116700  0.177589
116750  0.177589
116800  0.177576
116850  0.177576
116900  0.177576
116950  0.177576
117000  0.177576
117050  0.177576
117100  0.177576
117150  0.177576
117200  0.177576
117250  0.177576
117300  0.177576
117350  0.177576
117400  0.177539
117450  0.177539
117500  0.177539
117550  0.177534
117600  0.17748
117650  0.17748
117700  0.17748
117750  0.17748
117800  0.17748
117850  0.17748
117900  0.17748
117950  0.17748
118000  0.17748
118050  0.177466
118100  0.177466
118150  0.177466
118200  0.177466
118250  0.177466
118300  0.177466
118350  0.177466
118400  0.177466
118450  0.177466
118500  0.177466
118550  0.177466
118600  0.177466
118650  0.177466
118700  0.177466
118750  0.177466
118800  0.177466
118850  0.177466
118900  0.177466
118950  0.177466
119000  0.177466
119050  0.177466
119100  0.177466
119150  0.177466
119200  0.177466
119250  0.177454
119300  0.177454
119350  0.177454
119400  0.177454
119450  0.177454
119500  0.177454
119550  0.177454
119600  0.177454
119650  0.177454
119700  0.177454
119750  0.177454
119800  0.17744
119850  0.177379
119900  0.177379
119950  0.177379
120000  0.177379
120050  0.177379
120100  0.177379
120150  0.177379
120200  0.177379
120250  0.177379
120300  0.177379
120350  0.177379
120400  0.177379
120450  0.177379
120500  0.177379
120550  0.177379
120600  0.177379
120650  0.177379
120700  0.177379
120750  0.177379
120800  0.177379
120850  0.177379
120900  0.177379
120950  0.177379
121000  0.177372
121050  0.177372
121100  0.177372
121150  0.177372
121200  0.177372
121250  0.177372
121300  0.177372
121350  0.177372
121400  0.177372
121450  0.177372
121500  0.177372
121550  0.177372
121600  0.177372
121650  0.177372
121700  0.177372
121750  0.177372
121800  0.177363
121850  0.177363
121900  0.177363
121950  0.177363
122000  0.177363
122050  0.177363
122100  0.177363
122150  0.177338
122200  0.177338
122250  0.177338
122300  0.177338
122350  0.177338
122400  0.177337
122450  0.177337
122500  0.177325
122550  0.177325
122600  0.177325
122650  0.177325
122700  0.177325
122750  0.177325
122800  0.177325
122850  0.177325
122900  0.177325
122950  0.177325
123000  0.177325
123050  0.177324
123100  0.177324
123150  0.177324
123200  0.177324
123250  0.177324
123300  0.177324
123350  0.177324
123400  0.177324
123450  0.177324
123500  0.177324
123550  0.177324
123600  0.177324
123650  0.177324
123700  0.177324
123750  0.177324
123800  0.177324
123850  0.177324
123900  0.177324
123950  0.177324
124000  0.177324
124050  0.177324
124100  0.177324
124150  0.177324
124200  0.177324
124250  0.177324
124300  0.177324
124350  0.177324
124400  0.177316
124450  0.177316
124500  0.177316
124550  0.177316
124600  0.177316
124650  0.177316
124700  0.177316
124750  0.177316
124800  0.177294
124850  0.177294
124900  0.177294
124950  0.177294
125000  0.177294
125050  0.177294
125100  0.177294
125150  0.177294
125200  0.177294
125250  0.177294
125300  0.177294
125350  0.177294
125400  0.177294
125450  0.177294
125500  0.177294
125550  0.177294
125600  0.177294
125650  0.177294
125700  0.177294
125750  0.177294
125800  0.177294
125850  0.177294
125900  0.177281
125950  0.177281
126000  0.177281
126050  0.177281
126100  0.177281
126150  0.177281
126200  0.177281
126250  0.177281
126300  0.177281
126350  0.177281
126400  0.177281
126450  0.177281
126500  0.177281
126550  0.177281
126600  0.177281
126650  0.177281
126700  0.177281
126750  0.177281
126800  0.177281
126850  0.177281
126900  0.177281
126950  0.177281
127000  0.177281
127050  0.177281
127100  0.177281
127150  0.177281
127200  0.177281
127250  0.177281
127300  0.177281
127350  0.177281
127400  0.177281
127450  0.177281
127500  0.177281
127550  0.177281
127600  0.177281
127650  0.177281
127700  0.177281
127750  0.177281
127800  0.177281
127850  0.177281
127900  0.177281
127950  0.177281
128000  0.177281
128050  0.177281
128100  0.177281
128150  0.177281
128200  0.177281
128250  0.177281
128300  0.17728
128350  0.17728
128400  0.17728
128450  0.17728
128500  0.17728
128550  0.17728
128600  0.17728
128650  0.17728
128700  0.17728
128750  0.17728
128800  0.17728
128850  0.17728
128900  0.17728
128950  0.17728
129000  0.17728
129050  0.177208
129100  0.177208
129150  0.177208
129200  0.177208
129250  0.177208
129300  0.177208
129350  0.177208
129400  0.177208
129450  0.177208
129500  0.177208
129550  0.177208
129600  0.177208
129650  0.1772
129700  0.1772
129750  0.1772
129800  0.1772
129850  0.1772
129900  0.1772
129950  0.1772
130000  0.177119
130050  0.177119
130100  0.177101
130150  0.177101
130200  0.17706
130250  0.17706
130300  0.177056
130350  0.177024
130400  0.177024
130450  0.177024
130500  0.177008
130550  0.177008
130600  0.177008
130650  0.177008
130700  0.177008
130750  0.177008
130800  0.177008
130850  0.177008
130900  0.177008
130950  0.177008
131000  0.177008
131050  0.177008
131100  0.177008
131150  0.177008
131200  0.177008
131250  0.177008
131300  0.177008
131350  0.177008
131400  0.177008
131450  0.177008
131500  0.177008
131550  0.177008
131600  0.177008
131650  0.177008
131700  0.177008
131750  0.177008
131800  0.177008
131850  0.177008
131900  0.177008
131950  0.176994
132000  0.176994
132050  0.176994
132100  0.176994
132150  0.176994
132200  0.176944
132250  0.176944
132300  0.176944
132350  0.176944
132400  0.176944
132450  0.176944
132500  0.176944
132550  0.176944
132600  0.176944
132650  0.176944
132700  0.176942
132750  0.176942
132800  0.176942
132850  0.176942
132900  0.176942
132950  0.176942
133000  0.176924
133050  0.176924
133100  0.176924
133150  0.176924
133200  0.176924
133250  0.176924
133300  0.176924
133350  0.176924
133400  0.176924
133450  0.176924
133500  0.176924
133550  0.176924
133600  0.176924
133650  0.176924
133700  0.176924
133750  0.176909
133800  0.176909
133850  0.176909
133900  0.176909
133950  0.176909
134000  0.176909
134050  0.176909
134100  0.176909
134150  0.176909
134200  0.176909
134250  0.176909
134300  0.176909
134350  0.176909
134400  0.176909
134450  0.176905
134500  0.176905
134550  0.176905
134600  0.176905
134650  0.176905
134700  0.176905
134750  0.176905
134800  0.176905
134850  0.176905
134900  0.176905
134950  0.176905
135000  0.176905
135050  0.176905
135100  0.176905
135150  0.176905
135200  0.176905
135250  0.176905
135300  0.176905
135350  0.176905
135400  0.176905
135450  0.176905
135500  0.176905
135550  0.176905
135600  0.176905
135650  0.176905
135700  0.176905
135750  0.176905
