Step  Penalty
32  0.574908
64  0.53224
96  0.521565
128  0.516898
160  0.510818
192  0.507505
224  0.506196
256  0.505398
288  0.503821
320  0.50303
352  0.501322
384  0.500451
416  0.499718
448  0.494357
480  0.493049
512  0.490978
544  0.490262
576  0.488882
608  0.488787
640  0.488713
672  0.488402
704  0.488221
736  0.487829
768  0.48772
800  0.48772
832  0.487431
864  0.487353
896  0.487324
928  0.485799
960  0.48571
992  0.48571
1024  0.48571
1056  0.48571
1088  0.484962
1120  0.484757
1152  0.484516
1184  0.484375
1216  0.482765
1248  0.482709
1280  0.482709
1312  0.482602
1344  0.482505
1376  0.48244
1408  0.482053
1440  0.482053
1472  0.481832
1504  0.480709
1536  0.480709
1568  0.480709
1600  0.480482
1632  0.480482
1664  0.480482
1696  0.47969
1728  0.479202
1760  0.479202
1792  0.479202
1824  0.47917
1856  0.47917
1888  0.478928
1920  0.478928
1952  0.478556
1984  0.478556
2016  0.478556
2048  0.478556
2080  0.478334
2112  0.478334
2144  0.478003
2176  0.477381
2208  0.477228
2240  0.477065
2272  0.476956
2304  0.475611
2336  0.475611
2368  0.475611
2400  0.475611
2432  0.475611
2464  0.475611
2496  0.4755
2528  0.4755
2560  0.4755
2592  0.4755
2624  0.4755
2656  0.4755
2688  0.4755
2720  0.475452
2752  0.475278
2784  0.475278
2816  0.475278
2848  0.475278
2880  0.475116
2912  0.47508
2944  0.47508
2976  0.474766
3008  0.47461
3040  0.47461
3072  0.474496
3104  0.474228
3136  0.474095
3168  0.474095
3200  0.474095
3232  0.474095
3264  0.473698
3296  0.473698
3328  0.473698
3360  0.473059
3392  0.473059
3424  0.472941
3456  0.472941
3488  0.472891
3520  0.472891
3552  0.472811
3584  0.472811
3616  0.472811
3648  0.472811
3680  0.472702
3712  0.472265
3744  0.472265
3776  0.472265
3808  0.472075
3840  0.472075
3872  0.472056
3904  0.472056
3936  0.472056
3968  0.472025
4000  0.472025
4032  0.47183
4064  0.47183
4096  0.47183
4128  0.471685
4160  0.471685
4192  0.471685
4224  0.471464
4256  0.471401
4288  0.471401
4320  0.471401
4352  0.471401
4384  0.471071
4416  0.471071
4448  0.47057
4480  0.47057
4512  0.47057
4544  0.47057
4576  0.470505
4608  0.470505
4640  0.470505
4672  0.470505
4704  0.470305
4736  0.470094
4768  0.470094
4800  0.470094
4832  0.470094
4864  0.469832
4896  0.469832
4928  0.469832
4960  0.469756
4992  0.469756
5024  0.469756
5056  0.469756
5088  0.469756
5120  0.469756
5152  0.469227
5184  0.469227
5216  0.469227
5248  0.469227
5280  0.469227
5312  0.469227
5344  0.469227
5376  0.469227
5408  0.469227
5440  0.469227
5472  0.469227
5504  0.469227
5536  0.469227
5568  0.469227
5600  0.46919
5632  0.46919
5664  0.46919
5696  0.469158
5728  0.469158
5760  0.469158
5792  0.469158
5824  0.469158
5856  0.469158
5888  0.469158
5920  0.469158
5952  0.469158
5984  0.469158
6016  0.469158
6048  0.469158
6080  0.468971
6112  0.468971
6144  0.468971
6176  0.468971
6208  0.468971
6240  0.468971
6272  0.468971
6304  0.468971
6336  0.468971
6368  0.468971
6400  0.468971
6432  0.468971
6464  0.467663
6496  0.467663
6528  0.467663
6560  0.467663
6592  0.467663
6624  0.467663
6656  0.467663
6688  0.467663
6720  0.467663
6752  0.467663
6784  0.467663
6816  0.467663
6848  0.467663
6880  0.467663
6912  0.467663
6944  0.467663
6976  0.467663
7008  0.467663
7040  0.467663
7072  0.467663
7104  0.467663
7136  0.467663
7168  0.467595
7200  0.467595
7232  0.467375
7264  0.466883
7296  0.466883
7328  0.466883
7360  0.466883
7392  0.466883
7424  0.466283
7456  0.466283
7488  0.466127
7520  0.466127
7552  0.466127
7584  0.466127
7616  0.465794
7648  0.465794
7680  0.465794
7712  0.465794
7744  0.465794
7776  0.465794
7808  0.465794
7840  0.465707
7872  0.465707
7904  0.465707
7936  0.465707
7968  0.465707
8000  0.465707
8032  0.465707
8064  0.465307
8096  0.465307
8128  0.465307
8160  0.465307
8192  0.464807
8224  0.464807
8256  0.464322
8288  0.464322
8320  0.464322
8352  0.464322
8384  0.464322
8416  0.464322
8448  0.464258
8480  0.464258
8512  0.464258
8544  0.464258
8576  0.464258
8608  0.464258
8640  0.464258
8672  0.464258
8704  0.464258
8736  0.464258
8768  0.464258
8800  0.464258
8832  0.464258
8864  0.464258
8896  0.464258
8928  0.464258
8960  0.464258
8992  0.464258
9024  0.464258
9056  0.464258
9088  0.464258
9120  0.464258
9152  0.464258
9184  0.46416
9216  0.46416
9248  0.46416
9280  0.46416
9312  0.46416
9344  0.46416
9376  0.464152
9408  0.464063
9440  0.464063
9472  0.464063
9504  0.464063
9536  0.464063
9568  0.464063
9600  0.464063
9632  0.464063
9664  0.464063
9696  0.464063
9728  0.464063
9760  0.464063
9792  0.464063
9824  0.464063
9856  0.464063
9888  0.463356
9920  0.463356
9952  0.463205
9984  0.463205
10016  0.463205
10048  0.463205
10080  0.463205
10112  0.463205
10144  0.463205
10176  0.463205
10208  0.463205
10240  0.463205
10272  0.463205
10304  0.463205
10336  0.463205
10368  0.463205
10400  0.463082
10432  0.463075
10464  0.463075
10496  0.463075
10528  0.463075
10560  0.463075
10592  0.463075
10624  0.463075
10656  0.463075
10688  0.463075
10720  0.463075
10752  0.463075
10784  0.463075
10816  0.463075
10848  0.463075
10880  0.463075
10912  0.463075
10944  0.463075
10976  0.463075
11008  0.463075
11040  0.463075
11072  0.462971
11104  0.462613
11136  0.462613
11168  0.462613
11200  0.462613
11232  0.462613
11264  0.462613
11296  0.462613
11328  0.462613
11360  0.462613
11392  0.462613
11424  0.462613
11456  0.462613
11488  0.462613
11520  0.462613
11552  0.462613
11584  0.462613
11616  0.462613
11648  0.462613
11680  0.462613
11712  0.462421
11744  0.462421
11776  0.462421
11808  0.462421
11840  0.462421
11872  0.462376
11904  0.462376
11936  0.462376
11968  0.462376
12000  0.462376
12032  0.462376
12064  0.462376
12096  0.462376
12128  0.462376
12160  0.462376
12192  0.462376
12224  0.462376
12256  0.462376
12288  0.461872
12320  0.461872
12352  0.461872
12384  0.461872
12416  0.4616
12448  0.461255
12480  0.461255
12512  0.461255
12544  0.460989
12576  0.460989
12608  0.460989
12640  0.460989
12672  0.460914
12704  0.460897
12736  0.460897
12768  0.460897
12800  0.460897
12832  0.460622
12864  0.460622
12896  0.460622
12928  0.460622
12960  0.460549
12992  0.460549
13024  0.460549
13056  0.460549
13088  0.460549
13120  0.460549
13152  0.460549
13184  0.460549
13216  0.460481
13248  0.460481
13280  0.460481
13312  0.460481
13344  0.460481
13376  0.460481
13408  0.460481
13440  0.460481
13472  0.460481
13504  0.460481
13536  0.460481
13568  0.460481
13600  0.460481
13632  0.460481
13664  0.460481
13696  0.460481
13728  0.460481
13760  0.460481
13792  0.460481
13824  0.460481
13856  0.460481
13888  0.460481
13920  0.460481
13952  0.46031
13984  0.46031
14016  0.46031
14048  0.46031
14080  0.46031
14112  0.46031
14144  0.46031
14176  0.46031
14208  0.46031
14240  0.46031
14272  0.46031
14304  0.46031
14336  0.46031
14368  0.46031
14400  0.46031
14432  0.46031
14464  0.46031
14496  0.46031
14528  0.46031
14560  0.46031
14592  0.46031
14624  0.46031
14656  0.46031
14688  0.46031
14720  0.46031
14752  0.46031
14784  0.46031
14816  0.46031
14848  0.46031
14880  0.46031
14912  0.46031
14944  0.46031
14976  0.46031
15008  0.46031
15040  0.46031
15072  0.46031
15104  0.46031
15136  0.46031
15168  0.46031
15200  0.46031
15232  0.46031
15264  0.46031
15296  0.459867
15328  0.459867
15360  0.459867
15392  0.459867
15424  0.459867
15456  0.459625
15488  0.459625
15520  0.459625
15552  0.459625
15584  0.459585
15616  0.459585
15648  0.459585
15680  0.459585
15712  0.459585
15744  0.459585
15776  0.459585
15808  0.459585
15840  0.459585
15872  0.459542
15904  0.459542
15936  0.459542
15968  0.459419
16000  0.459419
16032  0.459419
16064  0.459419
16096  0.459419
16128  0.459419
16160  0.459419
16192  0.459419
16224  0.459419
16256  0.459419
16288  0.458586
16320  0.458586
16352  0.458586
16384  0.458586
16416  0.458586
16448  0.458439
16480  0.458439
16512  0.458439
16544  0.458439
16576  0.458401
16608  0.458401
16640  0.458401
16672  0.458401
16704  0.458401
16736  0.458401
16768  0.458401
16800  0.458401
16832  0.458401
16864  0.458401
16896  0.458401
16928  0.458401
16960  0.458401
16992  0.458094
17024  0.458094
17056  0.458094
17088  0.458094
17120  0.458094
17152  0.458094
17184  0.457998
17216  0.457998
17248  0.457998
17280  0.457998
17312  0.457998
17344  0.457998
17376  0.457998
17408  0.457998
17440  0.457998
17472  0.457998
17504  0.457998
17536  0.457998
17568  0.457998
17600  0.457998
17632  0.457998
17664  0.457998
17696  0.457998
17728  0.457998
17760  0.457998
17792  0.457998
17824  0.457998
17856  0.457998
17888  0.457998
17920  0.457998
17952  0.457998
17984  0.457998
18016  0.457998
18048  0.457927
18080  0.457927
18112  0.457927
18144  0.457927
18176  0.457927
18208  0.457927
18240  0.457927
18272  0.457927
18304  0.457927
18336  0.457927
18368  0.457927
18400  0.457927
18432  0.457927
18464  0.457927
18496  0.457927
18528  0.457586
18560  0.457586
18592  0.457421
18624  0.457421
18656  0.457421
18688  0.457421
18720  0.457421
18752  0.457421
18784  0.457421
18816  0.457421
18848  0.457421
18880  0.457421
18912  0.457421
18944  0.457421
18976  0.457421
19008  0.457421
19040  0.457421
19072  0.457421
19104  0.457421
19136  0.457421
19168  0.457421
19200  0.457421
19232  0.457421
19264  0.457421
19296  0.457421
19328  0.457125
19360  0.457125
19392  0.457125
19424  0.457125
19456  0.457125
19488  0.457125
19520  0.457125
19552  0.457125
19584  0.457125
19616  0.45709
19648  0.45709
19680  0.45699
19712  0.45699
19744  0.45699
19776  0.45699
19808  0.45699
19840  0.45699
19872  0.45699
19904  0.45699
19936  0.45699
19968  0.45699
20000  0.45699
20032  0.45699
20064  0.45699
20096  0.45699
20128  0.45699
20160  0.45699
20192  0.45699
20224  0.45699
20256  0.45699
20288  0.45699
20320  0.45699
20352  0.45699
20384  0.45699
20416  0.45699
20448  0.45699
20480  0.45699
20512  0.45699
20544  0.45699
20576  0.45699
20608  0.45699
20640  0.45699
20672  0.45699
20704  0.45699
20736  0.45699
20768  0.45699
20800  0.45699
20832  0.45699
20864  0.45699
20896  0.45699
20928  0.45699
20960  0.45699
20992  0.45699
21024  0.45699
21056  0.45699
21088  0.45699
21120  0.45699
21152  0.45699
21184  0.45699
21216  0.45699
21248  0.45699
21280  0.45699
21312  0.45699
21344  0.45699
21376  0.45699
21408  0.45699
21440  0.45699
21472  0.45699
21504  0.45699
21536  0.45699
21568  0.45699
21600  0.45699
21632  0.45699
21664  0.45699
21696  0.45699
21728  0.45699
21760  0.45699
21792  0.45699
21824  0.45699
21856  0.45699
21888  0.45699
21920  0.45699
21952  0.456906
21984  0.456906
22016  0.456906
22048  0.456906
22080  0.456906
22112  0.456906
22144  0.456906
22176  0.456906
22208  0.456906
22240  0.456906
22272  0.456906
22304  0.456906
22336  0.456906
22368  0.456906
22400  0.456906
22432  0.456906
22464  0.456906
22496  0.456906
22528  0.456906
22560  0.456906
22592  0.456906
22624  0.456906
22656  0.456906
22688  0.456906
22720  0.456906
22752  0.456906
22784  0.456906
22816  0.456906
22848  0.456906
22880  0.456906
22912  0.456906
22944  0.456906
22976  0.456906
23008  0.456906
23040  0.456906
23072  0.456906
23104  0.456906
23136  0.456906
23168  0.456906
23200  0.456906
23232  0.456906
23264  0.456906
23296  0.456906
23328  0.456906
23360  0.456906
23392  0.456906
23424  0.456906
23456  0.456906
23488  0.456906
23520  0.456906
23552  0.456906
23584  0.456769
23616  0.456769
23648  0.456769
23680  0.456769
23712  0.456769
23744  0.456769
23776  0.456634
23808  0.456634
23840  0.456634
23872  0.456634
23904  0.456634
23936  0.456634
23968  0.456634
24000  0.456634
24032  0.456634
24064  0.456597
24096  0.456597
24128  0.456597
24160  0.456597
24192  0.456597
24224  0.456597
24256  0.456597
24288  0.456597
24320  0.456597
24352  0.456597
24384  0.456597
24416  0.456597
24448  0.456523
24480  0.456523
24512  0.456523
24544  0.456523
24576  0.456523
24608  0.456523
24640  0.456523
24672  0.456523
24704  0.456523
24736  0.456245
24768  0.456245
24800  0.456245
24832  0.456245
24864  0.456245
24896  0.456245
24928  0.456245
24960  0.456245
24992  0.456245
25024  0.456245
25056  0.456245
25088  0.456245
25120  0.456245
25152  0.456245
25184  0.456245
25216  0.456245
25248  0.456245
25280  0.456245
25312  0.456245
25344  0.456245
25376  0.456245
25408  0.456245
25440  0.456245
25472  0.456245
25504  0.456245
25536  0.456245
25568  0.456245
25600  0.456245
25632  0.456245
25664  0.456245
25696  0.456245
25728  0.456245
25760  0.456245
25792  0.456245
25824  0.456245
25856  0.456245
25888  0.456223
25920  0.456223
25952  0.456223
25984  0.456223
26016  0.456223
26048  0.456223
26080  0.456223
26112  0.456223
26144  0.456223
26176  0.4561
26208  0.4561
26240  0.4561
26272  0.4561
26304  0.4561
26336  0.4561
26368  0.4561
26400  0.4561
26432  0.4561
26464  0.4561
26496  0.4561
26528  0.4561
26560  0.4561
26592  0.4561
26624  0.4561
26656  0.4561
26688  0.4561
26720  0.4561
26752  0.4561
26784  0.455909
26816  0.455909
26848  0.455909
26880  0.455815
26912  0.455815
26944  0.455815
26976  0.455815
27008  0.455815
27040  0.455282
27072  0.455282
27104  0.455282
27136  0.455282
27168  0.455282
27200  0.455282
27232  0.455282
27264  0.455282
27296  0.455282
27328  0.455282
27360  0.455282
27392  0.455282
27424  0.455282
27456  0.455282
27488  0.455282
27520  0.455282
27552  0.455282
27584  0.455282
27616  0.455282
27648  0.45517
27680  0.45517
27712  0.45517
27744  0.45517
27776  0.45517
27808  0.45517
27840  0.45517
27872  0.45517
27904  0.45517
27936  0.45517
27968  0.45517
28000  0.454878
28032  0.454878
28064  0.454878
28096  0.454878
28128  0.454878
28160  0.454878
28192  0.454878
28224  0.454878
28256  0.454878
28288  0.454878
28320  0.454878
28352  0.454878
28384  0.454878
28416  0.454878
28448  0.454878
28480  0.454878
28512  0.454878
28544  0.454878
28576  0.454878
28608  0.454878
28640  0.454878
28672  0.454878
28704  0.454878
28736  0.45476
28768  0.45476
28800  0.45476
28832  0.45476
28864  0.45476
28896  0.45476
28928  0.45476
28960  0.45476
28992  0.45476
29024  0.45476
29056  0.45476
29088  0.45476
29120  0.45476
29152  0.45476
29184  0.45476
29216  0.45476
29248  0.45476
29280  0.45476
29312  0.454644
29344  0.454644
29376  0.454644
29408  0.454644
29440  0.454644
29472  0.454644
29504  0.454644
29536  0.454644
29568  0.454644
29600  0.454644
29632  0.454644
29664  0.454644
29696  0.454644
29728  0.454644
29760  0.454644
29792  0.454644
29824  0.454644
29856  0.454644
29888  0.454644
29920  0.454644
29952  0.454644
29984  0.454644
30016  0.454644
30048  0.454644
30080  0.454644
30112  0.454644
30144  0.454644
30176  0.454644
30208  0.454644
30240  0.454644
30272  0.454644
30304  0.454575
30336  0.454575
30368  0.454575
30400  0.454575
30432  0.454345
30464  0.454345
30496  0.454345
30528  0.454345
30560  0.454345
30592  0.454345
30624  0.454345
30656  0.454345
30688  0.454345
30720  0.454345
30752  0.454345
30784  0.454345
30816  0.454345
30848  0.454323
30880  0.454323
30912  0.454128
30944  0.454128
30976  0.454128
31008  0.453952
31040  0.453911
31072  0.453815
31104  0.453815
31136  0.453815
31168  0.453815
31200  0.453815
31232  0.453815
31264  0.453815
31296  0.453815
31328  0.453815
31360  0.453815
31392  0.453815
31424  0.453815
31456  0.453668
31488  0.453668
31520  0.453668
31552  0.453668
31584  0.453668
31616  0.453668
31648  0.453668
31680  0.453668
31712  0.453668
31744  0.453668
31776  0.453668
31808  0.453668
31840  0.453668
31872  0.453668
31904  0.453668
31936  0.453668
31968  0.453668
32000  0.453668
32032  0.453668
32064  0.453668
32096  0.453668
32128  0.453668
32160  0.453668
32192  0.453668
32224  0.453668
32256  0.453668
32288  0.453668
32320  0.453668
32352  0.453668
32384  0.453668
32416  0.453668
32448  0.453668
32480  0.453668
32512  0.453668
32544  0.453668
32576  0.453668
32608  0.453668
32640  0.453668
32672  0.453668
32704  0.453523
32736  0.453523
32768  0.453523
32800  0.453523
32832  0.453523
32864  0.453523
32896  0.453523
32928  0.453523
32960  0.453313
32992  0.453313
33024  0.453313
33056  0.453313
33088  0.453313
33120  0.453313
33152  0.453192
33184  0.453192
33216  0.453192
33248  0.453192
33280  0.453192
33312  0.453192
33344  0.453192
33376  0.453192
33408  0.453192
33440  0.453192
33472  0.453192
33504  0.453192
33536  0.453192
33568  0.453192
33600  0.453192
33632  0.453192
33664  0.453192
33696  0.453192
33728  0.453192
33760  0.453192
33792  0.453192
33824  0.453192
33856  0.453192
33888  0.453192
33920  0.453192
33952  0.453192
33984  0.453192
34016  0.453192
34048  0.453192
34080  0.453192
34112  0.453192
34144  0.453192
34176  0.453192
34208  0.453192
34240  0.453192
34272  0.453192
34304  0.453192
34336  0.453192
34368  0.452932
34400  0.452932
34432  0.452932
34464  0.452932
34496  0.452932
34528  0.452932
34560  0.452932
34592  0.452932
34624  0.452932
34656  0.452932
34688  0.452932
34720  0.452932
34752  0.452932
34784  0.452932
34816  0.452932
34848  0.452932
34880  0.452932
34912  0.452932
34944  0.452932
34976  0.452932
35008  0.452932
35040  0.452932
35072  0.452932
35104  0.452932
35136  0.452932
35168  0.452932
35200  0.452932
35232  0.452932
35264  0.452932
35296  0.452932
35328  0.452932
35360  0.452932
35392  0.452932
35424  0.452932
35456  0.452932
35488  0.452932
35520  0.452932
35552  0.452932
35584  0.452932
35616  0.452932
35648  0.452932
35680  0.452932
35712  0.452932
35744  0.452932
35776  0.452932
35808  0.452932
35840  0.452932
35872  0.452932
35904  0.452932
35936  0.452932
35968  0.452932
36000  0.452932
36032  0.45264
36064  0.45264
36096  0.45264
36128  0.45264
36160  0.45264
36192  0.45264
36224  0.45264
36256  0.45264
36288  0.45264
36320  0.45264
36352  0.45264
36384  0.45264
36416  0.452104
36448  0.452104
36480  0.452104
36512  0.452104
36544  0.452104
36576  0.452104
36608  0.452104
36640  0.452104
36672  0.452104
36704  0.452104
36736  0.452104
36768  0.45204
36800  0.45204
36832  0.45204
36864  0.45204
36896  0.45204
36928  0.45204
36960  0.45204
36992  0.45204
37024  0.45204
37056  0.45204
37088  0.452001
37120  0.452001
37152  0.452001
37184  0.452001
37216  0.452001
37248  0.452001
37280  0.452001
37312  0.452001
37344  0.452001
37376  0.452001
37408  0.452001
37440  0.452001
37472  0.452001
37504  0.452001
37536  0.452001
37568  0.452001
37600  0.452001
37632  0.452001
37664  0.452001
37696  0.452001
37728  0.452001
37760  0.452001
37792  0.452001
37824  0.451242
37856  0.451242
37888  0.451242
37920  0.451242
37952  0.451242
37984  0.451242
38016  0.451242
38048  0.451242
38080  0.451242
38112  0.451242
38144  0.451242
38176  0.451192
38208  0.451192
38240  0.451192
38272  0.451192
38304  0.451192
38336  0.451192
38368  0.451192
38400  0.451192
38432  0.451192
38464  0.451192
38496  0.451192
38528  0.451035
38560  0.451035
38592  0.451035
38624  0.451035
38656  0.450606
38688  0.450606
38720  0.450606
38752  0.450606
38784  0.450606
38816  0.450606
38848  0.450606
38880  0.450606
38912  0.450606
38944  0.450606
38976  0.450606
39008  0.450606
39040  0.450606
39072  0.450606
39104  0.450606
39136  0.450606
39168  0.450606
39200  0.450606
39232  0.450606
39264  0.450606
39296  0.450606
39328  0.450606
39360  0.450606
39392  0.450606
39424  0.450606
39456  0.450606
39488  0.450606
39520  0.450606
39552  0.450606
39584  0.450606
39616  0.450606
39648  0.450606
39680  0.450606
39712  0.450606
39744  0.450606
39776  0.450606
39808  0.450502
39840  0.450502
39872  0.450502
39904  0.450502
39936  0.450502
39968  0.450502
40000  0.450502
40032  0.450502
40064  0.450502
40096  0.450502
40128  0.450502
40160  0.450502
40192  0.450502
40224  0.450502
40256  0.450502
40288  0.450502
40320  0.450502
40352  0.450502
40384  0.450117
40416  0.450117
40448  0.450117
40480  0.450117
40512  0.450117
40544  0.450117
40576  0.450117
40608  0.450117
40640  0.450117
40672  0.450117
40704  0.450117
40736  0.450117
40768  0.450117
40800  0.450117
40832  0.450117
40864  0.450117
40896  0.450117
40928  0.450117
40960  0.450117
40992  0.450117
41024  0.449722
41056  0.449722
41088  0.449722
41120  0.449722
41152  0.449722
41184  0.449658
41216  0.449658
41248  0.449658
41280  0.449658
41312  0.449658
41344  0.449658
41376  0.449658
41408  0.449658
41440  0.449658
41472  0.449658
41504  0.449658
41536  0.449658
41568  0.449658
41600  0.449658
41632  0.449658
41664  0.449658
41696  0.449658
41728  0.449658
41760  0.449658
41792  0.449658
41824  0.449658
41856  0.449658
41888  0.449658
41920  0.449658
41952  0.449658
41984  0.449658
42016  0.449658
42048  0.449658
42080  0.449658
42112  0.449588
42144  0.449588
42176  0.449588
42208  0.449588
42240  0.449588
42272  0.449588
42304  0.449588
42336  0.449588
42368  0.449588
42400  0.449437
42432  0.449437
42464  0.449437
42496  0.449437
42528  0.449437
42560  0.449437
42592  0.449437
42624  0.449437
42656  0.449437
42688  0.449437
42720  0.449437
42752  0.449437
42784  0.449437
42816  0.449437
42848  0.449437
42880  0.449437
42912  0.449437
42944  0.449437
42976  0.449437
43008  0.449437
43040  0.449437
43072  0.449437
43104  0.449437
43136  0.449437
43168  0.449437
43200  0.449437
43232  0.449437
43264  0.449437
43296  0.449437
43328  0.449437
43360  0.449437
43392  0.449437
43424  0.449437
43456  0.449437
43488  0.449437
43520  0.449437
43552  0.449191
43584  0.449191
43616  0.449191
43648  0.449191
43680  0.449191
43712  0.449191
43744  0.449191
43776  0.449191
43808  0.449191
43840  0.449191
43872  0.449191
43904  0.449191
43936  0.449191
43968  0.449191
44000  0.449191
44032  0.449191
44064  0.449191
44096  0.449191
44128  0.449191
44160  0.449191
44192  0.449191
44224  0.449132
44256  0.449132
44288  0.449132
44320  0.449132
44352  0.449132
44384  0.448911
44416  0.448911
44448  0.448911
44480  0.448911
44512  0.448911
44544  0.448911
44576  0.448911
44608  0.448911
44640  0.448911
44672  0.448911
44704  0.448911
44736  0.448911
44768  0.448911
44800  0.448911
44832  0.448911
44864  0.448911
44896  0.448911
44928  0.448911
44960  0.448911
44992  0.448911
45024  0.448911
45056  0.448911
45088  0.448911
45120  0.448911
45152  0.448911
45184  0.448911
45216  0.448911
45248  0.448911
45280  0.448911
45312  0.448911
45344  0.448911
45376  0.448911
45408  0.448911
45440  0.448911
45472  0.448911
45504  0.448911
45536  0.448911
45568  0.448911
45600  0.448911
45632  0.448911
45664  0.448911
45696  0.448911
45728  0.448852
45760  0.448145
45792  0.448145
45824  0.448145
45856  0.448072
45888  0.448072
45920  0.448072
45952  0.448072
45984  0.448072
46016  0.448072
46048  0.448072
46080  0.448072
46112  0.448072
46144  0.448072
46176  0.448072
46208  0.448072
46240  0.448072
46272  0.448072
46304  0.448072
46336  0.448072
46368  0.448072
46400  0.448072
46432  0.448072
46464  0.448072
46496  0.448072
46528  0.448072
46560  0.448072
46592  0.448072
46624  0.448072
46656  0.448072
46688  0.448072
46720  0.448072
46752  0.448072
46784  0.448072
46816  0.448072
46848  0.448072
46880  0.448072
46912  0.448072
46944  0.448072
46976  0.448072
47008  0.448072
47040  0.448072
47072  0.448072
47104  0.448072
47136  0.448072
47168  0.448072
47200  0.448072
47232  0.448072
47264  0.448072
47296  0.448072
47328  0.448072
47360  0.448072
47392  0.447293
47424  0.447293
47456  0.447293
47488  0.447293
47520  0.447195
47552  0.447195
47584  0.447195
47616  0.447195
47648  0.447195
47680  0.447195
47712  0.447195
47744  0.447138
47776  0.447138
47808  0.447138
47840  0.447138
47872  0.447138
47904  0.447138
47936  0.447138
47968  0.447138
48000  0.447138
48032  0.447138
48064  0.447138
48096  0.447138
48128  0.447138
48160  0.447138
48192  0.447138
48224  0.447138
48256  0.447138
48288  0.447138
48320  0.447138
48352  0.447029
48384  0.447029
48416  0.447029
48448  0.447029
48480  0.447029
48512  0.447029
48544  0.446985
48576  0.446985
48608  0.446985
48640  0.446985
48672  0.446985
48704  0.446985
48736  0.446985
48768  0.446985
48800  0.446985
48832  0.446985
48864  0.446985
48896  0.446985
48928  0.446985
48960  0.446985
48992  0.446985
49024  0.446985
49056  0.446985
49088  0.446985
49120  0.446985
49152  0.446985
49184  0.446985
49216  0.446985
49248  0.446985
49280  0.446985
49312  0.446985
49344  0.446985
49376  0.44691
49408  0.44691
49440  0.44691
49472  0.44691
49504  0.44691
49536  0.44691
49568  0.44691
49600  0.44691
49632  0.44691
49664  0.44691
49696  0.44691
49728  0.446877
49760  0.446877
49792  0.446877
49824  0.446877
49856  0.446877
49888  0.446689
49920  0.446689
49952  0.446689
49984  0.446689
50016  0.446689
50048  0.446689
50080  0.446689
50112  0.446689
50144  0.446689
50176  0.446689
50208  0.446689
50240  0.446689
50272  0.446689
50304  0.446689
50336  0.446689
50368  0.446689
50400  0.446689
50432  0.446654
50464  0.446649
50496  0.446649
50528  0.446649
50560  0.446649
50592  0.446649
50624  0.446649
50656  0.446649
50688  0.446649
50720  0.446649
50752  0.446649
50784  0.446649
50816  0.446649
50848  0.446649
50880  0.446649
50912  0.446649
50944  0.446649
50976  0.446649
51008  0.446649
51040  0.446649
51072  0.446649
51104  0.446649
51136  0.446649
51168  0.446649
51200  0.446649
51232  0.446649
51264  0.446649
51296  0.446649
51328  0.446649
51360  0.446649
51392  0.446649
51424  0.446649
51456  0.446649
51488  0.446649
51520  0.446649
51552  0.446649
51584  0.446649
51616  0.446649
51648  0.446649
51680  0.446649
51712  0.446649
51744  0.446649
51776  0.446649
51808  0.446649
51840  0.446649
51872  0.446649
51904  0.446615
51936  0.446615
51968  0.446615
52000  0.446615
52032  0.446615
52064  0.446615
52096  0.446615
52128  0.446615
52160  0.446615
52192  0.446615
52224  0.446615
52256  0.446615
52288  0.446615
52320  0.446615
52352  0.446615
52384  0.446615
52416  0.446615
52448  0.446455
52480  0.446455
52512  0.446455
52544  0.446455
52576  0.446455
52608  0.446455
52640  0.446455
52672  0.446455
52704  0.446455
52736  0.446455
52768  0.446455
52800  0.446455
52832  0.446455
52864  0.446455
52896  0.446455
52928  0.446455
52960  0.446455
52992  0.446455
53024  0.446455
53056  0.446455
53088  0.446455
53120  0.44629
53152  0.44629
53184  0.44629
53216  0.44629
53248  0.44629
53280  0.44623
53312  0.44623
53344  0.44623
53376  0.44623
53408  0.44623
53440  0.44623
53472  0.44623
53504  0.44623
53536  0.44623
53568  0.44623
53600  0.44623
53632  0.44623
53664  0.445982
53696  0.445982
53728  0.445982
53760  0.445982
53792  0.445982
53824  0.445982
53856  0.445982
53888  0.445982
53920  0.445982
53952  0.445982
53984  0.445982
54016  0.445982
54048  0.445982
54080  0.445982
54112  0.445982
54144  0.445982
54176  0.445982
54208  0.445982
54240  0.445982
54272  0.445982
54304  0.445982
54336  0.445982
54368  0.445982
54400  0.445982
54432  0.445982
54464  0.445982
54496  0.445982
54528  0.445982
54560  0.445332
54592  0.445332
54624  0.445332
54656  0.44519
54688  0.44519
54720  0.444993
54752  0.444993
54784  0.444993
54816  0.444993
54848  0.444993
54880  0.444993
54912  0.444993
54944  0.444993
54976  0.444993
55008  0.444993
55040  0.444993
55072  0.444993
55104  0.444993
55136  0.444993
55168  0.444993
55200  0.444993
55232  0.444993
55264  0.444993
55296  0.444993
55328  0.444993
55360  0.444993
55392  0.444993
55424  0.444993
55456  0.444993
55488  0.444993
55520  0.444993
55552  0.444993
55584  0.444993
55616  0.444993
55648  0.444993
55680  0.444993
55712  0.444993
55744  0.444993
55776  0.444993
55808  0.444993
55840  0.444993
55872  0.444993
55904  0.444993
55936  0.444993
55968  0.444993
56000  0.444993
56032  0.444993
56064  0.444993
56096  0.444993
56128  0.444993
56160  0.444993
56192  0.444993
56224  0.444993
56256  0.444993
56288  0.444993
56320  0.444993
56352  0.444993
56384  0.444993
56416  0.444993
56448  0.444993
56480  0.444993
56512  0.444993
56544  0.444993
56576  0.444993
56608  0.444993
56640  0.444993
56672  0.444993
56704  0.444993
56736  0.444993
56768  0.444993
56800  0.444993
56832  0.444993
56864  0.444993
56896  0.444993
56928  0.444993
56960  0.444993
56992  0.444993
57024  0.444993
57056  0.444993
57088  0.444993
57120  0.444993
57152  0.444993
57184  0.444993
57216  0.444835
57248  0.444835
57280  0.444835
57312  0.444835
57344  0.444835
57376  0.444835
57408  0.444835
57440  0.444835
57472  0.444835
57504  0.444835
57536  0.444835
57568  0.444835
57600  0.444835
57632  0.444835
57664  0.444835
57696  0.444835
57728  0.444835
57760  0.444835
57792  0.444835
57824  0.444835
57856  0.444835
57888  0.444835
57920  0.444835
57952  0.444481
57984  0.444481
58016  0.444481
58048  0.444481
58080  0.444481
58112  0.444481
58144  0.444481
58176  0.444481
58208  0.444481
58240  0.444481
58272  0.444481
58304  0.444481
58336  0.444481
58368  0.444481
58400  0.444481
58432  0.444481
58464  0.444481
58496  0.444481
58528  0.444481
58560  0.444481
58592  0.444481
58624  0.444481
58656  0.444481
58688  0.444205
58720  0.444205
58752  0.444205
58784  0.444205
58816  0.444205
58848  0.444205
58880  0.444205
58912  0.444205
58944  0.444205
58976  0.444205
59008  0.444205
59040  0.444205
59072  0.444205
59104  0.444205
59136  0.444205
59168  0.444205
59200  0.444205
59232  0.444205
59264  0.444205
59296  0.444205
59328  0.444205
59360  0.444205
59392  0.444205
59424  0.444205
59456  0.444205
59488  0.444205
59520  0.444205
59552  0.444205
59584  0.443937
59616  0.443937
59648  0.443937
59680  0.443937
59712  0.443937
59744  0.443937
59776  0.44356
59808  0.44356
59840  0.44356
59872  0.44356
59904  0.44356
59936  0.44356
59968  0.44356
60000  0.44356
60032  0.44356
60064  0.44356
60096  0.44356
60128  0.44356
60160  0.44356
60192  0.44356
60224  0.44356
60256  0.44356
60288  0.443517
60320  0.443517
60352  0.443517
60384  0.443517
60416  0.443517
60448  0.443517
60480  0.443517
60512  0.443517
60544  0.443517
60576  0.443517
60608  0.443517
60640  0.443517
60672  0.443517
60704  0.443517
60736  0.443517
60768  0.443517
60800  0.443517
60832  0.443517
60864  0.443517
60896  0.443517
60928  0.443517
60960  0.443517
60992  0.443517
61024  0.443517
61056  0.443517
61088  0.443517
61120  0.443517
61152  0.443517
61184  0.443297
61216  0.443297
61248  0.443297
61280  0.443297
61312  0.443297
61344  0.443297
61376  0.443297
61408  0.443297
61440  0.443297
61472  0.443297
61504  0.443297
61536  0.443297
61568  0.443297
61600  0.443297
61632  0.443297
61664  0.443297
61696  0.443297
61728  0.443297
61760  0.443297
61792  0.443297
61824  0.443297
61856  0.443297
61888  0.443297
61920  0.443297
61952  0.443297
61984  0.443297
62016  0.443067
62048  0.443067
62080  0.443067
62112  0.443067
62144  0.443067
62176  0.443067
62208  0.443067
62240  0.443067
62272  0.443067
62304  0.443067
62336  0.443067
62368  0.443067
62400  0.443067
62432  0.443067
62464  0.443067
62496  0.443067
62528  0.443067
62560  0.443067
62592  0.443067
62624  0.443067
62656  0.443067
62688  0.443067
62720  0.443067
62752  0.443067
62784  0.443067
62816  0.443067
62848  0.443067
62880  0.443067
62912  0.443067
62944  0.443067
62976  0.443067
63008  0.443067
63040  0.443067
63072  0.443067
63104  0.443067
63136  0.443067
63168  0.443067
63200  0.443067
63232  0.443067
63264  0.443067
63296  0.443067
63328  0.443067
63360  0.443067
63392  0.443067
63424  0.443067
63456  0.443067
63488  0.443067
63520  0.443067
63552  0.443067
63584  0.443067
63616  0.443067
63648  0.443067
63680  0.443067
63712  0.443067
63744  0.443067
63776  0.443067
63808  0.443067
63840  0.443067
63872  0.443067
63904  0.443067
63936  0.443067
63968  0.443067
64000  0.443067
64032  0.443067
64064  0.442516
64096  0.442516
64128  0.442516
64160  0.442516
64192  0.442516
64224  0.442516
64256  0.442516
64288  0.442516
64320  0.442516
64352  0.442516
64384  0.442516
64416  0.442516
64448  0.442516
64480  0.442516
64512  0.442516
64544  0.442516
64576  0.442516
64608  0.442516
64640  0.442516
64672  0.442516
64704  0.442516
64736  0.442516
64768  0.442516
64800  0.442516
64832  0.442516
64864  0.442516
64896  0.442516
64928  0.442516
64960  0.442516
64992  0.442516
65024  0.442516
65056  0.442516
65088  0.442516
65120  0.442516
65152  0.442516
65184  0.442304
65216  0.442304
65248  0.442304
65280  0.442304
65312  0.442304
65344  0.442304
65376  0.442304
65408  0.442304
65440  0.442304
65472  0.442304
65504  0.442304
65536  0.442304
65568  0.442304
65600  0.442304
65632  0.442304
65664  0.442304
65696  0.442304
65728  0.442304
65760  0.442304
65792  0.442304
65824  0.442304
65856  0.442304
65888  0.442304
65920  0.442304
65952  0.442304
65984  0.442304
66016  0.441904
66048  0.441904
66080  0.441904
66112  0.441904
66144  0.441904
66176  0.441904
66208  0.441904
66240  0.441904
66272  0.441904
66304  0.441904
66336  0.441904
66368  0.441904
66400  0.441904
66432  0.441904
66464  0.441904
66496  0.441904
66528  0.441904
66560  0.441904
66592  0.441904
66624  0.441904
66656  0.441904
66688  0.441904
66720  0.441904
66752  0.441904
66784  0.441904
66816  0.441904
66848  0.441904
66880  0.441904
66912  0.441904
66944  0.441904
66976  0.441904
67008  0.441904
67040  0.441904
67072  0.441904
67104  0.441904
67136  0.441904
67168  0.441904
67200  0.441904
67232  0.441904
67264  0.441904
67296  0.441904
67328  0.441904
67360  0.441904
67392  0.441904
67424  0.441904
67456  0.441904
67488  0.441904
67520  0.441904
67552  0.441904
67584  0.441904
67616  0.441904
67648  0.441904
67680  0.441904
67712  0.441904
67744  0.441904
67776  0.441904
67808  0.441904
67840  0.441904
67872  0.441904
67904  0.441904
67936  0.441904
67968  0.441904
68000  0.441904
68032  0.441904
68064  0.441904
68096  0.441904
68128  0.441904
68160  0.441904
68192  0.441904
68224  0.441904
68256  0.441904
68288  0.441904
68320  0.441904
68352  0.441904
68384  0.441904
68416  0.441819
68448  0.441819
68480  0.441819
68512  0.441819
68544  0.441819
68576  0.441819
68608  0.441819
68640  0.441819
68672  0.441819
68704  0.441819
68736  0.441819
68768  0.441819
68800  0.441819
68832  0.441819
68864  0.441819
68896  0.441819
68928  0.441819
68960  0.441819
68992  0.441819
69024  0.441819
69056  0.441819
69088  0.441819
69120  0.441819
69152  0.441819
69184  0.441819
69216  0.441819
69248  0.441819
69280  0.441819
69312  0.441819
69344  0.441819
69376  0.441819
69408  0.441819
69440  0.441819
69472  0.441819
69504  0.441819
69536  0.441819
69568  0.441819
69600  0.441819
69632  0.441819
69664  0.441819
69696  0.441819
69728  0.441819
69760  0.441819
69792  0.441819
69824  0.441819
69856  0.441819
69888  0.441819
69920  0.441819
69952  0.441819
69984  0.441483
70016  0.441483
70048  0.441483
70080  0.441483
70112  0.441483
70144  0.441483
70176  0.441483
70208  0.441483
70240  0.441483
70272  0.441483
70304  0.441483
70336  0.441483
70368  0.441483
70400  0.441483
70432  0.441483
70464  0.441483
70496  0.441483
70528  0.441483
70560  0.441483
70592  0.441483
70624  0.441483
70656  0.441483
70688  0.441483
70720  0.441483
70752  0.441483
70784  0.441483
70816  0.441483
70848  0.441483
70880  0.441483
70912  0.441483
70944  0.441483
70976  0.441483
71008  0.441483
71040  0.441483
71072  0.441483
71104  0.441483
71136  0.441483
71168  0.441483
71200  0.441483
71232  0.441483
71264  0.441483
71296  0.441483
71328  0.441483
71360  0.441483
71392  0.441483
71424  0.441483
71456  0.441483
71488  0.441483
71520  0.441483
71552  0.441483
71584  0.441457
71616  0.441457
71648  0.441457
71680  0.441457
71712  0.441457
71744  0.441457
71776  0.441457
71808  0.441457
71840  0.441457
71872  0.441457
71904  0.441457
71936  0.441457
71968  0.441457
72000  0.441457
72032  0.441457
72064  0.441457
72096  0.441457
72128  0.441457
72160  0.441457
72192  0.441457
72224  0.441457
72256  0.441457
72288  0.441457
72320  0.441457
72352  0.441457
72384  0.441457
72416  0.441457
72448  0.441457
72480  0.441457
72512  0.441457
72544  0.441209
72576  0.441209
72608  0.441209
72640  0.441209
72672  0.441209
72704  0.441209
72736  0.441209
72768  0.441209
72800  0.441209
72832  0.441209
72864  0.441209
72896  0.441209
72928  0.441209
72960  0.441209
72992  0.44114
73024  0.44114
73056  0.44114
73088  0.44114
73120  0.44114
73152  0.44114
73184  0.44114
73216  0.44114
73248  0.44114
73280  0.44114
73312  0.44114
73344  0.44114
73376  0.44114
73408  0.44114
73440  0.44114
73472  0.44114
73504  0.44114
73536  0.44114
73568  0.44114
73600  0.44114
73632  0.44114
73664  0.44114
73696  0.44114
73728  0.44114
73760  0.44114
73792  0.44114
73824  0.44114
73856  0.44114
73888  0.44114
73920  0.44114
73952  0.44114
73984  0.44114
74016  0.44114
74048  0.44114
74080  0.44114
74112  0.44114
74144  0.44114
74176  0.44114
74208  0.44114
74240  0.44114
74272  0.44114
74304  0.44114
74336  0.44114
74368  0.440936
74400  0.440936
74432  0.440936
74464  0.440936
74496  0.440936
74528  0.440936
74560  0.440936
74592  0.440936
74624  0.440936
74656  0.440936
74688  0.440936
74720  0.440936
74752  0.440936
74784  0.440936
74816  0.440936
74848  0.440936
74880  0.440936
74912  0.440936
74944  0.440936
74976  0.440936
75008  0.440936
75040  0.440936
75072  0.440936
75104  0.440936
75136  0.440936
75168  0.440936
75200  0.440936
75232  0.440936
75264  0.440936
75296  0.440936
75328  0.440936
75360  0.440936
75392  0.440936
75424  0.440936
75456  0.440936
75488  0.440936
75520  0.440936
75552  0.440936
75584  0.440936
75616  0.440936
75648  0.440936
75680  0.440936
75712  0.440936
75744  0.440936
75776  0.440936
75808  0.440936
75840  0.440936
75872  0.440936
75904  0.440936
75936  0.440936
75968  0.440936
76000  0.440936
76032  0.440903
76064  0.440903
76096  0.440903
76128  0.440903
76160  0.440903
76192  0.440903
76224  0.440903
76256  0.440903
76288  0.440903
76320  0.440903
76352  0.440903
76384  0.440903
76416  0.440903
76448  0.440903
76480  0.440903
76512  0.440903
76544  0.440903
76576  0.440903
76608  0.440903
76640  0.440903
76672  0.440903
76704  0.440903
76736  0.440903
76768  0.440903
76800  0.440903
76832  0.440903
76864  0.440903
76896  0.440903
76928  0.440903
76960  0.440903
76992  0.440903
77024  0.440903
77056  0.440903
77088  0.440903
77120  0.440903
77152  0.440903
77184  0.440903
77216  0.440903
77248  0.440903
77280  0.440903
77312  0.440903
77344  0.440903
77376  0.440903
77408  0.440903
77440  0.440903
77472  0.440903
77504  0.440722
77536  0.440722
77568  0.440722
77600  0.440722
77632  0.440722
77664  0.440722
77696  0.440722
77728  0.440722
77760  0.440722
77792  0.440722
77824  0.440722
77856  0.440722
77888  0.440722
77920  0.440722
77952  0.440722
77984  0.440722
78016  0.440722
78048  0.440678
78080  0.440678
78112  0.440678
78144  0.440678
78176  0.440678
78208  0.440678
78240  0.440678
78272  0.440678
78304  0.440678
78336  0.440678
78368  0.440678
78400  0.440678
78432  0.440678
78464  0.440678
78496  0.440678
78528  0.440678
78560  0.440678
78592  0.440678
78624  0.440678
78656  0.440678
78688  0.440526
78720  0.440526
78752  0.440526
78784  0.440526
78816  0.440526
78848  0.440526
78880  0.440526
78912  0.440526
78944  0.440526
78976  0.440526
79008  0.440526
79040  0.440526
79072  0.440526
79104  0.440526
79136  0.440526
79168  0.440526
79200  0.440526
79232  0.440526
79264  0.440526
79296  0.440526
79328  0.440526
79360  0.440526
79392  0.440526
79424  0.440526
79456  0.440526
79488  0.440526
79520  0.440526
79552  0.440526
79584  0.440526
79616  0.440526
79648  0.440526
79680  0.440526
79712  0.440526
79744  0.440526
79776  0.440526
79808  0.440526
79840  0.440526
79872  0.440526
79904  0.440526
79936  0.440526
79968  0.440526
80000  0.440526
80032  0.440526
80064  0.440526
80096  0.440526
80128  0.440526
80160  0.440526
80192  0.440526
80224  0.440526
80256  0.440526
80288  0.440526
80320  0.440489
80352  0.440489
80384  0.440489
80416  0.440489
80448  0.440489
80480  0.440489
80512  0.440489
80544  0.440489
80576  0.440489
80608  0.440489
80640  0.440489
80672  0.440489
80704  0.440489
80736  0.440489
80768  0.44045
80800  0.44045
80832  0.44045
80864  0.44045
80896  0.44045
80928  0.44045
80960  0.44045
80992  0.44045
81024  0.44045
81056  0.44045
81088  0.44045
81120  0.44045
81152  0.44045
81184  0.44045
81216  0.44045
81248  0.44045
81280  0.44045
81312  0.44045
81344  0.44045
81376  0.44045
81408  0.44045
81440  0.44045
81472  0.44045
81504  0.44045
81536  0.44045
81568  0.44045
81600  0.44045
81632  0.44045
81664  0.44045
81696  0.44045
81728  0.44045
81760  0.44045
81792  0.44045
81824  0.44045
81856  0.44045
81888  0.44045
81920  0.44045
81952  0.44045
81984  0.44045
82016  0.44045
82048  0.44045
82080  0.44045
82112  0.44045
82144  0.44045
82176  0.439986
82208  0.439986
82240  0.439986
82272  0.439986
82304  0.439986
82336  0.439986
82368  0.439986
82400  0.439986
82432  0.439986
82464  0.439986
82496  0.439986
82528  0.439986
82560  0.439986
82592  0.439986
82624  0.439986
82656  0.439986
82688  0.439986
82720  0.439986
82752  0.439986
82784  0.439986
82816  0.439986
82848  0.439986
82880  0.439986
82912  0.439986
82944  0.439986
82976  0.439986
83008  0.439986
83040  0.439986
83072  0.439986
83104  0.439986
83136  0.439986
83168  0.439986
83200  0.439986
83232  0.439986
83264  0.439986
83296  0.439986
83328  0.439986
83360  0.439986
83392  0.439986
83424  0.439986
83456  0.439986
83488  0.439986
83520  0.439986
83552  0.439986
83584  0.439986
83616  0.439986
83648  0.439986
83680  0.439986
83712  0.439986
83744  0.439986
83776  0.439986
83808  0.439986
83840  0.439986
83872  0.439986
83904  0.439986
83936  0.439986
83968  0.439986
84000  0.439986
84032  0.439986
84064  0.439986
84096  0.439986
84128  0.439986
84160  0.439986
84192  0.439986
84224  0.439986
84256  0.439986
84288  0.439986
84320  0.439986
84352  0.439986
84384  0.439986
84416  0.439986
84448  0.439986
84480  0.439986
84512  0.439986
84544  0.439986
84576  0.439986
84608  0.439986
84640  0.439986
84672  0.439986
84704  0.439986
84736  0.439986
84768  0.439986
84800  0.439986
84832  0.439986
84864  0.439986
84896  0.439986
84928  0.439986
84960  0.439986
84992  0.439986
85024  0.439986
85056  0.439986
85088  0.439986
85120  0.439986
85152  0.439986
85184  0.439986
85216  0.439986
85248  0.439986
85280  0.439986
85312  0.439986
85344  0.439986
85376  0.439986
85408  0.439986
85440  0.439986
85472  0.439986
85504  0.439986
85536  0.439986
85568  0.439986
85600  0.439986
85632  0.439986
85664  0.439986
85696  0.439986
85728  0.439986
85760  0.439986
85792  0.439986
85824  0.439986
85856  0.439986
85888  0.439986
85920  0.439986
85952  0.439986
85984  0.439986
86016  0.439986
86048  0.439986
86080  0.439986
86112  0.439986
86144  0.439986
86176  0.439986
86208  0.439936
86240  0.439936
86272  0.439936
86304  0.439936
86336  0.439936
86368  0.439936
86400  0.439936
86432  0.439936
86464  0.439936
86496  0.439936
86528  0.439936
86560  0.439936
86592  0.439936
86624  0.439936
86656  0.439936
86688  0.439936
86720  0.439936
86752  0.439936
86784  0.439936
86816  0.439936
86848  0.439936
86880  0.439936
86912  0.439936
86944  0.439936
86976  0.439936
87008  0.439936
87040  0.439936
87072  0.439936
87104  0.439936
87136  0.439936
87168  0.439936
87200  0.439936
87232  0.439936
87264  0.439936
87296  0.439936
87328  0.439936
87360  0.439936
87392  0.439936
87424  0.439936
87456  0.439936
87488  0.439936
87520  0.439936
87552  0.439936
87584  0.439936
87616  0.439936
87648  0.439936
87680  0.439936
87712  0.439936
87744  0.439936
87776  0.439936
87808  0.439936
87840  0.439936
87872  0.439936
87904  0.439936
87936  0.439936
87968  0.439936
88000  0.439936
88032  0.439936
88064  0.439936
88096  0.439936
88128  0.439936
88160  0.439936
88192  0.439936
88224  0.439936
88256  0.439936
88288  0.439936
88320  0.439936
88352  0.439936
88384  0.439936
88416  0.439936
88448  0.439936
88480  0.439936
88512  0.439936
88544  0.439936
88576  0.439936
88608  0.439936
88640  0.439936
88672  0.439936
88704  0.439936
88736  0.439936
88768  0.439936
88800  0.439936
88832  0.439936
88864  0.439936
88896  0.439936
88928  0.439936
88960  0.439936
88992  0.439936
89024  0.439936
89056  0.439936
89088  0.439936
89120  0.439936
89152  0.439936
89184  0.439936
89216  0.439936
89248  0.439936
89280  0.439936
89312  0.439936
89344  0.439936
89376  0.439936
89408  0.439936
89440  0.439936
89472  0.439936
89504  0.439936
89536  0.439936
89568  0.439936
89600  0.439936
89632  0.439936
89664  0.439936
89696  0.439936
89728  0.439936
89760  0.439936
89792  0.439936
89824  0.439936
89856  0.439936
89888  0.439936
89920  0.439936
89952  0.439936
89984  0.439936
90016  0.439936
90048  0.439936
90080  0.439936
90112  0.439936
90144  0.439936
90176  0.439936
90208  0.439936
90240  0.439936
90272  0.439936
90304  0.439936
90336  0.439936
90368  0.439936
90400  0.439936
90432  0.439936
90464  0.439936
90496  0.439936
90528  0.439936
90560  0.439936
90592  0.439936
90624  0.439936
90656  0.439936
90688  0.439936
90720  0.439936
90752  0.439936
90784  0.439936
90816  0.439936
90848  0.439936
90880  0.439936
90912  0.439936
90944  0.439936
90976  0.439936
91008  0.439936
91040  0.439936
91072  0.439936
91104  0.439936
91136  0.439936
91168  0.439936
91200  0.439936
91232  0.439936
91264  0.439936
91296  0.439936
91328  0.439936
91360  0.439936
91392  0.439936
91424  0.439936
91456  0.439936
91488  0.439936
91520  0.439936
91552  0.439936
91584  0.439936
91616  0.439936
91648  0.439936
91680  0.439936
91712  0.439936
91744  0.439936
91776  0.439936
91808  0.439936
91840  0.439936
91872  0.439936
91904  0.439936
91936  0.439936
91968  0.439936
92000  0.439936
92032  0.439936
92064  0.439936
92096  0.439936
92128  0.439936
92160  0.439936
92192  0.439936
92224  0.439936
92256  0.439936
92288  0.439936
92320  0.439936
92352  0.439936
92384  0.439936
92416  0.439936
92448  0.439936
92480  0.439936
92512  0.439936
92544  0.439936
92576  0.439936
92608  0.439936
92640  0.439936
92672  0.439936
92704  0.439936
92736  0.439936
92768  0.439936
92800  0.439936
92832  0.439936
92864  0.439936
92896  0.439936
92928  0.439936
92960  0.439936
92992  0.439936
93024  0.439936
93056  0.439936
93088  0.439936
93120  0.439936
93152  0.439936
93184  0.439936
93216  0.439936
93248  0.439936
93280  0.439936
93312  0.439936
93344  0.439936
93376  0.439936
93408  0.439936
93440  0.439891
93472  0.439891
93504  0.439891
93536  0.439891
93568  0.439891
93600  0.439891
93632  0.439891
93664  0.439891
93696  0.439891
93728  0.439891
93760  0.439891
93792  0.439891
93824  0.439891
93856  0.439891
93888  0.439891
93920  0.439891
93952  0.439891
93984  0.439686
94016  0.439686
94048  0.439686
94080  0.439686
94112  0.439686
94144  0.439686
94176  0.439686
94208  0.439686
94240  0.439686
94272  0.439686
94304  0.439686
94336  0.439686
94368  0.439686
94400  0.439686
94432  0.439686
94464  0.439686
94496  0.439686
94528  0.439686
94560  0.439686
94592  0.439686
94624  0.439686
94656  0.439686
94688  0.439686
94720  0.439686
94752  0.439686
94784  0.439686
94816  0.439686
94848  0.439686
94880  0.439686
94912  0.439686
94944  0.439686
94976  0.439686
95008  0.439686
95040  0.439686
95072  0.439686
95104  0.439686
95136  0.439686
95168  0.439686
95200  0.439686
95232  0.439686
95264  0.439686
95296  0.439686
95328  0.439686
95360  0.439686
95392  0.439686
95424  0.439686
95456  0.439686
95488  0.439686
95520  0.439686
95552  0.439686
95584  0.439686
95616  0.439686
95648  0.439686
95680  0.439585
95712  0.439585
95744  0.439585
95776  0.439585
95808  0.439585
95840  0.439585
95872  0.439585
95904  0.439585
95936  0.439585
95968  0.439585
96000  0.439585
96032  0.439585
