Step  Penalty
10  0.564457
20  0.551265
30  0.534461
40  0.528827
50  0.517418
60  0.512603
70  0.475225
80  0.424297
90  0.39664
100  0.372369
110  0.33891
120  0.327061
130  0.308967
140  0.295756
150  0.287282
160  0.281152
170  0.275151
180  0.267085
190  0.260816
200  0.258375
210  0.254635
220  0.252425
230  0.246917
240  0.24659
250  0.245586
260  0.243856
270  0.239978
280  0.238339
290  0.237122
300  0.236851
310  0.236676
320  0.236676
330  0.236676
340  0.234998
350  0.234951
360  0.234727
370  0.234727
380  0.234223
390  0.234223
400  0.234223
410  0.233869
420  0.233869
430  0.23367
440  0.233607
450  0.233608
460  0.233608
470  0.233361
480  0.233361
490  0.233291
500  0.232882
510  0.232861
520  0.232861
530  0.232861
540  0.232859
550  0.232785
560  0.232785
570  0.232785
580  0.232785
590  0.232785
600  0.232785
610  0.232567
620  0.232427
630  0.231801
640  0.231801
650  0.231801
660  0.231801
670  0.231801
680  0.231294
690  0.231294
700  0.231294
710  0.231294
720  0.231294
730  0.231294
740  0.231294
750  0.231294
760  0.231294
770  0.231294
780  0.231294
790  0.231294
800  0.231294
810  0.231294
820  0.231294
830  0.231084
840  0.231084
850  0.231084
860  0.230575
870  0.230575
880  0.230575
890  0.230575
900  0.230575
910  0.230575
920  0.230575
930  0.230575
940  0.230454
950  0.230454
960  0.230454
970  0.230454
980  0.230454
990  0.230454
1000  0.230454
1010  0.230454
1020  0.229914
1030  0.229914
1040  0.229914
1050  0.229914
1060  0.229914
1070  0.229914
1080  0.229914
1090  0.229914
1100  0.229914
1110  0.229914
1120  0.229914
1130  0.229914
1140  0.229914
1150  0.229914
1160  0.229802
1170  0.229802
1180  0.229802
1190  0.229802
1200  0.229802
1210  0.229802
1220  0.229802
1230  0.229802
1240  0.2297
1250  0.2297
1260  0.2297
1270  0.2297
1280  0.2297
1290  0.2297
1300  0.2297
1310  0.2297
1320  0.2297
1330  0.2297
1340  0.2297
1350  0.2297
1360  0.2297
1370  0.2297
1380  0.2297
1390  0.2297
1400  0.2297
1410  0.229363
1420  0.229363
1430  0.229363
1440  0.229363
1450  0.229363
1460  0.229269
1470  0.229269
1480  0.229269
1490  0.229269
1500  0.229269
1510  0.229269
1520  0.229269
1530  0.229269
1540  0.228961
1550  0.228961
1560  0.228961
1570  0.228961
1580  0.228961
1590  0.228961
1600  0.228961
1610  0.228961
1620  0.228961
1630  0.228961
1640  0.228961
1650  0.228961
1660  0.228961
1670  0.228961
1680  0.228961
1690  0.228961
1700  0.228961
1710  0.228961
1720  0.228961
1730  0.228961
1740  0.228961
1750  0.228961
1760  0.228961
1770  0.228961
1780  0.228961
1790  0.228961
1800  0.228903
1810  0.228903
1820  0.228903
1830  0.228903
1840  0.228903
1850  0.228903
1860  0.228903
1870  0.228903
1880  0.228903
1890  0.228903
1900  0.228903
1910  0.228903
1920  0.228903
1930  0.228903
1940  0.228903
1950  0.228903
1960  0.228903
1970  0.228903
1980  0.228903
1990  0.228903
2000  0.228903
2010  0.228827
2020  0.228827
2030  0.228827
2040  0.228827
2050  0.228827
2060  0.228827
2070  0.228827
2080  0.228827
2090  0.228827
2100  0.228827
2110  0.228787
2120  0.228787
2130  0.228787
2140  0.228787
2150  0.228787
2160  0.228787
2170  0.228787
2180  0.228787
2190  0.228787
2200  0.228787
2210  0.228787
2220  0.228787
2230  0.228787
2240  0.228787
2250  0.228787
2260  0.228787
2270  0.228787
2280  0.228787
2290  0.228787
2300  0.228787
2310  0.228787
2320  0.228787
2330  0.228787
2340  0.228787
2350  0.22874
2360  0.22874
2370  0.22874
2380  0.22874
2390  0.22874
2400  0.22874
2410  0.22874
2420  0.22874
2430  0.22874
2440  0.22874
2450  0.22874
2460  0.22874
2470  0.22874
2480  0.22874
2490  0.22874
2500  0.22874
2510  0.22874
2520  0.22874
2530  0.22874
2540  0.22874
2550  0.22874
2560  0.22874
2570  0.22874
2580  0.22874
2590  0.22874
2600  0.22874
2610  0.22874
2620  0.22874
2630  0.22874
2640  0.22874
2650  0.22874
2660  0.22874
2670  0.22874
2680  0.22874
2690  0.22874
2700  0.22874
2710  0.22874
2720  0.22874
2730  0.22874
2740  0.22874
2750  0.22874
2760  0.22874
2770  0.22874
2780  0.22874
2790  0.22874
2800  0.22874
2810  0.22874
2820  0.22874
2830  0.22874
2840  0.22874
2850  0.228407
2860  0.228407
2870  0.228407
2880  0.228407
2890  0.228407
2900  0.228407
2910  0.228407
2920  0.228407
2930  0.228407
2940  0.228407
2950  0.228407
2960  0.228407
2970  0.228407
2980  0.228407
2990  0.228407
3000  0.228407
3010  0.228407
3020  0.228407
3030  0.228407
3040  0.228407
3050  0.228407
3060  0.228407
3070  0.228407
3080  0.228407
3090  0.228407
3100  0.228407
3110  0.228407
3120  0.228407
3130  0.228407
3140  0.228407
3150  0.228407
3160  0.228407
3170  0.228407
3180  0.228407
3190  0.228225
3200  0.228225
3210  0.228225
3220  0.228225
3230  0.228225
3240  0.228225
3250  0.228225
3260  0.228225
3270  0.228225
3280  0.228225
3290  0.228225
3300  0.228225
3310  0.228225
3320  0.228225
3330  0.228225
3340  0.228225
3350  0.228225
3360  0.228225
3370  0.228225
3380  0.228225
3390  0.228225
3400  0.228225
3410  0.228225
3420  0.228225
3430  0.228182
3440  0.228182
3450  0.228182
3460  0.228182
3470  0.228182
3480  0.228182
3490  0.228182
3500  0.228182
3510  0.228182
3520  0.228182
3530  0.228182
3540  0.228182
3550  0.228182
3560  0.228182
3570  0.228182
3580  0.228182
3590  0.228182
3600  0.228182
3610  0.228182
3620  0.228182
3630  0.228182
3640  0.228182
3650  0.228182
3660  0.228182
3670  0.228182
3680  0.228182
3690  0.228182
3700  0.228182
3710  0.228182
3720  0.228182
3730  0.228182
3740  0.228182
3750  0.228182
3760  0.228182
3770  0.228182
3780  0.228182
3790  0.228182
3800  0.228182
3810  0.228182
3820  0.228182
3830  0.228182
3840  0.228182
3850  0.228182
3860  0.228182
3870  0.228182
3880  0.228182
3890  0.228182
3900  0.228182
3910  0.228182
3920  0.228182
3930  0.228182
3940  0.228182
3950  0.228182
3960  0.228182
3970  0.228182
3980  0.228182
3990  0.228182
4000  0.228182
4010  0.228182
4020  0.228182
4030  0.228182
4040  0.228182
4050  0.228182
4060  0.228182
4070  0.228182
4080  0.228182
4090  0.228182
4100  0.228182
4110  0.228182
4120  0.228182
4130  0.228182
4140  0.228182
4150  0.228182
4160  0.228182
4170  0.228182
4180  0.228182
4190  0.228182
4200  0.228182
4210  0.228182
4220  0.228182
4230  0.228182
4240  0.228182
4250  0.228182
4260  0.228182
4270  0.228182
4280  0.228182
4290  0.228182
4300  0.228182
4310  0.228182
4320  0.228182
4330  0.228182
4340  0.228182
4350  0.228182
4360  0.228182
4370  0.228182
4380  0.228182
4390  0.228182
4400  0.228182
4410  0.228182
4420  0.228182
4430  0.228182
4440  0.228182
4450  0.228182
4460  0.228182
4470  0.228182
4480  0.228182
4490  0.228182
4500  0.228182
4510  0.228248
4520  0.228248
4530  0.228248
4540  0.228248
4550  0.228248
4560  0.228248
4570  0.228248
4580  0.228248
4590  0.228248
4600  0.228248
4610  0.228248
4620  0.228248
4630  0.228128
4640  0.228128
4650  0.228128
4660  0.228128
4670  0.228128
4680  0.228128
4690  0.228128
4700  0.228128
4710  0.228128
4720  0.228128
4730  0.228128
4740  0.228128
4750  0.228128
4760  0.228128
4770  0.228128
4780  0.228128
4790  0.228128
4800  0.228128
4810  0.228128
4820  0.228128
4830  0.228128
4840  0.228128
4850  0.228128
4860  0.228128
4870  0.228128
4880  0.228128
4890  0.228128
4900  0.228128
4910  0.228128
4920  0.228128
4930  0.228128
4940  0.228128
4950  0.228128
4960  0.228128
4970  0.228128
4980  0.228128
4990  0.228128
5000  0.228128
5010  0.228128
5020  0.228128
5030  0.228128
5040  0.228128
5050  0.228128
5060  0.228128
5070  0.228128
5080  0.228128
5090  0.228128
5100  0.228128
5110  0.228128
5120  0.228128
5130  0.228128
5140  0.228128
5150  0.228128
5160  0.228128
5170  0.228128
5180  0.228128
5190  0.228128
5200  0.228128
5210  0.228128
5220  0.228128
5230  0.228128
5240  0.228128
5250  0.228031
5260  0.228031
5270  0.228031
5280  0.228031
5290  0.228031
5300  0.228031
5310  0.228031
5320  0.228031
5330  0.228031
5340  0.228031
5350  0.228031
5360  0.228031
5370  0.228031
5380  0.228031
5390  0.228031
5400  0.228031
5410  0.228031
5420  0.228031
5430  0.228031
5440  0.228031
5450  0.228031
5460  0.228031
5470  0.228031
5480  0.228031
5490  0.228031
5500  0.228031
5510  0.228031
5520  0.228031
5530  0.228031
5540  0.228031
5550  0.228031
5560  0.228031
5570  0.228031
5580  0.228031
5590  0.228031
5600  0.228031
5610  0.228031
5620  0.228031
5630  0.228031
5640  0.228031
5650  0.228031
5660  0.228031
5670  0.228031
5680  0.228031
5690  0.228031
5700  0.228031
5710  0.228031
5720  0.228031
5730  0.228031
5740  0.228031
5750  0.228031
5760  0.228031
5770  0.228031
5780  0.228031
5790  0.228031
5800  0.228031
5810  0.228031
5820  0.228031
5830  0.228031
5840  0.228031
5850  0.228031
5860  0.228031
5870  0.228031
5880  0.228031
5890  0.228031
5900  0.228031
5910  0.228031
5920  0.228031
5930  0.228031
5940  0.228031
5950  0.228031
5960  0.228031
5970  0.228031
5980  0.228031
5990  0.228031
6000  0.228031
6010  0.228031
6020  0.228031
6030  0.228031
6040  0.228031
6050  0.228031
6060  0.228031
6070  0.228031
6080  0.228031
6090  0.228031
6100  0.228031
6110  0.228031
6120  0.228031
6130  0.228031
6140  0.228031
6150  0.228031
6160  0.228031
6170  0.228031
6180  0.228031
6190  0.228031
6200  0.228031
6210  0.228031
6220  0.228031
6230  0.228031
6240  0.228031
6250  0.228031
6260  0.228031
6270  0.228031
6280  0.228031
6290  0.228031
6300  0.228031
6310  0.228031
6320  0.228031
6330  0.228031
6340  0.228031
6350  0.228031
6360  0.228031
6370  0.228031
6380  0.228031
6390  0.228031
6400  0.228031
6410  0.228031
6420  0.228031
6430  0.228031
6440  0.228031
6450  0.228031
6460  0.228031
6470  0.228031
6480  0.228031
6490  0.228031
6500  0.228031
6510  0.228031
6520  0.228031
6530  0.228031
6540  0.228031
6550  0.228031
6560  0.228031
6570  0.228031
6580  0.228031
6590  0.228031
6600  0.228031
6610  0.228031
6620  0.228031
6630  0.228031
6640  0.228031
6650  0.228031
6660  0.228031
6670  0.228031
6680  0.228031
6690  0.228031
6700  0.228031
6710  0.228031
6720  0.228031
6730  0.228031
6740  0.228031
6750  0.228031
6760  0.228031
6770  0.228031
6780  0.228031
6790  0.228031
6800  0.228031
6810  0.228031
6820  0.228031
6830  0.228031
6840  0.228031
6850  0.228031
6860  0.228031
6870  0.228031
6880  0.228031
6890  0.228031
6900  0.228031
6910  0.228031
6920  0.228031
6930  0.228031
6940  0.228031
6950  0.228031
6960  0.228031
6970  0.228031
6980  0.228031
6990  0.228031
7000  0.228031
7010  0.228031
7020  0.228031
7030  0.228031
7040  0.228031
7050  0.228031
7060  0.228031
7070  0.228031
7080  0.228031
7090  0.228031
7100  0.228031
7110  0.228031
7120  0.228031
7130  0.228031
7140  0.228031
7150  0.228031
7160  0.228031
7170  0.228031
7180  0.228031
7190  0.228031
7200  0.228031
7210  0.228031
7220  0.228031
7230  0.228031
7240  0.228031
7250  0.228031
7260  0.228031
7270  0.228031
7280  0.228031
7290  0.228031
7300  0.228031
7310  0.228031
7320  0.228031
7330  0.228031
7340  0.228031
7350  0.228031
7360  0.228031
7370  0.228031
7380  0.228031
7390  0.228031
7400  0.228031
7410  0.228031
7420  0.228031
7430  0.228031
7440  0.228031
7450  0.228031
7460  0.228031
7470  0.228031
7480  0.228031
7490  0.228031
7500  0.228031
7510  0.228031
7520  0.228031
7530  0.228031
7540  0.228031
7550  0.228031
7560  0.228031
7570  0.228031
7580  0.228031
7590  0.228031
7600  0.228031
7610  0.228031
7620  0.228031
7630  0.228031
7640  0.228031
7650  0.228031
7660  0.228031
7670  0.228031
7680  0.228031
7690  0.228031
7700  0.228031
7710  0.228031
7720  0.228031
7730  0.228031
7740  0.228031
7750  0.228031
7760  0.228031
7770  0.228031
7780  0.228031
7790  0.228031
7800  0.228031
7810  0.228031
7820  0.228031
7830  0.228031
7840  0.228031
7850  0.228031
7860  0.228031
7870  0.228031
7880  0.228031
7890  0.228031
7900  0.228031
7910  0.228031
7920  0.228031
7930  0.228031
7940  0.228031
7950  0.228031
7960  0.228031
7970  0.228031
7980  0.228031
7990  0.228031
8000  0.228031
8010  0.228031
8020  0.228031
8030  0.228031
8040  0.228031
8050  0.228031
8060  0.228031
8070  0.228031
8080  0.228031
8090  0.228031
8100  0.228031
8110  0.228031
8120  0.228031
8130  0.228031
8140  0.228031
8150  0.228031
8160  0.228031
8170  0.228031
8180  0.228031
8190  0.228031
8200  0.228031
8210  0.228031
8220  0.228031
8230  0.228031
8240  0.228031
8250  0.228031
8260  0.228031
8270  0.228031
8280  0.228031
8290  0.228031
8300  0.228031
8310  0.228031
8320  0.228031
8330  0.228031
8340  0.228031
8350  0.228031
8360  0.228031
8370  0.228031
8380  0.228031
8390  0.228031
8400  0.228031
8410  0.228031
8420  0.228031
8430  0.228031
8440  0.228031
8450  0.228031
8460  0.228031
8470  0.228031
8480  0.228031
8490  0.228031
8500  0.228031
8510  0.228031
8520  0.228031
8530  0.228031
8540  0.228031
8550  0.228031
8560  0.228031
8570  0.228031
8580  0.228031
8590  0.228031
8600  0.228031
8610  0.228031
8620  0.228031
8630  0.228031
8640  0.228031
8650  0.228031
8660  0.228031
8670  0.228031
8680  0.228031
8690  0.228031
8700  0.228031
8710  0.228031
8720  0.228031
8730  0.228031
8740  0.228031
8750  0.228031
8760  0.228031
8770  0.228031
8780  0.228031
8790  0.228031
8800  0.228031
8810  0.228031
8820  0.228031
8830  0.228031
8840  0.228031
8850  0.228031
8860  0.228031
8870  0.228031
8880  0.228031
8890  0.228031
8900  0.228031
8910  0.228031
8920  0.228031
8930  0.228031
8940  0.228031
8950  0.228031
8960  0.228031
8970  0.228031
8980  0.228031
8990  0.228031
9000  0.228031
9010  0.228031
9020  0.228031
9030  0.228031
9040  0.228031
9050  0.228031
9060  0.228031
9070  0.228031
9080  0.228031
9090  0.228031
9100  0.228031
9110  0.228031
9120  0.228031
9130  0.228031
9140  0.228031
9150  0.228031
9160  0.228031
9170  0.228031
9180  0.228031
9190  0.228031
9200  0.228031
9210  0.228031
9220  0.228031
9230  0.228031
9240  0.228031
9250  0.228031
9260  0.228031
9270  0.228031
9280  0.228031
9290  0.228031
9300  0.228031
9310  0.228031
9320  0.228031
9330  0.228031
9340  0.228031
9350  0.228031
9360  0.228031
9370  0.228031
9380  0.228031
9390  0.228031
9400  0.228031
9410  0.228031
9420  0.228031
9430  0.228031
9440  0.228031
9450  0.228031
9460  0.228031
9470  0.228031
9480  0.228031
9490  0.228031
9500  0.228031
9510  0.228031
9520  0.228031
9530  0.228031
9540  0.228031
9550  0.228031
9560  0.228031
9570  0.228031
9580  0.228031
9590  0.228031
9600  0.228031
9610  0.228031
9620  0.227996
9630  0.227996
9640  0.227996
9650  0.227996
9660  0.227996
9670  0.227996
9680  0.227996
9690  0.227996
9700  0.227996
9710  0.227996
9720  0.227996
9730  0.227996
9740  0.227996
9750  0.227996
9760  0.227996
9770  0.227996
9780  0.227996
9790  0.227996
9800  0.227996
9810  0.227996
9820  0.227996
9830  0.227996
9840  0.227996
9850  0.227996
9860  0.227996
9870  0.227996
9880  0.227996
9890  0.227996
9900  0.227996
9910  0.227996
9920  0.227996
9930  0.227996
9940  0.227996
9950  0.227996
9960  0.227996
9970  0.227996
9980  0.227996
9990  0.227996
10000  0.227996
10010  0.227996
10020  0.227996
10030  0.227996
10040  0.227996
10050  0.227996
10060  0.227996
10070  0.227996
10080  0.227996
10090  0.227996
10100  0.227996
10110  0.227996
10120  0.227996
10130  0.227996
10140  0.227996
10150  0.227996
10160  0.227996
10170  0.227996
10180  0.227996
10190  0.227996
10200  0.227996
10210  0.227996
10220  0.227996
10230  0.227996
10240  0.227996
10250  0.227996
10260  0.227996
10270  0.227996
10280  0.227996
10290  0.227996
10300  0.227996
10310  0.227996
10320  0.227996
10330  0.227996
10340  0.227996
10350  0.227996
10360  0.227996
10370  0.227996
10380  0.227996
10390  0.227996
10400  0.227867
10410  0.227867
10420  0.227867
10430  0.227867
10440  0.227867
10450  0.227867
10460  0.227867
10470  0.227867
10480  0.227867
10490  0.227867
10500  0.227867
10510  0.227867
10520  0.227867
10530  0.227867
10540  0.227867
10550  0.227867
10560  0.227867
10570  0.227867
10580  0.227867
10590  0.227867
10600  0.227867
10610  0.227867
10620  0.227867
10630  0.227867
10640  0.227867
10650  0.227867
10660  0.227867
10670  0.227867
10680  0.227867
10690  0.227867
10700  0.227867
10710  0.227867
10720  0.227867
10730  0.227867
10740  0.227867
10750  0.227867
10760  0.227867
10770  0.227867
10780  0.227867
10790  0.227867
10800  0.227867
10810  0.227867
10820  0.227867
10830  0.227867
10840  0.227867
10850  0.227867
10860  0.227867
10870  0.227867
10880  0.227867
10890  0.227867
10900  0.227867
10910  0.227867
10920  0.227867
10930  0.227867
10940  0.227867
10950  0.227867
10960  0.227867
10970  0.227867
10980  0.227867
10990  0.227867
11000  0.227867
11010  0.227867
11020  0.227867
11030  0.227867
11040  0.227867
11050  0.227867
11060  0.227867
11070  0.227867
11080  0.227867
11090  0.227867
11100  0.227867
11110  0.227867
11120  0.227867
11130  0.227867
11140  0.227867
11150  0.227867
11160  0.227867
11170  0.227867
11180  0.227867
11190  0.227867
11200  0.227867
11210  0.227867
11220  0.227867
11230  0.227867
11240  0.227867
11250  0.227867
11260  0.227867
11270  0.227867
11280  0.227867
11290  0.227867
11300  0.227867
11310  0.227867
11320  0.227867
11330  0.227867
11340  0.227867
11350  0.227867
11360  0.227867
11370  0.227867
11380  0.227867
11390  0.227867
11400  0.227867
11410  0.227867
11420  0.227867
11430  0.227867
11440  0.227867
11450  0.227867
11460  0.227867
11470  0.227867
11480  0.227867
11490  0.227867
11500  0.227867
11510  0.227867
11520  0.227867
11530  0.227867
11540  0.227867
11550  0.227867
11560  0.227867
11570  0.227867
11580  0.227867
11590  0.227867
11600  0.227867
11610  0.227867
11620  0.227867
11630  0.227867
11640  0.227867
11650  0.227867
11660  0.227867
11670  0.227867
11680  0.227867
11690  0.227867
11700  0.227867
11710  0.227867
11720  0.227867
11730  0.227867
11740  0.227867
11750  0.227867
11760  0.227867
11770  0.227867
11780  0.227867
11790  0.227867
11800  0.227867
11810  0.227867
11820  0.227867
11830  0.227867
11840  0.227867
11850  0.227867
11860  0.227867
11870  0.227867
11880  0.227867
11890  0.227867
11900  0.227867
11910  0.227867
11920  0.227867
11930  0.227867
11940  0.227867
11950  0.227867
11960  0.227867
11970  0.227867
11980  0.227867
11990  0.227867
12000  0.227867
12010  0.227867
12020  0.227867
12030  0.227867
12040  0.227867
12050  0.227867
12060  0.227867
12070  0.227867
12080  0.227867
12090  0.227867
12100  0.227867
12110  0.227867
12120  0.227867
12130  0.227867
12140  0.227867
12150  0.227867
12160  0.227867
12170  0.227867
12180  0.227867
12190  0.227867
12200  0.227867
12210  0.227867
12220  0.227867
12230  0.227867
12240  0.227867
12250  0.227867
12260  0.227867
12270  0.227867
12280  0.227867
12290  0.227867
12300  0.227867
12310  0.227867
12320  0.227867
12330  0.227867
12340  0.227867
12350  0.227867
12360  0.227867
12370  0.227867
12380  0.227867
12390  0.227867
12400  0.227867
12410  0.227867
12420  0.227867
12430  0.227867
12440  0.227867
12450  0.227867
12460  0.227867
12470  0.227867
12480  0.227867
12490  0.227867
12500  0.227867
12510  0.227867
12520  0.227867
12530  0.227867
12540  0.227867
12550  0.227867
12560  0.227867
12570  0.227867
12580  0.227867
12590  0.227867
12600  0.227867
12610  0.227867
12620  0.227867
12630  0.227867
12640  0.227867
12650  0.227867
12660  0.227867
12670  0.227867
12680  0.227867
12690  0.227867
12700  0.227867
12710  0.227867
12720  0.227867
12730  0.227867
12740  0.227867
12750  0.227867
12760  0.227867
12770  0.227867
12780  0.227867
12790  0.227867
12800  0.227867
12810  0.227867
12820  0.227867
12830  0.227867
12840  0.227867
12850  0.227867
12860  0.227867
12870  0.227867
12880  0.227867
12890  0.227867
12900  0.227867
12910  0.227867
12920  0.227867
12930  0.227867
12940  0.227867
12950  0.227867
12960  0.227867
12970  0.227867
12980  0.227867
12990  0.227867
13000  0.227867
13010  0.227867
13020  0.227867
13030  0.227867
13040  0.227867
13050  0.227867
13060  0.227867
13070  0.227867
13080  0.227867
13090  0.227867
13100  0.227867
13110  0.227867
13120  0.227867
13130  0.227867
13140  0.227867
13150  0.227867
13160  0.227867
13170  0.227867
13180  0.227867
13190  0.227867
13200  0.227867
13210  0.227867
13220  0.227867
13230  0.227867
13240  0.227867
13250  0.227867
13260  0.227867
13270  0.227867
13280  0.227867
13290  0.227867
13300  0.227867
13310  0.227867
13320  0.227867
13330  0.227867
13340  0.227867
13350  0.227867
13360  0.227867
13370  0.227867
13380  0.227867
13390  0.227867
13400  0.227867
13410  0.227867
13420  0.227867
13430  0.227867
13440  0.227867
13450  0.227867
13460  0.227867
13470  0.227867
13480  0.227867
13490  0.227867
13500  0.227867
13510  0.227867
13520  0.227867
13530  0.227867
13540  0.227867
13550  0.227867
13560  0.227867
13570  0.227867
13580  0.227867
13590  0.227867
13600  0.227867
13610  0.227867
13620  0.227867
13630  0.227867
13640  0.227867
13650  0.227867
13660  0.227867
13670  0.227867
13680  0.227867
13690  0.227867
13700  0.227867
13710  0.227867
13720  0.227867
13730  0.227867
13740  0.227867
13750  0.227867
13760  0.227867
13770  0.227851
13780  0.227851
13790  0.227851
13800  0.227851
13810  0.227851
13820  0.227851
13830  0.227851
13840  0.227851
13850  0.227851
13860  0.227851
13870  0.227851
13880  0.227851
13890  0.227851
13900  0.227851
13910  0.227851
13920  0.227851
13930  0.227851
13940  0.227851
13950  0.227851
13960  0.227851
13970  0.227851
13980  0.227851
13990  0.227851
14000  0.227851
14010  0.227851
14020  0.227851
14030  0.227851
14040  0.227851
14050  0.227851
14060  0.227851
14070  0.227851
14080  0.227851
14090  0.227851
14100  0.227851
14110  0.227851
14120  0.227851
14130  0.227851
14140  0.227851
14150  0.227851
14160  0.227851
14170  0.227851
14180  0.227851
14190  0.227851
14200  0.227851
14210  0.227851
14220  0.227851
14230  0.227851
14240  0.227851
14250  0.227851
14260  0.227851
14270  0.227851
14280  0.227851
14290  0.227851
14300  0.227851
14310  0.227851
14320  0.227851
14330  0.227851
14340  0.227851
14350  0.227851
14360  0.227851
14370  0.227851
14380  0.227851
14390  0.227851
14400  0.227851
14410  0.227851
14420  0.227851
14430  0.227851
14440  0.227851
14450  0.227851
14460  0.227851
14470  0.227851
14480  0.227851
14490  0.227851
14500  0.227507
14510  0.227507
14520  0.227507
14530  0.227507
14540  0.227507
14550  0.227507
14560  0.227507
14570  0.227507
14580  0.227507
14590  0.227507
14600  0.227507
14610  0.227507
14620  0.227507
14630  0.227507
14640  0.227507
14650  0.227507
14660  0.227507
14670  0.227507
14680  0.227507
14690  0.227507
14700  0.227507
14710  0.227507
14720  0.227507
14730  0.227507
14740  0.227507
14750  0.227507
14760  0.227507
14770  0.227507
14780  0.227507
14790  0.227507
14800  0.227507
14810  0.227507
14820  0.227507
14830  0.227507
14840  0.227507
14850  0.227507
14860  0.227507
14870  0.227507
14880  0.227507
14890  0.227507
14900  0.227507
14910  0.227507
14920  0.227507
14930  0.227507
14940  0.227507
14950  0.227507
14960  0.227507
14970  0.227507
14980  0.227374
14990  0.227374
15000  0.227374
15010  0.227374
15020  0.227374
15030  0.227374
15040  0.227374
15050  0.227374
15060  0.227374
15070  0.227374
15080  0.227374
15090  0.227374
15100  0.227374
15110  0.227374
15120  0.227374
15130  0.227374
15140  0.227374
15150  0.227374
15160  0.227374
15170  0.227374
15180  0.227374
15190  0.227374
15200  0.227374
15210  0.227374
15220  0.227374
15230  0.227374
15240  0.227374
15250  0.227374
15260  0.227374
15270  0.227374
15280  0.227374
15290  0.227374
15300  0.227374
15310  0.227374
15320  0.227374
15330  0.227374
15340  0.227374
15350  0.227374
15360  0.227374
15370  0.227374
15380  0.227374
15390  0.227374
15400  0.227374
15410  0.227374
15420  0.227374
15430  0.227374
15440  0.227374
15450  0.227374
15460  0.227374
15470  0.227374
15480  0.227374
15490  0.227374
15500  0.227374
15510  0.227374
15520  0.227374
15530  0.227374
15540  0.227374
15550  0.227374
15560  0.227374
15570  0.227374
15580  0.227374
15590  0.227374
15600  0.227374
15610  0.227374
15620  0.227374
15630  0.227374
15640  0.227374
15650  0.227374
15660  0.227374
15670  0.227374
15680  0.227374
15690  0.227374
15700  0.227374
15710  0.227374
15720  0.227374
15730  0.227374
15740  0.227374
15750  0.227374
15760  0.227374
15770  0.227374
15780  0.227374
15790  0.227374
15800  0.227374
15810  0.227374
15820  0.227374
15830  0.227374
15840  0.227374
15850  0.227374
15860  0.227374
15870  0.227374
15880  0.227374
15890  0.227374
15900  0.227374
15910  0.227374
15920  0.227374
15930  0.227374
15940  0.227374
15950  0.227374
15960  0.227374
15970  0.227374
15980  0.227374
15990  0.227374
16000  0.227374
16010  0.227374
16020  0.227374
16030  0.227374
16040  0.227374
16050  0.227374
16060  0.227374
16070  0.227374
16080  0.227374
16090  0.227374
16100  0.227374
16110  0.227374
16120  0.227374
16130  0.227374
16140  0.227374
16150  0.227374
16160  0.227374
16170  0.227374
16180  0.227374
16190  0.227374
16200  0.227374
16210  0.227374
16220  0.227374
16230  0.227374
16240  0.227374
16250  0.227374
16260  0.227374
16270  0.227374
16280  0.227374
16290  0.227374
16300  0.227374
16310  0.227374
16320  0.227374
16330  0.227374
16340  0.227374
16350  0.227374
16360  0.227374
16370  0.227374
16380  0.227374
16390  0.227374
16400  0.227374
16410  0.227374
16420  0.227374
16430  0.227374
16440  0.227374
16450  0.227374
16460  0.227374
16470  0.227374
16480  0.227374
16490  0.227374
16500  0.227374
16510  0.227374
16520  0.227374
16530  0.227374
16540  0.227374
16550  0.227374
16560  0.227374
16570  0.227374
16580  0.227374
16590  0.227374
16600  0.227374
16610  0.227374
16620  0.227374
16630  0.227374
16640  0.227374
16650  0.227332
16660  0.227332
16670  0.227332
16680  0.227332
16690  0.227332
16700  0.227332
16710  0.227332
16720  0.227332
16730  0.227332
16740  0.227332
16750  0.227332
16760  0.227332
16770  0.227332
16780  0.227332
16790  0.227332
16800  0.227332
16810  0.227332
16820  0.227332
16830  0.227332
16840  0.227332
16850  0.227332
16860  0.227332
16870  0.227332
16880  0.227332
16890  0.227332
16900  0.226792
16910  0.226792
16920  0.226792
16930  0.226792
16940  0.226792
16950  0.226792
16960  0.226792
16970  0.226792
16980  0.226792
16990  0.226792
17000  0.226792
17010  0.226792
17020  0.226792
17030  0.226792
17040  0.226792
17050  0.226792
17060  0.226792
17070  0.226792
17080  0.226792
17090  0.226792
17100  0.226792
17110  0.226792
17120  0.226792
17130  0.226792
17140  0.226792
17150  0.226792
17160  0.226792
17170  0.226792
17180  0.226792
17190  0.226792
17200  0.226792
17210  0.226792
17220  0.226792
17230  0.226792
17240  0.226792
17250  0.226792
17260  0.226792
17270  0.226792
17280  0.226792
17290  0.226792
17300  0.226792
17310  0.226792
17320  0.226792
17330  0.226792
17340  0.226792
17350  0.226792
17360  0.226792
17370  0.226792
17380  0.226792
17390  0.226792
17400  0.226792
17410  0.226792
17420  0.226792
17430  0.226792
17440  0.226792
17450  0.226792
17460  0.226792
17470  0.226792
17480  0.226792
17490  0.226792
17500  0.226792
17510  0.226792
17520  0.226792
17530  0.226792
17540  0.226792
17550  0.226792
17560  0.226792
17570  0.226792
17580  0.226792
17590  0.226792
17600  0.226792
17610  0.226792
17620  0.226792
17630  0.226792
17640  0.226792
17650  0.226792
17660  0.226792
17670  0.226792
17680  0.226792
17690  0.226792
17700  0.226792
17710  0.226792
17720  0.226792
17730  0.226792
17740  0.226792
17750  0.226792
17760  0.226792
17770  0.226792
17780  0.226792
17790  0.226792
17800  0.226792
17810  0.226792
17820  0.226792
17830  0.226792
17840  0.226792
17850  0.226792
17860  0.226792
17870  0.226792
17880  0.226792
17890  0.226792
17900  0.226792
17910  0.226792
17920  0.226792
17930  0.226792
17940  0.226792
17950  0.226792
17960  0.226792
17970  0.226792
17980  0.226792
17990  0.226792
18000  0.226792
18010  0.226792
18020  0.226792
18030  0.226792
18040  0.226792
18050  0.226792
18060  0.226792
18070  0.226792
18080  0.226792
18090  0.226792
18100  0.226792
18110  0.226792
18120  0.226792
18130  0.226792
18140  0.226792
18150  0.226792
18160  0.226792
18170  0.226792
18180  0.226792
18190  0.226792
18200  0.226792
18210  0.226792
18220  0.226792
18230  0.226792
18240  0.226792
18250  0.226792
18260  0.226792
18270  0.226792
18280  0.226792
18290  0.226792
18300  0.226792
18310  0.226792
18320  0.226792
18330  0.226792
18340  0.226792
18350  0.226792
18360  0.226792
18370  0.226792
18380  0.226792
18390  0.226792
18400  0.226792
18410  0.226792
18420  0.226792
18430  0.226792
18440  0.226792
18450  0.226792
18460  0.226792
18470  0.226792
18480  0.226792
18490  0.226792
18500  0.226792
18510  0.226792
18520  0.226792
18530  0.226792
18540  0.226792
18550  0.226792
18560  0.226792
18570  0.226792
18580  0.226792
18590  0.226792
18600  0.226792
18610  0.226792
18620  0.226792
18630  0.226792
18640  0.226792
18650  0.226792
18660  0.226792
18670  0.226792
18680  0.226792
18690  0.226792
18700  0.226792
18710  0.226792
18720  0.226792
18730  0.226792
18740  0.226792
18750  0.226792
18760  0.226792
18770  0.226792
18780  0.226792
18790  0.226792
18800  0.226792
18810  0.226792
18820  0.226792
18830  0.226792
18840  0.226792
18850  0.226792
18860  0.226792
18870  0.226792
18880  0.226792
18890  0.226792
18900  0.226792
18910  0.226792
18920  0.226792
18930  0.226792
18940  0.226792
18950  0.226792
18960  0.226792
18970  0.226792
18980  0.226792
18990  0.226792
19000  0.226792
19010  0.226792
19020  0.226792
19030  0.226792
19040  0.226792
19050  0.226792
19060  0.226792
19070  0.226792
19080  0.226792
19090  0.226792
19100  0.226792
19110  0.226792
19120  0.226792
19130  0.226792
19140  0.226792
19150  0.226792
19160  0.226792
19170  0.226792
19180  0.226792
19190  0.226792
19200  0.226792
19210  0.226792
19220  0.226792
19230  0.226792
19240  0.226792
19250  0.226792
19260  0.226792
19270  0.226792
19280  0.226792
19290  0.226792
19300  0.226792
19310  0.226792
19320  0.226792
19330  0.226792
19340  0.226792
19350  0.226792
19360  0.226792
19370  0.226792
19380  0.226792
19390  0.226792
19400  0.226792
19410  0.226792
19420  0.226792
19430  0.226792
19440  0.226792
19450  0.226792
19460  0.226792
19470  0.226792
19480  0.226792
19490  0.226792
19500  0.226792
19510  0.226792
19520  0.226792
19530  0.226792
19540  0.226792
19550  0.226792
19560  0.226792
19570  0.226792
19580  0.226792
19590  0.226792
19600  0.226792
19610  0.226792
19620  0.226792
19630  0.226792
19640  0.226792
19650  0.226792
19660  0.226792
19670  0.226792
19680  0.226792
19690  0.226792
19700  0.226792
19710  0.226792
19720  0.226792
19730  0.226792
19740  0.226792
19750  0.226792
19760  0.226792
19770  0.226792
19780  0.226792
19790  0.226792
19800  0.226792
19810  0.226792
19820  0.226792
19830  0.226792
19840  0.226792
19850  0.226792
19860  0.226792
19870  0.226792
19880  0.226792
19890  0.226792
19900  0.226792
19910  0.226792
19920  0.226792
19930  0.226792
19940  0.226792
19950  0.226792
19960  0.226792
19970  0.226792
19980  0.226792
19990  0.226792
20000  0.226792
20010  0.226792
20020  0.226792
20030  0.226792
20040  0.226792
20050  0.226792
20060  0.226792
20070  0.226792
20080  0.226792
20090  0.226792
20100  0.226792
20110  0.226792
20120  0.226792
20130  0.226792
20140  0.226792
20150  0.226792
20160  0.226792
20170  0.226792
20180  0.226792
20190  0.226792
20200  0.226792
20210  0.226792
20220  0.226792
20230  0.226792
20240  0.226792
20250  0.226792
20260  0.226792
20270  0.226792
20280  0.226792
20290  0.226792
20300  0.226792
20310  0.226792
20320  0.226792
20330  0.226792
20340  0.226792
20350  0.226792
20360  0.226792
20370  0.226792
20380  0.226792
20390  0.226792
20400  0.226792
20410  0.226792
20420  0.226792
20430  0.226792
20440  0.226792
20450  0.226792
20460  0.226792
20470  0.226792
20480  0.226792
20490  0.226792
20500  0.226792
20510  0.226792
20520  0.226792
20530  0.226792
20540  0.226792
20550  0.226792
20560  0.226792
20570  0.226792
20580  0.226792
20590  0.226792
20600  0.226792
20610  0.226792
20620  0.226792
20630  0.226792
20640  0.226792
20650  0.226792
20660  0.226792
20670  0.226792
20680  0.226792
20690  0.226792
20700  0.226792
20710  0.226792
20720  0.226792
20730  0.226792
20740  0.226792
20750  0.226792
20760  0.226792
20770  0.226792
20780  0.226792
20790  0.226792
20800  0.226792
20810  0.226792
20820  0.226792
20830  0.226792
20840  0.226792
20850  0.226792
20860  0.226792
20870  0.226792
20880  0.226792
20890  0.226792
20900  0.226792
20910  0.226792
20920  0.226792
20930  0.226792
20940  0.226792
20950  0.226792
20960  0.226792
20970  0.226792
20980  0.226792
20990  0.226792
21000  0.226792
21010  0.226792
21020  0.226792
21030  0.226792
21040  0.226792
21050  0.226792
21060  0.226792
21070  0.226792
21080  0.226792
21090  0.226792
21100  0.226792
21110  0.226792
21120  0.226792
21130  0.226792
21140  0.226792
21150  0.226792
21160  0.226792
21170  0.226792
21180  0.226792
21190  0.226792
21200  0.226792
21210  0.226792
21220  0.226792
21230  0.226792
21240  0.226792
21250  0.226792
21260  0.226792
21270  0.226792
21280  0.226792
21290  0.226792
21300  0.226792
21310  0.226792
21320  0.226792
21330  0.226792
21340  0.226792
21350  0.226792
21360  0.226792
21370  0.226792
21380  0.226792
21390  0.226792
21400  0.226792
21410  0.226792
21420  0.226792
21430  0.226792
21440  0.226792
21450  0.226792
21460  0.226792
21470  0.226792
21480  0.226792
21490  0.226792
21500  0.226792
21510  0.226792
21520  0.226792
21530  0.226792
21540  0.226792
21550  0.226792
21560  0.226792
21570  0.226792
21580  0.226792
21590  0.226792
21600  0.226792
21610  0.226792
21620  0.226792
21630  0.226792
21640  0.226792
21650  0.226792
21660  0.226792
21670  0.226792
21680  0.226792
21690  0.226792
21700  0.226744
21710  0.226744
21720  0.226744
21730  0.226744
21740  0.226744
21750  0.226744
21760  0.226744
21770  0.226744
21780  0.226744
21790  0.226744
21800  0.226744
21810  0.226744
21820  0.226744
21830  0.226744
21840  0.226744
21850  0.226744
21860  0.226744
21870  0.226744
21880  0.226744
21890  0.226744
21900  0.226744
21910  0.226744
21920  0.226744
21930  0.226744
21940  0.226744
21950  0.226744
21960  0.226744
21970  0.226744
21980  0.226744
21990  0.226744
22000  0.226744
22010  0.226744
22020  0.226744
22030  0.226744
22040  0.226744
22050  0.226744
22060  0.226744
22070  0.226744
22080  0.226744
22090  0.226744
22100  0.226744
22110  0.226744
22120  0.226744
22130  0.226744
22140  0.226744
22150  0.226744
22160  0.226744
22170  0.226744
22180  0.226744
22190  0.226744
22200  0.226744
22210  0.226744
22220  0.226744
22230  0.226744
22240  0.226744
22250  0.226744
22260  0.226744
22270  0.226744
22280  0.226744
22290  0.226744
22300  0.226744
22310  0.226744
22320  0.226744
22330  0.226744
22340  0.226744
22350  0.226744
22360  0.226744
22370  0.226744
22380  0.226744
22390  0.226744
22400  0.226744
22410  0.226744
22420  0.226744
22430  0.226744
22440  0.22674
22450  0.22674
22460  0.22674
22470  0.22674
22480  0.22674
22490  0.22674
22500  0.22674
22510  0.22674
22520  0.22674
22530  0.22674
22540  0.22674
22550  0.22674
22560  0.22674
22570  0.22674
22580  0.22674
22590  0.22674
22600  0.22674
22610  0.22674
22620  0.22674
22630  0.22674
22640  0.22674
22650  0.22674
22660  0.22674
22670  0.22674
22680  0.22674
22690  0.22674
22700  0.22674
22710  0.22674
22720  0.22674
22730  0.22674
22740  0.22674
22750  0.22674
22760  0.22674
22770  0.22674
22780  0.22674
22790  0.22674
22800  0.22674
22810  0.22674
22820  0.22674
22830  0.22674
22840  0.22674
22850  0.22674
22860  0.22674
22870  0.22674
22880  0.22674
22890  0.22674
22900  0.22674
22910  0.22674
22920  0.22674
22930  0.22674
22940  0.22674
22950  0.22674
22960  0.22674
22970  0.22674
22980  0.22674
22990  0.22674
23000  0.22674
23010  0.22674
23020  0.22674
23030  0.22674
23040  0.22674
23050  0.22674
23060  0.22674
23070  0.22674
23080  0.22674
23090  0.22674
23100  0.22674
23110  0.22674
23120  0.22674
23130  0.22674
23140  0.22674
23150  0.22674
23160  0.22674
23170  0.22674
23180  0.22674
23190  0.22674
23200  0.22674
23210  0.22674
23220  0.22674
23230  0.22674
23240  0.22674
23250  0.22674
23260  0.22674
23270  0.22674
23280  0.22674
23290  0.22674
23300  0.22674
23310  0.22674
23320  0.22674
23330  0.22674
23340  0.22674
23350  0.22674
23360  0.22674
23370  0.22674
23380  0.22674
23390  0.22674
23400  0.22674
23410  0.22674
23420  0.22674
23430  0.22674
23440  0.22674
23450  0.22674
23460  0.22674
23470  0.22674
23480  0.22674
23490  0.22674
23500  0.22674
23510  0.22674
23520  0.22674
23530  0.22674
23540  0.22674
23550  0.22674
23560  0.22674
23570  0.22674
23580  0.22674
23590  0.22674
23600  0.22674
23610  0.22674
23620  0.22674
23630  0.22674
23640  0.22674
23650  0.22674
23660  0.22674
23670  0.22674
23680  0.22674
23690  0.22674
23700  0.22674
23710  0.22674
23720  0.22674
23730  0.22674
23740  0.22674
23750  0.22674
23760  0.22674
23770  0.22674
23780  0.22674
23790  0.22674
23800  0.22674
23810  0.22674
23820  0.22674
23830  0.22674
23840  0.22674
23850  0.22674
23860  0.22674
23870  0.22674
23880  0.22674
23890  0.22674
23900  0.22674
23910  0.22674
23920  0.22674
23930  0.22674
23940  0.22674
23950  0.22674
23960  0.22674
23970  0.22674
23980  0.22674
23990  0.22674
24000  0.22674
24010  0.22674
24020  0.22674
24030  0.22674
24040  0.22674
24050  0.22674
24060  0.22674
24070  0.22674
24080  0.22674
24090  0.22674
24100  0.22674
24110  0.22674
24120  0.22674
24130  0.22674
24140  0.22674
24150  0.22674
24160  0.22674
24170  0.22674
24180  0.22674
24190  0.22674
24200  0.22674
24210  0.22674
24220  0.22674
24230  0.22674
24240  0.22674
24250  0.22674
24260  0.22674
24270  0.22674
24280  0.22674
24290  0.22674
24300  0.22674
24310  0.22674
24320  0.22674
24330  0.22674
24340  0.22674
24350  0.22674
24360  0.22674
24370  0.22674
24380  0.22674
24390  0.22674
24400  0.22674
24410  0.22674
24420  0.22674
24430  0.22674
24440  0.22674
24450  0.22674
24460  0.22674
24470  0.22674
24480  0.22674
24490  0.22674
24500  0.22674
24510  0.22674
24520  0.22674
24530  0.22674
24540  0.22674
24550  0.22674
24560  0.22674
24570  0.22674
24580  0.22674
24590  0.22674
24600  0.22674
24610  0.22674
24620  0.22674
24630  0.22674
24640  0.22674
24650  0.22674
24660  0.22674
24670  0.22674
24680  0.22674
24690  0.22674
24700  0.22674
24710  0.22674
24720  0.22674
24730  0.22674
24740  0.22674
24750  0.22674
24760  0.22674
24770  0.22674
24780  0.22674
24790  0.22674
24800  0.22674
24810  0.22674
24820  0.22674
24830  0.22674
24840  0.22674
24850  0.22674
24860  0.22674
24870  0.22674
24880  0.22674
24890  0.22674
24900  0.22674
24910  0.22674
24920  0.22674
24930  0.22674
24940  0.22674
24950  0.22674
24960  0.22674
24970  0.22674
24980  0.22674
24990  0.22674
25000  0.22674
25010  0.22674
25020  0.22674
25030  0.22674
25040  0.22674
25050  0.22674
25060  0.22674
25070  0.22674
25080  0.22674
25090  0.22674
25100  0.22674
25110  0.22674
25120  0.22674
25130  0.22674
25140  0.22674
25150  0.22674
25160  0.22674
25170  0.22674
25180  0.22674
25190  0.22674
25200  0.22674
25210  0.22674
25220  0.22674
25230  0.22674
25240  0.22674
25250  0.22674
25260  0.22674
25270  0.22674
25280  0.22674
25290  0.22674
25300  0.22674
25310  0.22674
25320  0.22674
25330  0.22674
25340  0.22674
25350  0.22674
25360  0.22674
25370  0.22674
25380  0.22674
25390  0.22674
25400  0.22674
25410  0.22674
25420  0.22674
25430  0.22674
25440  0.22674
25450  0.22674
25460  0.22674
25470  0.22674
25480  0.22674
25490  0.22674
25500  0.22674
25510  0.22674
25520  0.22674
25530  0.22674
25540  0.22674
25550  0.22674
25560  0.22674
25570  0.22674
25580  0.22674
25590  0.22674
25600  0.22674
25610  0.22674
25620  0.22674
25630  0.22674
25640  0.22674
25650  0.22674
25660  0.22674
25670  0.22674
25680  0.22674
25690  0.22674
25700  0.22674
25710  0.22674
25720  0.22674
25730  0.22674
25740  0.22674
25750  0.22674
25760  0.22674
25770  0.22674
25780  0.22674
25790  0.22674
25800  0.22674
25810  0.22674
25820  0.22674
25830  0.22674
25840  0.22674
25850  0.22674
25860  0.22674
25870  0.22674
25880  0.22674
25890  0.22674
25900  0.22674
25910  0.22674
25920  0.22674
25930  0.22674
25940  0.22674
25950  0.22674
25960  0.22674
25970  0.22674
25980  0.22674
25990  0.22674
26000  0.22674
26010  0.22674
26020  0.22674
26030  0.22674
26040  0.22674
26050  0.22674
26060  0.22674
26070  0.22674
26080  0.22674
26090  0.22674
26100  0.22674
26110  0.22674
26120  0.22674
26130  0.22674
26140  0.22674
26150  0.22674
26160  0.22674
26170  0.22674
26180  0.22674
26190  0.22674
26200  0.22674
26210  0.22674
26220  0.22674
26230  0.22674
26240  0.22674
26250  0.22674
26260  0.22674
26270  0.22674
26280  0.22674
26290  0.22674
26300  0.22674
26310  0.22674
26320  0.22674
26330  0.22674
26340  0.22674
26350  0.22674
26360  0.22674
26370  0.22674
26380  0.22674
26390  0.22674
26400  0.22674
26410  0.22674
26420  0.22674
26430  0.22674
26440  0.22674
26450  0.22674
26460  0.22674
26470  0.22674
26480  0.22674
26490  0.22674
26500  0.22674
26510  0.22674
26520  0.22674
26530  0.22674
26540  0.22674
26550  0.22674
26560  0.22674
26570  0.22674
26580  0.22674
26590  0.22674
26600  0.22674
26610  0.22674
26620  0.22674
26630  0.22674
26640  0.22674
26650  0.22674
26660  0.22674
26670  0.22674
26680  0.22674
26690  0.22674
26700  0.22674
26710  0.22674
26720  0.22674
26730  0.22674
26740  0.22674
26750  0.22674
26760  0.22674
26770  0.22674
26780  0.22674
26790  0.22674
26800  0.22674
26810  0.22674
26820  0.22674
26830  0.22674
26840  0.22674
26850  0.22674
26860  0.22674
26870  0.22674
26880  0.22674
26890  0.22674
26900  0.22674
26910  0.22674
26920  0.22674
26930  0.22674
26940  0.22674
26950  0.22674
26960  0.22674
26970  0.22674
26980  0.22674
26990  0.22674
27000  0.22674
27010  0.22674
27020  0.22674
27030  0.22674
27040  0.22674
27050  0.22674
27060  0.22674
27070  0.22674
27080  0.22674
27090  0.22674
27100  0.22674
27110  0.22674
27120  0.22674
27130  0.22674
27140  0.22674
27150  0.22674
27160  0.22674
27170  0.22674
27180  0.22674
27190  0.22674
27200  0.22674
27210  0.22674
27220  0.22674
27230  0.22674
27240  0.22674
27250  0.22674
27260  0.22674
27270  0.22674
27280  0.22674
27290  0.22674
27300  0.22674
27310  0.22674
27320  0.22674
27330  0.22674
27340  0.22674
27350  0.22674
27360  0.22674
27370  0.22674
27380  0.22674
27390  0.22674
27400  0.22674
27410  0.22674
27420  0.22674
27430  0.22674
27440  0.22674
27450  0.22674
27460  0.22674
27470  0.22674
27480  0.22674
27490  0.22674
27500  0.22674
27510  0.22674
27520  0.22674
27530  0.22674
27540  0.22674
27550  0.22674
27560  0.22674
27570  0.22674
27580  0.22674
27590  0.22674
27600  0.22674
27610  0.22674
27620  0.22674
27630  0.22674
27640  0.22674
27650  0.22674
27660  0.22674
27670  0.22674
27680  0.22674
27690  0.22674
27700  0.22674
27710  0.22674
27720  0.22674
27730  0.22674
27740  0.22674
27750  0.22674
27760  0.22674
27770  0.22674
27780  0.22674
27790  0.22674
27800  0.22674
27810  0.22674
27820  0.22674
27830  0.22674
27840  0.22674
27850  0.22674
27860  0.22674
27870  0.22674
27880  0.22674
27890  0.22674
27900  0.22674
27910  0.22674
27920  0.22674
27930  0.22674
27940  0.22674
27950  0.22674
27960  0.22674
27970  0.22674
27980  0.22674
27990  0.22674
28000  0.22674
28010  0.22674
28020  0.22674
28030  0.22674
28040  0.22674
28050  0.22674
28060  0.22674
28070  0.22674
28080  0.22674
28090  0.22674
28100  0.22674
28110  0.22674
28120  0.22674
28130  0.22674
28140  0.22674
28150  0.22674
28160  0.22674
28170  0.22674
28180  0.22674
28190  0.22674
28200  0.22674
28210  0.22674
28220  0.22674
28230  0.22674
28240  0.22674
28250  0.22674
28260  0.22674
28270  0.22674
28280  0.22674
28290  0.22674
28300  0.22674
28310  0.22674
28320  0.22674
28330  0.22674
28340  0.22674
28350  0.22674
28360  0.22674
28370  0.22674
28380  0.22674
28390  0.22674
28400  0.22674
28410  0.22674
28420  0.22674
28430  0.22674
28440  0.22674
28450  0.22674
28460  0.22674
28470  0.22674
28480  0.22674
28490  0.22674
28500  0.22674
28510  0.22674
28520  0.22674
28530  0.22674
28540  0.22674
28550  0.22674
28560  0.22674
28570  0.22674
28580  0.22674
28590  0.22674
28600  0.22674
28610  0.22674
28620  0.22674
28630  0.22674
28640  0.22674
28650  0.22674
28660  0.22674
28670  0.22674
28680  0.22674
28690  0.22674
28700  0.22674
28710  0.22674
28720  0.22674
28730  0.22674
28740  0.22674
28750  0.22674
28760  0.22674
28770  0.22674
28780  0.22674
28790  0.22674
28800  0.22674
28810  0.22674
28820  0.22674
28830  0.22674
28840  0.22674
28850  0.22674
28860  0.22674
28870  0.22674
28880  0.22674
28890  0.22674
28900  0.22674
28910  0.22674
28920  0.22674
28930  0.22674
28940  0.22674
28950  0.22674
28960  0.22674
28970  0.22674
28980  0.22674
28990  0.22674
29000  0.22674
29010  0.22674
29020  0.22674
29030  0.22674
29040  0.22674
29050  0.22674
29060  0.22674
29070  0.22674
29080  0.22674
29090  0.22674
29100  0.22674
29110  0.22674
29120  0.22674
29130  0.22674
29140  0.22674
29150  0.22674
29160  0.22674
29170  0.22674
29180  0.22674
29190  0.22674
29200  0.22674
29210  0.22674
29220  0.22674
29230  0.22674
29240  0.22674
29250  0.22674
29260  0.22674
29270  0.22674
29280  0.22674
29290  0.22674
29300  0.22674
29310  0.22674
29320  0.22674
29330  0.22674
29340  0.22674
29350  0.22674
29360  0.22674
29370  0.22674
29380  0.22674
29390  0.22674
29400  0.22674
29410  0.22674
29420  0.22674
29430  0.22674
29440  0.22674
29450  0.22674
29460  0.22674
29470  0.22674
29480  0.22674
29490  0.22674
29500  0.22674
29510  0.22674
29520  0.22674
29530  0.22674
29540  0.22674
29550  0.22674
29560  0.22674
29570  0.22674
29580  0.22674
29590  0.22674
29600  0.22674
29610  0.22674
29620  0.22674
29630  0.22674
29640  0.22674
29650  0.22674
29660  0.22674
29670  0.22674
29680  0.22674
29690  0.22674
29700  0.22674
29710  0.22674
29720  0.22674
29730  0.22674
29740  0.22674
29750  0.22674
29760  0.22674
29770  0.22674
29780  0.22674
29790  0.22674
29800  0.22674
29810  0.22674
29820  0.22674
29830  0.22674
29840  0.22674
29850  0.22674
29860  0.22674
29870  0.22674
29880  0.22674
29890  0.22674
29900  0.22674
29910  0.22674
29920  0.22674
29930  0.22674
29940  0.22674
29950  0.22674
29960  0.22674
29970  0.22674
29980  0.22674
29990  0.22674
30000  0.22674
30010  0.22674
