Step  Penalty
10  0.56822
20  0.520327
30  0.513966
40  0.499966
50  0.492711
60  0.488246
70  0.483557
80  0.483198
90  0.481167
100  0.477366
110  0.473937
120  0.473937
130  0.473619
140  0.472438
150  0.469496
160  0.469166
170  0.468894
180  0.468312
190  0.467252
200  0.467252
210  0.467252
220  0.467252
230  0.465387
240  0.465364
250  0.465199
260  0.464809
270  0.46402
280  0.463572
290  0.460191
300  0.460191
310  0.456008
320  0.456008
330  0.456008
340  0.455159
350  0.45154
360  0.450945
370  0.450945
380  0.450404
390  0.447106
400  0.447106
410  0.446784
420  0.446784
430  0.446784
440  0.446784
450  0.446709
460  0.446563
470  0.446563
480  0.446563
490  0.446445
500  0.446445
510  0.446445
520  0.444202
530  0.443713
540  0.443671
550  0.443671
560  0.443671
570  0.4421
580  0.4421
590  0.4421
600  0.441191
610  0.441191
620  0.440546
630  0.440546
640  0.440546
650  0.440546
660  0.439354
670  0.439354
680  0.439354
690  0.439354
700  0.43881
710  0.43881
720  0.438
730  0.438
740  0.438
750  0.437653
760  0.437653
770  0.435529
780  0.435529
790  0.435529
800  0.435529
810  0.435529
820  0.43541
830  0.435346
840  0.435346
850  0.435346
860  0.435346
870  0.435346
880  0.435346
890  0.435346
900  0.435255
910  0.434029
920  0.434029
930  0.432661
940  0.432661
950  0.432344
960  0.432344
970  0.432344
980  0.431641
990  0.430731
1000  0.430731
1010  0.430731
1020  0.430731
1030  0.430526
1040  0.430526
1050  0.429927
1060  0.429927
1070  0.429927
1080  0.429927
1090  0.429137
1100  0.429137
1110  0.429137
1120  0.429137
1130  0.429137
1140  0.429137
1150  0.429137
1160  0.429137
1170  0.429137
1180  0.429137
1190  0.429137
1200  0.429137
1210  0.429137
1220  0.429137
1230  0.428607
1240  0.428607
1250  0.428607
1260  0.428275
1270  0.428275
1280  0.428275
1290  0.428217
1300  0.428217
1310  0.427272
1320  0.427272
1330  0.427272
1340  0.427272
1350  0.427272
1360  0.427272
1370  0.427272
1380  0.427272
1390  0.427272
1400  0.427272
1410  0.427272
1420  0.427272
1430  0.427272
1440  0.427272
1450  0.427272
1460  0.426509
1470  0.426403
1480  0.426302
1490  0.426302
1500  0.426302
1510  0.426302
1520  0.426302
1530  0.42524
1540  0.42524
1550  0.425166
1560  0.423422
1570  0.423422
1580  0.423422
1590  0.423285
1600  0.422103
1610  0.422103
1620  0.422103
1630  0.422103
1640  0.422103
1650  0.421994
1660  0.421994
1670  0.421994
1680  0.421994
1690  0.421994
1700  0.421994
1710  0.421994
1720  0.421701
1730  0.420624
1740  0.420624
1750  0.420624
1760  0.419844
1770  0.419844
1780  0.419844
1790  0.419296
1800  0.419296
1810  0.419296
1820  0.419296
1830  0.418052
1840  0.418052
1850  0.418052
1860  0.417647
1870  0.417647
1880  0.417647
1890  0.417647
1900  0.417647
1910  0.417647
1920  0.417647
1930  0.417364
1940  0.415423
1950  0.415423
1960  0.41548
1970  0.41548
1980  0.41548
1990  0.41548
2000  0.41548
2010  0.41548
2020  0.41548
2030  0.41548
2040  0.415362
2050  0.414585
2060  0.414585
2070  0.414585
2080  0.413097
2090  0.411542
2100  0.411348
2110  0.411348
2120  0.411348
2130  0.411348
2140  0.411348
2150  0.411348
2160  0.411348
2170  0.409461
2180  0.409461
2190  0.409461
2200  0.409461
2210  0.409461
2220  0.409461
2230  0.409461
2240  0.409461
2250  0.409461
2260  0.409461
2270  0.409461
2280  0.409461
2290  0.409461
2300  0.409461
2310  0.409162
2320  0.409162
2330  0.409162
2340  0.409162
2350  0.408822
2360  0.408822
2370  0.408407
2380  0.408407
2390  0.408407
2400  0.408407
2410  0.408407
2420  0.408146
2430  0.408146
2440  0.406977
2450  0.406977
2460  0.406977
2470  0.406977
2480  0.406518
2490  0.406518
2500  0.406518
2510  0.406518
2520  0.406518
2530  0.406518
2540  0.406187
2550  0.406187
2560  0.406187
2570  0.406187
2580  0.406187
2590  0.406187
2600  0.406187
2610  0.406187
2620  0.406187
2630  0.406187
2640  0.406187
2650  0.406187
2660  0.406029
2670  0.406029
2680  0.406029
2690  0.406029
2700  0.405846
2710  0.405744
2720  0.405693
2730  0.405693
2740  0.405007
2750  0.405007
2760  0.405007
2770  0.405007
2780  0.405007
2790  0.403243
2800  0.402586
2810  0.402385
2820  0.402385
2830  0.402385
2840  0.402385
2850  0.402385
2860  0.402385
2870  0.402385
2880  0.402385
2890  0.402385
2900  0.402385
2910  0.401233
2920  0.401233
2930  0.401233
2940  0.401233
2950  0.401233
2960  0.401233
2970  0.401233
2980  0.401233
2990  0.401233
3000  0.401233
3010  0.401233
3020  0.400839
3030  0.400839
3040  0.400839
3050  0.400839
3060  0.400839
3070  0.400839
3080  0.400839
3090  0.400839
3100  0.400839
3110  0.400839
3120  0.400839
3130  0.400839
3140  0.400839
3150  0.400839
3160  0.400839
3170  0.399068
3180  0.399068
3190  0.399068
3200  0.399004
3210  0.399004
3220  0.399004
3230  0.399004
3240  0.399004
3250  0.399004
3260  0.399004
3270  0.399004
3280  0.399004
3290  0.399004
3300  0.399004
3310  0.399004
3320  0.399004
3330  0.399004
3340  0.399004
3350  0.399004
3360  0.399004
3370  0.399004
3380  0.399004
3390  0.399004
3400  0.399004
3410  0.399004
3420  0.399004
3430  0.399004
3440  0.399004
3450  0.399004
3460  0.399004
3470  0.399004
3480  0.399004
3490  0.399004
3500  0.399004
3510  0.399004
3520  0.399004
3530  0.399004
3540  0.399004
3550  0.399004
3560  0.399004
3570  0.399004
3580  0.399004
3590  0.399004
3600  0.399004
3610  0.398901
3620  0.398901
3630  0.398901
3640  0.398901
3650  0.398901
3660  0.398901
3670  0.398901
3680  0.398901
3690  0.398901
3700  0.398901
3710  0.398901
3720  0.398901
3730  0.398901
3740  0.398901
3750  0.398901
3760  0.398901
3770  0.398901
3780  0.398901
3790  0.398901
3800  0.398901
3810  0.398901
3820  0.398901
3830  0.398483
3840  0.398483
3850  0.398483
3860  0.398307
3870  0.398307
3880  0.398307
3890  0.398307
3900  0.398307
3910  0.398307
3920  0.398307
3930  0.398164
3940  0.398164
3950  0.398164
3960  0.398164
3970  0.398164
3980  0.398164
3990  0.398164
4000  0.397052
4010  0.397052
4020  0.397052
4030  0.397052
4040  0.397052
4050  0.397052
4060  0.397052
4070  0.397052
4080  0.397052
4090  0.397052
4100  0.397052
4110  0.397052
4120  0.397052
4130  0.397052
4140  0.397052
4150  0.397052
4160  0.397052
4170  0.397052
4180  0.397052
4190  0.397052
4200  0.397052
4210  0.397052
4220  0.397052
4230  0.397052
4240  0.397052
4250  0.397052
4260  0.397052
4270  0.397052
4280  0.397052
4290  0.397052
4300  0.397052
4310  0.397052
4320  0.397052
4330  0.397052
4340  0.397052
4350  0.397052
4360  0.397052
4370  0.397052
4380  0.397052
4390  0.397052
4400  0.397052
4410  0.397052
4420  0.397052
4430  0.397052
4440  0.397052
4450  0.397052
4460  0.397052
4470  0.396699
4480  0.396699
4490  0.396699
4500  0.396699
4510  0.396699
4520  0.396699
4530  0.396699
4540  0.396699
4550  0.396699
4560  0.396699
4570  0.396699
4580  0.396699
4590  0.396699
4600  0.396699
4610  0.396699
4620  0.396699
4630  0.396699
4640  0.396699
4650  0.396699
4660  0.396699
4670  0.396699
4680  0.396699
4690  0.396699
4700  0.396699
4710  0.396699
4720  0.396699
4730  0.396699
4740  0.396699
4750  0.396699
4760  0.396699
4770  0.396699
4780  0.396699
4790  0.396699
4800  0.396699
4810  0.396699
4820  0.396699
4830  0.396699
4840  0.396699
4850  0.396699
4860  0.396699
4870  0.396699
4880  0.396699
4890  0.396699
4900  0.396699
4910  0.396699
4920  0.396699
4930  0.396699
4940  0.396699
4950  0.396699
4960  0.396699
4970  0.396699
4980  0.396699
4990  0.396699
5000  0.396699
5010  0.396699
5020  0.396699
5030  0.396699
5040  0.396699
5050  0.396699
5060  0.396699
5070  0.396699
5080  0.396699
5090  0.396699
5100  0.396699
5110  0.396699
5120  0.396699
5130  0.396699
5140  0.396699
5150  0.396699
5160  0.396699
5170  0.396699
5180  0.396699
5190  0.396699
5200  0.396699
5210  0.396699
5220  0.396699
5230  0.396699
5240  0.396699
5250  0.396699
5260  0.396699
5270  0.396699
5280  0.396699
5290  0.396699
5300  0.396699
5310  0.396699
5320  0.396699
5330  0.396699
5340  0.396699
5350  0.396699
5360  0.396699
5370  0.396699
5380  0.396699
5390  0.396699
5400  0.396699
5410  0.396699
5420  0.396699
5430  0.396699
5440  0.396699
5450  0.396699
5460  0.396699
5470  0.395767
5480  0.395767
5490  0.395767
5500  0.394626
5510  0.394626
5520  0.394626
5530  0.394626
5540  0.394626
5550  0.394626
5560  0.394626
5570  0.394626
5580  0.394626
5590  0.394626
5600  0.394626
5610  0.394626
5620  0.394626
5630  0.394626
5640  0.394626
5650  0.394626
5660  0.394626
5670  0.394626
5680  0.394626
5690  0.394626
5700  0.394626
5710  0.394626
5720  0.394626
5730  0.394626
5740  0.394626
5750  0.394626
5760  0.394626
5770  0.394626
5780  0.394626
5790  0.394626
5800  0.394626
5810  0.394626
5820  0.394626
5830  0.394626
5840  0.394626
5850  0.394626
5860  0.394626
5870  0.394626
5880  0.394626
5890  0.394626
5900  0.394626
5910  0.394626
5920  0.394626
5930  0.394626
5940  0.394626
5950  0.394626
5960  0.394626
5970  0.394626
5980  0.394626
5990  0.394626
6000  0.394626
6010  0.394626
6020  0.394626
6030  0.394626
6040  0.394626
6050  0.394626
6060  0.394626
6070  0.394626
6080  0.394626
6090  0.394626
6100  0.394492
6110  0.394492
6120  0.394492
6130  0.394492
6140  0.394492
6150  0.394492
6160  0.394492
6170  0.394492
6180  0.394492
6190  0.394492
6200  0.394492
6210  0.394492
6220  0.394492
6230  0.394492
6240  0.394492
6250  0.394492
6260  0.394492
6270  0.394492
6280  0.394492
6290  0.394492
6300  0.394492
6310  0.394492
6320  0.394492
6330  0.394492
6340  0.394492
6350  0.394492
6360  0.394492
6370  0.394492
6380  0.394492
6390  0.394492
6400  0.394492
6410  0.394492
6420  0.394492
6430  0.394492
6440  0.394492
6450  0.394492
6460  0.394492
6470  0.394492
6480  0.394492
6490  0.394492
6500  0.394492
6510  0.394492
6520  0.394492
6530  0.394492
6540  0.394492
6550  0.394492
6560  0.394492
6570  0.394492
6580  0.394492
6590  0.394492
6600  0.394492
6610  0.394492
6620  0.394492
6630  0.394492
6640  0.394492
6650  0.394492
6660  0.394492
6670  0.394492
6680  0.394492
6690  0.394492
6700  0.394492
6710  0.394492
6720  0.394492
6730  0.394492
6740  0.394492
6750  0.394492
6760  0.394492
6770  0.394492
6780  0.394492
6790  0.394492
6800  0.394492
6810  0.394492
6820  0.394492
6830  0.394492
6840  0.394492
6850  0.394492
6860  0.394492
6870  0.394492
6880  0.394492
6890  0.394492
6900  0.394492
6910  0.394492
6920  0.394492
6930  0.394492
6940  0.394492
6950  0.394492
6960  0.394492
6970  0.394492
6980  0.394492
6990  0.394492
7000  0.394492
7010  0.394492
7020  0.394492
7030  0.394492
7040  0.394492
7050  0.394492
7060  0.394492
7070  0.394492
7080  0.394492
7090  0.394492
7100  0.394492
7110  0.394492
7120  0.394492
7130  0.394492
7140  0.394492
7150  0.394492
7160  0.394492
7170  0.394492
7180  0.394492
7190  0.394492
7200  0.394492
7210  0.394492
7220  0.394492
7230  0.394492
7240  0.394492
7250  0.394492
7260  0.394492
7270  0.394492
7280  0.394492
7290  0.394492
7300  0.394492
7310  0.394492
7320  0.394492
7330  0.394492
7340  0.394492
7350  0.394492
7360  0.394492
7370  0.394492
7380  0.394492
7390  0.394492
7400  0.394492
7410  0.394492
7420  0.394492
7430  0.394492
7440  0.394492
7450  0.394492
7460  0.394492
7470  0.394492
7480  0.394492
7490  0.394492
7500  0.393998
7510  0.393998
7520  0.393998
7530  0.393998
7540  0.393998
7550  0.393998
7560  0.393998
7570  0.393998
7580  0.393998
7590  0.393998
7600  0.393998
7610  0.393998
7620  0.393998
7630  0.393998
7640  0.393998
7650  0.393998
7660  0.393998
7670  0.393998
7680  0.393998
7690  0.393998
7700  0.393998
7710  0.393998
7720  0.393998
7730  0.393998
7740  0.393998
7750  0.393998
7760  0.393998
7770  0.393998
7780  0.393998
7790  0.393998
7800  0.393998
7810  0.393998
7820  0.393998
7830  0.393998
7840  0.393998
7850  0.393998
7860  0.393998
7870  0.393998
7880  0.393998
7890  0.393998
7900  0.393998
7910  0.393998
7920  0.393998
7930  0.393998
7940  0.393998
7950  0.393998
7960  0.393998
7970  0.393998
7980  0.393998
7990  0.393998
8000  0.393998
8010  0.393998
8020  0.393998
8030  0.393998
8040  0.393998
8050  0.393998
8060  0.393998
8070  0.393998
8080  0.393998
8090  0.393998
8100  0.393998
8110  0.393998
8120  0.393998
8130  0.393998
8140  0.393998
8150  0.393998
8160  0.393998
8170  0.393998
8180  0.393998
8190  0.393998
8200  0.393998
8210  0.393998
8220  0.393998
8230  0.393888
8240  0.393888
8250  0.393888
8260  0.393888
8270  0.393888
8280  0.393888
8290  0.393888
8300  0.393888
8310  0.393888
8320  0.393888
8330  0.393888
8340  0.393888
8350  0.393888
8360  0.393888
8370  0.393888
8380  0.393888
8390  0.393888
8400  0.393888
8410  0.393888
8420  0.393888
8430  0.393888
8440  0.393888
8450  0.393888
8460  0.393888
8470  0.393888
8480  0.393888
8490  0.393888
8500  0.393888
8510  0.393888
8520  0.393888
8530  0.393888
8540  0.393888
8550  0.393888
8560  0.393888
8570  0.393888
8580  0.393888
8590  0.393888
8600  0.393888
8610  0.393888
8620  0.393888
8630  0.393888
8640  0.393888
8650  0.393888
8660  0.393888
8670  0.393888
8680  0.393888
8690  0.393888
8700  0.393888
8710  0.393888
8720  0.393888
8730  0.393888
8740  0.393888
8750  0.393888
8760  0.393888
8770  0.393888
8780  0.393888
8790  0.393888
8800  0.393888
8810  0.393888
8820  0.393888
8830  0.393888
8840  0.393888
8850  0.393888
8860  0.393888
8870  0.393888
8880  0.393888
8890  0.393888
8900  0.393888
8910  0.393888
8920  0.393888
8930  0.393888
8940  0.393888
8950  0.393888
8960  0.393888
8970  0.393888
8980  0.393888
8990  0.393888
9000  0.393888
9010  0.393888
9020  0.393888
9030  0.393888
9040  0.393888
9050  0.393888
9060  0.393888
9070  0.393888
9080  0.393888
9090  0.393888
9100  0.393888
9110  0.393888
9120  0.393888
9130  0.393888
9140  0.393888
9150  0.393888
9160  0.393888
9170  0.393888
9180  0.393888
9190  0.393888
9200  0.393888
9210  0.393888
9220  0.393888
9230  0.393888
9240  0.393888
9250  0.393888
9260  0.393725
9270  0.393725
9280  0.393725
9290  0.393725
9300  0.393725
9310  0.393725
9320  0.393725
9330  0.393725
9340  0.393725
9350  0.393725
9360  0.393725
9370  0.393725
9380  0.393725
9390  0.393725
9400  0.393725
9410  0.393725
9420  0.393725
9430  0.393725
9440  0.393725
9450  0.393725
9460  0.393725
9470  0.393725
9480  0.393725
9490  0.393725
9500  0.393725
9510  0.393725
9520  0.393725
9530  0.393725
9540  0.393725
9550  0.393725
9560  0.393725
9570  0.393725
9580  0.393725
9590  0.393725
9600  0.393725
9610  0.393725
9620  0.393725
9630  0.393725
9640  0.393725
9650  0.393725
9660  0.393725
9670  0.393725
9680  0.393725
9690  0.393725
9700  0.393725
9710  0.393725
9720  0.393725
9730  0.393725
9740  0.393725
9750  0.393725
9760  0.393725
9770  0.393725
9780  0.393725
9790  0.393725
9800  0.393725
9810  0.393725
9820  0.393725
9830  0.393725
9840  0.393725
9850  0.393725
9860  0.393725
9870  0.393725
9880  0.393725
9890  0.393725
9900  0.393725
9910  0.393725
9920  0.393725
9930  0.393725
9940  0.393725
9950  0.393725
9960  0.393725
9970  0.393725
9980  0.393725
9990  0.393725
10000  0.393725
10010  0.393725
10020  0.393725
10030  0.393725
10040  0.393725
10050  0.393725
10060  0.393165
10070  0.393165
10080  0.393165
10090  0.393165
10100  0.393165
10110  0.393165
10120  0.393165
10130  0.393165
10140  0.393165
10150  0.393165
10160  0.393165
10170  0.393165
10180  0.393165
10190  0.393165
10200  0.393165
10210  0.393165
10220  0.393165
10230  0.393165
10240  0.393165
10250  0.392761
10260  0.392761
10270  0.392761
10280  0.392761
10290  0.392761
10300  0.392761
10310  0.392761
10320  0.392761
10330  0.392761
10340  0.392761
10350  0.392761
10360  0.392761
10370  0.392761
10380  0.392761
10390  0.392761
10400  0.392761
10410  0.392761
10420  0.392761
10430  0.392761
10440  0.392761
10450  0.392761
10460  0.392761
10470  0.392761
10480  0.392761
10490  0.392761
10500  0.392761
10510  0.392761
10520  0.392761
10530  0.392761
10540  0.392761
10550  0.392761
10560  0.392761
10570  0.392761
10580  0.392761
10590  0.392761
10600  0.392761
10610  0.392761
10620  0.392761
10630  0.392761
10640  0.392761
10650  0.392761
10660  0.392761
10670  0.392761
10680  0.392761
10690  0.392761
10700  0.392761
10710  0.392761
10720  0.392761
10730  0.392761
10740  0.392761
10750  0.392761
10760  0.392761
10770  0.392761
10780  0.392761
10790  0.392761
10800  0.392761
10810  0.392761
10820  0.392761
10830  0.392761
10840  0.392761
10850  0.392761
10860  0.392761
10870  0.392761
10880  0.392761
10890  0.392761
10900  0.392761
10910  0.392761
10920  0.392761
10930  0.392761
10940  0.392761
10950  0.392761
10960  0.392761
10970  0.392761
10980  0.392761
10990  0.392761
11000  0.392761
11010  0.392761
11020  0.392761
11030  0.392761
11040  0.392761
11050  0.392761
11060  0.392761
11070  0.392761
11080  0.392761
11090  0.392761
11100  0.392761
11110  0.392761
11120  0.392761
11130  0.392761
11140  0.392761
11150  0.392761
11160  0.392761
11170  0.392761
11180  0.392761
11190  0.392761
11200  0.392761
11210  0.392761
11220  0.392761
11230  0.392761
11240  0.392761
11250  0.392761
11260  0.392761
11270  0.392761
11280  0.392761
11290  0.392761
11300  0.392761
11310  0.392761
11320  0.392761
11330  0.392761
11340  0.392761
11350  0.392761
11360  0.392761
11370  0.392761
11380  0.392761
11390  0.392761
11400  0.392761
11410  0.392761
11420  0.392761
11430  0.392641
11440  0.392641
11450  0.392641
11460  0.392641
11470  0.392641
11480  0.392641
11490  0.392641
11500  0.392641
11510  0.392641
11520  0.392641
11530  0.392641
11540  0.392641
11550  0.392641
11560  0.392641
11570  0.392641
11580  0.392641
11590  0.392641
11600  0.392641
11610  0.392641
11620  0.392641
11630  0.392641
11640  0.392641
11650  0.392641
11660  0.392641
11670  0.392641
11680  0.392641
11690  0.392641
11700  0.392641
11710  0.392641
11720  0.392641
11730  0.392641
11740  0.392641
11750  0.392384
11760  0.392384
11770  0.392384
11780  0.392384
11790  0.392384
11800  0.392384
11810  0.392384
11820  0.392384
11830  0.392384
11840  0.392384
11850  0.392384
11860  0.392384
11870  0.392384
11880  0.392384
11890  0.392384
11900  0.392384
11910  0.392384
11920  0.392384
11930  0.392384
11940  0.392384
11950  0.392384
11960  0.392384
11970  0.392384
11980  0.392384
11990  0.392384
12000  0.392384
12010  0.392384
12020  0.392384
12030  0.392384
12040  0.392384
12050  0.392384
12060  0.392384
12070  0.392384
12080  0.392384
12090  0.392384
12100  0.392384
12110  0.392384
12120  0.392384
12130  0.392384
12140  0.392384
12150  0.392384
12160  0.392384
12170  0.392384
12180  0.392384
12190  0.392384
12200  0.392384
12210  0.392384
12220  0.392145
12230  0.392145
12240  0.392145
12250  0.392145
12260  0.392145
12270  0.392086
12280  0.392086
12290  0.392086
12300  0.392086
12310  0.392086
12320  0.392086
12330  0.392086
12340  0.392086
12350  0.392086
12360  0.392086
12370  0.392086
12380  0.392086
12390  0.392086
12400  0.392086
12410  0.392086
12420  0.392086
12430  0.392086
12440  0.392086
12450  0.392086
12460  0.392086
12470  0.392086
12480  0.392086
12490  0.392086
12500  0.392086
12510  0.392086
12520  0.392086
12530  0.392086
12540  0.392086
12550  0.392086
12560  0.391576
12570  0.391576
12580  0.391576
12590  0.391342
12600  0.391342
12610  0.391342
12620  0.391342
12630  0.391342
12640  0.391342
12650  0.391342
12660  0.391342
12670  0.391342
12680  0.391342
12690  0.391342
12700  0.39131
12710  0.39131
12720  0.39131
12730  0.39131
12740  0.39131
12750  0.39131
12760  0.39131
12770  0.39131
12780  0.391086
12790  0.390914
12800  0.390914
12810  0.390914
12820  0.390914
12830  0.390914
12840  0.390914
12850  0.390914
12860  0.390914
12870  0.390914
12880  0.390914
12890  0.390914
12900  0.390914
12910  0.390914
12920  0.390914
12930  0.390914
12940  0.390914
12950  0.390914
12960  0.390914
12970  0.390914
12980  0.390914
12990  0.390914
13000  0.390914
13010  0.390914
13020  0.390914
13030  0.390914
13040  0.390914
13050  0.390914
13060  0.390914
13070  0.390914
13080  0.390619
13090  0.390324
13100  0.390324
13110  0.390324
13120  0.390324
13130  0.390324
13140  0.390324
13150  0.389606
13160  0.389606
13170  0.389606
13180  0.389606
13190  0.389606
13200  0.389606
13210  0.389606
13220  0.389606
13230  0.389606
13240  0.389606
13250  0.389606
13260  0.389606
13270  0.389606
13280  0.389606
13290  0.389606
13300  0.389606
13310  0.389606
13320  0.389606
13330  0.389606
13340  0.389606
13350  0.389606
13360  0.389606
13370  0.389606
13380  0.389606
13390  0.389606
13400  0.388989
13410  0.388989
13420  0.388989
13430  0.388989
13440  0.388989
13450  0.388989
13460  0.388989
13470  0.388989
13480  0.388989
13490  0.388989
13500  0.388989
13510  0.388989
13520  0.38892
13530  0.38892
13540  0.38892
13550  0.38892
13560  0.38892
13570  0.38892
13580  0.38892
13590  0.38892
13600  0.38892
13610  0.38892
13620  0.38892
13630  0.38892
13640  0.38892
13650  0.38892
13660  0.38892
13670  0.388374
13680  0.388374
13690  0.388374
13700  0.388374
13710  0.388374
13720  0.388374
13730  0.388374
13740  0.388374
13750  0.388374
13760  0.388374
13770  0.388374
13780  0.388374
13790  0.388374
13800  0.388374
13810  0.388374
13820  0.388374
13830  0.387479
13840  0.387479
13850  0.387479
13860  0.387479
13870  0.387479
13880  0.387479
13890  0.387479
13900  0.387479
13910  0.387479
13920  0.387479
13930  0.387479
13940  0.387479
13950  0.387479
13960  0.387479
13970  0.387479
13980  0.387479
13990  0.387479
14000  0.387479
14010  0.387479
14020  0.387479
14030  0.387479
14040  0.387479
14050  0.387363
14060  0.387363
14070  0.387363
14080  0.387363
14090  0.387363
14100  0.387363
14110  0.387363
14120  0.387363
14130  0.387363
14140  0.387363
14150  0.387363
14160  0.387363
14170  0.387363
14180  0.387363
14190  0.387363
14200  0.387363
14210  0.387363
14220  0.387363
14230  0.387363
14240  0.387363
14250  0.387363
14260  0.387363
14270  0.387363
14280  0.386423
14290  0.386423
14300  0.386423
14310  0.386423
14320  0.386423
14330  0.386423
14340  0.386423
14350  0.386423
14360  0.386423
14370  0.386423
14380  0.386423
14390  0.386423
14400  0.386423
14410  0.386423
14420  0.386423
14430  0.386423
14440  0.386423
14450  0.386423
14460  0.386423
14470  0.386423
14480  0.386423
14490  0.386423
14500  0.386423
14510  0.386055
14520  0.386055
14530  0.386055
14540  0.386055
14550  0.386055
14560  0.386055
14570  0.386055
14580  0.386055
14590  0.386055
14600  0.386055
14610  0.386055
14620  0.386055
14630  0.386055
14640  0.386055
14650  0.386055
14660  0.386055
14670  0.386055
14680  0.386055
14690  0.386055
14700  0.386055
14710  0.386055
14720  0.386055
14730  0.386055
14740  0.386055
14750  0.386055
14760  0.386055
14770  0.386055
14780  0.386055
14790  0.386055
14800  0.386055
14810  0.386055
14820  0.386055
14830  0.386055
14840  0.386055
14850  0.386055
14860  0.386055
14870  0.386055
14880  0.386055
14890  0.386055
14900  0.386055
14910  0.386055
14920  0.386055
14930  0.386055
14940  0.386055
14950  0.386055
14960  0.386055
14970  0.386055
14980  0.386055
14990  0.386055
15000  0.386055
15010  0.386055
15020  0.386055
15030  0.386055
15040  0.386055
15050  0.386055
15060  0.386055
15070  0.386055
15080  0.386055
15090  0.386055
15100  0.386055
15110  0.386055
15120  0.386006
15130  0.386006
15140  0.386006
15150  0.386006
15160  0.386006
15170  0.386006
15180  0.386006
15190  0.386006
15200  0.386006
15210  0.386006
15220  0.386006
15230  0.386006
15240  0.386006
15250  0.386006
15260  0.386006
15270  0.386006
15280  0.386006
15290  0.386006
15300  0.386006
15310  0.386006
15320  0.386006
15330  0.386006
15340  0.386006
15350  0.386006
15360  0.386006
15370  0.386006
15380  0.386006
15390  0.386006
15400  0.386006
15410  0.386006
15420  0.386006
15430  0.386006
15440  0.386006
15450  0.386006
15460  0.386006
15470  0.386006
15480  0.386006
15490  0.386006
15500  0.386006
15510  0.386006
15520  0.386006
15530  0.386006
15540  0.386006
15550  0.386006
15560  0.386006
15570  0.386006
15580  0.386006
15590  0.386006
15600  0.386006
15610  0.386006
15620  0.386006
15630  0.386006
15640  0.386006
15650  0.386006
15660  0.386006
15670  0.386006
15680  0.386006
15690  0.386006
15700  0.386006
15710  0.386006
15720  0.386006
15730  0.386006
15740  0.386006
15750  0.386006
15760  0.386006
15770  0.386006
15780  0.386006
15790  0.386006
15800  0.386006
15810  0.386006
15820  0.386006
15830  0.386006
15840  0.386006
15850  0.386006
15860  0.386006
15870  0.386006
15880  0.386006
15890  0.386006
15900  0.385437
15910  0.385437
15920  0.385437
15930  0.385437
15940  0.385437
15950  0.385437
15960  0.385056
15970  0.385056
15980  0.385056
15990  0.385056
16000  0.385056
16010  0.385056
16020  0.385056
16030  0.385056
16040  0.385056
16050  0.385056
16060  0.385056
16070  0.385056
16080  0.385056
16090  0.385056
16100  0.385056
16110  0.385056
16120  0.385056
16130  0.385056
16140  0.385056
16150  0.385056
16160  0.384998
16170  0.384998
16180  0.384998
16190  0.384998
16200  0.384998
16210  0.384998
16220  0.384998
16230  0.384998
16240  0.384998
16250  0.384998
16260  0.384998
16270  0.384998
16280  0.384719
16290  0.384719
16300  0.38453
16310  0.38453
16320  0.38453
16330  0.38453
16340  0.38453
16350  0.38453
16360  0.38453
16370  0.38453
16380  0.38453
16390  0.38453
16400  0.38453
16410  0.38453
16420  0.38453
16430  0.38453
16440  0.38453
16450  0.38453
16460  0.38453
16470  0.38453
16480  0.38453
16490  0.38453
16500  0.38453
16510  0.384275
16520  0.384275
16530  0.384275
16540  0.384275
16550  0.384275
16560  0.384275
16570  0.384275
16580  0.384275
16590  0.384275
16600  0.384275
16610  0.384275
16620  0.384275
16630  0.384275
16640  0.384275
16650  0.384275
16660  0.384275
16670  0.384275
16680  0.384275
16690  0.384275
16700  0.384275
16710  0.384275
16720  0.384275
16730  0.384275
16740  0.384275
16750  0.384275
16760  0.384275
16770  0.384275
16780  0.384275
16790  0.384275
16800  0.384275
16810  0.384275
16820  0.384275
16830  0.384275
16840  0.384275
16850  0.384275
16860  0.384275
16870  0.384275
16880  0.384275
16890  0.384275
16900  0.384275
16910  0.384275
16920  0.384275
16930  0.384275
16940  0.384275
16950  0.384275
16960  0.384275
16970  0.384275
16980  0.384275
16990  0.384275
17000  0.384275
17010  0.384275
17020  0.384275
17030  0.384275
17040  0.384275
17050  0.384275
17060  0.384275
17070  0.384275
17080  0.384275
17090  0.384275
17100  0.384275
17110  0.384275
17120  0.384275
17130  0.384275
17140  0.384275
17150  0.384275
17160  0.384275
17170  0.384275
17180  0.384275
17190  0.384275
17200  0.384275
17210  0.384275
17220  0.384275
17230  0.384275
17240  0.384275
17250  0.384275
17260  0.384275
17270  0.384275
17280  0.384275
17290  0.384275
17300  0.384275
17310  0.384275
17320  0.384275
17330  0.384275
17340  0.384275
17350  0.384275
17360  0.384275
17370  0.384275
17380  0.384275
17390  0.384275
17400  0.384275
17410  0.384275
17420  0.384275
17430  0.384275
17440  0.384275
17450  0.384275
17460  0.384275
17470  0.384275
17480  0.384275
17490  0.384275
17500  0.384275
17510  0.384275
17520  0.384275
17530  0.384275
17540  0.384275
17550  0.384275
17560  0.384275
17570  0.384275
17580  0.384275
17590  0.384275
17600  0.384275
17610  0.384275
17620  0.384275
17630  0.384275
17640  0.384275
17650  0.384275
17660  0.384275
17670  0.384275
17680  0.384275
17690  0.384275
17700  0.384275
17710  0.384275
17720  0.384275
17730  0.384275
17740  0.384275
17750  0.384275
17760  0.384275
17770  0.384275
17780  0.384275
17790  0.384275
17800  0.384275
17810  0.384275
17820  0.384275
17830  0.384275
17840  0.384275
17850  0.384275
17860  0.384275
17870  0.384275
17880  0.384275
17890  0.384275
17900  0.384275
17910  0.384275
17920  0.384275
17930  0.384275
17940  0.384275
17950  0.384275
17960  0.383858
17970  0.383858
17980  0.383858
17990  0.383858
18000  0.383858
18010  0.383858
18020  0.383858
18030  0.383858
18040  0.383858
18050  0.383858
18060  0.383858
18070  0.383858
18080  0.383858
18090  0.383858
18100  0.383858
18110  0.383858
18120  0.383858
18130  0.383858
18140  0.383858
18150  0.383858
18160  0.383858
18170  0.383858
18180  0.383858
18190  0.383858
18200  0.383858
18210  0.383858
18220  0.383858
18230  0.383858
18240  0.383858
18250  0.383858
18260  0.383858
18270  0.383858
18280  0.383858
18290  0.383858
18300  0.383858
18310  0.383858
18320  0.383858
18330  0.383858
18340  0.383858
18350  0.383858
18360  0.383858
18370  0.383858
18380  0.383858
18390  0.383858
18400  0.383858
18410  0.383858
18420  0.383858
18430  0.383858
18440  0.383858
18450  0.383858
18460  0.383858
18470  0.383858
18480  0.383858
18490  0.383858
18500  0.383858
18510  0.383858
18520  0.383858
18530  0.383858
18540  0.383858
18550  0.383858
18560  0.383858
18570  0.383858
18580  0.383858
18590  0.383858
18600  0.383858
18610  0.383858
18620  0.383858
18630  0.383858
18640  0.383858
18650  0.383858
18660  0.383858
18670  0.383858
18680  0.383858
18690  0.383858
18700  0.383858
18710  0.383858
18720  0.383858
18730  0.383858
18740  0.383858
18750  0.383858
18760  0.383858
18770  0.383858
18780  0.383858
18790  0.383858
18800  0.383858
18810  0.383858
18820  0.383858
18830  0.383858
18840  0.383858
18850  0.383858
18860  0.383858
18870  0.383858
18880  0.383858
18890  0.383858
18900  0.383858
18910  0.383858
18920  0.383858
18930  0.383858
18940  0.383858
18950  0.383858
18960  0.383858
18970  0.383858
18980  0.383858
18990  0.383858
19000  0.383858
19010  0.383858
19020  0.383858
19030  0.383858
19040  0.383858
19050  0.383858
19060  0.382544
19070  0.382544
19080  0.382544
19090  0.382544
19100  0.382544
19110  0.382544
19120  0.382544
19130  0.382544
19140  0.382544
19150  0.382544
19160  0.382544
19170  0.382544
19180  0.382544
19190  0.382544
19200  0.382544
19210  0.382544
19220  0.382544
19230  0.382544
19240  0.382544
19250  0.382544
19260  0.382544
19270  0.382544
19280  0.382544
19290  0.382544
19300  0.382544
19310  0.382544
19320  0.382544
19330  0.382544
19340  0.382544
19350  0.382544
19360  0.382544
19370  0.382544
19380  0.382544
19390  0.382544
19400  0.382544
19410  0.382544
19420  0.382544
19430  0.382544
19440  0.382544
19450  0.382544
19460  0.382544
19470  0.382544
19480  0.382544
19490  0.382544
19500  0.382544
19510  0.382544
19520  0.382544
19530  0.382544
19540  0.382544
19550  0.382544
19560  0.382544
19570  0.382544
19580  0.382544
19590  0.382544
19600  0.382544
19610  0.382544
19620  0.382544
19630  0.382544
19640  0.382544
19650  0.382544
19660  0.382544
19670  0.382544
19680  0.382544
19690  0.382544
19700  0.382544
19710  0.382544
19720  0.382544
19730  0.382544
19740  0.382544
19750  0.382544
19760  0.382544
19770  0.382544
19780  0.382544
19790  0.382544
19800  0.382544
19810  0.382544
19820  0.382544
19830  0.382544
19840  0.382544
19850  0.382544
19860  0.382544
19870  0.382544
19880  0.382544
19890  0.382544
19900  0.382544
19910  0.382544
19920  0.382544
19930  0.382544
19940  0.382544
19950  0.382544
19960  0.382544
19970  0.382544
19980  0.382544
19990  0.382544
20000  0.382544
20010  0.382544
20020  0.382544
20030  0.382544
20040  0.382544
20050  0.382544
20060  0.382544
20070  0.382544
20080  0.382544
20090  0.382544
20100  0.382544
20110  0.382544
20120  0.382544
20130  0.382544
20140  0.382544
20150  0.382544
20160  0.382544
20170  0.382544
20180  0.382544
20190  0.382544
20200  0.382407
20210  0.382407
20220  0.382407
20230  0.382407
20240  0.382407
20250  0.382407
20260  0.382407
20270  0.382407
20280  0.382407
20290  0.382407
20300  0.382407
20310  0.382407
20320  0.382407
20330  0.382407
20340  0.382407
20350  0.382407
20360  0.382407
20370  0.382407
20380  0.382407
20390  0.382407
20400  0.382407
20410  0.382407
20420  0.382407
20430  0.382407
20440  0.382407
20450  0.382407
20460  0.382407
20470  0.382407
20480  0.382407
20490  0.382407
20500  0.382407
20510  0.382407
20520  0.382407
20530  0.382407
20540  0.382407
20550  0.382407
20560  0.382407
20570  0.382407
20580  0.382407
20590  0.382407
20600  0.382407
20610  0.382407
20620  0.382407
20630  0.382407
20640  0.382407
20650  0.382407
20660  0.382407
20670  0.382407
20680  0.382407
20690  0.382407
20700  0.382407
20710  0.382407
20720  0.382407
20730  0.382407
20740  0.382407
20750  0.382407
20760  0.382407
20770  0.382407
20780  0.382407
20790  0.382407
20800  0.382407
20810  0.382407
20820  0.382407
20830  0.382407
20840  0.382407
20850  0.382407
20860  0.382407
20870  0.382407
20880  0.382407
20890  0.382407
20900  0.382407
20910  0.382407
20920  0.382407
20930  0.382407
20940  0.382407
20950  0.382407
20960  0.382171
20970  0.382171
20980  0.382171
20990  0.382171
21000  0.382171
21010  0.382171
21020  0.382171
21030  0.382171
21040  0.382171
21050  0.382171
21060  0.382171
21070  0.382171
21080  0.382171
21090  0.382171
21100  0.382171
21110  0.382171
21120  0.382171
21130  0.382171
21140  0.382171
21150  0.382171
21160  0.382
21170  0.382
21180  0.382
21190  0.382
21200  0.382
21210  0.382
21220  0.382
21230  0.382
21240  0.382
21250  0.382
21260  0.382
21270  0.382
21280  0.382
21290  0.382
21300  0.382
21310  0.382
21320  0.382
21330  0.382
21340  0.382
21350  0.381953
21360  0.381953
21370  0.381953
21380  0.381953
21390  0.381953
21400  0.381953
21410  0.381953
21420  0.381953
21430  0.381953
21440  0.381953
21450  0.381953
21460  0.381953
21470  0.381953
21480  0.381953
21490  0.381953
21500  0.381953
21510  0.381953
21520  0.381953
21530  0.381953
21540  0.381953
21550  0.381953
21560  0.381953
21570  0.381953
21580  0.381953
21590  0.381953
21600  0.381953
21610  0.381953
21620  0.381953
21630  0.381953
21640  0.381953
21650  0.381953
21660  0.381953
21670  0.381953
21680  0.381953
21690  0.381953
21700  0.381953
21710  0.381953
21720  0.381953
21730  0.381953
21740  0.381953
21750  0.381953
21760  0.381953
21770  0.381953
21780  0.381953
21790  0.381953
21800  0.381953
21810  0.381953
21820  0.381953
21830  0.381953
21840  0.381953
21850  0.381953
21860  0.381953
21870  0.381953
21880  0.381953
21890  0.381953
21900  0.381953
21910  0.381953
21920  0.381953
21930  0.381953
21940  0.381953
21950  0.381953
21960  0.381953
21970  0.381953
21980  0.381953
21990  0.381953
22000  0.381953
22010  0.381953
22020  0.381953
22030  0.381953
22040  0.381953
22050  0.381953
22060  0.381953
22070  0.381953
22080  0.381953
22090  0.381953
22100  0.381953
22110  0.381953
22120  0.381953
22130  0.381953
22140  0.381953
22150  0.381953
22160  0.381953
22170  0.381953
22180  0.381953
22190  0.381953
22200  0.381953
22210  0.381953
22220  0.381953
22230  0.381953
22240  0.381953
22250  0.381953
22260  0.381953
22270  0.381953
22280  0.381953
22290  0.381953
22300  0.381953
22310  0.381953
22320  0.381953
22330  0.381953
22340  0.381953
22350  0.381953
22360  0.381953
22370  0.381953
22380  0.381953
22390  0.381953
22400  0.381953
22410  0.381953
22420  0.381953
22430  0.381953
22440  0.381953
22450  0.381953
22460  0.381953
22470  0.381953
22480  0.381489
22490  0.381489
22500  0.381489
22510  0.381489
22520  0.381489
22530  0.381489
22540  0.381489
22550  0.381489
22560  0.381489
22570  0.381489
22580  0.381489
22590  0.381489
22600  0.381489
22610  0.381489
22620  0.381489
22630  0.381489
22640  0.381489
22650  0.381489
22660  0.381489
22670  0.381489
22680  0.381489
22690  0.381489
22700  0.381489
22710  0.381489
22720  0.381489
22730  0.381489
22740  0.381489
22750  0.381489
22760  0.381489
22770  0.381489
22780  0.381489
22790  0.381489
22800  0.381489
22810  0.381489
22820  0.381489
22830  0.381489
22840  0.381489
22850  0.381489
22860  0.381489
22870  0.381489
22880  0.381489
22890  0.381489
22900  0.381489
22910  0.381489
22920  0.381489
22930  0.381489
22940  0.381489
22950  0.381489
22960  0.381489
22970  0.381489
22980  0.381489
22990  0.381489
23000  0.381489
23010  0.381489
23020  0.381489
23030  0.381489
23040  0.381489
23050  0.381489
23060  0.381489
23070  0.381489
23080  0.381489
23090  0.381489
23100  0.381489
23110  0.381489
23120  0.381489
23130  0.381489
23140  0.381489
23150  0.381489
23160  0.381489
23170  0.381489
23180  0.381489
23190  0.381489
23200  0.381489
23210  0.381489
23220  0.381489
23230  0.381489
23240  0.381489
23250  0.381489
23260  0.381489
23270  0.381489
23280  0.381489
23290  0.381489
23300  0.381489
23310  0.381489
23320  0.381489
23330  0.381489
23340  0.381489
23350  0.381489
23360  0.381489
23370  0.381489
23380  0.381489
23390  0.381489
23400  0.381489
23410  0.381489
23420  0.381489
23430  0.381489
23440  0.381489
23450  0.381489
23460  0.381489
23470  0.381489
23480  0.381489
23490  0.381489
23500  0.381489
23510  0.381489
23520  0.381489
23530  0.381489
23540  0.381489
23550  0.381489
23560  0.381385
23570  0.381385
23580  0.381385
23590  0.381385
23600  0.381385
23610  0.381385
23620  0.381385
23630  0.381385
23640  0.381385
23650  0.381385
23660  0.381385
23670  0.380501
23680  0.380501
23690  0.380501
23700  0.380501
23710  0.380501
23720  0.380501
23730  0.380501
23740  0.380501
23750  0.380501
23760  0.380501
23770  0.380501
23780  0.380501
23790  0.380501
23800  0.380501
23810  0.380501
23820  0.380501
23830  0.380501
23840  0.380501
23850  0.380501
23860  0.380501
23870  0.380501
23880  0.380501
23890  0.380501
23900  0.380501
23910  0.380501
23920  0.380501
23930  0.380013
23940  0.380013
23950  0.380013
23960  0.380013
23970  0.380013
23980  0.380013
23990  0.380013
24000  0.380013
24010  0.380013
24020  0.380013
24030  0.380013
24040  0.380013
24050  0.380013
24060  0.380013
24070  0.380013
24080  0.380013
24090  0.380013
24100  0.380013
24110  0.380013
24120  0.380013
24130  0.380013
24140  0.380013
24150  0.380013
24160  0.380013
24170  0.380013
24180  0.380013
24190  0.380013
24200  0.380013
24210  0.380013
24220  0.380013
24230  0.380013
24240  0.380013
24250  0.380013
24260  0.380013
24270  0.380013
24280  0.380013
24290  0.380013
24300  0.380013
24310  0.380013
24320  0.380013
24330  0.380013
24340  0.380013
24350  0.380013
24360  0.380013
24370  0.380013
24380  0.380013
24390  0.380013
24400  0.380013
24410  0.380013
24420  0.380013
24430  0.380013
24440  0.380013
24450  0.380013
24460  0.380013
24470  0.380013
24480  0.380013
24490  0.380013
24500  0.380013
24510  0.380013
24520  0.380013
24530  0.380013
24540  0.380013
24550  0.380013
24560  0.380013
24570  0.380013
24580  0.380013
24590  0.380013
24600  0.380013
24610  0.380013
24620  0.380013
24630  0.380013
24640  0.380013
24650  0.380013
24660  0.380013
24670  0.380013
24680  0.380013
24690  0.380013
24700  0.380013
24710  0.380013
24720  0.380013
24730  0.380013
24740  0.380013
24750  0.380013
24760  0.380013
24770  0.380013
24780  0.380013
24790  0.380013
24800  0.380013
24810  0.380013
24820  0.380013
24830  0.380013
24840  0.380013
24850  0.380013
24860  0.380013
24870  0.380013
24880  0.380013
24890  0.380013
24900  0.380013
24910  0.380013
24920  0.380013
24930  0.380013
24940  0.380013
24950  0.380013
24960  0.380013
24970  0.380013
24980  0.380013
24990  0.380013
25000  0.380013
25010  0.380013
25020  0.380013
25030  0.380013
25040  0.380013
25050  0.380013
25060  0.380013
25070  0.380013
25080  0.380013
25090  0.380013
25100  0.380013
25110  0.380013
25120  0.380013
25130  0.380013
25140  0.380013
25150  0.380013
25160  0.380013
25170  0.380013
25180  0.380013
25190  0.380013
25200  0.380013
25210  0.380013
25220  0.380013
25230  0.380013
25240  0.380013
25250  0.380013
25260  0.380013
25270  0.380013
25280  0.380013
25290  0.380013
25300  0.380013
25310  0.380013
25320  0.380013
25330  0.380013
25340  0.380013
25350  0.380013
25360  0.380013
25370  0.380013
25380  0.380013
25390  0.380013
25400  0.380013
25410  0.380013
25420  0.380013
25430  0.380013
25440  0.380013
25450  0.380013
25460  0.380013
25470  0.380013
25480  0.380013
25490  0.380013
25500  0.380013
25510  0.380013
25520  0.380013
25530  0.380013
25540  0.380013
25550  0.380013
25560  0.380013
25570  0.380013
25580  0.380013
25590  0.380013
25600  0.380013
25610  0.380013
25620  0.380013
25630  0.380013
25640  0.380013
25650  0.380013
25660  0.380013
25670  0.380013
25680  0.380013
25690  0.380013
25700  0.380013
25710  0.380013
25720  0.380013
25730  0.380013
25740  0.380013
25750  0.380013
25760  0.380013
25770  0.380013
25780  0.380013
25790  0.380013
25800  0.380013
25810  0.380013
25820  0.380013
25830  0.380013
25840  0.380013
25850  0.380013
25860  0.380013
25870  0.380013
25880  0.380013
25890  0.380013
25900  0.380013
25910  0.380013
25920  0.380013
25930  0.380013
25940  0.380013
25950  0.380013
25960  0.380013
25970  0.380013
25980  0.380013
25990  0.380013
26000  0.380013
26010  0.380013
26020  0.380013
26030  0.380013
26040  0.380013
26050  0.380013
26060  0.380013
26070  0.380013
26080  0.380013
26090  0.380013
26100  0.380013
26110  0.380013
26120  0.380013
26130  0.380013
26140  0.380013
26150  0.380013
26160  0.380013
26170  0.380013
26180  0.380013
26190  0.380013
26200  0.380013
26210  0.380013
26220  0.380013
26230  0.380013
26240  0.380013
26250  0.380013
26260  0.380013
26270  0.380013
26280  0.380013
26290  0.380013
26300  0.380013
26310  0.380013
26320  0.380013
26330  0.380013
26340  0.380013
26350  0.380013
26360  0.380013
26370  0.380013
26380  0.380013
26390  0.380013
26400  0.380013
26410  0.380013
26420  0.380013
26430  0.380013
26440  0.380013
26450  0.380013
26460  0.380013
26470  0.380013
26480  0.380013
26490  0.380013
26500  0.380013
26510  0.380013
26520  0.380013
26530  0.380013
26540  0.380013
26550  0.380013
26560  0.380013
26570  0.380013
26580  0.380013
26590  0.380013
26600  0.380013
26610  0.380013
26620  0.380013
26630  0.380013
26640  0.380013
26650  0.380013
26660  0.380013
26670  0.380013
26680  0.380013
26690  0.380013
26700  0.380013
26710  0.380013
26720  0.380013
26730  0.380013
26740  0.380013
26750  0.380013
26760  0.380013
26770  0.380013
26780  0.380013
26790  0.380013
26800  0.380013
26810  0.380013
26820  0.380013
26830  0.380013
26840  0.380013
26850  0.380013
26860  0.380013
26870  0.380013
26880  0.380013
26890  0.380013
26900  0.380013
26910  0.380013
26920  0.380013
26930  0.380013
26940  0.380013
26950  0.380013
26960  0.380013
26970  0.380013
26980  0.380013
26990  0.380013
27000  0.380013
27010  0.380013
27020  0.380013
27030  0.380013
27040  0.380013
27050  0.380013
27060  0.380013
27070  0.380013
27080  0.380013
27090  0.380013
27100  0.380013
27110  0.380013
27120  0.380013
27130  0.380013
27140  0.380013
27150  0.380013
27160  0.380013
27170  0.380013
27180  0.380013
27190  0.380013
27200  0.380013
27210  0.380013
27220  0.380013
27230  0.380013
27240  0.380013
27250  0.380013
27260  0.380013
27270  0.380013
27280  0.380013
27290  0.380013
27300  0.380013
27310  0.380013
27320  0.380013
27330  0.380013
27340  0.380013
27350  0.380013
27360  0.380013
27370  0.380013
27380  0.380013
27390  0.380013
27400  0.380013
27410  0.380013
27420  0.380013
27430  0.380013
27440  0.380013
27450  0.380013
27460  0.379576
27470  0.379576
27480  0.379576
27490  0.379576
27500  0.379576
27510  0.379576
27520  0.379576
27530  0.379576
27540  0.379576
27550  0.379576
27560  0.379576
27570  0.379576
27580  0.379576
27590  0.379576
27600  0.379576
27610  0.379576
27620  0.379576
27630  0.379576
27640  0.379576
27650  0.379576
27660  0.379576
27670  0.379576
27680  0.379576
27690  0.379576
27700  0.379576
27710  0.379576
27720  0.379576
27730  0.379576
27740  0.379576
27750  0.379576
27760  0.379576
27770  0.379576
27780  0.379576
27790  0.379576
27800  0.379576
27810  0.379576
27820  0.379576
27830  0.379576
27840  0.379576
27850  0.379576
27860  0.379576
27870  0.379576
27880  0.379576
27890  0.379576
27900  0.379576
27910  0.379576
27920  0.379576
27930  0.379576
27940  0.379576
27950  0.379576
27960  0.379576
27970  0.379576
27980  0.379576
27990  0.379576
28000  0.379576
28010  0.379576
28020  0.379576
28030  0.379576
28040  0.379576
28050  0.379576
28060  0.379576
28070  0.379576
28080  0.379576
28090  0.379576
28100  0.379576
28110  0.379576
28120  0.379576
28130  0.379576
28140  0.379576
28150  0.379576
28160  0.379576
28170  0.379576
28180  0.379576
28190  0.379576
28200  0.379576
28210  0.379576
28220  0.379576
28230  0.379576
28240  0.379576
28250  0.379576
28260  0.379576
28270  0.379576
28280  0.379576
28290  0.379576
28300  0.379576
28310  0.379576
28320  0.379576
28330  0.379576
28340  0.379576
28350  0.379576
28360  0.379576
28370  0.379576
28380  0.379576
28390  0.379576
28400  0.379576
28410  0.379576
28420  0.379576
28430  0.379576
28440  0.379576
28450  0.379576
28460  0.379576
28470  0.379576
28480  0.379576
28490  0.379576
28500  0.379576
28510  0.379576
28520  0.379576
28530  0.379576
28540  0.379576
28550  0.379576
28560  0.379576
28570  0.379576
28580  0.379576
28590  0.379576
28600  0.379576
28610  0.379576
28620  0.379576
28630  0.379576
28640  0.379576
28650  0.379576
28660  0.379576
28670  0.379576
28680  0.379576
28690  0.379576
28700  0.379576
28710  0.379576
28720  0.379576
28730  0.379576
28740  0.379576
28750  0.379576
28760  0.379576
28770  0.379576
28780  0.379576
28790  0.379576
28800  0.379576
28810  0.379576
28820  0.379576
28830  0.379576
28840  0.379576
28850  0.379576
28860  0.379576
28870  0.379576
28880  0.379576
28890  0.379576
28900  0.379576
28910  0.379576
28920  0.379576
28930  0.379576
28940  0.379576
28950  0.379576
28960  0.379576
28970  0.379576
28980  0.379576
28990  0.379576
29000  0.379576
29010  0.379576
29020  0.379576
29030  0.379576
29040  0.379576
29050  0.379576
29060  0.379576
29070  0.379576
29080  0.379576
29090  0.379576
29100  0.379576
29110  0.379576
29120  0.379576
29130  0.379576
29140  0.379576
29150  0.379576
29160  0.379576
29170  0.379576
29180  0.379576
29190  0.379576
29200  0.379576
29210  0.379576
29220  0.379576
29230  0.379576
29240  0.379576
29250  0.379576
29260  0.379576
29270  0.379576
29280  0.379576
29290  0.379576
29300  0.379576
29310  0.379576
29320  0.379576
29330  0.379576
29340  0.379576
29350  0.379576
29360  0.379576
29370  0.379576
29380  0.379576
29390  0.379576
29400  0.379576
29410  0.379576
29420  0.379576
29430  0.379576
29440  0.379576
29450  0.379576
29460  0.379576
29470  0.379576
29480  0.379576
29490  0.379576
29500  0.379576
29510  0.379576
29520  0.379576
29530  0.379576
29540  0.379576
29550  0.379576
29560  0.379576
29570  0.379576
29580  0.379576
29590  0.379576
29600  0.379576
29610  0.379576
29620  0.379576
29630  0.379576
29640  0.379576
29650  0.379576
29660  0.379576
29670  0.379576
29680  0.379576
29690  0.379576
29700  0.379576
29710  0.379576
29720  0.379576
29730  0.379576
29740  0.379576
29750  0.379576
29760  0.379576
29770  0.379576
29780  0.379576
29790  0.379576
29800  0.379576
29810  0.379576
29820  0.379576
29830  0.379576
29840  0.379576
29850  0.379576
29860  0.379576
29870  0.379576
29880  0.379576
29890  0.379576
29900  0.379576
29910  0.379576
29920  0.379576
29930  0.379576
29940  0.379576
29950  0.379576
29960  0.379576
29970  0.379576
29980  0.379576
29990  0.379576
30000  0.379576
30010  0.379576
