Step  Penalty
10  0.494966
20  0.490934
30  0.478843
40  0.478843
50  0.454378
60  0.449389
70  0.417096
80  0.416828
90  0.414422
100  0.414422
110  0.40188
120  0.398212
130  0.392965
140  0.387359
150  0.383628
160  0.383178
170  0.37297
180  0.36347
190  0.361528
200  0.360323
210  0.351146
220  0.351146
230  0.350121
240  0.343334
250  0.343334
260  0.343334
270  0.332967
280  0.332967
290  0.332967
300  0.332967
310  0.332967
320  0.325598
330  0.325598
340  0.323983
350  0.323983
360  0.321362
370  0.317595
380  0.317595
390  0.317595
400  0.316308
410  0.316308
420  0.307902
430  0.305046
440  0.299415
450  0.299415
460  0.299415
470  0.299084
480  0.299084
490  0.299084
500  0.299084
510  0.298724
520  0.29839
530  0.297844
540  0.293503
550  0.293503
560  0.292505
570  0.290572
580  0.290572
590  0.290572
600  0.290572
610  0.288462
620  0.277181
630  0.277181
640  0.277181
650  0.276601
660  0.276601
670  0.273701
680  0.273701
690  0.273701
700  0.267664
710  0.267664
720  0.267664
730  0.264902
740  0.264902
750  0.264902
760  0.264902
770  0.259606
780  0.259606
790  0.259606
800  0.259606
810  0.259606
820  0.259606
830  0.254475
840  0.254475
850  0.254475
860  0.254475
870  0.254475
880  0.252135
890  0.252135
900  0.252135
910  0.252135
920  0.252135
930  0.252135
940  0.252135
950  0.252135
960  0.252135
970  0.252135
980  0.252135
990  0.252135
1000  0.252135
1010  0.250604
1020  0.250604
1030  0.250604
1040  0.247895
1050  0.247515
1060  0.247161
1070  0.247161
1080  0.247161
1090  0.247161
1100  0.247161
1110  0.242771
1120  0.242771
1130  0.242771
1140  0.242771
1150  0.242771
1160  0.241981
1170  0.241981
1180  0.241981
1190  0.241981
1200  0.241981
1210  0.241608
1220  0.241608
1230  0.241608
1240  0.241608
1250  0.241608
1260  0.241608
1270  0.241608
1280  0.241608
1290  0.241608
1300  0.240491
1310  0.240491
1320  0.240463
1330  0.240463
1340  0.236283
1350  0.236283
1360  0.235507
1370  0.235507
1380  0.235467
1390  0.235467
1400  0.235467
1410  0.234455
1420  0.234455
1430  0.234455
1440  0.234455
1450  0.234455
1460  0.234455
1470  0.233836
1480  0.232711
1490  0.232711
1500  0.232711
1510  0.232711
1520  0.232711
1530  0.232711
1540  0.232711
1550  0.232711
1560  0.232711
1570  0.232711
1580  0.226291
1590  0.226291
1600  0.226291
1610  0.226291
1620  0.226291
1630  0.226291
1640  0.226291
1650  0.226291
1660  0.226291
1670  0.226291
1680  0.226291
1690  0.226291
1700  0.226291
1710  0.226291
1720  0.226291
1730  0.226291
1740  0.226291
1750  0.226291
1760  0.226291
1770  0.226291
1780  0.226291
1790  0.226291
1800  0.226291
1810  0.226291
1820  0.226291
1830  0.226291
1840  0.224199
1850  0.224199
1860  0.224199
1870  0.224199
1880  0.224199
1890  0.224199
1900  0.224199
1910  0.224199
1920  0.224199
1930  0.224199
1940  0.224199
1950  0.224199
1960  0.224199
1970  0.224199
1980  0.224199
1990  0.224199
2000  0.224199
2010  0.224199
2020  0.224199
2030  0.224199
2040  0.224199
2050  0.224199
2060  0.224199
2070  0.224199
2080  0.224199
2090  0.224199
2100  0.224199
2110  0.224199
2120  0.224199
2130  0.224199
2140  0.224199
2150  0.224199
2160  0.224199
2170  0.224199
2180  0.224199
2190  0.224199
2200  0.224199
2210  0.224199
2220  0.224199
2230  0.224199
2240  0.224199
2250  0.224199
2260  0.224199
2270  0.224199
2280  0.224199
2290  0.224199
2300  0.224199
2310  0.224199
2320  0.224199
2330  0.222667
2340  0.222667
2350  0.222667
2360  0.222667
2370  0.222667
2380  0.222667
2390  0.222667
2400  0.222667
2410  0.222667
2420  0.222667
2430  0.222667
2440  0.222667
2450  0.222667
2460  0.222667
2470  0.222667
2480  0.222667
2490  0.222667
2500  0.222667
2510  0.222667
2520  0.221741
2530  0.221741
2540  0.221741
2550  0.221741
2560  0.221741
2570  0.221741
2580  0.221741
2590  0.221741
2600  0.221741
2610  0.221741
2620  0.221741
2630  0.221741
2640  0.221741
2650  0.221741
2660  0.218063
2670  0.218063
2680  0.218063
2690  0.218063
2700  0.218063
2710  0.218063
2720  0.218063
2730  0.218063
2740  0.218063
2750  0.218063
2760  0.218063
2770  0.218063
2780  0.218063
2790  0.218063
2800  0.218063
2810  0.218063
2820  0.218063
2830  0.218063
2840  0.218063
2850  0.218063
2860  0.218063
2870  0.218063
2880  0.218063
2890  0.218063
2900  0.218063
2910  0.218063
2920  0.218063
2930  0.218063
2940  0.218063
2950  0.218063
2960  0.218063
2970  0.218063
2980  0.218063
2990  0.218063
3000  0.218063
3010  0.218063
3020  0.218063
3030  0.218063
3040  0.218063
3050  0.218063
3060  0.218063
3070  0.218063
3080  0.218063
3090  0.218063
3100  0.218063
3110  0.218063
3120  0.218063
3130  0.218063
3140  0.218063
3150  0.218063
3160  0.218063
3170  0.218063
3180  0.218063
3190  0.218063
3200  0.218063
3210  0.218063
3220  0.218063
3230  0.218063
3240  0.218063
3250  0.218063
3260  0.218063
3270  0.218063
3280  0.218063
3290  0.218063
3300  0.218063
3310  0.218063
3320  0.218063
3330  0.218063
3340  0.218063
3350  0.218063
3360  0.218063
3370  0.218063
3380  0.218063
3390  0.218063
3400  0.218063
3410  0.218063
3420  0.218063
3430  0.218063
3440  0.218063
3450  0.218063
3460  0.218063
3470  0.218063
3480  0.218063
3490  0.218063
3500  0.218063
3510  0.218063
3520  0.218063
3530  0.218063
3540  0.215481
3550  0.215481
3560  0.215481
3570  0.215481
3580  0.215481
3590  0.215481
3600  0.215481
3610  0.215481
3620  0.215481
3630  0.215481
3640  0.215481
3650  0.215481
3660  0.215481
3670  0.215481
3680  0.215481
3690  0.215481
3700  0.215481
3710  0.215481
3720  0.215481
3730  0.215481
3740  0.215481
3750  0.215481
3760  0.215481
3770  0.215481
3780  0.215481
3790  0.215481
3800  0.215481
3810  0.215481
3820  0.215481
3830  0.215481
3840  0.215481
3850  0.215481
3860  0.215481
3870  0.215481
3880  0.215481
3890  0.215481
3900  0.215481
3910  0.215481
3920  0.215481
3930  0.215481
3940  0.215481
3950  0.215481
3960  0.215481
3970  0.215481
3980  0.215481
3990  0.215481
4000  0.215481
4010  0.215481
4020  0.215481
4030  0.215481
4040  0.215481
4050  0.215481
4060  0.215481
4070  0.215481
4080  0.215481
4090  0.215481
4100  0.215481
4110  0.215481
4120  0.215481
4130  0.215481
4140  0.215481
4150  0.215481
4160  0.215481
4170  0.215481
4180  0.215481
4190  0.215481
4200  0.215481
4210  0.215481
4220  0.215481
4230  0.215481
4240  0.215481
4250  0.215481
4260  0.215481
4270  0.215481
4280  0.215481
4290  0.215481
4300  0.215481
4310  0.215481
4320  0.215481
4330  0.215481
4340  0.215481
4350  0.215481
4360  0.215481
4370  0.215481
4380  0.215481
4390  0.215481
4400  0.215481
4410  0.215481
4420  0.215481
4430  0.215481
4440  0.215481
4450  0.215481
4460  0.215481
4470  0.215481
4480  0.215481
4490  0.215481
4500  0.215481
4510  0.215481
4520  0.215481
4530  0.215481
4540  0.215481
4550  0.215481
4560  0.215481
4570  0.215481
4580  0.215481
4590  0.215481
4600  0.215481
4610  0.215481
4620  0.215481
4630  0.215481
4640  0.215481
4650  0.215481
4660  0.215481
4670  0.215481
4680  0.215481
4690  0.215481
4700  0.215481
4710  0.215481
4720  0.215481
4730  0.215481
4740  0.215481
4750  0.215481
4760  0.215481
4770  0.213237
4780  0.213237
4790  0.213237
4800  0.213237
4810  0.213237
4820  0.213237
4830  0.213237
4840  0.213237
4850  0.213237
4860  0.213237
4870  0.213237
4880  0.213237
4890  0.213237
4900  0.213237
4910  0.213237
4920  0.213237
4930  0.213237
4940  0.213237
4950  0.213237
4960  0.213237
4970  0.213237
4980  0.213237
4990  0.213237
5000  0.213237
5010  0.213237
5020  0.213237
5030  0.213237
5040  0.213237
5050  0.213237
5060  0.213237
5070  0.213237
5080  0.213237
5090  0.213237
5100  0.213237
5110  0.213237
5120  0.213237
5130  0.213237
5140  0.213237
5150  0.213237
5160  0.213237
5170  0.213237
5180  0.213237
5190  0.213237
5200  0.213237
5210  0.213237
5220  0.213237
5230  0.213237
5240  0.213237
5250  0.213237
5260  0.213237
5270  0.213237
5280  0.213237
5290  0.213237
5300  0.213237
5310  0.213237
5320  0.213237
5330  0.213237
5340  0.213237
5350  0.213237
5360  0.213237
5370  0.213237
5380  0.213237
5390  0.213237
5400  0.213237
5410  0.213237
5420  0.213237
5430  0.213237
5440  0.213237
5450  0.213237
5460  0.213237
5470  0.213237
5480  0.213237
5490  0.213237
5500  0.213237
5510  0.213237
5520  0.213237
5530  0.213237
5540  0.213237
5550  0.213237
5560  0.213237
5570  0.213237
5580  0.213237
5590  0.213237
5600  0.213237
5610  0.213237
5620  0.213237
5630  0.213237
5640  0.213237
5650  0.213237
5660  0.213237
5670  0.213237
5680  0.213237
5690  0.213237
5700  0.213237
5710  0.213237
5720  0.213237
5730  0.213237
5740  0.213237
5750  0.213237
5760  0.213237
5770  0.213237
5780  0.213237
5790  0.213237
5800  0.213237
5810  0.213237
5820  0.213237
5830  0.213237
5840  0.213237
5850  0.213237
5860  0.213237
5870  0.213237
5880  0.213237
5890  0.213237
5900  0.213237
5910  0.213237
5920  0.213237
5930  0.213237
5940  0.213237
5950  0.213237
5960  0.213237
5970  0.213237
5980  0.213237
5990  0.213237
6000  0.213237
6010  0.213237
6020  0.213237
6030  0.213237
6040  0.213237
6050  0.213237
6060  0.213237
6070  0.213237
6080  0.213237
6090  0.213237
6100  0.213237
6110  0.213237
6120  0.213237
6130  0.213237
6140  0.213237
6150  0.213237
6160  0.213237
6170  0.213237
6180  0.213237
6190  0.213237
6200  0.213237
6210  0.213237
6220  0.213237
6230  0.213237
6240  0.213237
6250  0.213237
6260  0.213237
6270  0.213237
6280  0.213237
6290  0.213237
6300  0.213237
6310  0.213237
6320  0.213237
6330  0.213237
6340  0.213237
6350  0.213237
6360  0.213237
6370  0.213237
6380  0.213237
6390  0.213237
6400  0.213237
6410  0.213237
6420  0.213237
6430  0.213237
6440  0.213237
6450  0.213237
6460  0.213237
6470  0.213237
6480  0.213237
6490  0.213237
6500  0.213237
6510  0.213237
6520  0.213237
6530  0.213237
6540  0.213237
6550  0.213237
6560  0.213237
6570  0.213237
6580  0.213237
6590  0.213237
6600  0.213237
6610  0.213237
6620  0.213237
6630  0.213237
6640  0.213237
6650  0.213237
6660  0.213237
6670  0.213237
6680  0.213237
6690  0.213237
6700  0.213237
6710  0.213237
6720  0.213237
6730  0.213237
6740  0.213237
6750  0.213237
6760  0.213237
6770  0.213237
6780  0.213237
6790  0.213237
6800  0.213237
6810  0.213237
6820  0.213237
6830  0.213237
6840  0.213237
6850  0.213237
6860  0.213237
6870  0.213237
6880  0.213237
6890  0.213237
6900  0.213237
6910  0.213237
6920  0.213237
6930  0.213237
6940  0.213237
6950  0.213237
6960  0.213237
6970  0.213237
6980  0.213237
6990  0.213237
7000  0.213237
7010  0.213237
7020  0.213237
7030  0.213237
7040  0.213237
7050  0.213237
7060  0.213237
7070  0.213237
7080  0.213237
7090  0.213237
7100  0.213237
7110  0.213237
7120  0.213237
7130  0.213237
7140  0.213237
7150  0.213237
7160  0.213237
7170  0.213237
7180  0.213237
7190  0.213237
7200  0.213237
7210  0.213237
7220  0.213237
7230  0.213237
7240  0.213237
7250  0.213237
7260  0.213237
7270  0.213237
7280  0.213237
7290  0.213237
7300  0.213237
7310  0.213237
7320  0.213237
7330  0.213237
7340  0.213237
7350  0.213237
7360  0.213237
7370  0.213237
7380  0.213237
7390  0.213237
7400  0.213237
7410  0.213237
7420  0.213237
7430  0.213237
7440  0.213237
7450  0.213237
7460  0.213237
7470  0.213237
7480  0.213237
7490  0.213237
7500  0.213237
7510  0.213237
7520  0.213237
7530  0.213237
7540  0.213237
7550  0.213237
7560  0.213237
7570  0.213237
7580  0.213237
7590  0.213237
7600  0.213237
7610  0.213237
7620  0.213237
7630  0.213237
7640  0.213237
7650  0.213237
7660  0.213237
7670  0.213237
7680  0.213237
7690  0.213237
7700  0.213237
7710  0.213237
7720  0.213237
7730  0.213237
7740  0.213237
7750  0.213237
7760  0.213237
7770  0.213237
7780  0.213237
7790  0.213237
7800  0.213237
7810  0.213237
7820  0.213237
7830  0.213237
7840  0.213237
7850  0.213237
7860  0.213237
7870  0.213237
7880  0.213237
7890  0.213237
7900  0.213237
7910  0.213237
7920  0.213237
7930  0.213237
7940  0.213237
7950  0.213237
7960  0.213237
7970  0.213237
7980  0.213237
7990  0.213237
8000  0.213237
8010  0.213237
8020  0.213237
8030  0.213237
8040  0.213237
8050  0.213237
8060  0.213237
8070  0.213237
8080  0.213237
8090  0.213237
8100  0.213237
8110  0.213237
8120  0.213237
8130  0.213237
8140  0.213237
8150  0.213237
8160  0.213237
8170  0.213237
8180  0.213237
8190  0.213237
8200  0.213237
8210  0.213237
8220  0.213237
8230  0.213237
8240  0.213237
8250  0.213237
8260  0.213237
8270  0.213237
8280  0.213237
8290  0.213237
8300  0.213237
8310  0.213237
8320  0.213237
8330  0.213237
8340  0.213237
8350  0.213237
8360  0.213237
8370  0.213237
8380  0.213237
8390  0.213237
8400  0.213237
8410  0.213237
8420  0.213237
8430  0.213237
8440  0.213237
8450  0.213237
8460  0.213237
8470  0.213237
8480  0.213237
8490  0.213237
8500  0.213237
8510  0.213237
8520  0.213237
8530  0.213237
8540  0.213237
8550  0.213237
8560  0.213237
8570  0.213237
8580  0.213237
8590  0.213237
8600  0.213237
8610  0.213237
8620  0.213237
8630  0.213237
8640  0.213237
8650  0.213237
8660  0.213237
8670  0.213237
8680  0.213237
8690  0.213237
8700  0.213237
8710  0.213237
8720  0.213237
8730  0.213237
8740  0.213237
8750  0.213237
8760  0.213237
8770  0.213237
8780  0.213237
8790  0.213237
8800  0.213237
8810  0.213237
8820  0.213237
8830  0.213237
8840  0.213237
8850  0.213237
8860  0.213237
8870  0.213237
8880  0.213237
8890  0.213237
8900  0.213237
8910  0.213237
8920  0.213237
8930  0.213237
8940  0.213237
8950  0.213237
8960  0.213237
8970  0.213237
8980  0.213237
8990  0.213237
9000  0.213237
9010  0.213237
9020  0.213237
9030  0.213237
9040  0.213237
9050  0.213237
9060  0.213237
9070  0.213237
9080  0.213237
9090  0.213237
9100  0.213237
9110  0.213237
9120  0.213237
9130  0.213237
9140  0.213237
9150  0.213237
9160  0.213237
9170  0.213237
9180  0.213237
9190  0.213237
9200  0.213237
9210  0.213237
9220  0.213237
9230  0.213237
9240  0.213237
9250  0.213237
9260  0.213237
9270  0.213237
9280  0.213237
9290  0.213237
9300  0.213237
9310  0.213237
9320  0.213237
9330  0.213237
9340  0.213237
9350  0.213237
9360  0.213237
9370  0.213237
9380  0.213237
9390  0.213237
9400  0.213237
9410  0.213237
9420  0.213237
9430  0.213237
9440  0.213237
9450  0.213237
9460  0.213237
9470  0.213237
9480  0.213237
9490  0.213237
9500  0.213237
9510  0.213237
9520  0.213237
9530  0.213237
9540  0.213237
9550  0.213237
9560  0.213237
9570  0.213237
9580  0.213237
9590  0.213237
9600  0.213237
9610  0.213237
9620  0.213237
9630  0.213237
9640  0.213237
9650  0.213237
9660  0.213237
9670  0.213237
9680  0.213237
9690  0.213237
9700  0.213237
9710  0.213237
9720  0.213237
9730  0.213237
9740  0.213237
9750  0.213237
9760  0.213237
9770  0.213237
9780  0.213237
9790  0.213237
9800  0.213237
9810  0.213237
9820  0.213237
9830  0.213237
9840  0.213237
9850  0.213237
9860  0.213237
9870  0.213237
9880  0.213237
9890  0.213237
9900  0.213237
9910  0.213237
9920  0.213237
9930  0.213237
9940  0.213237
9950  0.213237
9960  0.213237
9970  0.213237
9980  0.213237
9990  0.213237
10000  0.213237
10010  0.213237
10020  0.213237
10030  0.213237
10040  0.213237
10050  0.213237
10060  0.213237
10070  0.213237
10080  0.213237
10090  0.213237
10100  0.213237
10110  0.213237
10120  0.213237
10130  0.213237
10140  0.213237
10150  0.213237
10160  0.213237
10170  0.213237
10180  0.213237
10190  0.213237
10200  0.213237
10210  0.213237
10220  0.213237
10230  0.213237
10240  0.213237
10250  0.213237
10260  0.213237
10270  0.213237
10280  0.213237
10290  0.213237
10300  0.213237
10310  0.213237
10320  0.213237
10330  0.213237
10340  0.213237
10350  0.213237
10360  0.213237
10370  0.213237
10380  0.213237
10390  0.213237
10400  0.213237
10410  0.213237
10420  0.213237
10430  0.213237
10440  0.213237
10450  0.213237
10460  0.213237
10470  0.213237
10480  0.213237
10490  0.213237
10500  0.213237
10510  0.213237
10520  0.213237
10530  0.213237
10540  0.213237
10550  0.213237
10560  0.213237
10570  0.213237
10580  0.213237
10590  0.213237
10600  0.213237
10610  0.213237
10620  0.213237
10630  0.213237
10640  0.213237
10650  0.213237
10660  0.213237
10670  0.213237
10680  0.213237
10690  0.213237
10700  0.213237
10710  0.213237
10720  0.213237
10730  0.213237
10740  0.213237
10750  0.213237
10760  0.213237
10770  0.213237
10780  0.213237
10790  0.213237
10800  0.213237
10810  0.213237
10820  0.213237
10830  0.213237
10840  0.213237
10850  0.213237
10860  0.213237
10870  0.213237
10880  0.213237
10890  0.213237
10900  0.213237
10910  0.213237
10920  0.213237
10930  0.213237
10940  0.213237
10950  0.213237
10960  0.213237
10970  0.213237
10980  0.213237
10990  0.213237
11000  0.213237
11010  0.213237
11020  0.213237
11030  0.213237
11040  0.213237
11050  0.213237
11060  0.213237
11070  0.213237
11080  0.213237
11090  0.213237
11100  0.213237
11110  0.213237
11120  0.213237
11130  0.213237
11140  0.213237
11150  0.213237
11160  0.213237
11170  0.213237
11180  0.213237
11190  0.213237
11200  0.213237
11210  0.213237
11220  0.213237
11230  0.213237
11240  0.213237
11250  0.213237
11260  0.213237
11270  0.213237
11280  0.213237
11290  0.213237
11300  0.213237
11310  0.213237
11320  0.213237
11330  0.213237
11340  0.213237
11350  0.213237
11360  0.213237
11370  0.213237
11380  0.213237
11390  0.213237
11400  0.213237
11410  0.213237
11420  0.213237
11430  0.213237
11440  0.213237
11450  0.213237
11460  0.213237
11470  0.213237
11480  0.213237
11490  0.213237
11500  0.213237
11510  0.213237
11520  0.213237
11530  0.213237
11540  0.213237
11550  0.213237
11560  0.213237
11570  0.213237
11580  0.213237
11590  0.213237
11600  0.213237
11610  0.209512
11620  0.209512
11630  0.209512
11640  0.209512
11650  0.209512
11660  0.209512
11670  0.209512
11680  0.209512
11690  0.209512
11700  0.209512
11710  0.209512
11720  0.209512
11730  0.209512
11740  0.209512
11750  0.209512
11760  0.209512
11770  0.209512
11780  0.209512
11790  0.209512
11800  0.209512
11810  0.209512
11820  0.209512
11830  0.209512
11840  0.209512
11850  0.209512
11860  0.209512
11870  0.209512
11880  0.209512
11890  0.209512
11900  0.209512
11910  0.209512
11920  0.209512
11930  0.209512
11940  0.209512
11950  0.209512
11960  0.209512
11970  0.209512
11980  0.209512
11990  0.209512
12000  0.209512
12010  0.209512
12020  0.209512
12030  0.209512
12040  0.209512
12050  0.209512
12060  0.209512
12070  0.209512
12080  0.209512
12090  0.209512
12100  0.209512
12110  0.209512
12120  0.209512
12130  0.209512
12140  0.209512
12150  0.209512
12160  0.209512
12170  0.209512
12180  0.209512
12190  0.209512
12200  0.209512
12210  0.209512
12220  0.209512
12230  0.209512
12240  0.209512
12250  0.209512
12260  0.209512
12270  0.209512
12280  0.209512
12290  0.209512
12300  0.209512
12310  0.209512
12320  0.209512
12330  0.209512
12340  0.209512
12350  0.209512
12360  0.209512
12370  0.209512
12380  0.209512
12390  0.209512
12400  0.209512
12410  0.209512
12420  0.209512
12430  0.209512
12440  0.209512
12450  0.209512
12460  0.209512
12470  0.209512
12480  0.209512
12490  0.209512
12500  0.209512
12510  0.209512
12520  0.209512
12530  0.209512
12540  0.209512
12550  0.209512
12560  0.209512
12570  0.209512
12580  0.209512
12590  0.209512
12600  0.209512
12610  0.209512
12620  0.209512
12630  0.209512
12640  0.209512
12650  0.209512
12660  0.209512
12670  0.209512
12680  0.209512
12690  0.209512
12700  0.209512
12710  0.209512
12720  0.209512
12730  0.209512
12740  0.209512
12750  0.209512
12760  0.209512
12770  0.209512
12780  0.209512
12790  0.209512
12800  0.209512
12810  0.209512
12820  0.209512
12830  0.209512
12840  0.209512
12850  0.209512
12860  0.209512
12870  0.209512
12880  0.209512
12890  0.209512
12900  0.209512
12910  0.209512
12920  0.209512
12930  0.209512
12940  0.209512
12950  0.209512
12960  0.209512
12970  0.209512
12980  0.209512
12990  0.209512
13000  0.209512
13010  0.209512
13020  0.209512
13030  0.209512
13040  0.209512
13050  0.209512
13060  0.209512
13070  0.209512
13080  0.209512
13090  0.209512
13100  0.209512
13110  0.209512
13120  0.209512
13130  0.209512
13140  0.209512
13150  0.209512
13160  0.209512
13170  0.209512
13180  0.209512
13190  0.209512
13200  0.209512
13210  0.209512
13220  0.209512
13230  0.209512
13240  0.209512
13250  0.209512
13260  0.209512
13270  0.209512
13280  0.209512
13290  0.209512
13300  0.209512
13310  0.209512
13320  0.209512
13330  0.209512
13340  0.209512
13350  0.209512
13360  0.209512
13370  0.209512
13380  0.209512
13390  0.209512
13400  0.209512
13410  0.209512
13420  0.209512
13430  0.209512
13440  0.209512
13450  0.209512
13460  0.209512
13470  0.209512
13480  0.209512
13490  0.209512
13500  0.209512
13510  0.209512
13520  0.209512
13530  0.209512
13540  0.209512
13550  0.209512
13560  0.209512
13570  0.209512
13580  0.209512
13590  0.209512
13600  0.209512
13610  0.209512
13620  0.209512
13630  0.209512
13640  0.209512
13650  0.209512
13660  0.209512
13670  0.209512
13680  0.209512
13690  0.209512
13700  0.209512
13710  0.209512
13720  0.209512
13730  0.209512
13740  0.209512
13750  0.209512
13760  0.209512
13770  0.209512
13780  0.209512
13790  0.209512
13800  0.209512
13810  0.209512
13820  0.209512
13830  0.209512
13840  0.209512
13850  0.209512
13860  0.209512
13870  0.209512
13880  0.209512
13890  0.209512
13900  0.209512
13910  0.209512
13920  0.209512
13930  0.209512
13940  0.209512
13950  0.209512
13960  0.209512
13970  0.209512
13980  0.209512
13990  0.209512
14000  0.209512
14010  0.209512
14020  0.209512
14030  0.209512
14040  0.209512
14050  0.209512
14060  0.209512
14070  0.209512
14080  0.209512
14090  0.209512
14100  0.209512
14110  0.209512
14120  0.209512
14130  0.209512
14140  0.209512
14150  0.209512
14160  0.209512
14170  0.209512
14180  0.209512
14190  0.209512
14200  0.209512
14210  0.209512
14220  0.209512
14230  0.209512
14240  0.209512
14250  0.209512
14260  0.209512
14270  0.209512
14280  0.209512
14290  0.209512
14300  0.209512
14310  0.209512
14320  0.209512
14330  0.209512
14340  0.209512
14350  0.209512
14360  0.209512
14370  0.209512
14380  0.209512
14390  0.209512
14400  0.209512
14410  0.209512
14420  0.209512
14430  0.209512
14440  0.209512
14450  0.209512
14460  0.209512
14470  0.209512
14480  0.209512
14490  0.209512
14500  0.209512
14510  0.209512
14520  0.209512
14530  0.209512
14540  0.209512
14550  0.209512
14560  0.209512
14570  0.209512
14580  0.209512
14590  0.209512
14600  0.209512
14610  0.209512
14620  0.209512
14630  0.209512
14640  0.209512
14650  0.209512
14660  0.209512
14670  0.209512
14680  0.209512
14690  0.209512
14700  0.209512
14710  0.209512
14720  0.209512
14730  0.209512
14740  0.209512
14750  0.209512
14760  0.209512
14770  0.209512
14780  0.209512
14790  0.209512
14800  0.209512
14810  0.209512
14820  0.209512
14830  0.209512
14840  0.209512
14850  0.209512
14860  0.209512
14870  0.209512
14880  0.209512
14890  0.209512
14900  0.209512
14910  0.209512
14920  0.209512
14930  0.209512
14940  0.209512
14950  0.209512
14960  0.209512
14970  0.209512
14980  0.209512
14990  0.209512
15000  0.209512
15010  0.209512
15020  0.209512
15030  0.209512
15040  0.209512
15050  0.209512
15060  0.209512
15070  0.209512
15080  0.209512
15090  0.209512
15100  0.209512
15110  0.209512
15120  0.209512
15130  0.209512
15140  0.209512
15150  0.209512
15160  0.209512
15170  0.209512
15180  0.209512
15190  0.209512
15200  0.209512
15210  0.209512
15220  0.209512
15230  0.209512
15240  0.209512
15250  0.209512
15260  0.209512
15270  0.209512
15280  0.209512
15290  0.209512
15300  0.209512
15310  0.209512
15320  0.209512
15330  0.209512
15340  0.209512
15350  0.209512
15360  0.209512
15370  0.209512
15380  0.209512
15390  0.209512
15400  0.209512
15410  0.209512
15420  0.209512
15430  0.209512
15440  0.209512
15450  0.209512
15460  0.209512
15470  0.209512
15480  0.209512
15490  0.209512
15500  0.209512
15510  0.209512
15520  0.209512
15530  0.209512
15540  0.209512
15550  0.209512
15560  0.209512
15570  0.209512
15580  0.209512
15590  0.209512
15600  0.209512
15610  0.209512
15620  0.209512
15630  0.209512
15640  0.209512
15650  0.209512
15660  0.209512
15670  0.209512
15680  0.209512
15690  0.209512
15700  0.209512
15710  0.209512
15720  0.209512
15730  0.209512
15740  0.209512
15750  0.209512
15760  0.209512
15770  0.209512
15780  0.209512
15790  0.209512
15800  0.209512
15810  0.209512
15820  0.209512
15830  0.209512
15840  0.209512
15850  0.209512
15860  0.209512
15870  0.209512
15880  0.209512
15890  0.209512
15900  0.209512
15910  0.209512
15920  0.209512
15930  0.209512
15940  0.209512
15950  0.209512
15960  0.209512
15970  0.209512
15980  0.209512
15990  0.209512
16000  0.209512
16010  0.209512
16020  0.209512
16030  0.209512
16040  0.209512
16050  0.209512
16060  0.209512
16070  0.209512
16080  0.209512
16090  0.209512
16100  0.209512
16110  0.209512
16120  0.209512
16130  0.209512
16140  0.209512
16150  0.209512
16160  0.209512
16170  0.209512
16180  0.209512
16190  0.209512
16200  0.209512
16210  0.209512
16220  0.209512
16230  0.209512
16240  0.209512
16250  0.209512
16260  0.209512
16270  0.209512
16280  0.209512
16290  0.209512
16300  0.209512
16310  0.209512
16320  0.209512
16330  0.209512
16340  0.209512
16350  0.209512
16360  0.209512
16370  0.209512
16380  0.209512
16390  0.209512
16400  0.209512
16410  0.209512
16420  0.209512
16430  0.209512
16440  0.209512
16450  0.209512
16460  0.209512
16470  0.209512
16480  0.209512
16490  0.209512
16500  0.209512
16510  0.209512
16520  0.209512
16530  0.209512
16540  0.209512
16550  0.209512
16560  0.209512
16570  0.209512
16580  0.209512
16590  0.209512
16600  0.209512
16610  0.209512
16620  0.209512
16630  0.209512
16640  0.209512
16650  0.209512
16660  0.209512
16670  0.209512
16680  0.209512
16690  0.209512
16700  0.209512
16710  0.209512
16720  0.209512
16730  0.209512
16740  0.209512
16750  0.209512
16760  0.209512
16770  0.209512
16780  0.209512
16790  0.209512
16800  0.209512
16810  0.209512
16820  0.209512
16830  0.209512
16840  0.209512
16850  0.209512
16860  0.209512
16870  0.209512
16880  0.209512
16890  0.209512
16900  0.209512
16910  0.209512
16920  0.209512
16930  0.209512
16940  0.209512
16950  0.209512
16960  0.209512
16970  0.209512
16980  0.209512
16990  0.209512
17000  0.209512
17010  0.209512
17020  0.209512
17030  0.209512
17040  0.209512
17050  0.209512
17060  0.209512
17070  0.209512
17080  0.209512
17090  0.209512
17100  0.209512
17110  0.209512
17120  0.209512
17130  0.209512
17140  0.209512
17150  0.209512
17160  0.209512
17170  0.209512
17180  0.209512
17190  0.209512
17200  0.209512
17210  0.209512
17220  0.209512
17230  0.209512
17240  0.209512
17250  0.209512
17260  0.209512
17270  0.209512
17280  0.209512
17290  0.209512
17300  0.209512
17310  0.209512
17320  0.209512
17330  0.209512
17340  0.209512
17350  0.209512
17360  0.209512
17370  0.209512
17380  0.209512
17390  0.209512
17400  0.209512
17410  0.209512
17420  0.209512
17430  0.209512
17440  0.209512
17450  0.209512
17460  0.209512
17470  0.209512
17480  0.209512
17490  0.209512
17500  0.209512
17510  0.209512
17520  0.209512
17530  0.209512
17540  0.209512
17550  0.209512
17560  0.209512
17570  0.209512
17580  0.209512
17590  0.209512
17600  0.209512
17610  0.209512
17620  0.209512
17630  0.209512
17640  0.209512
17650  0.209512
17660  0.209512
17670  0.209512
17680  0.209512
17690  0.209512
17700  0.209512
17710  0.209512
17720  0.209512
17730  0.209512
17740  0.209512
17750  0.209512
17760  0.209512
17770  0.209512
17780  0.209512
17790  0.209512
17800  0.209512
17810  0.209512
17820  0.209512
17830  0.209512
17840  0.209512
17850  0.209512
17860  0.209512
17870  0.209512
17880  0.209512
17890  0.209512
17900  0.209512
17910  0.209512
17920  0.209512
17930  0.209512
17940  0.209512
17950  0.209512
17960  0.209512
17970  0.209512
17980  0.209512
17990  0.209512
18000  0.209512
18010  0.209512
18020  0.209512
18030  0.209512
18040  0.209512
18050  0.209512
18060  0.209512
18070  0.209512
18080  0.209512
18090  0.209512
18100  0.209512
18110  0.209512
18120  0.209512
18130  0.209512
18140  0.209512
18150  0.209512
18160  0.209512
18170  0.209512
18180  0.209512
18190  0.209512
18200  0.209512
18210  0.209512
18220  0.209512
18230  0.209512
18240  0.209512
18250  0.209512
18260  0.209512
18270  0.209512
18280  0.209512
18290  0.209512
18300  0.209512
18310  0.209512
18320  0.209512
18330  0.209512
18340  0.209512
18350  0.209512
18360  0.209512
18370  0.209512
18380  0.209512
18390  0.209512
18400  0.209512
18410  0.209512
18420  0.209512
18430  0.209512
18440  0.209512
18450  0.209512
18460  0.209512
18470  0.209512
18480  0.209512
18490  0.209512
18500  0.209512
18510  0.209512
18520  0.209512
18530  0.209512
18540  0.209512
18550  0.209512
18560  0.209512
18570  0.209512
18580  0.209512
18590  0.209512
18600  0.209512
18610  0.209512
18620  0.209512
18630  0.209512
18640  0.209512
18650  0.209512
18660  0.209512
18670  0.209512
18680  0.209512
18690  0.209512
18700  0.209512
18710  0.209512
18720  0.209512
18730  0.209512
18740  0.209512
18750  0.209512
18760  0.209512
18770  0.209512
18780  0.208595
18790  0.208595
18800  0.208595
18810  0.208595
18820  0.208595
18830  0.208595
18840  0.208595
18850  0.208595
18860  0.208595
18870  0.208595
18880  0.208595
18890  0.208595
18900  0.208595
18910  0.208595
18920  0.208595
18930  0.208595
18940  0.208595
18950  0.208595
18960  0.208595
18970  0.208595
18980  0.208595
18990  0.208595
19000  0.208595
19010  0.208595
19020  0.208595
19030  0.208595
19040  0.208595
19050  0.208595
19060  0.208595
19070  0.208595
19080  0.208595
19090  0.208595
19100  0.208595
19110  0.208595
19120  0.208595
19130  0.208595
19140  0.208595
19150  0.208595
19160  0.208595
19170  0.208595
19180  0.208595
19190  0.208595
19200  0.208595
19210  0.208595
19220  0.208595
19230  0.208595
19240  0.208595
19250  0.208595
19260  0.208595
19270  0.208595
19280  0.208595
19290  0.208595
19300  0.208595
19310  0.208595
19320  0.208595
19330  0.208595
19340  0.208595
19350  0.208595
19360  0.208595
19370  0.208595
19380  0.208595
19390  0.208595
19400  0.208595
19410  0.208595
19420  0.208595
19430  0.208595
19440  0.208595
19450  0.208595
19460  0.208595
19470  0.208595
19480  0.208595
19490  0.208595
19500  0.208595
19510  0.208595
19520  0.208595
19530  0.208595
19540  0.208595
19550  0.208595
19560  0.208595
19570  0.208595
19580  0.208595
19590  0.208595
19600  0.208595
19610  0.208595
19620  0.208595
19630  0.208595
19640  0.208595
19650  0.208595
19660  0.208595
19670  0.208595
19680  0.208595
19690  0.208595
19700  0.208595
19710  0.208595
19720  0.208595
19730  0.208595
19740  0.208595
19750  0.208595
19760  0.208595
19770  0.208595
19780  0.208595
19790  0.208595
19800  0.208595
19810  0.208595
19820  0.208595
19830  0.208595
19840  0.208595
19850  0.208595
19860  0.208595
19870  0.208595
19880  0.208595
19890  0.208595
19900  0.208595
19910  0.208595
19920  0.208595
19930  0.208595
19940  0.208595
19950  0.208595
19960  0.208595
19970  0.208595
19980  0.208595
19990  0.208595
20000  0.208595
20010  0.208595
20020  0.208595
20030  0.208595
20040  0.208595
20050  0.208595
20060  0.208595
20070  0.208595
20080  0.208595
20090  0.208595
20100  0.208595
20110  0.208595
20120  0.208595
20130  0.208595
20140  0.208595
20150  0.208595
20160  0.208595
20170  0.208595
20180  0.208595
20190  0.208595
20200  0.208595
20210  0.208595
20220  0.208595
20230  0.208595
20240  0.208595
20250  0.208595
20260  0.208595
20270  0.208595
20280  0.208595
20290  0.208595
20300  0.208595
20310  0.208595
20320  0.208595
20330  0.208595
20340  0.208595
20350  0.208595
20360  0.208595
20370  0.208595
20380  0.208595
20390  0.208595
20400  0.208595
20410  0.208595
20420  0.208595
20430  0.208595
20440  0.208595
20450  0.208595
20460  0.208595
20470  0.208595
20480  0.208595
20490  0.208595
20500  0.208595
20510  0.208595
20520  0.208595
20530  0.208595
20540  0.208595
20550  0.208595
20560  0.208595
20570  0.208595
20580  0.208595
20590  0.208595
20600  0.208595
20610  0.208595
20620  0.208595
20630  0.208595
20640  0.208595
20650  0.208595
20660  0.208595
20670  0.208595
20680  0.208595
20690  0.208595
20700  0.208595
20710  0.208595
20720  0.208595
20730  0.208595
20740  0.208595
20750  0.208595
20760  0.208595
20770  0.208595
20780  0.208595
20790  0.208595
20800  0.208595
20810  0.208595
20820  0.208595
20830  0.208595
20840  0.208595
20850  0.208595
20860  0.208595
20870  0.208595
20880  0.208595
20890  0.208595
20900  0.208595
20910  0.208595
20920  0.208595
20930  0.208595
20940  0.208595
20950  0.208595
20960  0.208595
20970  0.208595
20980  0.208595
20990  0.208595
21000  0.208595
21010  0.208595
21020  0.208595
21030  0.208595
21040  0.208595
21050  0.208595
21060  0.208595
21070  0.208595
21080  0.208595
21090  0.208595
21100  0.208595
21110  0.208595
21120  0.208595
21130  0.208595
21140  0.208595
21150  0.208595
21160  0.208595
21170  0.208595
21180  0.208595
21190  0.208595
21200  0.208595
21210  0.208595
21220  0.208595
21230  0.208595
21240  0.208595
21250  0.208595
21260  0.208595
21270  0.208595
21280  0.208595
21290  0.208595
21300  0.208595
21310  0.208595
21320  0.208595
21330  0.208595
21340  0.208595
21350  0.208595
21360  0.208595
21370  0.208595
21380  0.208595
21390  0.208595
21400  0.208595
21410  0.208595
21420  0.208595
21430  0.208595
21440  0.208595
21450  0.208595
21460  0.208595
21470  0.208595
21480  0.208595
21490  0.208595
21500  0.208595
21510  0.208595
21520  0.208595
21530  0.208595
21540  0.208595
21550  0.208595
21560  0.208595
21570  0.208595
21580  0.208595
21590  0.208595
21600  0.208595
21610  0.208595
21620  0.208595
21630  0.208595
21640  0.208595
21650  0.208595
21660  0.208595
21670  0.208595
21680  0.208595
21690  0.208595
21700  0.208595
21710  0.208595
21720  0.208595
21730  0.208595
21740  0.208595
21750  0.208595
21760  0.208595
21770  0.208595
21780  0.208595
21790  0.208595
21800  0.208595
21810  0.208595
21820  0.208595
21830  0.208595
21840  0.208595
21850  0.208595
21860  0.208595
21870  0.208595
21880  0.208595
21890  0.208595
21900  0.208595
21910  0.208595
21920  0.208595
21930  0.208595
21940  0.208595
21950  0.208595
21960  0.208595
21970  0.208595
21980  0.208595
21990  0.208595
22000  0.208595
22010  0.208595
22020  0.208595
22030  0.208595
22040  0.208595
22050  0.208595
22060  0.208595
22070  0.208595
22080  0.208595
22090  0.208595
22100  0.208595
22110  0.208595
22120  0.208595
22130  0.208595
22140  0.208595
22150  0.208595
22160  0.208595
22170  0.208595
22180  0.208595
22190  0.208595
22200  0.208595
22210  0.208595
22220  0.208595
22230  0.208595
22240  0.208595
22250  0.208595
22260  0.208595
22270  0.208595
22280  0.208595
22290  0.208595
22300  0.208595
22310  0.208595
22320  0.208595
22330  0.208595
22340  0.208595
22350  0.208595
22360  0.208595
22370  0.208595
22380  0.208595
22390  0.208595
22400  0.208595
22410  0.208595
22420  0.208595
22430  0.208595
22440  0.208595
22450  0.208595
22460  0.208595
22470  0.208595
22480  0.208595
22490  0.208595
22500  0.208595
22510  0.208595
22520  0.208595
22530  0.208595
22540  0.208595
22550  0.208595
22560  0.208595
22570  0.208595
22580  0.208595
22590  0.208595
22600  0.208595
22610  0.208595
22620  0.208595
22630  0.208595
22640  0.208595
22650  0.208595
22660  0.208595
22670  0.208595
22680  0.208595
22690  0.208595
22700  0.208595
22710  0.208595
22720  0.208595
22730  0.208595
22740  0.208595
22750  0.208595
22760  0.208595
22770  0.208595
22780  0.208595
22790  0.208595
22800  0.208595
22810  0.208595
22820  0.208595
22830  0.208595
22840  0.208595
22850  0.208595
22860  0.208595
22870  0.208595
22880  0.208595
22890  0.208595
22900  0.208595
22910  0.208595
22920  0.208595
22930  0.208595
22940  0.208595
22950  0.208595
22960  0.208595
22970  0.208595
22980  0.208595
22990  0.208595
23000  0.208595
23010  0.208595
23020  0.208595
23030  0.208595
23040  0.208595
23050  0.208595
23060  0.208595
23070  0.208595
23080  0.208595
23090  0.208595
23100  0.208595
23110  0.208595
23120  0.208595
23130  0.208595
23140  0.208595
23150  0.208595
23160  0.208595
23170  0.208595
23180  0.208595
23190  0.208595
23200  0.208595
23210  0.208595
23220  0.208595
23230  0.208595
23240  0.208595
23250  0.208595
23260  0.208595
23270  0.208595
23280  0.208595
23290  0.208595
23300  0.208595
23310  0.208595
23320  0.208595
23330  0.208595
23340  0.208595
23350  0.208595
23360  0.208595
23370  0.208595
23380  0.208595
23390  0.208595
23400  0.208595
23410  0.208595
23420  0.208595
23430  0.208595
23440  0.208595
23450  0.208595
23460  0.208595
23470  0.208595
23480  0.208595
23490  0.208595
23500  0.208595
23510  0.208595
23520  0.208595
23530  0.208595
23540  0.208595
23550  0.208595
23560  0.208595
23570  0.208595
23580  0.208595
23590  0.208595
23600  0.208595
23610  0.208595
23620  0.208595
23630  0.208595
23640  0.208595
23650  0.208595
23660  0.208595
23670  0.208595
23680  0.208595
23690  0.208595
23700  0.208595
23710  0.208595
23720  0.208595
23730  0.208595
23740  0.208595
23750  0.208595
23760  0.208595
23770  0.208595
23780  0.208595
23790  0.208595
23800  0.208595
23810  0.208595
23820  0.208595
23830  0.208595
23840  0.208595
23850  0.208595
23860  0.208595
23870  0.208595
23880  0.208595
23890  0.208595
23900  0.208595
23910  0.208595
23920  0.208595
23930  0.208595
23940  0.208595
23950  0.208595
23960  0.208595
23970  0.208595
23980  0.208595
23990  0.208595
24000  0.208595
24010  0.208595
24020  0.208595
24030  0.208595
24040  0.208595
24050  0.208595
24060  0.208595
24070  0.208595
24080  0.208595
24090  0.208595
24100  0.208595
24110  0.208595
24120  0.208595
24130  0.208595
24140  0.208595
24150  0.208595
24160  0.208595
24170  0.208595
24180  0.208595
24190  0.208595
24200  0.208595
24210  0.208595
24220  0.208595
24230  0.208595
24240  0.208595
24250  0.208595
24260  0.208595
24270  0.208595
24280  0.208595
24290  0.208595
24300  0.208595
24310  0.208595
24320  0.208595
24330  0.208595
24340  0.207868
24350  0.207868
24360  0.207868
24370  0.207868
24380  0.207868
24390  0.207868
24400  0.207868
24410  0.207868
24420  0.207868
24430  0.207868
24440  0.207868
24450  0.207868
24460  0.207868
24470  0.207868
24480  0.207868
24490  0.207868
24500  0.207868
24510  0.207868
24520  0.207868
24530  0.207868
24540  0.207868
24550  0.207868
24560  0.207868
24570  0.207868
24580  0.207868
24590  0.207868
24600  0.207868
24610  0.207868
24620  0.207868
24630  0.207868
24640  0.207868
24650  0.207868
24660  0.207868
24670  0.207868
24680  0.207868
24690  0.207868
24700  0.207868
24710  0.207868
24720  0.207868
24730  0.207868
24740  0.207868
24750  0.207868
24760  0.207868
24770  0.207868
24780  0.207868
24790  0.207868
24800  0.207868
24810  0.207868
24820  0.207868
24830  0.207868
24840  0.207868
24850  0.207868
24860  0.207868
24870  0.207868
24880  0.207868
24890  0.207868
24900  0.207868
24910  0.207868
24920  0.207868
24930  0.207868
24940  0.207868
24950  0.207868
24960  0.207868
24970  0.207868
24980  0.207868
24990  0.207868
25000  0.207868
25010  0.207868
25020  0.207868
25030  0.207868
25040  0.207868
25050  0.207868
25060  0.207868
25070  0.207868
25080  0.207868
25090  0.207868
25100  0.207868
25110  0.207868
25120  0.207868
25130  0.207868
25140  0.207868
25150  0.207868
25160  0.207868
25170  0.207868
25180  0.207868
25190  0.207868
25200  0.207868
25210  0.207868
25220  0.207868
25230  0.207868
25240  0.207868
25250  0.207868
25260  0.207868
25270  0.207868
25280  0.207868
25290  0.207868
25300  0.207868
25310  0.207868
25320  0.207868
25330  0.207868
25340  0.207868
25350  0.207868
25360  0.207868
25370  0.207868
25380  0.207868
25390  0.207868
25400  0.207868
25410  0.207868
25420  0.207868
25430  0.207868
25440  0.207868
25450  0.207868
25460  0.207868
25470  0.207868
25480  0.207868
25490  0.207868
25500  0.207868
25510  0.207868
25520  0.207868
25530  0.207868
25540  0.207868
25550  0.207868
25560  0.207868
25570  0.207868
25580  0.207868
25590  0.207868
25600  0.207868
25610  0.207868
25620  0.207868
25630  0.207868
25640  0.207868
25650  0.207868
25660  0.207868
25670  0.207868
25680  0.207868
25690  0.207868
25700  0.207868
25710  0.207868
25720  0.207868
25730  0.207868
25740  0.207868
25750  0.207868
25760  0.207868
25770  0.207868
25780  0.207868
25790  0.207868
25800  0.207868
25810  0.207868
25820  0.207868
25830  0.207868
25840  0.207868
25850  0.207868
25860  0.207868
25870  0.207868
25880  0.207868
25890  0.207868
25900  0.207868
25910  0.207868
25920  0.207868
25930  0.207868
25940  0.207868
25950  0.207868
25960  0.207868
25970  0.207868
25980  0.207868
25990  0.207868
26000  0.207868
26010  0.207868
26020  0.207868
26030  0.207868
26040  0.207868
26050  0.207868
26060  0.207868
26070  0.207868
26080  0.207868
26090  0.207868
26100  0.207868
26110  0.207868
26120  0.207868
26130  0.207868
26140  0.207868
26150  0.207868
26160  0.207868
26170  0.207868
26180  0.207868
26190  0.207868
26200  0.207868
26210  0.207868
26220  0.207868
26230  0.207868
26240  0.207868
26250  0.207868
26260  0.207868
26270  0.207868
26280  0.207868
26290  0.207868
26300  0.207868
26310  0.207868
26320  0.207868
26330  0.207868
26340  0.207868
26350  0.207868
26360  0.207868
26370  0.207868
26380  0.207868
26390  0.207868
26400  0.207868
26410  0.207868
26420  0.207868
26430  0.207868
26440  0.207868
26450  0.207868
26460  0.207868
26470  0.207868
26480  0.207868
26490  0.207868
26500  0.207868
26510  0.207868
26520  0.207868
26530  0.207868
26540  0.207868
26550  0.207868
26560  0.207868
26570  0.207868
26580  0.207868
26590  0.207868
26600  0.207868
26610  0.207868
26620  0.207868
26630  0.207868
26640  0.207868
26650  0.207868
26660  0.207868
26670  0.207868
26680  0.207868
26690  0.207868
26700  0.207868
26710  0.207868
26720  0.207868
26730  0.207868
26740  0.207868
26750  0.207868
26760  0.207868
26770  0.207868
26780  0.207868
26790  0.207868
26800  0.207868
26810  0.207868
26820  0.207868
26830  0.207868
26840  0.207868
26850  0.207868
26860  0.207868
26870  0.207868
26880  0.207868
26890  0.207868
26900  0.207868
26910  0.207868
26920  0.207868
26930  0.207868
26940  0.207868
26950  0.207868
26960  0.207868
26970  0.207868
26980  0.207868
26990  0.207868
27000  0.207868
27010  0.207868
27020  0.207868
27030  0.207868
27040  0.207868
27050  0.207868
27060  0.207868
27070  0.207868
27080  0.207868
27090  0.207868
27100  0.207868
27110  0.207868
27120  0.207868
27130  0.207868
27140  0.207868
27150  0.207868
27160  0.207868
27170  0.207868
27180  0.207868
27190  0.207868
27200  0.207868
27210  0.207868
27220  0.207868
27230  0.207868
27240  0.207868
27250  0.207868
27260  0.207868
27270  0.207868
27280  0.207868
27290  0.207868
27300  0.207868
27310  0.207868
27320  0.207868
27330  0.207868
27340  0.207868
27350  0.207868
27360  0.207868
27370  0.207868
27380  0.207868
27390  0.207868
27400  0.207868
27410  0.207868
27420  0.207868
27430  0.207868
27440  0.207868
27450  0.207868
27460  0.207868
27470  0.207868
27480  0.207868
27490  0.207868
27500  0.207868
27510  0.207868
27520  0.207868
27530  0.207868
27540  0.207868
27550  0.207868
27560  0.207868
27570  0.207868
27580  0.207868
27590  0.207868
27600  0.207868
27610  0.207868
27620  0.207868
27630  0.207868
27640  0.207868
27650  0.207868
27660  0.207868
27670  0.207868
27680  0.207868
27690  0.207868
27700  0.207868
27710  0.207868
27720  0.207868
27730  0.207868
27740  0.207868
27750  0.207868
27760  0.207868
27770  0.207868
27780  0.207868
27790  0.207868
27800  0.207868
27810  0.207868
27820  0.207868
27830  0.207868
27840  0.207868
27850  0.207868
27860  0.207868
27870  0.207868
27880  0.207868
27890  0.207868
27900  0.207868
27910  0.207868
27920  0.207868
27930  0.207868
27940  0.207868
27950  0.207868
27960  0.207868
27970  0.207868
27980  0.207868
27990  0.207868
28000  0.207868
28010  0.207868
28020  0.207868
28030  0.207868
28040  0.207868
28050  0.207868
28060  0.207868
28070  0.207868
28080  0.207868
28090  0.207868
28100  0.207868
28110  0.207868
28120  0.207868
28130  0.207868
28140  0.207868
28150  0.207868
28160  0.207868
28170  0.207868
28180  0.207868
28190  0.207868
28200  0.207868
28210  0.207868
28220  0.207868
28230  0.207868
28240  0.207868
28250  0.207868
28260  0.207868
28270  0.207868
28280  0.207868
28290  0.207868
28300  0.207868
28310  0.207868
28320  0.207868
28330  0.207868
28340  0.207868
28350  0.207868
28360  0.207868
28370  0.207868
28380  0.207868
28390  0.207868
28400  0.207868
28410  0.207868
28420  0.207868
28430  0.207868
28440  0.207868
28450  0.207868
28460  0.207868
28470  0.207868
28480  0.207868
28490  0.207868
28500  0.207868
28510  0.207868
28520  0.207868
28530  0.207868
28540  0.207868
28550  0.207868
28560  0.207868
28570  0.207868
28580  0.207868
28590  0.207868
28600  0.207868
28610  0.207868
28620  0.207868
28630  0.207868
28640  0.207868
28650  0.207868
28660  0.207868
28670  0.207868
28680  0.207868
28690  0.207868
28700  0.207868
28710  0.207868
28720  0.207868
28730  0.207868
28740  0.207868
28750  0.207868
28760  0.207868
28770  0.207868
28780  0.207868
28790  0.207868
28800  0.207868
28810  0.207868
28820  0.207868
28830  0.207868
28840  0.207868
28850  0.207868
28860  0.207868
28870  0.207868
28880  0.207868
28890  0.207868
28900  0.207868
28910  0.207868
28920  0.207868
28930  0.207868
28940  0.207868
28950  0.207868
28960  0.207868
28970  0.207868
28980  0.207868
28990  0.207868
29000  0.207868
29010  0.207868
29020  0.207868
29030  0.207868
29040  0.207868
29050  0.207868
29060  0.207868
29070  0.207868
29080  0.207868
29090  0.207868
29100  0.207868
29110  0.207868
29120  0.207868
29130  0.207868
29140  0.207868
29150  0.207868
29160  0.207868
29170  0.207868
29180  0.207868
29190  0.207868
29200  0.207868
29210  0.207868
29220  0.207868
29230  0.207868
29240  0.207868
29250  0.207868
29260  0.207868
29270  0.207868
29280  0.207868
29290  0.207868
29300  0.207868
29310  0.207868
29320  0.207868
29330  0.207868
29340  0.207868
29350  0.207868
29360  0.207868
29370  0.207868
29380  0.207868
29390  0.207868
29400  0.207868
29410  0.207868
29420  0.207868
29430  0.207868
29440  0.207868
29450  0.207868
29460  0.207868
29470  0.207868
29480  0.207868
29490  0.207868
29500  0.207868
29510  0.207868
29520  0.207868
29530  0.207868
29540  0.207868
29550  0.207868
29560  0.207868
29570  0.207868
29580  0.207868
29590  0.207868
29600  0.207868
29610  0.207868
29620  0.207868
29630  0.207868
29640  0.207868
29650  0.207868
29660  0.207868
29670  0.207868
29680  0.207868
29690  0.207868
29700  0.207868
29710  0.207868
29720  0.207868
29730  0.207868
29740  0.207868
29750  0.207868
29760  0.207868
29770  0.207868
29780  0.207868
29790  0.207868
29800  0.207868
29810  0.207868
29820  0.207868
29830  0.207868
29840  0.207868
29850  0.207868
29860  0.207868
29870  0.207868
29880  0.207868
29890  0.207868
29900  0.207868
29910  0.207868
29920  0.207868
29930  0.207868
29940  0.207868
29950  0.207868
29960  0.207868
29970  0.207868
29980  0.207868
29990  0.207868
30000  0.207868
30010  0.207868
