Step  Penalty
50  0.568449
100  0.520148
150  0.505549
200  0.497638
250  0.489494
300  0.476722
350  0.464822
400  0.450279
450  0.43017
500  0.417285
550  0.404184
600  0.389266
650  0.374743
700  0.365676
750  0.352486
800  0.343668
850  0.336091
900  0.32489
950  0.316962
1000  0.307576
1050  0.299207
1100  0.29117
1150  0.285729
1200  0.28004
1250  0.273895
1300  0.270226
1350  0.265421
1400  0.262381
1450  0.258997
1500  0.256266
1550  0.253335
1600  0.251013
1650  0.248136
1700  0.244884
1750  0.241754
1800  0.239594
1850  0.237587
1900  0.236447
1950  0.234594
2000  0.233368
2050  0.232614
2100  0.232045
2150  0.231144
2200  0.23023
2250  0.229684
2300  0.22815
2350  0.227111
2400  0.226133
2450  0.225155
2500  0.224714
2550  0.223797
2600  0.223139
2650  0.222527
2700  0.221388
2750  0.220975
2800  0.220623
2850  0.219831
2900  0.219357
2950  0.218815
3000  0.217968
3050  0.21728
3100  0.216749
3150  0.216276
3200  0.215737
3250  0.215278
3300  0.214966
3350  0.214497
3400  0.214341
3450  0.214065
3500  0.214045
3550  0.213845
3600  0.213497
3650  0.213128
3700  0.21296
3750  0.212858
3800  0.212643
3850  0.212496
3900  0.212164
3950  0.212044
4000  0.211799
4050  0.21145
4100  0.211246
4150  0.211122
4200  0.210843
4250  0.210577
4300  0.210492
4350  0.210235
4400  0.210149
4450  0.209903
4500  0.209769
4550  0.209526
4600  0.209247
4650  0.208896
4700  0.208493
4750  0.20831
4800  0.207997
4850  0.207878
4900  0.207538
4950  0.207159
5000  0.207056
5050  0.206864
5100  0.20653
5150  0.206417
5200  0.206157
5250  0.206128
5300  0.205885
5350  0.205779
5400  0.205625
5450  0.205341
5500  0.205082
5550  0.204972
5600  0.204868
5650  0.204741
5700  0.204506
5750  0.204136
5800  0.204044
5850  0.203777
5900  0.203505
5950  0.20342
6000  0.203213
6050  0.202917
6100  0.202687
6150  0.202616
6200  0.202375
6250  0.202201
6300  0.202122
6350  0.201916
6400  0.201872
6450  0.201804
6500  0.201804
6550  0.201702
6600  0.201542
6650  0.20123
6700  0.201393
6750  0.201006
6800  0.2008
6850  0.200559
6900  0.200469
6950  0.200445
7000  0.200423
7050  0.200423
7100  0.200314
7150  0.200208
7200  0.200088
7250  0.200029
7300  0.199784
7350  0.199608
7400  0.199406
7450  0.199222
7500  0.199117
7550  0.198856
7600  0.198834
7650  0.198578
7700  0.198496
7750  0.19842
7800  0.198308
7850  0.198217
7900  0.198217
7950  0.198119
8000  0.198025
8050  0.197831
8100  0.197831
8150  0.197615
8200  0.197549
8250  0.197495
8300  0.197407
8350  0.197382
8400  0.197352
8450  0.197257
8500  0.197257
8550  0.197146
8600  0.197073
8650  0.197074
8700  0.196903
8750  0.196549
8800  0.196351
8850  0.196232
8900  0.196189
8950  0.196128
9000  0.196085
9050  0.196022
9100  0.195819
9150  0.19577
9200  0.195704
9250  0.195704
9300  0.195704
9350  0.195666
9400  0.195666
9450  0.195621
9500  0.19561
9550  0.195548
9600  0.195429
9650  0.195429
9700  0.195356
9750  0.195356
9800  0.195318
9850  0.195274
9900  0.195256
9950  0.195256
10000  0.195112
10050  0.195071
10100  0.194964
10150  0.194755
10200  0.194675
10250  0.194668
10300  0.194661
10350  0.194661
10400  0.194616
10450  0.194553
10500  0.194553
10550  0.194464
10600  0.194464
10650  0.194362
10700  0.194362
10750  0.194133
10800  0.194133
10850  0.19395
10900  0.19395
10950  0.193971
11000  0.193949
11050  0.193915
11100  0.193839
11150  0.193826
11200  0.193793
11250  0.193793
11300  0.193612
11350  0.193574
11400  0.193556
11450  0.193541
11500  0.193541
11550  0.193474
11600  0.193473
11650  0.193425
11700  0.193425
11750  0.193346
11800  0.193298
11850  0.193252
11900  0.193208
11950  0.193208
12000  0.193149
12050  0.19307
12100  0.19307
12150  0.193016
12200  0.192921
12250  0.192892
12300  0.192892
12350  0.192814
12400  0.192765
12450  0.192765
12500  0.192725
12550  0.192725
12600  0.192725
12650  0.192725
12700  0.192725
12750  0.192684
12800  0.192611
12850  0.192429
12900  0.192419
12950  0.192378
13000  0.192378
13050  0.192378
13100  0.19228
13150  0.192117
13200  0.192117
13250  0.192117
13300  0.192117
13350  0.192117
13400  0.192105
13450  0.192105
13500  0.192105
13550  0.192105
13600  0.191999
13650  0.191957
13700  0.191957
13750  0.191957
13800  0.191957
13850  0.191907
13900  0.191907
13950  0.191907
14000  0.191861
14050  0.191847
14100  0.191847
14150  0.191712
14200  0.191683
14250  0.191683
14300  0.191606
14350  0.191605
14400  0.191605
14450  0.191574
14500  0.191574
14550  0.191455
14600  0.191455
14650  0.191455
14700  0.191281
14750  0.191219
14800  0.191219
14850  0.191184
14900  0.191184
14950  0.191166
15000  0.191145
15050  0.191091
15100  0.191011
15150  0.191011
15200  0.190983
15250  0.190971
15300  0.190901
15350  0.190853
15400  0.19085
15450  0.190817
15500  0.190817
15550  0.190817
15600  0.190817
15650  0.190738
15700  0.190716
15750  0.190716
15800  0.190716
15850  0.190656
15900  0.190656
15950  0.190656
16000  0.190656
16050  0.190577
16100  0.190577
16150  0.190577
16200  0.190576
16250  0.190576
16300  0.190529
16350  0.190488
16400  0.190488
16450  0.190488
16500  0.190462
16550  0.190446
16600  0.190438
16650  0.190322
16700  0.190395
16750  0.190322
16800  0.190286
16850  0.190286
16900  0.190286
16950  0.190286
17000  0.190286
17050  0.190286
17100  0.190261
17150  0.190215
17200  0.190215
17250  0.190215
17300  0.190195
17350  0.190195
17400  0.190195
17450  0.190157
17500  0.190114
17550  0.190031
17600  0.19003
17650  0.190039
17700  0.19003
17750  0.19003
17800  0.189997
17850  0.189934
17900  0.189934
17950  0.189916
18000  0.189902
18050  0.189851
18100  0.189756
18150  0.189756
18200  0.189756
18250  0.18969
18300  0.18969
18350  0.189643
18400  0.189622
18450  0.189622
18500  0.189622
18550  0.189603
18600  0.189603
18650  0.189603
18700  0.18985
18750  0.189597
18800  0.189597
18850  0.189542
18900  0.189528
18950  0.189528
19000  0.189476
19050  0.18944
19100  0.18944
19150  0.189324
19200  0.189324
19250  0.189323
19300  0.189323
19350  0.189274
19400  0.189274
19450  0.189261
19500  0.189261
19550  0.189261
19600  0.189261
19650  0.189261
19700  0.189261
19750  0.189223
19800  0.189196
19850  0.189196
19900  0.18917
19950  0.18917
20000  0.18917
20050  0.189115
20100  0.189063
20150  0.189063
20200  0.189041
20250  0.188977
20300  0.188897
20350  0.188795
20400  0.188668
20450  0.188668
20500  0.188637
20550  0.188513
20600  0.188505
20650  0.188381
20700  0.188354
20750  0.188233
20800  0.188233
20850  0.188233
20900  0.18823
20950  0.188092
21000  0.188065
21050  0.188002
21100  0.187879
21150  0.187781
21200  0.187688
21250  0.187575
21300  0.187478
21350  0.187367
21400  0.187279
21450  0.187237
21500  0.187184
21550  0.18709
21600  0.18709
21650  0.187035
21700  0.186981
21750  0.186908
21800  0.186837
21850  0.186725
21900  0.186688
21950  0.186654
22000  0.186595
22050  0.186552
22100  0.186477
22150  0.186445
22200  0.186438
22250  0.186399
22300  0.186355
22350  0.186264
22400  0.186245
22450  0.186192
22500  0.185973
22550  0.185968
22600  0.185962
22650  0.185915
22700  0.185915
22750  0.185827
22800  0.185749
22850  0.185707
22900  0.185707
22950  0.185632
23000  0.185535
23050  0.185476
23100  0.18532
23150  0.185167
23200  0.185117
23250  0.185099
23300  0.185063
23350  0.185048
23400  0.184959
23450  0.184912
23500  0.184853
23550  0.184741
23600  0.184636
23650  0.184474
23700  0.18438
23750  0.184205
23800  0.184171
23850  0.184122
23900  0.184087
23950  0.184061
24000  0.183981
24050  0.18394
24100  0.183788
24150  0.183477
24200  0.183401
24250  0.183635
24300  0.18316
24350  0.183043
24400  0.183043
24450  0.182946
24500  0.182809
24550  0.182722
24600  0.182644
24650  0.18254
24700  0.182511
24750  0.182292
24800  0.182181
24850  0.182117
24900  0.182106
24950  0.181885
25000  0.181834
25050  0.181747
25100  0.181664
25150  0.181404
25200  0.181352
25250  0.181174
25300  0.181009
25350  0.180802
25400  0.180989
25450  0.180474
25500  0.180227
25550  0.18012
25600  0.179928
25650  0.179838
25700  0.179719
25750  0.179652
25800  0.179563
25850  0.179501
25900  0.179483
25950  0.179305
26000  0.17917
26050  0.179158
26100  0.179158
26150  0.178951
26200  0.178934
26250  0.178913
26300  0.17875
26350  0.17875
26400  0.17875
26450  0.17864
26500  0.178617
26550  0.178548
26600  0.178546
26650  0.178479
26700  0.178479
26750  0.178385
26800  0.178321
26850  0.178285
26900  0.178208
26950  0.178203
27000  0.178093
27050  0.178074
27100  0.178216
27150  0.177993
27200  0.178045
27250  0.17783
27300  0.177627
27350  0.177457
27400  0.177433
27450  0.177399
27500  0.177399
27550  0.17728
27600  0.177275
27650  0.177107
27700  0.177074
27750  0.176993
27800  0.176993
27850  0.176967
27900  0.176967
27950  0.176967
28000  0.176847
28050  0.176892
28100  0.176776
28150  0.176993
28200  0.176735
28250  0.176916
28300  0.176637
28350  0.176603
28400  0.176525
28450  0.176603
28500  0.176342
28550  0.176226
28600  0.176204
28650  0.176453
28700  0.176724
28750  0.176677
28800  0.176063
28850  0.176055
28900  0.176132
28950  0.175926
29000  0.175901
29050  0.175846
29100  0.175837
29150  0.175784
29200  0.175814
29250  0.175545
29300  0.175683
29350  0.175503
29400  0.175488
29450  0.175224
29500  0.175204
29550  0.175001
29600  0.175019
29650  0.175
29700  0.174787
29750  0.174764
29800  0.174728
29850  0.17503
29900  0.174446
29950  0.174297
30000  0.174217
30050  0.17435
30100  0.173781
30150  0.173911
30200  0.173269
30250  0.173053
30300  0.172771
30350  0.172537
30400  0.17242
30450  0.172297
30500  0.171851
30550  0.171792
30600  0.171394
30650  0.171373
30700  0.17139
30750  0.170777
30800  0.170653
30850  0.170452
30900  0.17016
30950  0.170101
31000  0.170024
31050  0.16993
31100  0.169766
31150  0.169519
31200  0.169331
31250  0.169489
31300  0.169204
31350  0.169178
31400  0.169126
31450  0.168983
31500  0.168972
31550  0.168976
31600  0.168696
31650  0.168768
31700  0.168296
31750  0.16835
31800  0.168144
31850  0.168398
31900  0.167982
31950  0.168074
32000  0.167746
32050  0.167574
32100  0.167463
32150  0.167403
32200  0.167188
32250  0.16728
32300  0.167169
32350  0.167091
32400  0.166907
32450  0.167105
32500  0.166982
32550  0.166782
32600  0.166657
32650  0.166814
32700  0.166657
32750  0.166657
32800  0.16653
32850  0.166436
32900  0.166246
32950  0.16616
33000  0.166318
33050  0.16672
33100  0.166031
33150  0.166007
33200  0.166029
33250  0.165913
33300  0.166017
33350  0.165838
33400  0.166005
33450  0.165445
33500  0.16538
33550  0.165383
33600  0.165475
33650  0.165532
33700  0.165352
33750  0.165662
33800  0.165368
33850  0.165273
33900  0.165273
33950  0.165044
34000  0.165058
34050  0.165006
34100  0.165003
34150  0.164993
34200  0.164487
34250  0.164386
34300  0.164758
34350  0.164429
34400  0.164486
34450  0.164109
34500  0.165161
34550  0.163976
34600  0.163402
34650  0.163178
34700  0.163027
34750  0.162856
34800  0.162453
34850  0.162739
34900  0.162517
34950  0.16227
35000  0.162272
35050  0.162288
35100  0.162164
35150  0.161795
35200  0.162042
35250  0.161684
35300  0.161596
35350  0.161494
35400  0.161381
35450  0.161578
35500  0.161075
35550  0.161401
35600  0.160776
35650  0.160965
35700  0.160578
35750  0.160411
35800  0.160235
35850  0.160442
35900  0.160395
35950  0.159944
36000  0.159486
36050  0.159263
36100  0.159276
36150  0.159345
36200  0.159285
36250  0.159205
36300  0.159077
36350  0.159105
36400  0.158864
36450  0.15881
36500  0.158712
36550  0.158698
36600  0.158556
36650  0.158248
36700  0.158282
36750  0.158532
36800  0.157922
36850  0.157896
36900  0.157844
36950  0.157354
37000  0.157118
37050  0.157146
37100  0.156747
37150  0.156645
37200  0.15643
37250  0.156806
37300  0.156951
37350  0.156333
37400  0.156256
37450  0.156262
37500  0.15597
37550  0.155729
37600  0.156218
37650  0.155244
37700  0.155115
37750  0.15527
37800  0.155138
37850  0.155438
37900  0.154781
37950  0.154883
38000  0.155012
38050  0.154935
38100  0.154586
38150  0.154849
38200  0.154448
38250  0.154488
38300  0.154243
38350  0.154504
38400  0.154396
38450  0.154521
38500  0.154222
38550  0.153921
38600  0.153922
38650  0.153687
38700  0.153687
38750  0.153634
38800  0.153563
38850  0.153462
38900  0.153408
38950  0.153408
39000  0.153344
39050  0.153361
