Step  Penalty
50  0.478746
100  0.478746
150  0.478746
200  0.475996
250  0.467586
300  0.4481
350  0.4481
400  0.443971
450  0.420561
500  0.414195
550  0.404584
600  0.391573
650  0.378253
700  0.375275
750  0.358187
800  0.350469
850  0.348495
900  0.331138
950  0.32937
1000  0.323732
1050  0.316759
1100  0.310823
1150  0.299002
1200  0.295096
1250  0.288596
1300  0.276134
1350  0.274334
1400  0.271515
1450  0.265723
1500  0.263083
1550  0.257234
1600  0.253961
1650  0.242151
1700  0.242151
1750  0.240614
1800  0.234057
1850  0.227118
1900  0.224563
1950  0.22378
2000  0.218938
2050  0.217909
2100  0.20958
2150  0.20958
2200  0.209081
2250  0.204756
2300  0.201957
2350  0.201957
2400  0.198131
2450  0.198131
2500  0.198131
2550  0.192035
2600  0.191515
2650  0.188595
2700  0.188595
2750  0.185926
2800  0.183585
2850  0.180736
2900  0.180736
2950  0.179245
3000  0.179245
3050  0.174987
3100  0.174987
3150  0.174987
3200  0.174987
3250  0.174987
3300  0.166218
3350  0.166218
3400  0.166218
3450  0.166218
3500  0.166218
3550  0.166218
3600  0.165178
3650  0.165178
3700  0.165178
3750  0.165178
3800  0.165178
3850  0.162714
3900  0.156966
3950  0.156966
4000  0.156966
4050  0.156966
4100  0.156966
4150  0.156966
4200  0.156966
4250  0.155941
4300  0.154682
4350  0.154682
4400  0.154682
4450  0.154214
4500  0.154214
4550  0.154196
4600  0.154196
4650  0.154196
4700  0.154196
4750  0.15408
4800  0.15408
4850  0.148992
4900  0.148992
4950  0.148992
5000  0.148992
5050  0.148992
5100  0.148929
5150  0.148929
5200  0.148929
5250  0.148929
5300  0.148929
5350  0.148929
5400  0.148929
5450  0.148929
5500  0.147238
5550  0.147238
5600  0.147238
5650  0.147238
5700  0.147238
5750  0.14611
5800  0.14611
5850  0.14611
5900  0.14611
5950  0.14611
6000  0.14611
6050  0.14611
6100  0.14611
6150  0.14611
6200  0.14611
6250  0.14611
6300  0.14611
6350  0.14611
6400  0.14611
6450  0.14611
6500  0.144965
6550  0.144965
6600  0.144965
6650  0.144965
6700  0.144965
6750  0.144965
6800  0.144965
6850  0.144965
6900  0.144965
6950  0.144965
7000  0.144965
7050  0.144965
7100  0.144965
7150  0.144965
7200  0.144965
7250  0.144965
7300  0.144965
7350  0.144965
7400  0.144965
7450  0.144965
7500  0.144965
7550  0.144965
7600  0.144965
7650  0.144965
7700  0.144342
7750  0.144342
7800  0.144342
7850  0.144342
7900  0.144342
7950  0.144342
8000  0.144342
8050  0.144342
8100  0.144342
8150  0.144342
8200  0.144342
8250  0.144342
8300  0.143427
8350  0.143427
8400  0.143427
8450  0.143427
8500  0.143427
8550  0.143427
8600  0.143427
8650  0.143427
8700  0.143427
8750  0.143427
8800  0.141639
8850  0.141639
8900  0.141639
8950  0.141639
9000  0.141639
9050  0.141639
9100  0.141639
9150  0.141639
9200  0.139682
9250  0.139682
9300  0.139682
9350  0.139682
9400  0.139682
9450  0.139682
9500  0.139682
9550  0.139682
9600  0.139682
9650  0.139682
9700  0.139682
9750  0.139682
9800  0.139682
9850  0.139682
9900  0.139682
9950  0.139682
10000  0.139682
10050  0.139682
10100  0.139682
10150  0.139682
10200  0.139682
10250  0.139682
10300  0.139682
10350  0.139682
10400  0.139682
10450  0.139682
10500  0.139682
10550  0.139682
10600  0.139682
10650  0.139682
10700  0.139682
10750  0.139682
10800  0.139682
10850  0.139682
10900  0.139682
10950  0.139682
11000  0.139682
11050  0.139682
11100  0.139682
11150  0.139682
11200  0.139682
11250  0.139682
11300  0.139682
11350  0.139682
11400  0.139682
11450  0.139682
11500  0.139682
11550  0.139682
11600  0.139682
11650  0.139682
11700  0.139682
11750  0.139682
11800  0.139682
11850  0.139682
11900  0.139682
11950  0.139682
12000  0.139682
12050  0.139682
12100  0.139682
12150  0.139682
12200  0.139682
12250  0.139682
12300  0.139682
12350  0.139682
12400  0.139682
12450  0.139682
12500  0.139682
12550  0.139682
12600  0.139682
12650  0.139682
12700  0.139682
12750  0.139682
12800  0.139682
12850  0.139682
12900  0.139682
12950  0.139682
13000  0.139682
13050  0.139682
13100  0.139682
13150  0.139682
13200  0.139682
13250  0.139682
13300  0.139682
13350  0.139682
13400  0.139682
13450  0.139682
13500  0.139682
13550  0.139682
13600  0.139682
13650  0.139682
13700  0.139682
13750  0.139682
13800  0.139682
13850  0.139682
13900  0.139682
13950  0.139682
14000  0.139682
14050  0.139682
14100  0.139682
14150  0.139682
14200  0.139682
14250  0.139682
14300  0.139682
14350  0.139682
14400  0.139682
14450  0.139682
14500  0.139682
14550  0.139682
14600  0.139682
14650  0.139682
14700  0.139682
14750  0.139682
14800  0.139524
14850  0.139524
14900  0.139524
14950  0.139524
15000  0.139524
15050  0.139524
15100  0.139524
15150  0.139524
15200  0.139524
15250  0.139524
15300  0.139524
15350  0.139524
15400  0.139524
15450  0.139524
15500  0.139524
15550  0.139524
15600  0.139524
15650  0.139524
15700  0.139524
15750  0.139524
15800  0.139524
15850  0.139524
15900  0.139524
15950  0.139524
16000  0.139524
16050  0.139524
16100  0.139524
16150  0.139524
16200  0.139524
16250  0.139524
16300  0.139524
16350  0.139524
16400  0.139524
16450  0.139524
16500  0.139524
16550  0.139524
16600  0.139524
16650  0.139524
16700  0.139524
16750  0.139524
16800  0.139524
16850  0.139524
16900  0.139524
16950  0.139524
17000  0.139524
17050  0.139524
17100  0.139524
17150  0.139524
17200  0.139524
17250  0.139524
17300  0.139524
17350  0.139524
17400  0.139524
17450  0.139524
17500  0.139524
17550  0.139524
17600  0.139524
17650  0.139524
17700  0.139524
17750  0.139524
17800  0.139524
17850  0.139524
17900  0.139524
17950  0.139524
18000  0.139524
18050  0.139524
18100  0.139524
18150  0.139524
18200  0.136342
18250  0.136342
18300  0.136342
18350  0.136342
18400  0.136342
18450  0.136342
18500  0.136342
18550  0.136342
18600  0.136342
18650  0.136342
18700  0.136342
18750  0.136342
18800  0.136342
18850  0.136342
18900  0.136342
18950  0.136342
19000  0.136342
19050  0.136342
19100  0.136342
19150  0.136342
19200  0.136342
19250  0.136342
19300  0.136342
19350  0.136342
19400  0.136342
19450  0.136342
19500  0.136342
19550  0.136342
19600  0.136342
19650  0.136342
19700  0.136342
19750  0.136342
19800  0.136342
19850  0.136342
19900  0.136342
19950  0.136342
20000  0.136342
20050  0.136342
20100  0.136342
20150  0.136342
20200  0.136342
20250  0.136342
20300  0.136342
20350  0.136342
20400  0.136342
20450  0.136342
20500  0.136342
20550  0.136342
20600  0.136342
20650  0.136342
20700  0.136342
20750  0.136342
20800  0.136342
20850  0.136342
20900  0.136342
20950  0.136342
21000  0.136342
21050  0.136342
21100  0.136342
21150  0.136342
21200  0.136342
21250  0.136342
21300  0.136342
21350  0.136342
21400  0.136342
21450  0.136342
21500  0.136342
21550  0.136342
21600  0.136342
21650  0.136342
21700  0.136342
21750  0.136342
21800  0.136342
21850  0.136342
21900  0.136342
21950  0.136342
22000  0.136342
22050  0.136342
22100  0.136342
22150  0.136342
22200  0.136342
22250  0.136342
22300  0.136342
22350  0.136342
22400  0.136342
22450  0.136342
22500  0.136342
22550  0.136342
22600  0.136342
22650  0.136342
22700  0.136342
22750  0.136342
22800  0.136342
22850  0.136342
22900  0.136342
22950  0.136342
23000  0.136342
23050  0.136342
23100  0.136342
23150  0.136342
23200  0.136342
23250  0.136342
23300  0.136342
23350  0.136342
23400  0.136342
23450  0.136342
23500  0.136342
23550  0.136342
23600  0.136342
23650  0.136342
23700  0.136342
23750  0.136342
23800  0.136342
23850  0.136342
23900  0.136342
23950  0.136342
24000  0.136342
24050  0.136342
24100  0.136342
24150  0.136342
24200  0.136342
24250  0.136342
24300  0.136342
24350  0.136342
24400  0.136342
24450  0.136342
24500  0.136342
24550  0.136342
24600  0.136342
24650  0.136342
24700  0.136342
24750  0.136342
24800  0.136342
24850  0.136342
24900  0.136342
24950  0.136342
25000  0.136342
25050  0.136342
25100  0.136342
25150  0.136342
25200  0.136342
25250  0.136342
25300  0.136342
25350  0.136342
25400  0.136342
25450  0.136342
25500  0.136342
25550  0.136342
25600  0.136342
25650  0.136342
25700  0.136342
25750  0.136342
25800  0.136342
25850  0.136342
25900  0.136342
25950  0.136342
26000  0.136342
26050  0.136342
26100  0.136342
26150  0.136342
26200  0.136342
26250  0.136342
26300  0.136342
26350  0.136342
26400  0.136342
26450  0.136342
26500  0.136342
26550  0.136342
26600  0.136342
26650  0.136342
26700  0.136342
26750  0.136342
26800  0.136342
26850  0.136342
26900  0.136342
26950  0.136342
27000  0.136342
27050  0.136342
27100  0.136342
27150  0.136342
27200  0.136342
27250  0.136342
27300  0.136342
27350  0.136342
27400  0.136342
27450  0.136342
27500  0.136342
27550  0.136342
27600  0.136342
27650  0.136342
27700  0.136342
27750  0.136342
27800  0.136342
27850  0.136342
27900  0.136342
27950  0.136342
28000  0.136342
28050  0.136342
28100  0.136342
28150  0.136342
28200  0.136342
28250  0.136342
28300  0.136342
28350  0.136342
28400  0.136342
28450  0.136342
28500  0.136342
28550  0.136342
28600  0.136342
28650  0.136342
28700  0.136342
28750  0.136342
28800  0.136342
28850  0.136342
28900  0.136342
28950  0.136342
29000  0.136342
29050  0.136342
29100  0.136342
29150  0.136342
29200  0.136342
29250  0.136342
29300  0.136342
29350  0.136342
29400  0.136342
29450  0.136342
29500  0.136342
29550  0.136342
29600  0.136342
29650  0.136342
29700  0.136342
29750  0.136342
29800  0.136342
29850  0.136342
29900  0.136342
29950  0.136342
30000  0.136342
30050  0.136342
30100  0.136342
30150  0.136342
30200  0.136342
30250  0.136342
30300  0.136342
30350  0.136342
30400  0.136342
30450  0.136342
30500  0.136342
30550  0.136342
30600  0.136342
30650  0.136342
30700  0.136342
30750  0.136342
30800  0.136342
30850  0.136342
30900  0.136342
30950  0.136342
31000  0.136342
31050  0.136342
31100  0.136342
31150  0.136342
31200  0.136342
31250  0.136342
31300  0.136342
31350  0.136342
31400  0.136342
31450  0.136342
31500  0.136342
31550  0.136342
31600  0.136342
31650  0.136342
31700  0.136342
31750  0.136342
31800  0.136342
31850  0.136342
31900  0.136342
31950  0.136342
32000  0.136342
32050  0.136342
32100  0.136342
32150  0.136342
32200  0.136342
32250  0.136342
32300  0.136342
32350  0.136342
32400  0.136342
32450  0.136342
32500  0.136342
32550  0.136342
32600  0.136342
32650  0.136342
32700  0.136342
32750  0.136342
32800  0.136342
32850  0.136342
32900  0.136342
32950  0.136342
33000  0.136342
33050  0.136342
33100  0.136342
33150  0.136342
33200  0.136342
33250  0.136342
33300  0.136342
33350  0.136342
33400  0.136342
33450  0.136342
33500  0.136342
33550  0.136342
33600  0.136342
33650  0.136342
33700  0.136342
33750  0.136342
33800  0.136342
33850  0.136342
33900  0.136342
33950  0.136342
34000  0.136342
34050  0.136342
34100  0.136342
34150  0.136342
34200  0.136342
34250  0.136342
34300  0.136342
34350  0.136342
34400  0.136342
34450  0.136342
34500  0.136342
34550  0.136342
34600  0.136342
34650  0.136342
34700  0.136342
34750  0.136342
34800  0.136342
34850  0.136342
34900  0.136342
34950  0.136342
35000  0.136342
35050  0.136342
35100  0.136342
35150  0.136342
35200  0.136342
35250  0.136342
35300  0.136342
35350  0.136342
35400  0.136342
35450  0.136342
35500  0.136342
35550  0.136342
35600  0.135974
35650  0.135974
35700  0.135974
35750  0.135974
35800  0.135974
35850  0.135974
35900  0.135974
35950  0.135974
36000  0.135974
36050  0.135974
36100  0.135974
36150  0.135974
36200  0.135974
36250  0.135974
36300  0.135974
36350  0.135974
36400  0.135974
36450  0.135974
36500  0.135974
36550  0.135974
36600  0.135974
36650  0.135974
36700  0.135974
36750  0.135974
36800  0.135974
36850  0.135974
36900  0.135974
36950  0.135974
37000  0.135974
37050  0.135974
37100  0.135974
37150  0.135974
37200  0.135974
37250  0.135974
37300  0.135974
37350  0.135974
37400  0.135974
37450  0.135974
37500  0.135974
37550  0.135974
37600  0.135974
37650  0.135974
37700  0.135974
37750  0.135974
37800  0.135974
37850  0.135974
37900  0.135974
37950  0.135974
38000  0.135974
38050  0.135974
38100  0.135974
38150  0.135974
38200  0.135974
38250  0.135974
38300  0.135974
38350  0.135974
38400  0.135974
38450  0.135974
38500  0.135974
38550  0.135974
38600  0.135974
38650  0.135974
38700  0.135974
38750  0.135974
38800  0.135629
38850  0.135629
38900  0.135629
38950  0.135629
39000  0.135629
39050  0.135629
39100  0.135629
39150  0.135629
39200  0.135629
39250  0.135629
39300  0.135629
39350  0.135629
39400  0.135629
39450  0.135629
39500  0.135629
39550  0.135629
39600  0.135629
39650  0.135629
39700  0.135629
39750  0.135629
39800  0.135629
39850  0.135629
39900  0.135629
39950  0.135629
40000  0.135629
40050  0.135629
40100  0.135629
40150  0.135629
40200  0.135629
40250  0.135629
40300  0.135629
40350  0.135629
40400  0.135629
40450  0.135629
40500  0.135629
40550  0.135629
40600  0.135629
40650  0.135629
40700  0.135629
40750  0.135629
40800  0.135629
40850  0.135629
40900  0.135629
40950  0.135629
41000  0.133768
41050  0.133768
41100  0.133768
41150  0.133768
41200  0.133768
41250  0.133768
41300  0.133768
41350  0.133768
41400  0.133768
41450  0.133768
41500  0.133768
41550  0.133768
41600  0.133768
41650  0.133768
41700  0.133768
41750  0.133768
41800  0.133768
41850  0.133768
41900  0.133768
41950  0.133768
42000  0.133768
42050  0.133768
42100  0.133768
42150  0.133768
42200  0.133768
42250  0.133768
42300  0.133768
42350  0.133768
42400  0.133768
42450  0.133768
42500  0.133768
42550  0.133768
42600  0.133768
42650  0.133768
42700  0.133768
42750  0.133768
42800  0.133768
42850  0.133768
42900  0.133768
42950  0.133768
43000  0.133768
43050  0.133768
43100  0.133768
43150  0.133768
43200  0.133768
43250  0.133768
43300  0.133768
43350  0.133768
43400  0.133768
43450  0.133768
43500  0.133768
43550  0.133768
43600  0.133768
43650  0.133768
43700  0.133768
43750  0.133768
43800  0.133351
43850  0.133351
43900  0.133351
43950  0.133351
44000  0.133351
44050  0.133351
44100  0.133351
44150  0.133351
44200  0.133351
44250  0.133351
44300  0.133351
44350  0.133351
44400  0.133351
44450  0.133351
44500  0.133351
44550  0.133351
44600  0.133351
44650  0.133351
44700  0.133351
44750  0.133351
44800  0.133351
44850  0.133351
44900  0.133351
44950  0.133351
45000  0.133351
45050  0.133351
45100  0.133351
45150  0.133351
45200  0.133351
45250  0.133351
45300  0.133351
45350  0.133351
45400  0.133351
45450  0.133351
45500  0.133351
45550  0.133351
45600  0.133351
45650  0.133351
45700  0.133351
45750  0.133351
45800  0.133351
45850  0.133351
45900  0.133351
45950  0.133351
46000  0.133351
46050  0.133351
46100  0.133351
46150  0.133351
46200  0.133351
46250  0.133351
46300  0.133351
46350  0.133351
46400  0.133351
46450  0.133351
46500  0.133351
46550  0.133351
46600  0.133351
46650  0.133351
46700  0.133351
46750  0.133351
46800  0.133351
46850  0.133351
46900  0.133351
46950  0.133351
47000  0.133351
47050  0.133351
47100  0.133351
47150  0.133351
47200  0.133351
47250  0.133351
47300  0.133351
47350  0.133351
47400  0.133351
47450  0.133351
47500  0.133351
47550  0.133351
47600  0.133351
47650  0.133351
47700  0.133351
47750  0.133351
47800  0.133351
47850  0.133351
47900  0.133351
47950  0.133351
48000  0.133351
48050  0.133351
48100  0.133351
48150  0.133351
48200  0.133351
48250  0.133351
48300  0.133351
48350  0.133351
48400  0.133351
48450  0.133351
48500  0.133351
48550  0.133351
48600  0.133351
48650  0.133351
48700  0.133351
48750  0.133351
48800  0.133351
48850  0.133351
48900  0.133351
48950  0.133351
49000  0.133351
49050  0.133351
49100  0.133351
49150  0.133351
49200  0.133351
49250  0.133351
49300  0.133351
49350  0.133351
49400  0.133351
49450  0.133351
49500  0.133351
49550  0.133351
49600  0.133351
49650  0.133351
49700  0.133351
49750  0.133351
49800  0.133351
49850  0.133351
49900  0.133351
49950  0.133351
50000  0.133351
50050  0.133351
50100  0.133351
50150  0.133351
50200  0.133351
50250  0.133351
50300  0.133351
50350  0.133351
50400  0.133351
50450  0.133351
50500  0.133351
50550  0.133351
50600  0.133351
50650  0.133351
50700  0.133351
50750  0.133351
50800  0.133351
50850  0.133351
50900  0.133351
50950  0.133351
51000  0.133351
51050  0.133351
51100  0.133351
51150  0.133351
51200  0.133351
51250  0.133351
51300  0.133351
51350  0.133351
51400  0.133351
51450  0.133351
51500  0.133351
51550  0.133351
51600  0.133351
51650  0.133351
51700  0.133351
51750  0.133351
51800  0.133351
51850  0.133351
51900  0.133351
51950  0.133351
52000  0.133351
52050  0.133351
52100  0.133351
52150  0.133351
52200  0.133351
52250  0.133351
52300  0.133351
52350  0.133351
52400  0.133351
52450  0.133351
52500  0.133351
52550  0.133351
52600  0.133351
52650  0.133351
52700  0.133351
52750  0.133351
52800  0.133351
52850  0.133351
52900  0.133351
52950  0.133351
53000  0.133351
53050  0.133351
53100  0.133351
53150  0.133351
53200  0.133351
53250  0.133351
53300  0.133351
53350  0.133351
53400  0.133351
53450  0.133351
53500  0.133351
53550  0.133351
53600  0.133351
53650  0.133351
53700  0.133351
53750  0.133351
53800  0.133351
53850  0.133351
53900  0.133351
53950  0.133351
54000  0.133351
54050  0.133351
54100  0.133351
54150  0.133351
54200  0.133351
54250  0.133351
54300  0.133351
54350  0.133351
54400  0.133351
54450  0.133351
54500  0.133351
54550  0.133351
54600  0.133351
54650  0.133351
54700  0.133351
54750  0.133351
54800  0.133351
54850  0.133351
54900  0.133351
54950  0.133351
55000  0.133351
55050  0.133351
55100  0.133351
55150  0.133351
55200  0.133351
55250  0.133351
55300  0.133351
55350  0.133351
55400  0.133351
55450  0.133351
55500  0.133351
55550  0.133351
55600  0.133351
55650  0.133351
55700  0.133351
55750  0.133351
55800  0.133351
55850  0.133351
55900  0.133351
55950  0.133351
56000  0.133351
56050  0.133351
56100  0.133351
56150  0.133351
56200  0.133351
56250  0.133351
56300  0.133351
56350  0.133351
56400  0.133351
56450  0.133351
56500  0.133351
56550  0.133351
56600  0.133351
56650  0.133351
56700  0.133351
56750  0.133351
56800  0.133351
56850  0.133351
56900  0.133351
56950  0.133351
57000  0.133351
57050  0.133351
57100  0.133351
57150  0.133351
57200  0.133351
57250  0.133351
57300  0.133351
57350  0.133351
57400  0.133351
57450  0.133351
57500  0.133351
57550  0.133351
57600  0.133351
57650  0.133351
57700  0.133351
57750  0.133351
57800  0.133351
57850  0.133351
57900  0.133351
57950  0.133351
58000  0.133351
58050  0.133351
58100  0.133351
58150  0.133351
58200  0.133351
58250  0.133351
58300  0.133351
58350  0.133351
58400  0.133351
58450  0.133351
58500  0.133351
58550  0.133351
58600  0.133351
58650  0.133351
58700  0.133351
58750  0.133351
58800  0.133351
58850  0.133351
58900  0.133351
58950  0.133351
59000  0.133351
59050  0.133351
59100  0.133351
59150  0.133351
59200  0.133351
59250  0.133351
59300  0.133351
59350  0.133351
59400  0.133351
59450  0.133351
59500  0.133351
59550  0.133351
59600  0.133351
59650  0.133351
59700  0.133351
59750  0.133351
59800  0.133351
59850  0.133351
59900  0.133351
59950  0.133351
60000  0.133351
60050  0.133351
60100  0.133351
60150  0.133351
60200  0.133351
60250  0.133351
60300  0.133351
60350  0.133351
60400  0.133351
60450  0.133351
60500  0.133351
60550  0.133351
60600  0.133351
60650  0.133351
60700  0.133351
60750  0.133351
60800  0.133351
60850  0.133351
60900  0.133351
60950  0.133351
61000  0.133351
61050  0.133351
61100  0.133351
61150  0.133351
61200  0.133351
61250  0.133351
61300  0.133351
61350  0.133351
61400  0.133351
61450  0.133351
61500  0.133351
61550  0.133351
61600  0.133351
61650  0.133351
61700  0.133351
61750  0.133351
61800  0.133351
61850  0.133351
61900  0.133351
61950  0.133351
62000  0.133351
62050  0.133351
62100  0.133351
62150  0.133351
62200  0.133351
62250  0.133351
62300  0.133351
62350  0.133351
62400  0.133351
62450  0.133351
62500  0.133351
62550  0.133248
62600  0.133248
62650  0.133248
62700  0.133248
62750  0.133248
62800  0.133248
62850  0.133248
62900  0.133248
62950  0.133248
63000  0.133248
63050  0.133248
63100  0.133248
63150  0.133248
63200  0.133248
63250  0.133248
63300  0.133248
63350  0.133248
63400  0.133248
63450  0.133248
63500  0.133248
63550  0.133248
63600  0.133248
63650  0.133248
63700  0.133248
63750  0.133248
63800  0.133248
63850  0.133248
63900  0.133248
63950  0.133248
64000  0.133248
64050  0.133248
64100  0.133248
64150  0.133248
64200  0.133248
64250  0.133248
64300  0.133248
64350  0.133248
64400  0.133248
64450  0.133248
64500  0.133248
64550  0.133248
64600  0.133248
64650  0.133248
64700  0.133248
64750  0.133248
64800  0.133248
64850  0.133248
64900  0.133248
64950  0.133248
65000  0.133248
65050  0.133248
65100  0.133248
65150  0.133248
65200  0.133248
65250  0.133248
65300  0.133248
65350  0.133248
65400  0.133248
65450  0.133248
65500  0.133248
65550  0.133248
65600  0.133248
65650  0.133248
65700  0.133248
65750  0.133248
65800  0.133248
65850  0.133248
65900  0.133248
65950  0.133248
66000  0.133248
66050  0.133248
66100  0.133248
66150  0.133248
66200  0.133248
66250  0.133248
66300  0.133248
66350  0.133248
66400  0.133248
66450  0.133248
66500  0.133248
66550  0.133248
66600  0.133248
66650  0.133248
66700  0.133248
66750  0.133248
66800  0.133248
66850  0.133248
66900  0.133248
66950  0.133248
67000  0.133248
67050  0.133248
67100  0.133248
67150  0.133248
67200  0.133248
67250  0.133248
67300  0.133248
67350  0.133248
67400  0.133248
67450  0.133248
67500  0.133248
67550  0.133248
67600  0.133248
67650  0.133248
67700  0.133248
67750  0.133248
67800  0.133248
67850  0.133248
67900  0.133248
67950  0.133248
68000  0.133248
68050  0.133248
68100  0.133248
68150  0.133248
68200  0.133248
68250  0.133248
68300  0.133248
68350  0.133248
68400  0.133248
68450  0.133248
68500  0.133248
68550  0.133248
68600  0.133248
68650  0.133248
68700  0.133248
68750  0.133248
68800  0.133248
68850  0.133248
68900  0.133248
68950  0.133248
69000  0.133248
69050  0.133248
69100  0.133248
69150  0.133248
69200  0.133248
69250  0.133248
69300  0.133248
69350  0.133248
69400  0.133248
69450  0.133248
69500  0.133248
69550  0.133248
69600  0.133248
69650  0.133248
69700  0.133248
69750  0.133248
69800  0.133248
69850  0.133248
69900  0.133248
69950  0.133248
70000  0.133248
70050  0.133248
70100  0.133248
70150  0.133248
70200  0.133248
70250  0.133248
70300  0.133248
70350  0.133248
70400  0.133248
70450  0.133248
70500  0.133248
70550  0.133248
70600  0.133248
70650  0.133248
70700  0.133248
70750  0.133248
70800  0.133248
70850  0.133248
70900  0.133248
70950  0.133248
71000  0.133248
71050  0.133248
71100  0.133248
71150  0.133248
71200  0.133248
71250  0.133248
71300  0.133248
71350  0.133248
71400  0.133248
71450  0.133248
71500  0.133248
71550  0.133248
71600  0.133248
71650  0.133248
71700  0.133248
71750  0.133248
71800  0.133248
71850  0.133248
71900  0.133248
71950  0.133248
72000  0.133248
72050  0.133248
72100  0.133248
72150  0.133248
72200  0.133248
72250  0.133248
72300  0.133248
72350  0.133248
72400  0.133248
72450  0.133248
72500  0.133248
72550  0.133248
72600  0.133248
72650  0.133248
72700  0.133248
72750  0.133248
72800  0.133248
72850  0.133248
72900  0.133248
72950  0.133248
73000  0.133248
73050  0.133248
73100  0.133248
73150  0.133248
73200  0.133248
73250  0.133248
73300  0.133248
73350  0.133248
73400  0.133248
73450  0.133248
73500  0.133248
73550  0.133248
73600  0.133248
73650  0.133248
73700  0.133248
73750  0.133248
73800  0.133248
73850  0.133248
73900  0.133248
73950  0.133248
74000  0.133248
74050  0.133248
74100  0.133248
74150  0.133248
74200  0.133248
74250  0.133248
74300  0.133248
74350  0.133248
74400  0.133248
74450  0.133248
74500  0.133248
74550  0.133248
74600  0.133248
74650  0.133248
74700  0.133248
74750  0.133248
74800  0.133248
74850  0.133248
74900  0.133248
74950  0.133248
75000  0.133248
75050  0.133248
75100  0.133248
75150  0.133248
75200  0.133248
75250  0.133248
75300  0.133248
75350  0.133248
75400  0.133248
75450  0.133248
75500  0.133248
75550  0.133248
75600  0.133248
75650  0.133248
75700  0.133248
75750  0.133248
75800  0.133248
75850  0.133248
75900  0.133248
75950  0.133248
76000  0.133248
76050  0.133248
76100  0.133248
76150  0.133248
76200  0.133248
76250  0.133248
76300  0.133248
76350  0.133248
76400  0.133248
76450  0.133248
76500  0.133248
76550  0.133248
76600  0.133248
76650  0.133248
76700  0.133248
76750  0.133248
76800  0.133248
76850  0.133248
76900  0.133248
76950  0.133248
77000  0.133248
77050  0.133248
77100  0.133248
77150  0.133248
77200  0.133248
77250  0.133248
77300  0.133248
77350  0.133248
77400  0.133248
77450  0.133248
77500  0.133248
77550  0.133248
77600  0.133248
77650  0.133248
77700  0.133248
77750  0.133248
77800  0.133248
77850  0.133248
77900  0.133248
77950  0.133248
78000  0.133248
78050  0.133248
78100  0.133248
78150  0.133248
78200  0.133248
78250  0.133248
78300  0.133248
78350  0.133248
78400  0.133248
78450  0.133248
78500  0.133248
78550  0.133248
78600  0.133248
78650  0.133248
78700  0.133248
78750  0.133248
78800  0.133248
78850  0.133248
78900  0.133248
78950  0.133248
79000  0.133248
79050  0.133248
79100  0.133248
79150  0.133248
79200  0.133248
79250  0.133248
79300  0.133248
79350  0.133248
79400  0.133248
79450  0.133248
79500  0.133248
79550  0.133248
79600  0.133248
79650  0.133248
79700  0.133248
79750  0.133248
79800  0.133248
79850  0.133248
79900  0.133248
79950  0.133248
80000  0.133248
80050  0.133248
80100  0.133248
80150  0.133248
80200  0.133248
80250  0.133248
80300  0.133248
80350  0.133248
80400  0.133248
80450  0.133248
80500  0.133248
80550  0.133248
80600  0.133248
80650  0.133248
80700  0.133248
80750  0.133248
80800  0.133248
80850  0.133248
80900  0.133248
80950  0.133248
81000  0.133248
81050  0.133248
81100  0.133248
81150  0.133248
81200  0.133248
81250  0.133248
81300  0.133248
81350  0.133248
81400  0.133248
81450  0.133248
81500  0.133248
81550  0.133248
81600  0.133248
81650  0.133248
81700  0.133248
81750  0.133248
81800  0.133248
81850  0.133248
81900  0.133248
81950  0.133248
82000  0.133248
82050  0.133248
82100  0.133248
82150  0.133248
82200  0.133248
82250  0.133248
82300  0.133248
82350  0.133248
82400  0.133248
82450  0.133248
82500  0.133248
82550  0.133248
82600  0.133248
82650  0.133248
82700  0.133248
82750  0.133248
82800  0.133248
82850  0.133248
82900  0.133248
82950  0.133248
83000  0.133248
83050  0.133248
83100  0.133248
83150  0.133248
83200  0.133248
83250  0.133248
83300  0.133248
83350  0.133248
83400  0.133248
83450  0.133248
83500  0.133248
83550  0.133248
83600  0.133248
83650  0.133248
83700  0.133248
83750  0.133248
83800  0.133248
83850  0.133248
83900  0.133248
83950  0.133248
84000  0.133248
84050  0.133248
84100  0.133248
84150  0.133248
84200  0.133248
84250  0.133248
84300  0.133248
84350  0.133248
84400  0.133248
84450  0.133248
84500  0.133248
84550  0.133248
84600  0.133248
84650  0.133248
84700  0.133248
84750  0.133248
84800  0.133248
84850  0.133248
84900  0.133248
84950  0.133248
85000  0.133248
85050  0.133248
85100  0.133248
85150  0.133248
85200  0.133248
85250  0.133248
85300  0.133248
85350  0.133248
85400  0.133248
85450  0.133248
85500  0.133248
85550  0.133248
85600  0.133248
85650  0.133248
85700  0.133248
85750  0.133248
85800  0.133248
85850  0.133248
85900  0.133248
85950  0.133248
86000  0.133248
86050  0.133248
86100  0.133248
86150  0.133248
86200  0.133248
86250  0.133248
86300  0.133248
86350  0.133248
86400  0.133248
86450  0.133248
86500  0.133248
86550  0.133248
86600  0.133248
86650  0.133248
86700  0.133248
86750  0.133248
86800  0.133248
86850  0.133248
86900  0.133248
86950  0.133248
87000  0.133248
87050  0.133248
87100  0.133248
87150  0.133248
87200  0.133248
87250  0.133248
87300  0.133248
87350  0.133248
87400  0.133248
87450  0.133248
87500  0.133248
87550  0.133248
87600  0.133248
87650  0.133248
87700  0.133248
87750  0.133248
87800  0.133248
87850  0.133248
87900  0.133248
87950  0.133248
88000  0.133248
88050  0.133248
88100  0.133248
88150  0.133248
88200  0.133248
88250  0.133248
88300  0.133248
88350  0.133248
88400  0.133248
88450  0.133248
88500  0.133248
88550  0.133248
88600  0.133248
88650  0.133248
88700  0.133248
88750  0.133248
88800  0.133248
88850  0.133248
88900  0.133248
88950  0.133248
89000  0.133248
89050  0.133248
89100  0.133248
89150  0.133248
89200  0.133248
89250  0.133248
89300  0.133248
89350  0.133248
89400  0.133248
89450  0.133248
89500  0.133248
89550  0.133248
89600  0.133248
89650  0.133248
89700  0.133248
89750  0.133248
89800  0.133248
89850  0.133248
89900  0.133248
89950  0.133248
90000  0.133248
90050  0.133248
90100  0.133248
90150  0.133248
90200  0.133248
90250  0.133248
90300  0.133248
90350  0.133248
90400  0.133248
90450  0.133248
90500  0.133248
90550  0.133248
90600  0.133248
90650  0.133248
90700  0.133248
90750  0.133248
90800  0.133248
90850  0.133248
90900  0.133248
90950  0.133248
91000  0.133248
91050  0.133248
91100  0.133248
91150  0.133248
91200  0.133248
91250  0.133248
91300  0.133248
91350  0.133248
91400  0.133248
91450  0.133248
91500  0.133248
91550  0.133248
91600  0.133248
91650  0.133248
91700  0.133248
91750  0.133248
91800  0.133248
91850  0.133248
91900  0.133248
91950  0.133248
92000  0.133248
92050  0.133248
92100  0.133248
92150  0.133248
92200  0.133248
92250  0.133248
92300  0.133248
92350  0.133248
92400  0.133248
92450  0.133248
92500  0.133248
92550  0.133248
92600  0.133248
92650  0.133248
92700  0.133248
92750  0.133248
92800  0.133248
92850  0.133248
92900  0.133248
92950  0.133248
93000  0.133248
93050  0.133248
93100  0.133248
93150  0.133248
93200  0.133248
93250  0.133248
93300  0.133248
93350  0.133248
93400  0.133248
93450  0.133248
93500  0.133248
93550  0.133248
93600  0.133248
93650  0.133248
93700  0.133248
93750  0.133248
93800  0.133248
93850  0.133248
93900  0.133248
93950  0.133248
94000  0.133248
94050  0.133248
94100  0.133248
94150  0.133248
94200  0.133248
94250  0.133248
94300  0.133248
94350  0.133248
94400  0.133248
94450  0.133248
94500  0.133248
94550  0.133248
94600  0.133248
94650  0.133248
94700  0.133248
94750  0.133248
94800  0.133248
94850  0.133248
94900  0.133248
94950  0.133248
95000  0.133248
95050  0.133248
95100  0.133248
95150  0.133248
95200  0.133248
95250  0.133248
95300  0.133248
95350  0.133248
95400  0.133248
95450  0.133248
95500  0.133248
95550  0.133248
95600  0.133248
95650  0.133248
95700  0.133248
95750  0.133248
95800  0.133248
95850  0.133248
95900  0.133248
95950  0.133248
96000  0.133248
96050  0.133248
96100  0.133248
96150  0.133248
96200  0.133248
96250  0.133248
96300  0.133248
96350  0.133248
96400  0.133248
96450  0.133248
96500  0.133248
96550  0.133248
96600  0.133248
96650  0.133248
96700  0.133248
96750  0.133248
96800  0.133248
96850  0.133248
96900  0.133248
96950  0.133248
97000  0.133248
97050  0.133248
97100  0.133248
97150  0.133248
97200  0.133248
97250  0.133248
97300  0.133248
97350  0.133248
97400  0.133248
97450  0.133248
97500  0.133248
97550  0.133248
97600  0.133248
97650  0.133248
97700  0.133248
97750  0.133248
97800  0.133248
97850  0.133248
97900  0.133248
97950  0.133248
98000  0.133248
98050  0.133248
98100  0.133248
98150  0.133248
98200  0.133248
98250  0.133248
98300  0.133248
98350  0.133248
98400  0.133248
98450  0.133248
98500  0.133248
98550  0.133248
98600  0.133248
98650  0.133248
98700  0.133248
98750  0.133248
98800  0.133248
98850  0.133248
98900  0.133248
98950  0.133248
99000  0.133248
99050  0.133248
99100  0.133248
99150  0.133248
99200  0.133248
99250  0.133248
99300  0.133248
99350  0.133248
99400  0.133248
99450  0.133248
99500  0.133248
99550  0.133248
99600  0.133248
99650  0.133248
99700  0.133248
99750  0.133248
99800  0.133248
99850  0.133248
99900  0.133248
99950  0.133248
100000  0.133248
100050  0.133248
100100  0.133248
100150  0.133248
100200  0.133248
100250  0.133248
100300  0.133248
100350  0.133248
100400  0.133248
100450  0.133248
100500  0.133248
100550  0.133248
100600  0.133248
100650  0.133248
100700  0.133248
100750  0.133248
100800  0.133248
100850  0.133248
100900  0.133248
100950  0.133248
101000  0.133248
101050  0.133248
101100  0.133248
101150  0.133248
101200  0.133248
101250  0.133248
101300  0.133248
101350  0.133248
101400  0.133248
101450  0.133248
101500  0.133248
101550  0.133248
101600  0.133248
101650  0.133248
101700  0.133248
101750  0.133248
101800  0.133248
101850  0.133248
101900  0.133248
101950  0.133248
102000  0.133248
102050  0.133248
102100  0.133248
102150  0.133248
102200  0.133248
102250  0.133248
102300  0.133248
102350  0.133248
102400  0.133248
102450  0.133248
102500  0.133248
102550  0.133248
102600  0.133248
102650  0.133248
102700  0.133248
102750  0.133248
102800  0.133248
102850  0.133248
102900  0.133248
102950  0.133248
103000  0.133248
103050  0.133248
103100  0.133248
103150  0.133248
103200  0.133248
103250  0.133248
103300  0.133248
103350  0.133248
103400  0.133248
103450  0.133248
103500  0.133248
103550  0.133248
103600  0.133248
103650  0.133248
103700  0.133248
103750  0.133248
103800  0.133248
103850  0.133248
103900  0.133248
103950  0.133248
104000  0.133248
104050  0.133248
104100  0.133248
104150  0.133248
104200  0.133248
104250  0.133248
104300  0.133248
104350  0.133248
104400  0.133248
104450  0.133248
104500  0.133248
104550  0.133248
104600  0.133248
104650  0.133248
104700  0.133248
104750  0.133248
104800  0.133248
104850  0.133248
104900  0.133248
104950  0.133248
105000  0.133248
105050  0.133248
105100  0.133248
105150  0.133248
105200  0.133248
105250  0.133248
105300  0.133248
105350  0.133248
105400  0.133248
105450  0.133248
105500  0.133248
105550  0.133248
105600  0.133248
105650  0.133248
105700  0.133248
105750  0.133248
105800  0.133248
105850  0.133248
105900  0.133248
105950  0.133248
106000  0.133248
106050  0.133248
106100  0.133248
106150  0.133248
106200  0.133248
106250  0.133248
106300  0.133248
106350  0.133248
106400  0.133248
106450  0.133248
106500  0.133248
106550  0.133248
106600  0.133248
106650  0.133248
106700  0.133248
106750  0.133248
106800  0.133248
106850  0.133248
106900  0.133248
106950  0.133248
107000  0.133248
107050  0.133248
107100  0.133248
107150  0.133248
107200  0.133248
107250  0.133248
107300  0.133248
107350  0.133248
107400  0.133248
107450  0.133248
107500  0.133248
107550  0.133248
107600  0.133248
107650  0.133248
107700  0.133248
107750  0.133248
107800  0.133248
107850  0.133248
107900  0.133248
107950  0.133248
108000  0.133248
108050  0.133248
108100  0.133248
108150  0.133248
108200  0.133248
108250  0.133248
108300  0.133248
108350  0.133248
108400  0.133248
108450  0.133248
108500  0.133248
108550  0.133248
108600  0.133248
108650  0.133248
108700  0.133248
108750  0.133248
108800  0.133248
108850  0.133248
108900  0.133248
108950  0.133248
109000  0.133248
109050  0.133248
109100  0.133248
109150  0.133248
109200  0.133248
109250  0.133248
109300  0.133248
109350  0.133248
109400  0.133248
109450  0.133248
109500  0.133248
109550  0.133248
109600  0.133248
109650  0.133248
109700  0.133248
109750  0.133248
109800  0.133248
109850  0.133248
109900  0.133248
109950  0.133248
110000  0.133248
110050  0.133248
110100  0.133248
110150  0.133248
110200  0.133248
110250  0.133248
110300  0.133248
110350  0.133248
110400  0.133248
110450  0.133248
110500  0.133248
110550  0.133248
110600  0.133248
110650  0.133248
110700  0.133248
110750  0.133248
110800  0.133248
110850  0.133248
110900  0.133248
110950  0.133248
111000  0.133248
111050  0.133248
111100  0.133248
111150  0.133248
111200  0.133248
111250  0.133248
111300  0.133248
111350  0.133248
111400  0.133172
111450  0.133172
111500  0.133172
111550  0.133172
111600  0.133172
111650  0.133172
111700  0.133172
111750  0.133172
111800  0.133172
111850  0.133172
111900  0.133172
111950  0.133172
112000  0.133172
112050  0.133172
112100  0.133172
112150  0.133172
112200  0.133172
112250  0.133172
112300  0.133172
112350  0.133172
112400  0.133172
112450  0.133172
112500  0.133172
112550  0.133172
112600  0.133172
112650  0.133172
112700  0.133172
112750  0.133172
112800  0.133172
112850  0.133172
112900  0.133172
112950  0.133172
113000  0.133172
113050  0.133172
113100  0.133172
113150  0.133172
113200  0.133172
113250  0.133172
113300  0.133172
113350  0.133172
113400  0.133172
113450  0.133172
113500  0.133172
113550  0.133172
113600  0.133172
113650  0.133172
113700  0.133172
113750  0.133172
113800  0.133172
113850  0.133172
113900  0.133172
113950  0.133172
114000  0.133172
114050  0.133172
114100  0.133172
114150  0.133172
114200  0.133172
114250  0.133172
114300  0.133172
114350  0.133172
114400  0.133172
114450  0.133172
114500  0.133172
114550  0.133172
114600  0.133172
114650  0.133172
114700  0.133172
114750  0.133172
114800  0.133172
114850  0.133172
114900  0.133172
114950  0.133172
115000  0.133172
115050  0.133172
115100  0.133172
115150  0.133172
115200  0.133172
115250  0.133172
115300  0.133172
115350  0.133172
115400  0.133172
115450  0.133172
115500  0.133172
115550  0.133172
115600  0.133172
115650  0.133172
115700  0.133172
115750  0.133172
115800  0.133172
115850  0.133172
115900  0.133172
115950  0.133172
116000  0.133172
116050  0.133172
116100  0.133172
116150  0.133172
116200  0.133172
116250  0.133172
116300  0.133172
116350  0.133172
116400  0.133172
116450  0.133172
116500  0.133172
116550  0.133172
116600  0.133172
116650  0.133172
116700  0.133172
116750  0.133172
116800  0.133172
116850  0.133172
116900  0.133172
116950  0.133172
117000  0.133172
117050  0.133172
117100  0.133172
117150  0.133172
117200  0.133172
117250  0.133172
117300  0.133172
117350  0.133172
117400  0.133172
117450  0.133172
117500  0.133172
117550  0.133172
117600  0.133172
117650  0.133172
117700  0.133172
117750  0.133172
117800  0.133172
117850  0.133172
117900  0.133172
117950  0.133172
118000  0.133172
118050  0.133172
118100  0.133172
118150  0.133172
118200  0.133172
118250  0.133172
118300  0.133172
118350  0.133172
118400  0.133172
118450  0.133172
118500  0.133172
118550  0.133172
118600  0.133172
118650  0.133172
118700  0.133172
118750  0.133172
118800  0.133172
118850  0.133172
118900  0.133172
118950  0.133172
119000  0.133172
119050  0.133172
119100  0.133172
119150  0.133172
119200  0.133172
119250  0.133172
119300  0.133172
119350  0.133172
119400  0.133172
119450  0.133172
119500  0.133172
119550  0.133172
119600  0.133172
119650  0.133172
119700  0.133172
119750  0.133172
119800  0.133172
119850  0.133172
119900  0.133172
119950  0.133172
120000  0.133172
120050  0.133172
120100  0.133172
120150  0.133172
120200  0.133172
120250  0.133172
120300  0.133172
120350  0.133172
120400  0.133172
120450  0.133172
120500  0.133172
120550  0.133172
120600  0.133172
120650  0.133172
120700  0.133172
120750  0.133172
120800  0.133172
120850  0.133172
120900  0.133172
120950  0.133172
121000  0.133172
121050  0.133172
121100  0.133172
121150  0.133172
121200  0.133172
121250  0.133172
121300  0.133172
121350  0.133172
121400  0.133172
121450  0.133172
121500  0.133172
121550  0.133172
121600  0.133172
121650  0.133172
121700  0.133172
121750  0.133172
121800  0.133172
121850  0.133172
121900  0.133172
121950  0.133172
122000  0.133172
122050  0.133172
122100  0.133172
122150  0.133172
122200  0.133172
122250  0.133172
122300  0.133172
122350  0.133172
122400  0.133172
122450  0.133172
122500  0.133172
122550  0.133172
122600  0.133172
122650  0.133172
122700  0.133172
122750  0.133172
122800  0.133172
122850  0.133172
122900  0.133172
122950  0.133172
123000  0.133172
123050  0.133172
123100  0.133172
123150  0.133172
123200  0.133172
123250  0.133172
123300  0.133172
123350  0.133172
123400  0.133172
123450  0.133172
123500  0.133172
123550  0.13253
123600  0.13253
123650  0.13253
123700  0.13253
123750  0.13253
123800  0.13253
123850  0.13253
123900  0.13253
123950  0.13253
124000  0.13253
124050  0.13253
124100  0.13253
124150  0.13253
124200  0.13253
124250  0.13253
124300  0.13253
124350  0.13253
124400  0.13253
124450  0.13253
124500  0.13253
124550  0.13253
124600  0.13253
124650  0.13253
124700  0.13253
124750  0.13253
124800  0.13253
124850  0.13253
124900  0.13253
124950  0.13253
125000  0.13253
125050  0.13253
125100  0.13253
125150  0.13253
125200  0.13253
125250  0.13253
125300  0.13253
125350  0.13253
125400  0.13253
125450  0.13253
125500  0.13253
125550  0.13253
125600  0.13253
125650  0.13253
125700  0.13253
125750  0.13253
125800  0.13253
125850  0.13253
125900  0.13253
125950  0.13253
126000  0.13253
126050  0.13253
126100  0.13253
126150  0.13253
126200  0.13253
126250  0.13253
126300  0.13253
126350  0.13253
126400  0.13253
126450  0.13253
126500  0.13253
126550  0.13253
126600  0.13253
126650  0.13253
126700  0.13253
126750  0.13253
126800  0.13253
126850  0.13253
126900  0.13253
126950  0.13253
127000  0.13253
127050  0.13253
127100  0.13253
127150  0.13253
127200  0.13253
127250  0.13253
127300  0.13253
127350  0.13253
127400  0.13253
127450  0.13253
127500  0.13253
127550  0.13253
127600  0.13253
127650  0.13253
127700  0.13253
127750  0.13253
127800  0.13253
127850  0.13253
127900  0.13253
127950  0.13253
128000  0.13253
128050  0.13253
128100  0.13253
128150  0.13253
128200  0.13253
128250  0.13253
128300  0.13253
128350  0.13253
128400  0.13253
128450  0.13253
128500  0.13253
128550  0.13253
128600  0.13253
128650  0.13253
128700  0.13253
128750  0.13253
128800  0.13253
128850  0.13253
128900  0.13253
128950  0.13253
129000  0.13253
129050  0.13253
129100  0.13253
129150  0.13253
129200  0.13253
129250  0.13253
129300  0.13253
129350  0.13253
129400  0.13253
129450  0.13253
129500  0.13253
129550  0.13253
129600  0.13253
129650  0.13253
129700  0.13253
129750  0.13253
129800  0.13253
129850  0.13253
129900  0.13253
129950  0.13253
130000  0.13253
130050  0.13253
130100  0.13253
130150  0.13253
130200  0.13253
130250  0.13253
130300  0.13253
130350  0.13253
130400  0.13253
130450  0.13253
130500  0.13253
130550  0.13253
130600  0.13253
130650  0.13253
130700  0.13253
130750  0.13253
130800  0.13253
130850  0.13253
130900  0.13253
130950  0.13253
131000  0.13253
131050  0.13253
131100  0.13253
131150  0.13253
131200  0.13253
131250  0.13253
131300  0.13253
131350  0.13253
131400  0.13253
131450  0.13253
131500  0.13253
131550  0.13253
131600  0.13253
131650  0.13253
131700  0.13253
131750  0.13253
131800  0.13253
131850  0.13253
131900  0.13253
131950  0.13253
132000  0.13253
132050  0.13253
132100  0.13253
132150  0.13253
132200  0.13253
132250  0.13253
132300  0.13253
132350  0.13253
132400  0.13253
132450  0.13253
132500  0.13253
132550  0.13253
132600  0.13253
132650  0.13253
132700  0.13253
132750  0.13253
132800  0.13253
132850  0.13253
132900  0.13253
132950  0.13253
133000  0.13253
133050  0.13253
133100  0.13253
133150  0.13253
133200  0.13253
133250  0.13253
133300  0.13253
133350  0.13253
133400  0.13253
133450  0.13253
133500  0.13253
133550  0.13253
133600  0.13253
133650  0.13253
133700  0.13253
133750  0.13253
133800  0.13253
133850  0.13253
133900  0.13253
133950  0.13253
134000  0.13253
134050  0.13253
134100  0.13253
134150  0.13253
134200  0.13253
134250  0.13253
134300  0.13253
134350  0.13253
134400  0.13253
134450  0.13253
134500  0.13253
134550  0.13253
134600  0.13253
134650  0.13253
134700  0.13253
134750  0.13253
134800  0.13253
134850  0.13253
134900  0.13253
134950  0.13253
135000  0.13253
135050  0.13253
135100  0.13253
135150  0.13253
135200  0.13253
135250  0.13253
135300  0.13253
135350  0.13253
135400  0.13253
135450  0.13253
135500  0.13253
135550  0.13253
135600  0.13253
135650  0.13253
135700  0.13253
135750  0.13253
135800  0.13253
135850  0.13253
135900  0.13253
135950  0.13253
136000  0.13253
136050  0.13253
136100  0.13253
136150  0.13253
136200  0.13253
136250  0.13253
136300  0.13253
136350  0.13253
136400  0.13253
136450  0.13253
136500  0.13253
136550  0.13253
136600  0.13253
136650  0.13253
136700  0.13253
136750  0.13253
136800  0.13253
136850  0.13253
136900  0.13253
136950  0.13253
137000  0.13253
137050  0.13253
137100  0.13253
137150  0.13253
137200  0.13253
137250  0.13253
137300  0.13253
137350  0.13253
137400  0.13253
137450  0.13253
137500  0.13253
137550  0.13253
137600  0.13253
137650  0.13253
137700  0.13253
137750  0.13253
137800  0.13253
137850  0.13253
137900  0.13253
137950  0.13253
138000  0.13253
138050  0.13253
138100  0.13253
138150  0.13253
138200  0.13253
138250  0.13253
138300  0.13253
138350  0.13253
138400  0.13253
138450  0.13253
138500  0.13253
138550  0.13253
138600  0.13253
138650  0.13253
138700  0.13253
138750  0.13253
138800  0.13253
138850  0.13253
138900  0.13253
138950  0.13253
139000  0.13253
139050  0.13253
139100  0.13253
139150  0.13253
139200  0.13253
139250  0.13253
139300  0.13253
139350  0.13253
139400  0.13253
139450  0.13253
139500  0.13253
139550  0.13253
139600  0.13253
139650  0.13253
139700  0.13253
139750  0.13253
139800  0.13253
139850  0.13253
139900  0.13253
139950  0.13253
140000  0.13253
140050  0.13253
140100  0.13253
140150  0.13253
140200  0.13253
140250  0.13253
140300  0.13253
140350  0.13253
140400  0.13253
140450  0.13253
140500  0.13253
140550  0.13253
140600  0.13253
140650  0.13253
140700  0.13253
140750  0.13253
140800  0.13253
140850  0.13253
140900  0.13253
140950  0.13253
141000  0.13253
141050  0.13253
141100  0.13253
141150  0.13253
141200  0.13253
141250  0.13253
141300  0.13253
141350  0.13253
141400  0.13253
141450  0.13253
141500  0.13253
141550  0.13253
141600  0.13253
141650  0.13253
141700  0.13253
141750  0.13253
141800  0.13253
141850  0.13253
141900  0.13253
141950  0.13253
142000  0.13253
142050  0.13253
142100  0.13253
142150  0.13253
142200  0.13253
142250  0.13253
142300  0.13253
142350  0.13253
142400  0.13253
142450  0.13253
142500  0.13253
142550  0.13253
142600  0.13253
142650  0.13253
142700  0.13253
142750  0.13253
142800  0.13253
142850  0.13253
142900  0.13253
142950  0.13253
143000  0.13253
143050  0.13253
143100  0.13253
143150  0.13253
143200  0.13253
143250  0.13253
143300  0.13253
143350  0.13253
143400  0.13253
143450  0.13253
143500  0.13253
143550  0.13253
143600  0.13253
143650  0.13253
143700  0.13253
143750  0.13253
143800  0.13253
143850  0.13253
143900  0.13253
143950  0.13253
144000  0.13253
144050  0.13253
144100  0.13253
144150  0.13253
144200  0.13253
144250  0.13253
144300  0.13253
144350  0.13253
144400  0.13253
144450  0.13253
144500  0.13253
144550  0.13253
144600  0.13253
144650  0.13253
144700  0.13253
144750  0.13253
144800  0.13253
144850  0.13253
144900  0.13253
144950  0.13253
145000  0.13253
145050  0.13253
145100  0.13253
145150  0.13253
145200  0.13253
145250  0.13253
145300  0.13253
145350  0.13253
145400  0.13253
145450  0.13253
145500  0.13253
145550  0.13253
145600  0.13253
145650  0.13253
145700  0.13253
145750  0.13253
145800  0.13253
145850  0.13253
145900  0.13253
145950  0.13253
146000  0.13253
146050  0.13253
146100  0.13253
146150  0.13253
146200  0.13253
146250  0.13253
146300  0.13253
146350  0.13253
146400  0.13253
146450  0.13253
146500  0.13253
146550  0.13253
146600  0.13253
146650  0.13253
146700  0.13253
146750  0.13253
146800  0.13253
146850  0.13253
146900  0.13253
146950  0.13253
147000  0.13253
147050  0.13253
147100  0.13253
147150  0.13253
147200  0.13253
147250  0.13253
147300  0.13253
147350  0.13253
147400  0.13253
147450  0.13253
147500  0.13253
147550  0.13253
147600  0.13253
147650  0.13253
147700  0.13253
147750  0.13253
147800  0.13253
147850  0.13253
147900  0.13253
147950  0.13253
148000  0.13253
148050  0.13253
148100  0.13253
148150  0.13253
148200  0.13253
148250  0.13253
148300  0.13253
148350  0.13253
148400  0.13253
148450  0.13253
148500  0.13253
