Step  Penalty
10  0.566536
20  0.516887
30  0.498841
40  0.477746
50  0.459845
60  0.4358
70  0.424648
80  0.407477
90  0.394711
100  0.377474
110  0.367012
120  0.351849
130  0.339742
140  0.334869
150  0.326336
160  0.315957
170  0.308246
180  0.302785
190  0.289063
200  0.28426
210  0.280802
220  0.275014
230  0.271314
240  0.267795
250  0.265985
260  0.264553
270  0.260839
280  0.253401
290  0.250905
300  0.249836
310  0.248789
320  0.247098
330  0.245952
340  0.244947
350  0.244114
360  0.24406
370  0.242737
380  0.242655
390  0.241789
400  0.241077
410  0.24
420  0.239582
430  0.238713
440  0.237848
450  0.236976
460  0.236667
470  0.23586
480  0.234735
490  0.234519
500  0.233942
510  0.233583
520  0.233583
530  0.232763
540  0.232452
550  0.232165
560  0.230981
570  0.230965
580  0.230965
590  0.230965
600  0.230477
610  0.230477
620  0.230248
630  0.230184
640  0.230184
650  0.229835
660  0.229835
670  0.229835
680  0.229835
690  0.229138
700  0.229021
710  0.227832
720  0.227591
730  0.227591
740  0.22701
750  0.226645
760  0.226419
770  0.226419
780  0.226419
790  0.226419
800  0.226057
810  0.226057
820  0.226057
830  0.225827
840  0.225808
850  0.22568
860  0.225273
870  0.224874
880  0.224874
890  0.224874
900  0.224911
910  0.224728
920  0.224728
930  0.224728
940  0.224728
950  0.224728
960  0.224728
970  0.224728
980  0.224728
990  0.224728
1000  0.224728
1010  0.224728
1020  0.224728
1030  0.224728
1040  0.224728
1050  0.224728
1060  0.224728
1070  0.224438
1080  0.224438
1090  0.224438
1100  0.224438
1110  0.224438
1120  0.224438
1130  0.224438
1140  0.224438
1150  0.224414
1160  0.224414
1170  0.224414
1180  0.224414
1190  0.224414
1200  0.224414
1210  0.224414
1220  0.224414
1230  0.224414
1240  0.224414
1250  0.224414
1260  0.224414
1270  0.224414
1280  0.224414
1290  0.224414
1300  0.224414
1310  0.224414
1320  0.224112
1330  0.224112
1340  0.224094
1350  0.224076
1360  0.224076
1370  0.22379
1380  0.22379
1390  0.22379
1400  0.223594
1410  0.223594
1420  0.223594
1430  0.223594
1440  0.223594
1450  0.223594
1460  0.223594
1470  0.223594
1480  0.223594
1490  0.223594
1500  0.223594
1510  0.223594
1520  0.223594
1530  0.223393
1540  0.223393
1550  0.223393
1560  0.223393
1570  0.223393
1580  0.223393
1590  0.223393
1600  0.223393
1610  0.223393
1620  0.223393
1630  0.223393
1640  0.223393
1650  0.223393
1660  0.223393
1670  0.223393
1680  0.223393
1690  0.223393
1700  0.223393
1710  0.223393
1720  0.223393
1730  0.223393
1740  0.223393
1750  0.223301
1760  0.223301
1770  0.223301
1780  0.223301
1790  0.223236
1800  0.223236
1810  0.223236
1820  0.223236
1830  0.223236
1840  0.223236
1850  0.223236
1860  0.223236
1870  0.223098
1880  0.223098
1890  0.223098
1900  0.223019
1910  0.223019
1920  0.223019
1930  0.223019
1940  0.223019
1950  0.223019
1960  0.223019
1970  0.222967
1980  0.222967
1990  0.222967
2000  0.222977
2010  0.222832
2020  0.222832
2030  0.222832
2040  0.222832
2050  0.222832
2060  0.222832
2070  0.222832
2080  0.222672
2090  0.222672
2100  0.222618
2110  0.222448
2120  0.222293
2130  0.222293
2140  0.222293
2150  0.222293
2160  0.22222
2170  0.22222
2180  0.22222
2190  0.22222
2200  0.22222
2210  0.22222
2220  0.22222
2230  0.22222
2240  0.22222
2250  0.22222
2260  0.22222
2270  0.22222
2280  0.22222
2290  0.22222
2300  0.22222
2310  0.22223
2320  0.22223
2330  0.22223
2340  0.22223
2350  0.22223
2360  0.22223
2370  0.222266
2380  0.222266
2390  0.222266
2400  0.222266
2410  0.222266
2420  0.222266
2430  0.222266
2440  0.222193
2450  0.222171
2460  0.222171
2470  0.222171
2480  0.222171
2490  0.222171
2500  0.222171
2510  0.222168
2520  0.222168
2530  0.222168
2540  0.221597
2550  0.221441
2560  0.221441
2570  0.221441
2580  0.221441
2590  0.221441
2600  0.221441
2610  0.221441
2620  0.221441
2630  0.221441
2640  0.221441
2650  0.221441
2660  0.221441
2670  0.221441
2680  0.221441
2690  0.221441
2700  0.221441
2710  0.221441
2720  0.221441
2730  0.221441
2740  0.221441
2750  0.221441
2760  0.221441
2770  0.221441
2780  0.221441
2790  0.22137
2800  0.22137
2810  0.22137
2820  0.22137
2830  0.221441
2840  0.221221
2850  0.221441
2860  0.221221
2870  0.221441
2880  0.221221
2890  0.221441
2900  0.221221
2910  0.221441
2920  0.221221
2930  0.221441
2940  0.221221
2950  0.221562
2960  0.221221
2970  0.221221
2980  0.221441
2990  0.221221
3000  0.221441
3010  0.221221
3020  0.221399
3030  0.22108
3040  0.22108
3050  0.22108
3060  0.22108
3070  0.22108
3080  0.22108
3090  0.22108
3100  0.22108
3110  0.22108
3120  0.22108
3130  0.22108
3140  0.22108
3150  0.22108
3160  0.22108
3170  0.22108
3180  0.22108
3190  0.22108
3200  0.22108
3210  0.22108
3220  0.22108
3230  0.22108
3240  0.22108
3250  0.22108
3260  0.22108
3270  0.22108
3280  0.22108
3290  0.22108
3300  0.22108
3310  0.22108
3320  0.22108
3330  0.22108
3340  0.22108
3350  0.22108
3360  0.22108
3370  0.22108
3380  0.22108
3390  0.22108
3400  0.22108
3410  0.22108
3420  0.22108
3430  0.221023
3440  0.221441
3450  0.221023
3460  0.221441
3470  0.221023
3480  0.221023
3490  0.221023
3500  0.221023
3510  0.221023
3520  0.221023
3530  0.221023
3540  0.221441
3550  0.221023
3560  0.221441
3570  0.221023
3580  0.221023
3590  0.221441
3600  0.221023
3610  0.221441
3620  0.221023
3630  0.221441
3640  0.221023
3650  0.221441
3660  0.221023
3670  0.221023
3680  0.221399
3690  0.221399
3700  0.221074
3710  0.221074
3720  0.221074
3730  0.221074
3740  0.221074
3750  0.221074
3760  0.221074
3770  0.221074
3780  0.221074
3790  0.221074
3800  0.221074
3810  0.221074
3820  0.221074
3830  0.221074
3840  0.221074
3850  0.221074
3860  0.221074
3870  0.221074
3880  0.221074
3890  0.221074
3900  0.221074
3910  0.221074
3920  0.221074
3930  0.221074
3940  0.221074
3950  0.221074
3960  0.221074
3970  0.221074
3980  0.221074
3990  0.221074
4000  0.221074
4010  0.221074
4020  0.221074
4030  0.221074
4040  0.221074
4050  0.221074
4060  0.221074
4070  0.221074
4080  0.221074
4090  0.221074
4100  0.221074
4110  0.221074
4120  0.221074
4130  0.221074
4140  0.221074
4150  0.221074
4160  0.221074
4170  0.221074
4180  0.221074
4190  0.221074
4200  0.221074
4210  0.221074
4220  0.221074
4230  0.221074
4240  0.221074
4250  0.221074
4260  0.221074
4270  0.221074
4280  0.221074
4290  0.221074
4300  0.220972
4310  0.220972
4320  0.220972
4330  0.220972
4340  0.220972
4350  0.220972
4360  0.220972
4370  0.220972
4380  0.220972
4390  0.220972
4400  0.220972
4410  0.220972
4420  0.220972
4430  0.220972
4440  0.220972
4450  0.220972
4460  0.220972
4470  0.220972
4480  0.220972
4490  0.220972
4500  0.220972
4510  0.220972
4520  0.220972
4530  0.220972
4540  0.220972
4550  0.220972
4560  0.220972
4570  0.220972
4580  0.220972
4590  0.220972
4600  0.220972
4610  0.220972
4620  0.220972
4630  0.220972
4640  0.220972
4650  0.220972
4660  0.220972
4670  0.220972
4680  0.220972
4690  0.220972
4700  0.220972
4710  0.220972
4720  0.220972
4730  0.220891
4740  0.220891
4750  0.220891
4760  0.220891
4770  0.220891
4780  0.220891
4790  0.220891
4800  0.220891
4810  0.220891
4820  0.220891
4830  0.220891
4840  0.220891
4850  0.220891
4860  0.220891
4870  0.220891
4880  0.220891
4890  0.220891
4900  0.220891
4910  0.220891
4920  0.220891
4930  0.220891
4940  0.220891
4950  0.220891
4960  0.220891
4970  0.220891
4980  0.220891
4990  0.220891
5000  0.220891
5010  0.220891
5020  0.220891
5030  0.220891
5040  0.220891
5050  0.220891
5060  0.220891
5070  0.220684
5080  0.220684
5090  0.220684
5100  0.220684
5110  0.220684
5120  0.220684
5130  0.220684
5140  0.220684
5150  0.220684
5160  0.220684
5170  0.220684
5180  0.220684
5190  0.220684
5200  0.220684
5210  0.220684
5220  0.220684
5230  0.220684
5240  0.220684
5250  0.220684
5260  0.220684
5270  0.220684
5280  0.220684
5290  0.220684
5300  0.220684
5310  0.220684
5320  0.220684
5330  0.220684
5340  0.220662
5350  0.220662
5360  0.220662
5370  0.220662
5380  0.220662
5390  0.220662
5400  0.220662
5410  0.220662
5420  0.220662
5430  0.220662
5440  0.220662
5450  0.220662
5460  0.220662
5470  0.220662
5480  0.220662
5490  0.220662
5500  0.220662
5510  0.220662
5520  0.220662
5530  0.220662
5540  0.220662
5550  0.220662
5560  0.220662
5570  0.220614
5580  0.220614
5590  0.220614
5600  0.220614
5610  0.220614
5620  0.220614
5630  0.220037
5640  0.220037
5650  0.220037
5660  0.220037
5670  0.220037
5680  0.220037
5690  0.220037
5700  0.220037
5710  0.220037
5720  0.220037
5730  0.220037
5740  0.220037
5750  0.220037
5760  0.220037
5770  0.220037
5780  0.220037
5790  0.220037
5800  0.220037
5810  0.220037
5820  0.220037
5830  0.220037
5840  0.220037
5850  0.220037
5860  0.220037
5870  0.220037
5880  0.220037
5890  0.220037
5900  0.220037
5910  0.220037
5920  0.220037
5930  0.220037
5940  0.220037
5950  0.220037
5960  0.220037
5970  0.220037
5980  0.220037
5990  0.220037
6000  0.220037
6010  0.220037
6020  0.220037
6030  0.220037
6040  0.220037
6050  0.220037
6060  0.220037
6070  0.220037
6080  0.220037
6090  0.220037
6100  0.220037
6110  0.220037
6120  0.220037
6130  0.220037
6140  0.220037
6150  0.220018
6160  0.220018
6170  0.220018
6180  0.220018
6190  0.220018
6200  0.220018
6210  0.220018
6220  0.219887
6230  0.219887
6240  0.219887
6250  0.219887
6260  0.219887
6270  0.219887
6280  0.219887
6290  0.219887
6300  0.219887
6310  0.219791
6320  0.219791
6330  0.219791
6340  0.219791
6350  0.219791
6360  0.219791
6370  0.219791
6380  0.219791
6390  0.219791
6400  0.219791
6410  0.219791
6420  0.219791
6430  0.219495
6440  0.219495
6450  0.219495
6460  0.219495
6470  0.219495
6480  0.219495
6490  0.219495
6500  0.219495
6510  0.219495
6520  0.219495
6530  0.219495
6540  0.219495
6550  0.219495
6560  0.219495
6570  0.219495
6580  0.219495
6590  0.219495
6600  0.219495
6610  0.219495
6620  0.219495
6630  0.219495
6640  0.219495
6650  0.219495
6660  0.219495
6670  0.219495
6680  0.219495
6690  0.219495
6700  0.219495
6710  0.219495
6720  0.219495
6730  0.219495
6740  0.219495
6750  0.219495
6760  0.219495
6770  0.219495
6780  0.219495
6790  0.219495
6800  0.219495
6810  0.219495
6820  0.219495
6830  0.219495
6840  0.219495
6850  0.219495
6860  0.219495
6870  0.219495
6880  0.219495
6890  0.219495
6900  0.219495
6910  0.219495
6920  0.219495
6930  0.219495
6940  0.219495
6950  0.219495
6960  0.219495
6970  0.219495
6980  0.219495
6990  0.219495
7000  0.219495
7010  0.219495
7020  0.219495
7030  0.219495
7040  0.219495
7050  0.219495
7060  0.219495
7070  0.219495
7080  0.219495
7090  0.219495
7100  0.219495
7110  0.219027
7120  0.219027
7130  0.219027
7140  0.219027
7150  0.219027
7160  0.219027
7170  0.219027
7180  0.219027
7190  0.219027
7200  0.219027
7210  0.219027
7220  0.219027
7230  0.219027
7240  0.219027
7250  0.219027
7260  0.219027
7270  0.219027
7280  0.219027
7290  0.219027
7300  0.219027
7310  0.219027
7320  0.219027
7330  0.219027
7340  0.219027
7350  0.219027
7360  0.219027
7370  0.219027
7380  0.219027
7390  0.219027
7400  0.219027
7410  0.219027
7420  0.219027
7430  0.219027
7440  0.218975
7450  0.218975
7460  0.218975
7470  0.218975
7480  0.218975
7490  0.218975
7500  0.218975
7510  0.218975
7520  0.218975
7530  0.218975
7540  0.218975
7550  0.218975
7560  0.218975
7570  0.218975
7580  0.218975
7590  0.218975
7600  0.218975
7610  0.218975
7620  0.218975
7630  0.218975
7640  0.218975
7650  0.218975
7660  0.218975
7670  0.218975
7680  0.218975
7690  0.218975
7700  0.218975
7710  0.218975
7720  0.218975
7730  0.218975
7740  0.218975
7750  0.218975
7760  0.218975
7770  0.218975
7780  0.218975
7790  0.218975
7800  0.218975
7810  0.218975
7820  0.218975
7830  0.218975
7840  0.218975
7850  0.218975
7860  0.218975
7870  0.218975
7880  0.218975
7890  0.218975
7900  0.218975
7910  0.218975
7920  0.218975
7930  0.218975
7940  0.218975
7950  0.218975
7960  0.218975
7970  0.218975
7980  0.218975
7990  0.218975
8000  0.218975
8010  0.218975
8020  0.218975
8030  0.218975
8040  0.218975
8050  0.218975
8060  0.218975
8070  0.218975
8080  0.218975
8090  0.218975
8100  0.218975
8110  0.218975
8120  0.218975
8130  0.218975
8140  0.218975
8150  0.218975
8160  0.218975
8170  0.218975
8180  0.218975
8190  0.218975
8200  0.218975
8210  0.218975
8220  0.218975
8230  0.218975
8240  0.218975
8250  0.218975
8260  0.218975
8270  0.218975
8280  0.218975
8290  0.218975
8300  0.218975
8310  0.218975
8320  0.218975
8330  0.218975
8340  0.218975
8350  0.218975
8360  0.218975
8370  0.218975
8380  0.218975
8390  0.218975
8400  0.218975
8410  0.218975
8420  0.218975
8430  0.218975
8440  0.218975
8450  0.218975
8460  0.218975
8470  0.218975
8480  0.218975
8490  0.218975
8500  0.218975
8510  0.218975
8520  0.218975
8530  0.218975
8540  0.218975
8550  0.218975
8560  0.218975
8570  0.218975
8580  0.218975
8590  0.218975
8600  0.218975
8610  0.218975
8620  0.218975
8630  0.218975
8640  0.218975
8650  0.218975
8660  0.218975
8670  0.218975
8680  0.218975
8690  0.218975
8700  0.218975
8710  0.218975
8720  0.218975
8730  0.218975
8740  0.218975
8750  0.218975
8760  0.218975
8770  0.218975
8780  0.218975
8790  0.218975
8800  0.218975
8810  0.218975
8820  0.218975
8830  0.218975
8840  0.218975
8850  0.218975
8860  0.218975
8870  0.218975
8880  0.218975
8890  0.218975
8900  0.218975
8910  0.218975
8920  0.218975
8930  0.218975
8940  0.218975
8950  0.218975
8960  0.218975
8970  0.218975
8980  0.218975
8990  0.218975
9000  0.218975
9010  0.218975
9020  0.218975
9030  0.218975
9040  0.218975
9050  0.218975
9060  0.218975
9070  0.218975
9080  0.218975
9090  0.218975
9100  0.218975
9110  0.218975
9120  0.218975
9130  0.218975
9140  0.218975
9150  0.218975
9160  0.218975
9170  0.218975
9180  0.218975
9190  0.218975
9200  0.218975
9210  0.218975
9220  0.218975
9230  0.218975
9240  0.218975
9250  0.218975
9260  0.218975
9270  0.218975
9280  0.218975
9290  0.218975
9300  0.218975
9310  0.218975
9320  0.218975
9330  0.218975
9340  0.218975
9350  0.218975
9360  0.218975
9370  0.218975
9380  0.218975
9390  0.218975
9400  0.218975
9410  0.218975
9420  0.218975
9430  0.218975
9440  0.218975
9450  0.218975
9460  0.218975
9470  0.218975
9480  0.218975
9490  0.218975
9500  0.218975
9510  0.218975
9520  0.218975
9530  0.218975
9540  0.218975
9550  0.218975
9560  0.218975
9570  0.218975
9580  0.218975
9590  0.218975
9600  0.218975
9610  0.218975
9620  0.218975
9630  0.218975
9640  0.218975
9650  0.218975
9660  0.218975
9670  0.218975
9680  0.218975
9690  0.218975
9700  0.218975
9710  0.218975
9720  0.218975
9730  0.218975
9740  0.218975
9750  0.218975
9760  0.218975
9770  0.218975
9780  0.218975
9790  0.218975
9800  0.218975
9810  0.218975
9820  0.218975
9830  0.218975
9840  0.218975
9850  0.218975
9860  0.218975
9870  0.218975
9880  0.218975
9890  0.218975
9900  0.218975
9910  0.218975
9920  0.218975
9930  0.218975
9940  0.218975
9950  0.218975
9960  0.218975
9970  0.218975
9980  0.218975
9990  0.218975
10000  0.218975
10010  0.218975
10020  0.218975
10030  0.218975
10040  0.218975
10050  0.218975
10060  0.218975
10070  0.218975
10080  0.218975
10090  0.218975
10100  0.218975
10110  0.218975
10120  0.218975
10130  0.218975
10140  0.218975
10150  0.218975
10160  0.218975
10170  0.218975
10180  0.218975
10190  0.218975
10200  0.218975
10210  0.218975
10220  0.218975
10230  0.218975
10240  0.218975
10250  0.218975
10260  0.218975
10270  0.218975
10280  0.218975
10290  0.218975
10300  0.218975
10310  0.218975
10320  0.218975
10330  0.218975
10340  0.218975
10350  0.218975
10360  0.218975
10370  0.218975
10380  0.218975
10390  0.218975
10400  0.218975
10410  0.218975
10420  0.218975
10430  0.218975
10440  0.218975
10450  0.218975
10460  0.218975
10470  0.218975
10480  0.218975
10490  0.218975
10500  0.218975
10510  0.218975
10520  0.218975
10530  0.218975
10540  0.218975
10550  0.218975
10560  0.218975
10570  0.218975
10580  0.218975
10590  0.218975
10600  0.218975
10610  0.218975
10620  0.218975
10630  0.218975
10640  0.218975
10650  0.218975
10660  0.218975
10670  0.218975
10680  0.218975
10690  0.218975
10700  0.218975
10710  0.218975
10720  0.218975
10730  0.218975
10740  0.218975
10750  0.218975
10760  0.218975
10770  0.218975
10780  0.218975
10790  0.218975
10800  0.218975
10810  0.218975
10820  0.218975
10830  0.218975
10840  0.218975
10850  0.218975
10860  0.218975
10870  0.218975
10880  0.218975
10890  0.218975
10900  0.218975
10910  0.218975
10920  0.218975
10930  0.218975
10940  0.218975
10950  0.218975
10960  0.218975
10970  0.218975
10980  0.218975
10990  0.218975
11000  0.218975
11010  0.218975
11020  0.218975
11030  0.218975
11040  0.218975
11050  0.218975
11060  0.218975
11070  0.218975
11080  0.218975
11090  0.218975
11100  0.218975
11110  0.218975
11120  0.218975
11130  0.218975
11140  0.218975
11150  0.218975
11160  0.218975
11170  0.218975
11180  0.218975
11190  0.218975
11200  0.218975
11210  0.218975
11220  0.218975
11230  0.218975
11240  0.218975
11250  0.218975
11260  0.218975
11270  0.218975
11280  0.218975
11290  0.218975
11300  0.218975
11310  0.218975
11320  0.218975
11330  0.218975
11340  0.218975
11350  0.218975
11360  0.218975
11370  0.218975
11380  0.218975
11390  0.218975
11400  0.218975
11410  0.218975
11420  0.218975
11430  0.218975
11440  0.218975
11450  0.218975
11460  0.218975
11470  0.218975
11480  0.218975
11490  0.218975
11500  0.218975
11510  0.218975
11520  0.218975
11530  0.218975
11540  0.218975
11550  0.218975
11560  0.218975
11570  0.218975
11580  0.218975
11590  0.218975
11600  0.218975
11610  0.218975
11620  0.218975
11630  0.218975
11640  0.218975
11650  0.218975
11660  0.218975
11670  0.218975
11680  0.218975
11690  0.218975
11700  0.218975
11710  0.218975
11720  0.218975
11730  0.218975
11740  0.218975
11750  0.218975
11760  0.218975
11770  0.218975
11780  0.218975
11790  0.218975
11800  0.218975
11810  0.218975
11820  0.218975
11830  0.218975
11840  0.218975
11850  0.218975
11860  0.218975
11870  0.218975
11880  0.218975
11890  0.218975
11900  0.218975
11910  0.218975
11920  0.218975
11930  0.218975
11940  0.218975
11950  0.218975
11960  0.218975
11970  0.218975
11980  0.218975
11990  0.218975
12000  0.218975
12010  0.218975
12020  0.218975
12030  0.218975
12040  0.218975
12050  0.218975
12060  0.218975
12070  0.218975
12080  0.218975
12090  0.218975
12100  0.218975
12110  0.218975
12120  0.218975
12130  0.218975
12140  0.218975
12150  0.218975
12160  0.218975
12170  0.218975
12180  0.218975
12190  0.218975
12200  0.218975
12210  0.218975
12220  0.218975
12230  0.218975
12240  0.218975
12250  0.218975
12260  0.218975
12270  0.218975
12280  0.218975
12290  0.218975
12300  0.218975
12310  0.218975
12320  0.218975
12330  0.218975
12340  0.218975
12350  0.218975
12360  0.218975
12370  0.218975
12380  0.218975
12390  0.218975
12400  0.218975
12410  0.218975
12420  0.218975
12430  0.218975
12440  0.218975
12450  0.218975
12460  0.218975
12470  0.218975
12480  0.218975
12490  0.218975
12500  0.218975
12510  0.218975
12520  0.218975
12530  0.218975
12540  0.218975
12550  0.218975
12560  0.218975
12570  0.218975
12580  0.218975
12590  0.218975
12600  0.218975
12610  0.218975
12620  0.218975
12630  0.218975
12640  0.218975
12650  0.218975
12660  0.218975
12670  0.218975
12680  0.218975
12690  0.218975
12700  0.218975
12710  0.218975
12720  0.218975
12730  0.218975
12740  0.218975
12750  0.218975
12760  0.218975
12770  0.218975
12780  0.218975
12790  0.218975
12800  0.218975
12810  0.218975
12820  0.218975
12830  0.218975
12840  0.218975
12850  0.218975
12860  0.218975
12870  0.218975
12880  0.218975
12890  0.218975
12900  0.218975
12910  0.218975
12920  0.218975
12930  0.218975
12940  0.218975
12950  0.218975
12960  0.218975
12970  0.218975
12980  0.218975
12990  0.218975
13000  0.218975
13010  0.218975
13020  0.218975
13030  0.218975
13040  0.218975
13050  0.218975
13060  0.218975
13070  0.218975
13080  0.218975
13090  0.218975
13100  0.218975
13110  0.218975
13120  0.218975
13130  0.218975
13140  0.218975
13150  0.218975
13160  0.218975
13170  0.218975
13180  0.218975
13190  0.218975
13200  0.218975
13210  0.218975
13220  0.218975
13230  0.218975
13240  0.218975
13250  0.218975
13260  0.218975
13270  0.218975
13280  0.218975
13290  0.218975
13300  0.218975
13310  0.218975
13320  0.218975
13330  0.218975
13340  0.218975
13350  0.218975
13360  0.218975
13370  0.218975
13380  0.218975
13390  0.218975
13400  0.218975
13410  0.218975
13420  0.218975
13430  0.218975
13440  0.218975
13450  0.218975
13460  0.218975
13470  0.218975
13480  0.218975
13490  0.218975
13500  0.218975
13510  0.218975
13520  0.218975
13530  0.218975
13540  0.218975
13550  0.218975
13560  0.218975
13570  0.218975
13580  0.218975
13590  0.218975
13600  0.218975
13610  0.218975
13620  0.218975
13630  0.218975
13640  0.218975
13650  0.218975
13660  0.219013
13670  0.219013
13680  0.219013
13690  0.219013
13700  0.219013
13710  0.219013
13720  0.219013
13730  0.219013
13740  0.219013
13750  0.219013
13760  0.219013
13770  0.219013
13780  0.219013
13790  0.219013
13800  0.219013
13810  0.219013
13820  0.219013
13830  0.219013
13840  0.219013
13850  0.219013
13860  0.219013
13870  0.219013
13880  0.219013
13890  0.219013
13900  0.219013
13910  0.219013
13920  0.219013
13930  0.219013
13940  0.219013
13950  0.219013
13960  0.219013
13970  0.219013
13980  0.219013
13990  0.219013
14000  0.219013
14010  0.219013
14020  0.219013
14030  0.219013
14040  0.219013
14050  0.219013
14060  0.219013
14070  0.219013
14080  0.219013
14090  0.219013
14100  0.219013
14110  0.218975
14120  0.218975
14130  0.218975
14140  0.218975
14150  0.218975
14160  0.218975
14170  0.218975
14180  0.218975
14190  0.218975
14200  0.218975
14210  0.218975
14220  0.218612
14230  0.218612
14240  0.218612
14250  0.218612
14260  0.218612
14270  0.218612
14280  0.218612
14290  0.218612
14300  0.218612
14310  0.218612
14320  0.218612
14330  0.218612
14340  0.218612
14350  0.218612
14360  0.218612
14370  0.218278
14380  0.218278
14390  0.218278
14400  0.218278
14410  0.218278
14420  0.218278
14430  0.218278
14440  0.218278
14450  0.218278
14460  0.218278
14470  0.218278
14480  0.218278
14490  0.218278
14500  0.218278
14510  0.218278
14520  0.218278
14530  0.218278
14540  0.218278
14550  0.218278
14560  0.218278
14570  0.218278
14580  0.218278
14590  0.218278
14600  0.218278
14610  0.218278
14620  0.218278
14630  0.218278
14640  0.218278
14650  0.218278
14660  0.218278
14670  0.218278
14680  0.218278
14690  0.218278
14700  0.218278
14710  0.218278
14720  0.218278
14730  0.218278
14740  0.218278
14750  0.218278
14760  0.218278
14770  0.218278
14780  0.218278
14790  0.218278
14800  0.218278
14810  0.218278
14820  0.218278
14830  0.218278
14840  0.218278
14850  0.218278
14860  0.218278
14870  0.218278
14880  0.218278
14890  0.218278
14900  0.218278
14910  0.218278
14920  0.218278
14930  0.218278
14940  0.218278
14950  0.218278
14960  0.218278
14970  0.218278
14980  0.218278
14990  0.218278
15000  0.218278
15010  0.218278
15020  0.218278
15030  0.218278
15040  0.218278
15050  0.218278
15060  0.218278
15070  0.218278
15080  0.218278
15090  0.218278
15100  0.218278
15110  0.218278
15120  0.218278
15130  0.218278
15140  0.218278
15150  0.218278
15160  0.218278
15170  0.218278
15180  0.218278
15190  0.218278
15200  0.218278
15210  0.218278
15220  0.218278
15230  0.218278
15240  0.218278
15250  0.218278
15260  0.218278
15270  0.218278
15280  0.218278
15290  0.218278
15300  0.218278
15310  0.218278
15320  0.218278
15330  0.218278
15340  0.218278
15350  0.218278
15360  0.218278
15370  0.218278
15380  0.218278
15390  0.218278
15400  0.218278
15410  0.218278
15420  0.218278
15430  0.218278
15440  0.218278
15450  0.218278
15460  0.218278
15470  0.218278
15480  0.218278
15490  0.218278
15500  0.218278
15510  0.218278
15520  0.218278
15530  0.218278
15540  0.218278
15550  0.218278
15560  0.218278
15570  0.218278
15580  0.218278
15590  0.218278
15600  0.218278
15610  0.218278
15620  0.218278
15630  0.218278
15640  0.218278
15650  0.218278
15660  0.218278
15670  0.218278
15680  0.218278
15690  0.218278
15700  0.218278
15710  0.218278
15720  0.218278
15730  0.218278
15740  0.218278
15750  0.218278
15760  0.218278
15770  0.218278
15780  0.218278
15790  0.218278
15800  0.218278
15810  0.218278
15820  0.218278
15830  0.218278
15840  0.218278
15850  0.218278
15860  0.218278
15870  0.218278
15880  0.218278
15890  0.218278
15900  0.218278
15910  0.218278
15920  0.218278
15930  0.218278
15940  0.218278
15950  0.218278
15960  0.218278
15970  0.218278
15980  0.218278
15990  0.218278
16000  0.218278
16010  0.218278
16020  0.218278
16030  0.218278
16040  0.218278
16050  0.218278
16060  0.218278
16070  0.218278
16080  0.218278
16090  0.218278
16100  0.218278
16110  0.218278
16120  0.218278
16130  0.218278
16140  0.218278
16150  0.218278
16160  0.218278
16170  0.218278
16180  0.218278
16190  0.218278
16200  0.218278
16210  0.218278
16220  0.218278
16230  0.218115
16240  0.218115
16250  0.218115
16260  0.218115
16270  0.218115
16280  0.218115
16290  0.218115
16300  0.218115
16310  0.218115
16320  0.218115
16330  0.218115
16340  0.218115
16350  0.218115
16360  0.218115
16370  0.218115
16380  0.218115
16390  0.218115
16400  0.218115
16410  0.218115
16420  0.218115
16430  0.218115
16440  0.218115
16450  0.218115
16460  0.218115
16470  0.218115
16480  0.218115
16490  0.218115
16500  0.218115
16510  0.218115
16520  0.218115
16530  0.218115
16540  0.218115
16550  0.218115
16560  0.218115
16570  0.218115
16580  0.218115
16590  0.218115
16600  0.218115
16610  0.218115
16620  0.218115
16630  0.218115
16640  0.218115
16650  0.218115
16660  0.218115
16670  0.218115
16680  0.218115
16690  0.218115
16700  0.218115
16710  0.218115
16720  0.218115
16730  0.218115
16740  0.218115
16750  0.218115
16760  0.218115
16770  0.218115
16780  0.218115
16790  0.218115
16800  0.218115
16810  0.218115
16820  0.218115
16830  0.218115
16840  0.218115
16850  0.218115
16860  0.218115
16870  0.218115
16880  0.218115
16890  0.218115
16900  0.218115
16910  0.218115
16920  0.218115
16930  0.218115
16940  0.218115
16950  0.218115
16960  0.218115
16970  0.218115
16980  0.218115
16990  0.218115
17000  0.218115
17010  0.218115
17020  0.218115
17030  0.218115
17040  0.218115
17050  0.218115
17060  0.218115
17070  0.218115
17080  0.218115
17090  0.218115
17100  0.218115
17110  0.218115
17120  0.218115
17130  0.218115
17140  0.218115
17150  0.218115
17160  0.218115
17170  0.218115
17180  0.218115
17190  0.218115
17200  0.218115
17210  0.218115
17220  0.218115
17230  0.218115
17240  0.218115
17250  0.218115
17260  0.218115
17270  0.218115
17280  0.218115
17290  0.218115
17300  0.218115
17310  0.218115
17320  0.218115
17330  0.218115
17340  0.218115
17350  0.218115
17360  0.218115
17370  0.218115
17380  0.218115
17390  0.218115
17400  0.218115
17410  0.218115
17420  0.218115
17430  0.218115
17440  0.218115
17450  0.218115
17460  0.218115
17470  0.218115
17480  0.218115
17490  0.218115
17500  0.218115
17510  0.218115
17520  0.218115
17530  0.218115
17540  0.218115
17550  0.218115
17560  0.218115
17570  0.218115
17580  0.218115
17590  0.218115
17600  0.218115
17610  0.218115
17620  0.218115
17630  0.218115
17640  0.218115
17650  0.218115
17660  0.218115
17670  0.218115
17680  0.218115
17690  0.218115
17700  0.218115
17710  0.218115
17720  0.218115
17730  0.218115
17740  0.218115
17750  0.218115
17760  0.218115
17770  0.218115
17780  0.218115
17790  0.218115
17800  0.218115
17810  0.218115
17820  0.218115
17830  0.218115
17840  0.218115
17850  0.218115
17860  0.218115
17870  0.218115
17880  0.218115
17890  0.218115
17900  0.218115
17910  0.218115
17920  0.218115
17930  0.218115
17940  0.218115
17950  0.218115
17960  0.218115
17970  0.218115
17980  0.218115
17990  0.218115
18000  0.218115
18010  0.218115
18020  0.218115
18030  0.218115
18040  0.218115
18050  0.218115
18060  0.218115
18070  0.218115
18080  0.218115
18090  0.218115
18100  0.218115
18110  0.218115
18120  0.218115
18130  0.218115
18140  0.218115
18150  0.218115
18160  0.218115
18170  0.218115
18180  0.218115
18190  0.218115
18200  0.218115
18210  0.218115
18220  0.218115
18230  0.218115
18240  0.218115
18250  0.218115
18260  0.218115
18270  0.218115
18280  0.218115
18290  0.218115
18300  0.218115
18310  0.218115
18320  0.218115
18330  0.218115
18340  0.218115
18350  0.218115
18360  0.218115
18370  0.218115
18380  0.218115
18390  0.218115
18400  0.218115
18410  0.218115
18420  0.218115
18430  0.218115
18440  0.218115
18450  0.218115
18460  0.218115
18470  0.218115
18480  0.218115
18490  0.218115
18500  0.218115
18510  0.218115
18520  0.218115
18530  0.218115
18540  0.218115
18550  0.218115
18560  0.218115
18570  0.218115
18580  0.218115
18590  0.218115
18600  0.218115
18610  0.218115
18620  0.218115
18630  0.218115
18640  0.218115
18650  0.218115
18660  0.218115
18670  0.218115
18680  0.218115
18690  0.218115
18700  0.218115
18710  0.218115
18720  0.218115
18730  0.218115
18740  0.218115
18750  0.218115
18760  0.218115
18770  0.218115
18780  0.218115
18790  0.218115
18800  0.218115
18810  0.218115
18820  0.218115
18830  0.218115
18840  0.218115
18850  0.218115
18860  0.218115
18870  0.218115
18880  0.218115
18890  0.218115
18900  0.218115
18910  0.218115
18920  0.218115
18930  0.218115
18940  0.218115
18950  0.218115
18960  0.218115
18970  0.218115
18980  0.218115
18990  0.218115
19000  0.218115
19010  0.218115
19020  0.218115
19030  0.218115
19040  0.218115
19050  0.218115
19060  0.218115
19070  0.218115
19080  0.218115
19090  0.218115
19100  0.218115
19110  0.218115
19120  0.218115
19130  0.218115
19140  0.218115
19150  0.218115
19160  0.218115
19170  0.218115
19180  0.218115
19190  0.218115
19200  0.218115
19210  0.218115
19220  0.218115
19230  0.218115
19240  0.218115
19250  0.218115
19260  0.218115
19270  0.218115
19280  0.218115
19290  0.218115
19300  0.218115
19310  0.218115
19320  0.218115
19330  0.218115
19340  0.218115
19350  0.218115
19360  0.218115
19370  0.218115
19380  0.218115
19390  0.218115
19400  0.218115
19410  0.218115
19420  0.218115
19430  0.218115
19440  0.218115
19450  0.218115
19460  0.218115
19470  0.218115
19480  0.218115
19490  0.218115
19500  0.218115
19510  0.218115
19520  0.218115
19530  0.218115
19540  0.218115
19550  0.218115
19560  0.218115
19570  0.218115
19580  0.218115
19590  0.218115
19600  0.218115
19610  0.218115
19620  0.218115
19630  0.218115
19640  0.218115
19650  0.218115
19660  0.218115
19670  0.218115
19680  0.218115
19690  0.218115
19700  0.218115
19710  0.218115
19720  0.218115
19730  0.218115
19740  0.218115
19750  0.218115
19760  0.218115
19770  0.218115
19780  0.218115
19790  0.218115
19800  0.218115
19810  0.218115
19820  0.218115
19830  0.218115
19840  0.218115
19850  0.218115
19860  0.218115
19870  0.218115
19880  0.218115
19890  0.218115
19900  0.218115
19910  0.218115
19920  0.218115
19930  0.218115
19940  0.218115
19950  0.218115
19960  0.218115
19970  0.218115
19980  0.218115
19990  0.218115
20000  0.218115
20010  0.218115
20020  0.218115
20030  0.218115
20040  0.218115
20050  0.218115
20060  0.218115
20070  0.218115
20080  0.218115
20090  0.218115
20100  0.218115
20110  0.218115
20120  0.218115
20130  0.218115
20140  0.218115
20150  0.218115
20160  0.218115
20170  0.218115
20180  0.218115
20190  0.218115
20200  0.218115
20210  0.218115
20220  0.218115
20230  0.218115
20240  0.218115
20250  0.218115
20260  0.218115
20270  0.218115
20280  0.218115
20290  0.218115
20300  0.218115
20310  0.218115
20320  0.218115
20330  0.218115
20340  0.218115
20350  0.218115
20360  0.218115
20370  0.218115
20380  0.218115
20390  0.218115
20400  0.218115
20410  0.218115
20420  0.218115
20430  0.218115
20440  0.218115
20450  0.218115
20460  0.218115
20470  0.218115
20480  0.218115
20490  0.218115
20500  0.218115
20510  0.218115
20520  0.218115
20530  0.218115
20540  0.218115
20550  0.218115
20560  0.218115
20570  0.218115
20580  0.218115
20590  0.218115
20600  0.218115
20610  0.218115
20620  0.218115
20630  0.218115
20640  0.218115
20650  0.218115
20660  0.218115
20670  0.218115
20680  0.218115
20690  0.218115
20700  0.218115
20710  0.218115
20720  0.218115
20730  0.218115
20740  0.218115
20750  0.218115
20760  0.218115
20770  0.218115
20780  0.218115
20790  0.218115
20800  0.218045
20810  0.218045
20820  0.218045
20830  0.218045
20840  0.218045
20850  0.218045
20860  0.218045
20870  0.218045
20880  0.218045
20890  0.218045
20900  0.218045
20910  0.218045
20920  0.218045
20930  0.218045
20940  0.218045
20950  0.218045
20960  0.218045
20970  0.218045
20980  0.218045
20990  0.218045
21000  0.218045
21010  0.218045
21020  0.218045
21030  0.218045
21040  0.218045
21050  0.218045
21060  0.218045
21070  0.218045
21080  0.218045
21090  0.218045
21100  0.218045
21110  0.218045
21120  0.218045
21130  0.218045
21140  0.218045
21150  0.218045
21160  0.218045
21170  0.218045
21180  0.218045
21190  0.218045
21200  0.218045
21210  0.218045
21220  0.218045
21230  0.218045
21240  0.218045
21250  0.218045
21260  0.218045
21270  0.218045
21280  0.218045
21290  0.218045
21300  0.218045
21310  0.218045
21320  0.218045
21330  0.218045
21340  0.218045
21350  0.218045
21360  0.218045
21370  0.218045
21380  0.218045
21390  0.218045
21400  0.218045
21410  0.218045
21420  0.218045
21430  0.218045
21440  0.218045
21450  0.218045
21460  0.218045
21470  0.218045
21480  0.218045
21490  0.218045
21500  0.218045
21510  0.218045
21520  0.218045
21530  0.218045
21540  0.218045
21550  0.217773
21560  0.217773
21570  0.217773
21580  0.217773
21590  0.217773
21600  0.217773
21610  0.217773
21620  0.217773
21630  0.217773
21640  0.217773
21650  0.217773
21660  0.217773
21670  0.217773
21680  0.217773
21690  0.217773
21700  0.217773
21710  0.217773
21720  0.217773
21730  0.217773
21740  0.217773
21750  0.217773
21760  0.217773
21770  0.217773
21780  0.217773
21790  0.217773
21800  0.217773
21810  0.217773
21820  0.217773
21830  0.217773
21840  0.217773
21850  0.217773
21860  0.217773
21870  0.217773
21880  0.217773
21890  0.217773
21900  0.217773
21910  0.217773
21920  0.217773
21930  0.217773
21940  0.217773
21950  0.217773
21960  0.217773
21970  0.217773
21980  0.217773
21990  0.217773
22000  0.217773
22010  0.217773
22020  0.217773
22030  0.217773
22040  0.217773
22050  0.217773
22060  0.217773
22070  0.217773
22080  0.217773
22090  0.217773
22100  0.217773
22110  0.217773
22120  0.217773
22130  0.217773
22140  0.217773
22150  0.217773
22160  0.217773
22170  0.217773
22180  0.217773
22190  0.217773
22200  0.217773
22210  0.217773
22220  0.217773
22230  0.217773
22240  0.217773
22250  0.217773
22260  0.217773
22270  0.217773
22280  0.217773
22290  0.217773
22300  0.217773
22310  0.217773
22320  0.217773
22330  0.217773
22340  0.217773
22350  0.217773
22360  0.217773
22370  0.217773
22380  0.217773
22390  0.217773
22400  0.217773
22410  0.217773
22420  0.217773
22430  0.217773
22440  0.217773
22450  0.217773
22460  0.217773
22470  0.217773
22480  0.217773
22490  0.217773
22500  0.217773
22510  0.217773
22520  0.217773
22530  0.217773
22540  0.217773
22550  0.217773
22560  0.217773
22570  0.217773
22580  0.217773
22590  0.217773
22600  0.217773
22610  0.217773
22620  0.217773
22630  0.217773
22640  0.217773
22650  0.217773
22660  0.217773
22670  0.217773
22680  0.217773
22690  0.217773
22700  0.217773
22710  0.217773
22720  0.217773
22730  0.217773
22740  0.217773
22750  0.217773
22760  0.217773
22770  0.217773
22780  0.217773
22790  0.217773
22800  0.217773
22810  0.217773
22820  0.217773
22830  0.217773
22840  0.217773
22850  0.217773
22860  0.217773
22870  0.217773
22880  0.217773
22890  0.217773
22900  0.217773
22910  0.217773
22920  0.217773
22930  0.217773
22940  0.217773
22950  0.217773
22960  0.217773
22970  0.217773
22980  0.217773
22990  0.217773
23000  0.217773
23010  0.217773
23020  0.217773
23030  0.217773
23040  0.217773
23050  0.217773
23060  0.217773
23070  0.217773
23080  0.217773
23090  0.217773
23100  0.217773
23110  0.217773
23120  0.217773
23130  0.217773
23140  0.217773
23150  0.217773
23160  0.217773
23170  0.217773
23180  0.217773
23190  0.217773
23200  0.217773
23210  0.217773
23220  0.217773
23230  0.217773
23240  0.217773
23250  0.217773
23260  0.217773
23270  0.217773
23280  0.217773
23290  0.217773
23300  0.217773
23310  0.217773
23320  0.217773
23330  0.217773
23340  0.217773
23350  0.217773
23360  0.217773
23370  0.217773
23380  0.217773
23390  0.217773
23400  0.217773
23410  0.217773
23420  0.217773
23430  0.217773
23440  0.217773
23450  0.217773
23460  0.217773
23470  0.217773
23480  0.217773
23490  0.217773
23500  0.217773
23510  0.217773
23520  0.217773
23530  0.217773
23540  0.217773
23550  0.217773
23560  0.217773
23570  0.217773
23580  0.217773
23590  0.217773
23600  0.217773
23610  0.217773
23620  0.217773
23630  0.217773
23640  0.217773
23650  0.217773
23660  0.217773
23670  0.217773
23680  0.217773
23690  0.217773
23700  0.217773
23710  0.217773
23720  0.217773
23730  0.217773
23740  0.217773
23750  0.217773
23760  0.217773
23770  0.217773
23780  0.217773
23790  0.217773
23800  0.217773
23810  0.217773
23820  0.217773
23830  0.217773
23840  0.217773
23850  0.217773
23860  0.217773
23870  0.217773
23880  0.217773
23890  0.217773
23900  0.217773
23910  0.217773
23920  0.217773
23930  0.217773
23940  0.217773
23950  0.217773
23960  0.217773
23970  0.217773
23980  0.217773
23990  0.217773
24000  0.217773
24010  0.217773
24020  0.217773
24030  0.217773
24040  0.217773
24050  0.217773
24060  0.217773
24070  0.217773
24080  0.217773
24090  0.217773
24100  0.217773
24110  0.217773
24120  0.217773
24130  0.217773
24140  0.217773
24150  0.217773
24160  0.217773
24170  0.217773
24180  0.217773
24190  0.217773
24200  0.217773
24210  0.217773
24220  0.217773
24230  0.217773
24240  0.217773
24250  0.217773
24260  0.217773
24270  0.217773
24280  0.217773
24290  0.217773
24300  0.217773
24310  0.217773
24320  0.217773
24330  0.217773
24340  0.217773
24350  0.217773
24360  0.217773
24370  0.217773
24380  0.217773
24390  0.217773
24400  0.217773
24410  0.217773
24420  0.217773
24430  0.217773
24440  0.217773
24450  0.217773
24460  0.217773
24470  0.217773
24480  0.217773
24490  0.217773
24500  0.217773
24510  0.217773
24520  0.217773
24530  0.217773
24540  0.217773
24550  0.217773
24560  0.217773
24570  0.217773
24580  0.217773
24590  0.217773
24600  0.217773
24610  0.217773
24620  0.217773
24630  0.217773
24640  0.217773
24650  0.217773
24660  0.217773
24670  0.217773
24680  0.217773
24690  0.217773
24700  0.217773
24710  0.217773
24720  0.217773
24730  0.217773
24740  0.217773
24750  0.217773
24760  0.217773
24770  0.217773
24780  0.217773
24790  0.217746
24800  0.217746
24810  0.217746
24820  0.217746
24830  0.217746
24840  0.217746
24850  0.217746
24860  0.217746
24870  0.217746
24880  0.217746
24890  0.217746
24900  0.217746
24910  0.217746
24920  0.217746
24930  0.217746
24940  0.217746
24950  0.217746
24960  0.217746
24970  0.217746
24980  0.217746
24990  0.217746
25000  0.217746
25010  0.217746
25020  0.217746
25030  0.217746
25040  0.217746
25050  0.217746
25060  0.217746
25070  0.217746
25080  0.217746
25090  0.217746
25100  0.217746
25110  0.217746
25120  0.217746
25130  0.217746
25140  0.217746
25150  0.217746
25160  0.217746
25170  0.217746
25180  0.217746
25190  0.217746
25200  0.217746
25210  0.217746
25220  0.217746
25230  0.217746
25240  0.217746
25250  0.217746
25260  0.217746
25270  0.217746
25280  0.217746
25290  0.217746
25300  0.217746
25310  0.217746
25320  0.217746
25330  0.217746
25340  0.217746
25350  0.217746
25360  0.217746
25370  0.217746
25380  0.217746
25390  0.217746
25400  0.217746
25410  0.217746
25420  0.217746
25430  0.217746
25440  0.217746
25450  0.217746
25460  0.217746
25470  0.217746
25480  0.217746
25490  0.217746
25500  0.217746
25510  0.217746
25520  0.217746
25530  0.217746
25540  0.217746
25550  0.217746
25560  0.217746
25570  0.217746
25580  0.217746
25590  0.217746
25600  0.217746
25610  0.217746
25620  0.217746
25630  0.217746
25640  0.217746
25650  0.217746
25660  0.217746
25670  0.217746
25680  0.217746
25690  0.217746
25700  0.217746
25710  0.217746
25720  0.217746
25730  0.217746
25740  0.217746
25750  0.217746
25760  0.217746
25770  0.217746
25780  0.217746
25790  0.217746
25800  0.217746
25810  0.217746
25820  0.217746
25830  0.217746
25840  0.217746
25850  0.217746
25860  0.217746
25870  0.217746
25880  0.217746
25890  0.217746
25900  0.217746
25910  0.217746
25920  0.217746
25930  0.217746
25940  0.217746
25950  0.217746
25960  0.217746
25970  0.217746
25980  0.217746
25990  0.217746
26000  0.217746
26010  0.217746
26020  0.217746
26030  0.217746
26040  0.217746
26050  0.217746
26060  0.217746
26070  0.217746
26080  0.217746
26090  0.217746
26100  0.217746
26110  0.217746
26120  0.217746
26130  0.217746
26140  0.217746
26150  0.217746
26160  0.217746
26170  0.217746
26180  0.217746
26190  0.217746
26200  0.217746
26210  0.217746
26220  0.217746
26230  0.217746
26240  0.217746
26250  0.217746
26260  0.217746
26270  0.217746
26280  0.217746
26290  0.217746
26300  0.217746
26310  0.217746
26320  0.217746
26330  0.217746
26340  0.217746
26350  0.217746
26360  0.217746
26370  0.217746
26380  0.217746
26390  0.217746
26400  0.217746
26410  0.217746
26420  0.217746
26430  0.217746
26440  0.217746
26450  0.217746
26460  0.217746
26470  0.217746
26480  0.217746
26490  0.217746
26500  0.217746
26510  0.217746
26520  0.217746
26530  0.217746
26540  0.217746
26550  0.217746
26560  0.217746
26570  0.217746
26580  0.217746
26590  0.217746
26600  0.217746
26610  0.217746
26620  0.217746
26630  0.217746
26640  0.217746
26650  0.217746
26660  0.217746
26670  0.217746
26680  0.217746
26690  0.217746
26700  0.217746
26710  0.217746
26720  0.217746
26730  0.217746
26740  0.217746
26750  0.217746
26760  0.217746
26770  0.217746
26780  0.217746
26790  0.217746
26800  0.217746
26810  0.217746
26820  0.217746
26830  0.217746
26840  0.217746
26850  0.217746
26860  0.217746
26870  0.217746
26880  0.217746
26890  0.217746
26900  0.217746
26910  0.217746
26920  0.217746
26930  0.217746
26940  0.217746
26950  0.217746
26960  0.217746
26970  0.217746
26980  0.217746
26990  0.217746
27000  0.217746
27010  0.217746
27020  0.217746
27030  0.217746
27040  0.217746
27050  0.217746
27060  0.217746
27070  0.217746
27080  0.217746
27090  0.217746
27100  0.217746
27110  0.217746
27120  0.217746
27130  0.217746
27140  0.217746
27150  0.217746
27160  0.217746
27170  0.217746
27180  0.217746
27190  0.217746
27200  0.217746
27210  0.217746
27220  0.217746
27230  0.217746
27240  0.217746
27250  0.217746
27260  0.217746
27270  0.217746
27280  0.217746
27290  0.217746
27300  0.217746
27310  0.217746
27320  0.217746
27330  0.217746
27340  0.217746
27350  0.217746
27360  0.217746
27370  0.217746
27380  0.217746
27390  0.217746
27400  0.217746
27410  0.217746
27420  0.217746
27430  0.217746
27440  0.217746
27450  0.217746
27460  0.217746
27470  0.217746
27480  0.217746
27490  0.217746
27500  0.217746
27510  0.217746
27520  0.217746
27530  0.217746
27540  0.217746
27550  0.217746
27560  0.217746
27570  0.217746
27580  0.217746
27590  0.217746
27600  0.217746
27610  0.217746
27620  0.217746
27630  0.217746
27640  0.217746
27650  0.217746
27660  0.217746
27670  0.217746
27680  0.217746
27690  0.217746
27700  0.217746
27710  0.217746
27720  0.217746
27730  0.217746
27740  0.217746
27750  0.217743
27760  0.217743
27770  0.217743
27780  0.217743
27790  0.217743
27800  0.217743
27810  0.217743
27820  0.217743
27830  0.217743
27840  0.217743
27850  0.217743
27860  0.217743
27870  0.217743
27880  0.217743
27890  0.217743
27900  0.217743
27910  0.217743
27920  0.217743
27930  0.217743
27940  0.217743
27950  0.217743
27960  0.217743
27970  0.217743
27980  0.217743
27990  0.217743
28000  0.217743
28010  0.217743
28020  0.217743
28030  0.217743
28040  0.217743
28050  0.217743
28060  0.217743
28070  0.217743
28080  0.217743
28090  0.217743
28100  0.217743
28110  0.217743
28120  0.217743
28130  0.217743
28140  0.217743
28150  0.217743
28160  0.217743
28170  0.217743
28180  0.217743
28190  0.217743
28200  0.217743
28210  0.217743
28220  0.217743
28230  0.217743
28240  0.217743
28250  0.217743
28260  0.217743
28270  0.217743
28280  0.217743
28290  0.217743
28300  0.217743
28310  0.217743
28320  0.217743
28330  0.217743
28340  0.217743
28350  0.217743
28360  0.217743
28370  0.217743
28380  0.217743
28390  0.217743
28400  0.217743
28410  0.217743
28420  0.217743
28430  0.217743
28440  0.217743
28450  0.217743
28460  0.217743
28470  0.217743
28480  0.217743
28490  0.217743
28500  0.217743
28510  0.217743
28520  0.217743
28530  0.217743
28540  0.217743
28550  0.217743
28560  0.217743
28570  0.217743
28580  0.217743
28590  0.217743
28600  0.217743
28610  0.217743
28620  0.217743
28630  0.217743
28640  0.217743
28650  0.217743
28660  0.217743
28670  0.217743
28680  0.217743
28690  0.217743
28700  0.217743
28710  0.217743
28720  0.217743
28730  0.217743
28740  0.217743
28750  0.217743
28760  0.217743
28770  0.217743
28780  0.217743
28790  0.217743
28800  0.217743
28810  0.217743
28820  0.217743
28830  0.217743
28840  0.217743
28850  0.217743
28860  0.217743
28870  0.217743
28880  0.217743
28890  0.217743
28900  0.217743
28910  0.217743
28920  0.217743
28930  0.217743
28940  0.217743
28950  0.217743
28960  0.217743
28970  0.217743
28980  0.217743
28990  0.217743
29000  0.217743
29010  0.217743
29020  0.217743
29030  0.217743
29040  0.217743
29050  0.217743
29060  0.217743
29070  0.217743
29080  0.217743
29090  0.217743
29100  0.217743
29110  0.217743
29120  0.217542
29130  0.217542
29140  0.217542
29150  0.217542
29160  0.217542
29170  0.217542
29180  0.217542
29190  0.217542
29200  0.217542
29210  0.217542
29220  0.217542
29230  0.217542
29240  0.217542
29250  0.217542
29260  0.217542
29270  0.217542
29280  0.217542
29290  0.217542
29300  0.217542
29310  0.217542
29320  0.217542
29330  0.217542
29340  0.217542
29350  0.217542
29360  0.217542
29370  0.217542
29380  0.217542
29390  0.217542
29400  0.217542
29410  0.217542
29420  0.217542
29430  0.217542
29440  0.217542
29450  0.217542
29460  0.217542
29470  0.217542
29480  0.217542
29490  0.217542
29500  0.217542
29510  0.217542
29520  0.217542
29530  0.217542
29540  0.217542
29550  0.217542
29560  0.217542
29570  0.217542
29580  0.217542
29590  0.217542
29600  0.217542
29610  0.217542
29620  0.217542
29630  0.217542
29640  0.217542
29650  0.217542
29660  0.217542
29670  0.217542
29680  0.217542
29690  0.217542
29700  0.217542
29710  0.217542
29720  0.217542
29730  0.217542
29740  0.217542
29750  0.217542
29760  0.217542
29770  0.217542
29780  0.217542
29790  0.217542
29800  0.217542
29810  0.217542
29820  0.217542
29830  0.217542
29840  0.217542
29850  0.217542
29860  0.217542
29870  0.217542
29880  0.217542
29890  0.217542
29900  0.217542
29910  0.217542
29920  0.217542
29930  0.217542
29940  0.217542
29950  0.217542
29960  0.217542
29970  0.217542
29980  0.217542
29990  0.217542
30000  0.217542
30010  0.217542
