Step  Penalty
50  0.481224
100  0.478021
150  0.475787
200  0.449508
250  0.433354
300  0.411397
350  0.383384
400  0.379742
450  0.345806
500  0.338046
550  0.318254
600  0.305718
650  0.286286
700  0.283213
750  0.278414
800  0.271181
850  0.266626
900  0.263866
950  0.256099
1000  0.252991
1050  0.252991
1100  0.246893
1150  0.246539
1200  0.245381
1250  0.240573
1300  0.236645
1350  0.236085
1400  0.233915
1450  0.233915
1500  0.233915
1550  0.233827
1600  0.233618
1650  0.228858
1700  0.228858
1750  0.227542
1800  0.227542
1850  0.227542
1900  0.227542
1950  0.226664
2000  0.223541
2050  0.222607
2100  0.2225
2150  0.221407
2200  0.221407
2250  0.221407
2300  0.221407
2350  0.221407
2400  0.221407
2450  0.221407
2500  0.221407
2550  0.221407
2600  0.221407
2650  0.218931
2700  0.218931
2750  0.218931
2800  0.217944
2850  0.217944
2900  0.217944
2950  0.217944
3000  0.217944
3050  0.217944
3100  0.217944
3150  0.217944
3200  0.217944
3250  0.217944
3300  0.217944
3350  0.217848
3400  0.217848
3450  0.217848
3500  0.217848
3550  0.217848
3600  0.217848
3650  0.217848
3700  0.217848
3750  0.217848
3800  0.217848
3850  0.217848
3900  0.217848
3950  0.217848
4000  0.217848
4050  0.217848
4100  0.217848
4150  0.217848
4200  0.217848
4250  0.217848
4300  0.217848
4350  0.217848
4400  0.217848
4450  0.216633
4500  0.215789
4550  0.215789
4600  0.215789
4650  0.215789
4700  0.215789
4750  0.215789
4800  0.215789
4850  0.215789
4900  0.215789
4950  0.215789
5000  0.215789
5050  0.215789
5100  0.215789
5150  0.215789
5200  0.215789
5250  0.215789
5300  0.215789
5350  0.215704
5400  0.215704
5450  0.215704
5500  0.215704
5550  0.215704
5600  0.215704
5650  0.211539
5700  0.211539
5750  0.211539
5800  0.211539
5850  0.211539
5900  0.211539
5950  0.211539
6000  0.211539
6050  0.211539
6100  0.211539
6150  0.211539
6200  0.211539
6250  0.211539
6300  0.211539
6350  0.211539
6400  0.211539
6450  0.211539
6500  0.211539
6550  0.211539
6600  0.211539
6650  0.211539
6700  0.211539
6750  0.211539
6800  0.211539
6850  0.211539
6900  0.211539
6950  0.211539
7000  0.211539
7050  0.211539
7100  0.211539
7150  0.211539
7200  0.211539
7250  0.211539
7300  0.211539
7350  0.211539
7400  0.211539
7450  0.211539
7500  0.211539
7550  0.211539
7600  0.211539
7650  0.211539
7700  0.211539
7750  0.211539
7800  0.211539
7850  0.211539
7900  0.211539
7950  0.211539
8000  0.211539
8050  0.211539
8100  0.211539
8150  0.211539
8200  0.211539
8250  0.211539
8300  0.211539
8350  0.211539
8400  0.211539
8450  0.211539
8500  0.211539
8550  0.211539
8600  0.211539
8650  0.211539
8700  0.211539
8750  0.211539
8800  0.211539
8850  0.211539
8900  0.211539
8950  0.211539
9000  0.211539
9050  0.211539
9100  0.211539
9150  0.211539
9200  0.211539
9250  0.211539
9300  0.211539
9350  0.211539
9400  0.211539
9450  0.211539
9500  0.211539
9550  0.211539
9600  0.211539
9650  0.211539
9700  0.211539
9750  0.211539
9800  0.211539
9850  0.211539
9900  0.211539
9950  0.211539
10000  0.211539
10050  0.211539
10100  0.211539
10150  0.211539
10200  0.211539
10250  0.211539
10300  0.211539
10350  0.211539
10400  0.211539
10450  0.211539
10500  0.211539
10550  0.211539
10600  0.211539
10650  0.211539
10700  0.211539
10750  0.211539
10800  0.211539
10850  0.211539
10900  0.211539
10950  0.211539
11000  0.211539
11050  0.211539
11100  0.211539
11150  0.211539
11200  0.211539
11250  0.211539
11300  0.211539
11350  0.211539
11400  0.211539
11450  0.211539
11500  0.211539
11550  0.211539
11600  0.211539
11650  0.211539
11700  0.211539
11750  0.211539
11800  0.211539
11850  0.211539
11900  0.211539
11950  0.210959
12000  0.210959
12050  0.210959
12100  0.210959
12150  0.210959
12200  0.210959
12250  0.210959
12300  0.210959
12350  0.210959
12400  0.210959
12450  0.210959
12500  0.210959
12550  0.210959
12600  0.210959
12650  0.210959
12700  0.210959
12750  0.210959
12800  0.210959
12850  0.210959
12900  0.210959
12950  0.210959
13000  0.210959
13050  0.210959
13100  0.210959
13150  0.210959
13200  0.210959
13250  0.210959
13300  0.210959
13350  0.210959
13400  0.210959
13450  0.210959
13500  0.210959
13550  0.210959
13600  0.210959
13650  0.210959
13700  0.210959
13750  0.210959
13800  0.210959
13850  0.210959
13900  0.210959
13950  0.210959
14000  0.210959
14050  0.210959
14100  0.210959
14150  0.210959
14200  0.210959
14250  0.210959
14300  0.210959
14350  0.210959
14400  0.210959
14450  0.210959
14500  0.210959
14550  0.210959
14600  0.210959
14650  0.210959
14700  0.210959
14750  0.210959
14800  0.210959
14850  0.210959
14900  0.210959
14950  0.210959
15000  0.210959
15050  0.210959
15100  0.210959
15150  0.210959
15200  0.210959
15250  0.210959
15300  0.210959
15350  0.210959
15400  0.210959
15450  0.210959
15500  0.210959
15550  0.210959
15600  0.210959
15650  0.210959
15700  0.210959
15750  0.210959
15800  0.210959
15850  0.210959
15900  0.210959
15950  0.210959
16000  0.210959
16050  0.210959
16100  0.210959
16150  0.210959
16200  0.210959
16250  0.210959
16300  0.210959
16350  0.210959
16400  0.210959
16450  0.210959
16500  0.210959
16550  0.210959
16600  0.210959
16650  0.210959
16700  0.210959
16750  0.210959
16800  0.210959
16850  0.210959
16900  0.210959
16950  0.210959
17000  0.210959
17050  0.210959
17100  0.210959
17150  0.210959
17200  0.210959
17250  0.210959
17300  0.210959
17350  0.210959
17400  0.210959
17450  0.210959
17500  0.210959
17550  0.210959
17600  0.210959
17650  0.210959
17700  0.210959
17750  0.210959
17800  0.210959
17850  0.210959
17900  0.210959
17950  0.210959
18000  0.210959
18050  0.210959
18100  0.210959
18150  0.210959
18200  0.210959
18250  0.210959
18300  0.210959
18350  0.210959
18400  0.210959
18450  0.210959
18500  0.210959
18550  0.210959
18600  0.210959
18650  0.210959
18700  0.210959
18750  0.210959
18800  0.210959
18850  0.210959
18900  0.210959
18950  0.210959
19000  0.210959
19050  0.210959
19100  0.210959
19150  0.210959
19200  0.210959
19250  0.210959
19300  0.210959
19350  0.210959
19400  0.210959
19450  0.210959
19500  0.210959
19550  0.210959
19600  0.210959
19650  0.210959
19700  0.210959
19750  0.210959
19800  0.210959
19850  0.210959
19900  0.210959
19950  0.210959
20000  0.210959
20050  0.210959
20100  0.210959
20150  0.210959
20200  0.210959
20250  0.210959
20300  0.210959
20350  0.210959
20400  0.210959
20450  0.210959
20500  0.210959
20550  0.210959
20600  0.210959
20650  0.210959
20700  0.210959
20750  0.210959
20800  0.210959
20850  0.210959
20900  0.210959
20950  0.210959
21000  0.210959
21050  0.210959
21100  0.210959
21150  0.210959
21200  0.210959
21250  0.210959
21300  0.210959
21350  0.210959
21400  0.210959
21450  0.210959
21500  0.210959
21550  0.210959
21600  0.210959
21650  0.210959
21700  0.210959
21750  0.210959
21800  0.210959
21850  0.210959
21900  0.210959
21950  0.210959
22000  0.210959
22050  0.210959
22100  0.210959
22150  0.210959
22200  0.210959
22250  0.210959
22300  0.210959
22350  0.210959
22400  0.210959
22450  0.210959
22500  0.210959
22550  0.210959
22600  0.210959
22650  0.210959
22700  0.210959
22750  0.210959
22800  0.210959
22850  0.210959
22900  0.210959
22950  0.210959
23000  0.210959
23050  0.210959
23100  0.210959
23150  0.210959
23200  0.210959
23250  0.210959
23300  0.210959
23350  0.210959
23400  0.210959
23450  0.210959
23500  0.210959
23550  0.210959
23600  0.210959
23650  0.210959
23700  0.210959
23750  0.210959
23800  0.210959
23850  0.210959
23900  0.210959
23950  0.210959
24000  0.210959
24050  0.210959
24100  0.210959
24150  0.210959
24200  0.210959
24250  0.210959
24300  0.210959
24350  0.210959
24400  0.210959
24450  0.210959
24500  0.210959
24550  0.210959
24600  0.210959
24650  0.210959
24700  0.210959
24750  0.210959
24800  0.210959
24850  0.210959
24900  0.210959
24950  0.210959
25000  0.210959
25050  0.210959
25100  0.210959
25150  0.210959
25200  0.210959
25250  0.210959
25300  0.210959
25350  0.210959
25400  0.210959
25450  0.210959
25500  0.210959
25550  0.210959
25600  0.210959
25650  0.210959
25700  0.210959
25750  0.210959
25800  0.210959
25850  0.210959
25900  0.210959
25950  0.210959
26000  0.210959
26050  0.210959
26100  0.210959
26150  0.210959
26200  0.210959
26250  0.210959
26300  0.210959
26350  0.210959
26400  0.210959
26450  0.210959
26500  0.210959
26550  0.210959
26600  0.210959
26650  0.210959
26700  0.210959
26750  0.210959
26800  0.210959
26850  0.210959
26900  0.210959
26950  0.210959
27000  0.210959
27050  0.210959
27100  0.210959
27150  0.210959
27200  0.210959
27250  0.210959
27300  0.210959
27350  0.210959
27400  0.210959
27450  0.210959
27500  0.210959
27550  0.210959
27600  0.210959
27650  0.210959
27700  0.210959
27750  0.210959
27800  0.210959
27850  0.210959
27900  0.210959
27950  0.210959
28000  0.210959
28050  0.210959
28100  0.210959
28150  0.210959
28200  0.210959
28250  0.210959
28300  0.210959
28350  0.210959
28400  0.210959
28450  0.210959
28500  0.210959
28550  0.210959
28600  0.210959
28650  0.210959
28700  0.210959
28750  0.210959
28800  0.210959
28850  0.210959
28900  0.210959
28950  0.210959
29000  0.210959
29050  0.210959
29100  0.210959
29150  0.210959
29200  0.210959
29250  0.210959
29300  0.210959
29350  0.210959
29400  0.210959
29450  0.210959
29500  0.210959
29550  0.210959
29600  0.210959
29650  0.210959
29700  0.210959
29750  0.210959
29800  0.210959
29850  0.210959
29900  0.210959
29950  0.210959
30000  0.210959
30050  0.210959
30100  0.210731
30150  0.210731
30200  0.210731
30250  0.210731
30300  0.210731
30350  0.210731
30400  0.210731
30450  0.210731
30500  0.210731
30550  0.210731
30600  0.210731
30650  0.210731
30700  0.210731
30750  0.210731
30800  0.210731
30850  0.210731
30900  0.210731
30950  0.210731
31000  0.210731
31050  0.210731
31100  0.210731
31150  0.210731
31200  0.210731
31250  0.210731
31300  0.210731
31350  0.210731
31400  0.210731
31450  0.210731
31500  0.210731
31550  0.210731
31600  0.210731
31650  0.210731
31700  0.210731
31750  0.210731
31800  0.210731
31850  0.210731
31900  0.210731
31950  0.210731
32000  0.210731
32050  0.210731
32100  0.210731
32150  0.210731
32200  0.210731
32250  0.210731
32300  0.210731
32350  0.210731
32400  0.210731
32450  0.210731
32500  0.210731
32550  0.210731
32600  0.210731
32650  0.210731
32700  0.210731
32750  0.210731
32800  0.210731
32850  0.210731
32900  0.210731
32950  0.210731
33000  0.210731
33050  0.210731
33100  0.210731
33150  0.210731
33200  0.21017
33250  0.21017
33300  0.21017
33350  0.21017
33400  0.21017
33450  0.21017
33500  0.21017
33550  0.21017
33600  0.21017
33650  0.21017
33700  0.21017
33750  0.21017
33800  0.21017
33850  0.21017
33900  0.21017
33950  0.21017
34000  0.21017
34050  0.21017
34100  0.21017
34150  0.21017
34200  0.21017
34250  0.21017
34300  0.21017
34350  0.21017
34400  0.21017
34450  0.21017
34500  0.21017
34550  0.21017
34600  0.21017
34650  0.21017
34700  0.21017
34750  0.21017
34800  0.21017
34850  0.21017
34900  0.21017
34950  0.21017
35000  0.21017
35050  0.21017
35100  0.21017
35150  0.21017
35200  0.21017
35250  0.21017
35300  0.21017
35350  0.21017
35400  0.21017
35450  0.21017
35500  0.21017
35550  0.21017
35600  0.21017
35650  0.21017
35700  0.21017
35750  0.21017
35800  0.21017
35850  0.21017
35900  0.21017
35950  0.21017
36000  0.21017
36050  0.21017
36100  0.21017
36150  0.21017
36200  0.21017
36250  0.21017
36300  0.21017
36350  0.21017
36400  0.21017
36450  0.21017
36500  0.21017
36550  0.21017
36600  0.21017
36650  0.21017
36700  0.21017
36750  0.21017
36800  0.21017
36850  0.21017
36900  0.21017
36950  0.21017
37000  0.21017
37050  0.21017
37100  0.21017
37150  0.21017
37200  0.21017
37250  0.21017
37300  0.21017
37350  0.21017
37400  0.21017
37450  0.21017
37500  0.21017
37550  0.21017
37600  0.21017
37650  0.21017
37700  0.21017
37750  0.21017
37800  0.21017
37850  0.21017
37900  0.21017
37950  0.21017
38000  0.21017
38050  0.21017
38100  0.21017
38150  0.21017
38200  0.21017
38250  0.21017
38300  0.21017
38350  0.21017
38400  0.21017
38450  0.21017
38500  0.21017
38550  0.21017
38600  0.21017
38650  0.21017
38700  0.21017
38750  0.21017
38800  0.21017
38850  0.21017
38900  0.21017
38950  0.21017
39000  0.21017
39050  0.21017
39100  0.21017
39150  0.21017
39200  0.21017
39250  0.21017
39300  0.21017
39350  0.21017
39400  0.21017
39450  0.21017
39500  0.21017
39550  0.21017
39600  0.21017
39650  0.21017
39700  0.21017
39750  0.21017
39800  0.21017
39850  0.21017
39900  0.21017
39950  0.21017
40000  0.21017
40050  0.21017
40100  0.21017
40150  0.21017
40200  0.21017
40250  0.21017
40300  0.21017
40350  0.21017
40400  0.21017
40450  0.21017
40500  0.21017
40550  0.21017
40600  0.21017
40650  0.21017
40700  0.21017
40750  0.21017
40800  0.21017
40850  0.21017
40900  0.21017
40950  0.21017
41000  0.21017
41050  0.21017
41100  0.206008
41150  0.206008
41200  0.206008
41250  0.206008
41300  0.206008
41350  0.206008
41400  0.206008
41450  0.206008
41500  0.206008
41550  0.206008
41600  0.206008
41650  0.206008
41700  0.206008
41750  0.206008
41800  0.206008
41850  0.206008
41900  0.206008
41950  0.206008
42000  0.206008
42050  0.206008
42100  0.206008
42150  0.206008
42200  0.206008
42250  0.206008
42300  0.206008
42350  0.206008
42400  0.206008
42450  0.206008
42500  0.206008
42550  0.206008
42600  0.206008
42650  0.206008
42700  0.206008
42750  0.206008
42800  0.206008
42850  0.206008
42900  0.206008
42950  0.205586
43000  0.204026
43050  0.204026
43100  0.204026
43150  0.203144
43200  0.20223
43250  0.20223
43300  0.20223
43350  0.201921
43400  0.199386
43450  0.199386
43500  0.199366
43550  0.199366
43600  0.195374
43650  0.195374
43700  0.195374
43750  0.195372
43800  0.195372
43850  0.195372
43900  0.195372
43950  0.193959
44000  0.193959
44050  0.193959
44100  0.193959
44150  0.191758
44200  0.191758
44250  0.191758
44300  0.191758
44350  0.191758
44400  0.191758
44450  0.189865
44500  0.190189
44550  0.190189
44600  0.1899
44650  0.189884
44700  0.1899
44750  0.189773
44800  0.189773
44850  0.189773
44900  0.189773
44950  0.189773
45000  0.189773
45050  0.189773
45100  0.189773
45150  0.189773
45200  0.189773
45250  0.189773
45300  0.189442
45350  0.189442
45400  0.189348
45450  0.189348
45500  0.189348
45550  0.189348
45600  0.189348
45650  0.189348
45700  0.189348
45750  0.189348
45800  0.187902
45850  0.187902
45900  0.187902
45950  0.187902
46000  0.187902
46050  0.187902
46100  0.187902
46150  0.187902
46200  0.187902
46250  0.187902
46300  0.187902
46350  0.187902
46400  0.187902
46450  0.187902
46500  0.187902
46550  0.187902
46600  0.187902
46650  0.187902
46700  0.187902
46750  0.187902
46800  0.187902
46850  0.187902
46900  0.187902
46950  0.187902
47000  0.187902
47050  0.187902
47100  0.187902
47150  0.187902
47200  0.187902
47250  0.187902
47300  0.187902
47350  0.187902
47400  0.187902
47450  0.187902
47500  0.187902
47550  0.187902
47600  0.187902
47650  0.187902
47700  0.187902
47750  0.187902
47800  0.187902
47850  0.187902
47900  0.186637
47950  0.186637
48000  0.184884
48050  0.184884
48100  0.184884
48150  0.184884
48200  0.184884
48250  0.184884
48300  0.184884
48350  0.184884
48400  0.184884
48450  0.184884
48500  0.184884
48550  0.184884
48600  0.184884
48650  0.184884
48700  0.184884
48750  0.184884
48800  0.184884
48850  0.184884
48900  0.184884
48950  0.184884
49000  0.184884
49050  0.184884
49100  0.184884
49150  0.184884
49200  0.184884
49250  0.184884
49300  0.184884
49350  0.184884
49400  0.184884
49450  0.184755
49500  0.184755
49550  0.184755
49600  0.184755
49650  0.184755
49700  0.184755
49750  0.184755
49800  0.184755
49850  0.184755
49900  0.184755
49950  0.184755
50000  0.184755
50050  0.184755
50100  0.184755
50150  0.184755
50200  0.184755
50250  0.184755
50300  0.184755
50350  0.184755
50400  0.184755
50450  0.184755
50500  0.184755
50550  0.184755
50600  0.184755
50650  0.184755
50700  0.184755
50750  0.184755
50800  0.184755
50850  0.184755
50900  0.184755
50950  0.184884
51000  0.184884
51050  0.184884
51100  0.184884
51150  0.184884
51200  0.184884
51250  0.184884
51300  0.184884
51350  0.184884
51400  0.184755
51450  0.184755
51500  0.184755
51550  0.184755
51600  0.183644
51650  0.183644
51700  0.183644
51750  0.183644
