Step  Penalty
100  0.589995
200  0.524589
300  0.50865
400  0.488515
500  0.458325
600  0.43066
700  0.394718
800  0.367959
900  0.341668
1000  0.32102
1100  0.306527
1200  0.292463
1300  0.280117
1400  0.272151
1500  0.267132
1600  0.262108
1700  0.258337
1800  0.255456
1900  0.252991
2000  0.25133
2100  0.250115
2200  0.248783
2300  0.247662
2400  0.246795
2500  0.245864
2600  0.245109
2700  0.244412
2800  0.243894
2900  0.243522
3000  0.242901
3100  0.242221
3200  0.241812
3300  0.241426
3400  0.241212
3500  0.24093
3600  0.240364
3700  0.239899
3800  0.23952
3900  0.239155
4000  0.238839
4100  0.238578
4200  0.238383
4300  0.238271
4400  0.238138
4500  0.238069
4600  0.237923
4700  0.237812
4800  0.237757
4900  0.237626
5000  0.237561
5100  0.237459
5200  0.237332
5300  0.23715
5400  0.236915
5500  0.236685
5600  0.236564
5700  0.236517
5800  0.236426
5900  0.236353
6000  0.236213
6100  0.236213
6200  0.236138
6300  0.236028
6400  0.235976
6500  0.235817
6600  0.235724
6700  0.235666
6800  0.235581
6900  0.235495
7000  0.235405
7100  0.235396
7200  0.235235
7300  0.235101
7400  0.235101
7500  0.23498
7600  0.23487
7700  0.234846
7800  0.234673
7900  0.234531
8000  0.234498
8100  0.23442
8200  0.234398
8300  0.234361
8400  0.234361
8500  0.23431
8600  0.234277
8700  0.234126
8800  0.23412
8900  0.234057
9000  0.233923
9100  0.233901
9200  0.233787
9300  0.233763
9400  0.233708
9500  0.233619
9600  0.233441
9700  0.233287
9800  0.233261
9900  0.23319
10000  0.233123
10100  0.233082
10200  0.23299
10300  0.23282
10400  0.232795
10500  0.232686
10600  0.23255
10700  0.23255
10800  0.23255
10900  0.232448
11000  0.232433
11100  0.232373
11200  0.232368
11300  0.23232
11400  0.23231
11500  0.232183
11600  0.232183
11700  0.23216
11800  0.232092
11900  0.231995
12000  0.231995
12100  0.231933
12200  0.231842
12300  0.231842
12400  0.231815
12500  0.231714
12600  0.231714
12700  0.231711
12800  0.231711
12900  0.231655
13000  0.231655
13100  0.231474
13200  0.231474
13300  0.231474
13400  0.231474
13500  0.231385
13600  0.231385
13700  0.231385
13800  0.231385
13900  0.23131
14000  0.23131
14100  0.23131
14200  0.231264
14300  0.231227
14400  0.231211
14500  0.231175
14600  0.23114
14700  0.231091
14800  0.231091
14900  0.231091
15000  0.231091
15100  0.231091
15200  0.231091
15300  0.231044
15400  0.231016
15500  0.231016
15600  0.230995
15700  0.230995
15800  0.230943
15900  0.230943
16000  0.230943
16100  0.230917
16200  0.230917
16300  0.230917
16400  0.230917
16500  0.230917
16600  0.230917
16700  0.230911
16800  0.230911
16900  0.230848
17000  0.230848
17100  0.230783
17200  0.23072
17300  0.23072
17400  0.23072
17500  0.23072
17600  0.23072
17700  0.230666
17800  0.230666
17900  0.230666
18000  0.230661
18100  0.230599
18200  0.230599
18300  0.230556
18400  0.230543
18500  0.230518
18600  0.23049
18700  0.23049
18800  0.23049
18900  0.23049
19000  0.230464
19100  0.230456
19200  0.230439
19300  0.230439
19400  0.230432
19500  0.230432
19600  0.230363
19700  0.230363
19800  0.230358
19900  0.230356
20000  0.23032
20100  0.23032
20200  0.23032
20300  0.23032
20400  0.230294
20500  0.230294
20600  0.230294
20700  0.230294
20800  0.230263
20900  0.230263
21000  0.230206
21100  0.230176
21200  0.230176
21300  0.230121
21400  0.230121
21500  0.230121
21600  0.230121
21700  0.230093
21800  0.230093
21900  0.230093
22000  0.230093
22100  0.230012
22200  0.230012
22300  0.230012
22400  0.229916
22500  0.229916
22600  0.229916
22700  0.229916
22800  0.229856
22900  0.229856
23000  0.229856
23100  0.229856
23200  0.229856
23300  0.229856
23400  0.229856
23500  0.229856
23600  0.229856
23700  0.229856
23800  0.229856
23900  0.229856
24000  0.229831
24100  0.229831
24200  0.229831
24300  0.229809
24400  0.229797
24500  0.229797
24600  0.229797
24700  0.229797
24800  0.229797
24900  0.229797
25000  0.229797
25100  0.229797
25200  0.229767
25300  0.229753
25400  0.229726
25500  0.229726
25600  0.229726
25700  0.229726
25800  0.229726
25900  0.229684
26000  0.229684
26100  0.229679
26200  0.229679
26300  0.229594
26400  0.229594
26500  0.229594
26600  0.229594
26700  0.229594
26800  0.229594
26900  0.22959
27000  0.229466
27100  0.229466
27200  0.229466
27300  0.229466
27400  0.229466
27500  0.229466
27600  0.229466
27700  0.229466
27800  0.229466
27900  0.229466
28000  0.22944
28100  0.22944
28200  0.22944
28300  0.22944
28400  0.22944
28500  0.22944
28600  0.22944
28700  0.22944
28800  0.22944
28900  0.22944
29000  0.229371
29100  0.229371
29200  0.229371
29300  0.229371
29400  0.229371
29500  0.229371
29600  0.229343
29700  0.229343
29800  0.229343
29900  0.229343
30000  0.229288
30100  0.229288
30200  0.229286
30300  0.229286
30400  0.229286
30500  0.229271
30600  0.229271
30700  0.229271
30800  0.229271
30900  0.229205
31000  0.229205
31100  0.229205
31200  0.229205
31300  0.229205
31400  0.229205
31500  0.229181
31600  0.229181
31700  0.229181
31800  0.229181
31900  0.229179
32000  0.229179
32100  0.229179
32200  0.229179
32300  0.229179
32400  0.229179
32500  0.229179
32600  0.229179
32700  0.229179
32800  0.22917
32900  0.22917
33000  0.22917
33100  0.229133
33200  0.22905
33300  0.229031
33400  0.229031
33500  0.229036
33600  0.229036
33700  0.229036
33800  0.229036
33900  0.229036
34000  0.229036
34100  0.229036
34200  0.229036
34300  0.229036
34400  0.229036
34500  0.229022
34600  0.229022
34700  0.229022
34800  0.229029
34900  0.229029
35000  0.229029
35100  0.229029
35200  0.229029
35300  0.229029
35400  0.229029
35500  0.229029
35600  0.229029
35700  0.228979
35800  0.228979
35900  0.228979
36000  0.228947
36100  0.228947
36200  0.228947
36300  0.228947
36400  0.228947
36500  0.228947
36600  0.228938
36700  0.228938
36800  0.228938
36900  0.228938
37000  0.228938
37100  0.228938
37200  0.228938
37300  0.228938
37400  0.228938
37500  0.228938
37600  0.228938
37700  0.228938
37800  0.228915
37900  0.228915
38000  0.228915
38100  0.228915
38200  0.228915
38300  0.228915
38400  0.228915
38500  0.228915
38600  0.228915
38700  0.228915
38800  0.22884
38900  0.22884
39000  0.22884
39100  0.22884
39200  0.22884
39300  0.22884
39400  0.22884
39500  0.22884
39600  0.22884
39700  0.22884
39800  0.22884
39900  0.22884
40000  0.22884
40100  0.22884
40200  0.22884
40300  0.22884
40400  0.22884
40500  0.22884
40600  0.228828
40700  0.228828
40800  0.228828
40900  0.228828
41000  0.228828
41100  0.228828
41200  0.228828
41300  0.228828
41400  0.228811
41500  0.228798
41600  0.228798
41700  0.228798
41800  0.228798
41900  0.228779
42000  0.22877
42100  0.22877
42200  0.22877
42300  0.22877
42400  0.22877
42500  0.22877
42600  0.228765
42700  0.228765
42800  0.228765
42900  0.228765
43000  0.228765
43100  0.228765
43200  0.228765
43300  0.228765
43400  0.228765
43500  0.228765
43600  0.228716
43700  0.228716
43800  0.228716
43900  0.228679
44000  0.228679
44100  0.228627
44200  0.228627
44300  0.228627
44400  0.228627
44500  0.228627
44600  0.22859
44700  0.22859
44800  0.22859
44900  0.22859
45000  0.22859
45100  0.22859
45200  0.22859
45300  0.22859
45400  0.22859
45500  0.22859
45600  0.22859
45700  0.22859
45800  0.228572
45900  0.228572
46000  0.228572
46100  0.228572
46200  0.228572
46300  0.228548
46400  0.228548
46500  0.228548
46600  0.228548
46700  0.228548
46800  0.228551
46900  0.228548
47000  0.228548
47100  0.228524
47200  0.228524
47300  0.228524
47400  0.228524
47500  0.228524
47600  0.228524
47700  0.228524
47800  0.228524
47900  0.228524
48000  0.228524
48100  0.228524
48200  0.228524
48300  0.228524
48400  0.228524
48500  0.228448
48600  0.228448
48700  0.228354
48800  0.228354
48900  0.228354
49000  0.228354
49100  0.228354
49200  0.228354
49300  0.228354
49400  0.228354
49500  0.228354
49600  0.228354
49700  0.228354
49800  0.228354
49900  0.228354
50000  0.228354
50100  0.228271
50200  0.228271
50300  0.228271
50400  0.228271
50500  0.228271
50600  0.228271
50700  0.228271
50800  0.228271
50900  0.228271
51000  0.228271
51100  0.228271
51200  0.228271
51300  0.228271
51400  0.228271
51500  0.228271
51600  0.228271
51700  0.228271
51800  0.228263
51900  0.228263
52000  0.22824
52100  0.22824
52200  0.22824
52300  0.228164
52400  0.228154
52500  0.228154
52600  0.228154
52700  0.228154
52800  0.228154
52900  0.228154
53000  0.228154
53100  0.228154
53200  0.228154
53300  0.228154
53400  0.228154
53500  0.228154
53600  0.228154
53700  0.228154
53800  0.228154
53900  0.228154
54000  0.228154
54100  0.228154
54200  0.228164
54300  0.228154
54400  0.228154
54500  0.228154
54600  0.228154
54700  0.228154
54800  0.228154
54900  0.228154
55000  0.228154
55100  0.228154
55200  0.228154
55300  0.228154
55400  0.228154
55500  0.228154
55600  0.228154
55700  0.228154
55800  0.228154
55900  0.228154
56000  0.228154
56100  0.228154
56200  0.228154
56300  0.228154
56400  0.228154
56500  0.228154
56600  0.228154
56700  0.228154
56800  0.228154
56900  0.228154
57000  0.228154
57100  0.228154
57200  0.228154
57300  0.228154
57400  0.228154
57500  0.228154
57600  0.228121
57700  0.228121
57800  0.228098
57900  0.228085
58000  0.228085
58100  0.228085
58200  0.228085
58300  0.228085
58400  0.228085
58500  0.228085
58600  0.228085
58700  0.228085
58800  0.228085
58900  0.228085
59000  0.228085
59100  0.228085
59200  0.228085
59300  0.228053
59400  0.228053
59500  0.228023
59600  0.228044
59700  0.228044
59800  0.227991
59900  0.227991
60000  0.227991
60100  0.227991
60200  0.227985
60300  0.227985
60400  0.227985
60500  0.227985
60600  0.227985
60700  0.227985
60800  0.227985
60900  0.227985
61000  0.227985
61100  0.227985
61200  0.227985
61300  0.227985
61400  0.227985
61500  0.227985
61600  0.227985
61700  0.227985
61800  0.227985
61900  0.22797
62000  0.22797
62100  0.22797
62200  0.227953
62300  0.227953
62400  0.227953
62500  0.227953
62600  0.227953
62700  0.227953
62800  0.227953
62900  0.227953
63000  0.227953
63100  0.227953
63200  0.227953
63300  0.227953
63400  0.227953
63500  0.227953
63600  0.227953
63700  0.227953
63800  0.227953
63900  0.227953
64000  0.227953
64100  0.227953
64200  0.227923
64300  0.227923
64400  0.227923
64500  0.227923
64600  0.227923
64700  0.227923
64800  0.227923
64900  0.227923
65000  0.227899
65100  0.227899
65200  0.227899
65300  0.228052
65400  0.227919
65500  0.227899
65600  0.228156
65700  0.227899
65800  0.228036
65900  0.227899
66000  0.22799
66100  0.22804
66200  0.228004
66300  0.227919
66400  0.228156
66500  0.22804
66600  0.228036
66700  0.228004
66800  0.228004
66900  0.227919
67000  0.228036
67100  0.22799
67200  0.227919
67300  0.22804
67400  0.228156
67500  0.227919
67600  0.22804
67700  0.227858
67800  0.227835
67900  0.227835
68000  0.227835
68100  0.227835
68200  0.227835
68300  0.227835
68400  0.227835
68500  0.227835
68600  0.227835
68700  0.227835
68800  0.227835
68900  0.227835
69000  0.227835
69100  0.227835
69200  0.227835
69300  0.227845
69400  0.227845
69500  0.227845
69600  0.227845
69700  0.227845
69800  0.227814
69900  0.227782
70000  0.227755
70100  0.227755
70200  0.227755
70300  0.227755
70400  0.227755
70500  0.227755
70600  0.227755
70700  0.227755
70800  0.227755
70900  0.227755
71000  0.227755
71100  0.227755
71200  0.227755
71300  0.227755
71400  0.227755
71500  0.227755
71600  0.227755
71700  0.227755
71800  0.227755
71900  0.227755
72000  0.227755
72100  0.227755
72200  0.227755
72300  0.227755
72400  0.227755
72500  0.227755
72600  0.227755
72700  0.227755
72800  0.227755
72900  0.227755
73000  0.227755
73100  0.227755
73200  0.227755
73300  0.227755
73400  0.227755
73500  0.227755
73600  0.227753
73700  0.227753
73800  0.227753
73900  0.227753
74000  0.227753
74100  0.227753
74200  0.227753
74300  0.227753
74400  0.227753
74500  0.227718
74600  0.227718
74700  0.227718
74800  0.227718
74900  0.227718
75000  0.227718
75100  0.227694
75200  0.227694
75300  0.227694
75400  0.227694
75500  0.227694
75600  0.227694
75700  0.227694
75800  0.227694
75900  0.227694
76000  0.227694
76100  0.227694
76200  0.227694
76300  0.227694
76400  0.227694
76500  0.227694
76600  0.227694
76700  0.227694
76800  0.227694
76900  0.227694
77000  0.227694
77100  0.227694
77200  0.227694
77300  0.227742
77400  0.227742
77500  0.227742
77600  0.227694
77700  0.227694
77800  0.227694
77900  0.227694
78000  0.227694
78100  0.227694
78200  0.227659
78300  0.227659
78400  0.227659
78500  0.227659
78600  0.227659
78700  0.227659
78800  0.227659
78900  0.227659
79000  0.227659
79100  0.227659
79200  0.227659
79300  0.227659
79400  0.227659
79500  0.227659
79600  0.227659
79700  0.227659
79800  0.227659
79900  0.227659
80000  0.227659
80100  0.227659
80200  0.227659
80300  0.227659
80400  0.227659
80500  0.227608
80600  0.227608
80700  0.227608
80800  0.227608
80900  0.227608
81000  0.227608
81100  0.227608
81200  0.227608
81300  0.227602
81400  0.227602
81500  0.227602
81600  0.227602
81700  0.227602
81800  0.227593
81900  0.227587
82000  0.227587
82100  0.227587
82200  0.227587
82300  0.227587
82400  0.227525
82500  0.227525
82600  0.227525
82700  0.227525
82800  0.227525
82900  0.227525
83000  0.227525
83100  0.227525
83200  0.227525
83300  0.227525
83400  0.227525
83500  0.227484
83600  0.227484
83700  0.227484
83800  0.227484
83900  0.227484
84000  0.227484
84100  0.227484
84200  0.227484
84300  0.227484
84400  0.227484
84500  0.227484
84600  0.227484
84700  0.227484
84800  0.227484
84900  0.227484
85000  0.227484
85100  0.227484
85200  0.227484
85300  0.227484
85400  0.227484
85500  0.227484
85600  0.227484
85700  0.227484
85800  0.227484
85900  0.227484
86000  0.227484
86100  0.227484
86200  0.227484
86300  0.227484
86400  0.227484
86500  0.227484
86600  0.227484
86700  0.227484
86800  0.227484
86900  0.227484
87000  0.227484
87100  0.227484
87200  0.227484
87300  0.227484
87400  0.227484
87500  0.227484
87600  0.227474
87700  0.227474
87800  0.227474
87900  0.227474
88000  0.227474
88100  0.227474
88200  0.227474
88300  0.227474
88400  0.227474
88500  0.227474
88600  0.227474
88700  0.227474
88800  0.227474
88900  0.227474
89000  0.227474
89100  0.227474
89200  0.227474
89300  0.227474
89400  0.227474
89500  0.227474
89600  0.227424
89700  0.22742
89800  0.22742
89900  0.22742
90000  0.227333
90100  0.227333
90200  0.227333
90300  0.227333
90400  0.227312
90500  0.227312
90600  0.227312
90700  0.227312
90800  0.227312
90900  0.227312
91000  0.227312
91100  0.227312
91200  0.227312
91300  0.227312
91400  0.227312
91500  0.227312
91600  0.227312
91700  0.227312
91800  0.227312
91900  0.227312
92000  0.227312
92100  0.227312
92200  0.227312
92300  0.227312
92400  0.227312
92500  0.227312
92600  0.227308
92700  0.227308
92800  0.227308
92900  0.227308
93000  0.227308
93100  0.227308
93200  0.227308
93300  0.227308
93400  0.227308
93500  0.227308
93600  0.227308
93700  0.227308
93800  0.227308
93900  0.227308
94000  0.227259
94100  0.227242
94200  0.227242
94300  0.227242
94400  0.227242
94500  0.227242
94600  0.227242
94700  0.227242
94800  0.227216
94900  0.227216
95000  0.227203
95100  0.227203
95200  0.227203
95300  0.227203
95400  0.227203
95500  0.227203
95600  0.227203
95700  0.227203
95800  0.227203
95900  0.227203
96000  0.227203
96100  0.227203
96200  0.227203
96300  0.227203
96400  0.227203
96500  0.227203
96600  0.227203
96700  0.227203
96800  0.227203
96900  0.227203
97000  0.227203
97100  0.227197
97200  0.227197
97300  0.227197
97400  0.227197
97500  0.227197
97600  0.227197
97700  0.227197
97800  0.227197
97900  0.227197
98000  0.227197
98100  0.227191
98200  0.227191
98300  0.227191
98400  0.227191
98500  0.227191
98600  0.227191
98700  0.227191
98800  0.227105
98900  0.227081
99000  0.227081
99100  0.227081
99200  0.227081
99300  0.227081
99400  0.227081
99500  0.227081
99600  0.227081
99700  0.227068
99800  0.227068
99900  0.227068
100000  0.227068
100100  0.227068
100200  0.227068
100300  0.227068
100400  0.227068
100500  0.227068
100600  0.227068
100700  0.227068
100800  0.227068
100900  0.227068
101000  0.227068
101100  0.227068
101200  0.227068
101300  0.227068
101400  0.227068
101500  0.227068
101600  0.227068
101700  0.227068
101800  0.227068
101900  0.227068
102000  0.227068
102100  0.227021
102200  0.227021
102300  0.227021
102400  0.227021
102500  0.227021
102600  0.227021
102700  0.227021
102800  0.227021
102900  0.227021
103000  0.227021
103100  0.227021
103200  0.227021
103300  0.227021
103400  0.227021
103500  0.227021
103600  0.227021
103700  0.227021
103800  0.227021
103900  0.227021
104000  0.227021
104100  0.227021
104200  0.227021
104300  0.227021
104400  0.227021
104500  0.227002
104600  0.227002
104700  0.227002
104800  0.227002
104900  0.227002
105000  0.227002
105100  0.227002
105200  0.227002
105300  0.227002
105400  0.227002
105500  0.227002
105600  0.227002
105700  0.227002
105800  0.227002
105900  0.226969
106000  0.226969
106100  0.226969
106200  0.226969
106300  0.226969
106400  0.226969
106500  0.226944
106600  0.226944
106700  0.226944
106800  0.226944
106900  0.226944
107000  0.226944
107100  0.226944
107200  0.226944
107300  0.226944
107400  0.226944
107500  0.226944
107600  0.226944
107700  0.226944
107800  0.226935
107900  0.226935
108000  0.226935
108100  0.226935
108200  0.226935
108300  0.226935
108400  0.226859
108500  0.226859
108600  0.226859
108700  0.226838
108800  0.226838
108900  0.226838
109000  0.226838
109100  0.226838
109200  0.226838
109300  0.226838
109400  0.226838
109500  0.226838
109600  0.226769
109700  0.226769
109800  0.226769
109900  0.226769
110000  0.226769
110100  0.226769
110200  0.226769
110300  0.226769
110400  0.226769
110500  0.226769
110600  0.226769
110700  0.226769
110800  0.226769
110900  0.226769
111000  0.226769
