Step  Penalty
32  0.581167
64  0.528468
96  0.515645
128  0.511626
160  0.506492
192  0.50557
224  0.502736
256  0.502671
288  0.502003
320  0.500226
352  0.499106
384  0.498559
416  0.497613
448  0.495456
480  0.494637
512  0.494387
544  0.493164
576  0.493164
608  0.491922
640  0.491311
672  0.490543
704  0.489783
736  0.488447
768  0.488447
800  0.487419
832  0.487419
864  0.487218
896  0.487106
928  0.486227
960  0.48576
992  0.485641
1024  0.485641
1056  0.485157
1088  0.484277
1120  0.483224
1152  0.483224
1184  0.483224
1216  0.482937
1248  0.482315
1280  0.482315
1312  0.481935
1344  0.481838
1376  0.481838
1408  0.481838
1440  0.481838
1472  0.481838
1504  0.481254
1536  0.481254
1568  0.480632
1600  0.480632
1632  0.480614
1664  0.480184
1696  0.480184
1728  0.480184
1760  0.480184
1792  0.480184
1824  0.479843
1856  0.479843
1888  0.479843
1920  0.479654
1952  0.479654
1984  0.479654
2016  0.479654
2048  0.479654
2080  0.479323
2112  0.479323
2144  0.479323
2176  0.479264
2208  0.479264
2240  0.479196
2272  0.478586
2304  0.478586
2336  0.47838
2368  0.478091
2400  0.47803
2432  0.477661
2464  0.477661
2496  0.477661
2528  0.47763
2560  0.477089
2592  0.476617
2624  0.476617
2656  0.476617
2688  0.476447
2720  0.476447
2752  0.476299
2784  0.474843
2816  0.474843
2848  0.474843
2880  0.474748
2912  0.474748
2944  0.474748
2976  0.474748
3008  0.474748
3040  0.474748
3072  0.474748
3104  0.474748
3136  0.474695
3168  0.474588
3200  0.474588
3232  0.474588
3264  0.474588
3296  0.474588
3328  0.474429
3360  0.474134
3392  0.474134
3424  0.474134
3456  0.474134
3488  0.474028
3520  0.474028
3552  0.47367
3584  0.47367
3616  0.47367
3648  0.47367
3680  0.47367
3712  0.47367
3744  0.473608
3776  0.473608
3808  0.473608
3840  0.473608
3872  0.473397
3904  0.473397
3936  0.473294
3968  0.473294
4000  0.472654
4032  0.472654
4064  0.472579
4096  0.472579
4128  0.472579
4160  0.472579
4192  0.472579
4224  0.472579
4256  0.472579
4288  0.472579
4320  0.472579
4352  0.472579
4384  0.472579
4416  0.472579
4448  0.472306
4480  0.472306
4512  0.472306
4544  0.472306
4576  0.472266
4608  0.472266
4640  0.472242
4672  0.472242
4704  0.472242
4736  0.472242
4768  0.472117
4800  0.472117
4832  0.472117
4864  0.472117
4896  0.472117
4928  0.472117
4960  0.472117
4992  0.47191
5024  0.47191
5056  0.47191
5088  0.47191
5120  0.471276
5152  0.470974
5184  0.470974
5216  0.470974
5248  0.470974
5280  0.470974
5312  0.470974
5344  0.470974
5376  0.470895
5408  0.470875
5440  0.470667
5472  0.470667
5504  0.470667
5536  0.470667
5568  0.470667
5600  0.470667
5632  0.47058
5664  0.47058
5696  0.47058
5728  0.47058
5760  0.47058
5792  0.47058
5824  0.47058
5856  0.47058
5888  0.47058
5920  0.470457
5952  0.470457
5984  0.470457
6016  0.470457
6048  0.470457
6080  0.470457
6112  0.470457
6144  0.470254
6176  0.470254
6208  0.470254
6240  0.470254
6272  0.470254
6304  0.470254
6336  0.470254
6368  0.470101
6400  0.470101
6432  0.469963
6464  0.469963
6496  0.469963
6528  0.469928
6560  0.46934
6592  0.46934
6624  0.46934
6656  0.46934
6688  0.46934
6720  0.46934
6752  0.46934
6784  0.46934
6816  0.46934
6848  0.46934
6880  0.46934
6912  0.46934
6944  0.46934
6976  0.46934
7008  0.469026
7040  0.469026
7072  0.468846
7104  0.468846
7136  0.468828
7168  0.468828
7200  0.468828
7232  0.468828
7264  0.468828
7296  0.468828
7328  0.46812
7360  0.46812
7392  0.46812
7424  0.46812
7456  0.46812
7488  0.46812
7520  0.46812
7552  0.46812
7584  0.468072
7616  0.468072
7648  0.468072
7680  0.467734
7712  0.467734
7744  0.467734
7776  0.467734
7808  0.467734
7840  0.467734
7872  0.467713
7904  0.467713
7936  0.467713
7968  0.467713
8000  0.467676
8032  0.467492
8064  0.467472
8096  0.467034
8128  0.467034
8160  0.467034
8192  0.467034
8224  0.467034
8256  0.467034
8288  0.467034
8320  0.467034
8352  0.467034
8384  0.467034
8416  0.467034
8448  0.467034
8480  0.467034
8512  0.467034
8544  0.466809
8576  0.466809
8608  0.466809
8640  0.466809
8672  0.466809
8704  0.466642
8736  0.466642
8768  0.466642
8800  0.466642
8832  0.466642
8864  0.466642
8896  0.466642
8928  0.466642
8960  0.466642
8992  0.466642
9024  0.466642
9056  0.466642
9088  0.466642
9120  0.466642
9152  0.466642
9184  0.466642
9216  0.466642
9248  0.466642
9280  0.466642
9312  0.466642
9344  0.466642
9376  0.466642
9408  0.466642
9440  0.466642
9472  0.466642
9504  0.465967
9536  0.465967
9568  0.465967
9600  0.465967
9632  0.465714
9664  0.465714
9696  0.465714
9728  0.465667
9760  0.465667
9792  0.465667
9824  0.465609
9856  0.465609
9888  0.465609
9920  0.465609
9952  0.465537
9984  0.465537
10016  0.465537
10048  0.465537
10080  0.465537
10112  0.465537
10144  0.465537
10176  0.465537
10208  0.465529
10240  0.465529
10272  0.465529
10304  0.465529
10336  0.465529
10368  0.465529
10400  0.465529
10432  0.465529
10464  0.465529
10496  0.465529
10528  0.465529
10560  0.465529
10592  0.465529
10624  0.465529
10656  0.465529
10688  0.465529
10720  0.465529
10752  0.465529
10784  0.465529
10816  0.465045
10848  0.465045
10880  0.465045
10912  0.465045
10944  0.465045
10976  0.465045
11008  0.465045
11040  0.465032
11072  0.465032
11104  0.465032
11136  0.465032
11168  0.465032
11200  0.465032
11232  0.465013
11264  0.465013
11296  0.46473
11328  0.46473
11360  0.46473
11392  0.46473
11424  0.46473
11456  0.46473
11488  0.46473
11520  0.46473
11552  0.46473
11584  0.46473
11616  0.46473
11648  0.464197
11680  0.464197
11712  0.464197
11744  0.464197
11776  0.464197
11808  0.463618
11840  0.463618
11872  0.463618
11904  0.463618
11936  0.463618
11968  0.463618
12000  0.463618
12032  0.463618
12064  0.463618
12096  0.463618
12128  0.463618
12160  0.463618
12192  0.463543
12224  0.463543
12256  0.463435
12288  0.463435
12320  0.463435
12352  0.463435
12384  0.463435
12416  0.463435
12448  0.463435
12480  0.463435
12512  0.463334
12544  0.463334
12576  0.463334
12608  0.463334
12640  0.463334
12672  0.463334
12704  0.463334
12736  0.463334
12768  0.463334
12800  0.463334
12832  0.463334
12864  0.463334
12896  0.463334
12928  0.463334
12960  0.463227
12992  0.463227
13024  0.463227
13056  0.463227
13088  0.463227
13120  0.463227
13152  0.463227
13184  0.463227
13216  0.463227
13248  0.463227
13280  0.463227
13312  0.463227
13344  0.463227
13376  0.463227
13408  0.463227
13440  0.462888
13472  0.462888
13504  0.462877
13536  0.462877
13568  0.462877
13600  0.462877
13632  0.462877
13664  0.462411
13696  0.462411
13728  0.462411
13760  0.462411
13792  0.462411
13824  0.462411
13856  0.462411
13888  0.462411
13920  0.462411
13952  0.462411
13984  0.462411
14016  0.462411
14048  0.462411
14080  0.462401
14112  0.462401
14144  0.462268
14176  0.462268
14208  0.462268
14240  0.462268
14272  0.462268
14304  0.462268
14336  0.462268
14368  0.462268
14400  0.462151
14432  0.462151
14464  0.462151
14496  0.462151
14528  0.462151
14560  0.462117
14592  0.462117
14624  0.462117
14656  0.462117
14688  0.462117
14720  0.462117
14752  0.462117
14784  0.462088
14816  0.462088
14848  0.462088
14880  0.462088
14912  0.462088
14944  0.461985
14976  0.461975
15008  0.461975
15040  0.461975
15072  0.461975
15104  0.461975
15136  0.461975
15168  0.461975
15200  0.461975
15232  0.461975
15264  0.461975
15296  0.461975
15328  0.461975
15360  0.461975
15392  0.461975
15424  0.461975
15456  0.461975
15488  0.461975
15520  0.461672
15552  0.461672
15584  0.461672
15616  0.461672
15648  0.461672
15680  0.461672
15712  0.461672
15744  0.461672
15776  0.461672
15808  0.461672
15840  0.461672
15872  0.461672
15904  0.461672
15936  0.461672
15968  0.461672
16000  0.461672
16032  0.461672
16064  0.461672
16096  0.461672
16128  0.461672
16160  0.461672
16192  0.461672
16224  0.461672
16256  0.461672
16288  0.461672
16320  0.461672
16352  0.461672
16384  0.461672
16416  0.461672
16448  0.461672
16480  0.461672
16512  0.461672
16544  0.461672
16576  0.461672
16608  0.461672
16640  0.461672
16672  0.461672
16704  0.461672
16736  0.461672
16768  0.461672
16800  0.461672
16832  0.461672
16864  0.461672
16896  0.461672
16928  0.461672
16960  0.461672
16992  0.461672
17024  0.461672
17056  0.461672
17088  0.461672
17120  0.461672
17152  0.461672
17184  0.461672
17216  0.461672
17248  0.461672
17280  0.461672
17312  0.461672
17344  0.461672
17376  0.461672
17408  0.461672
17440  0.461672
17472  0.461672
17504  0.461672
17536  0.461672
17568  0.461672
17600  0.461672
17632  0.461672
17664  0.461672
17696  0.461672
17728  0.461672
17760  0.461672
17792  0.461672
17824  0.461672
17856  0.461672
17888  0.461606
17920  0.461606
17952  0.461606
17984  0.461606
18016  0.461606
18048  0.461606
18080  0.461606
18112  0.461606
18144  0.461606
18176  0.461606
18208  0.461606
18240  0.461606
18272  0.461606
18304  0.461606
18336  0.461606
18368  0.461606
18400  0.461606
18432  0.461606
18464  0.461606
18496  0.461606
18528  0.461606
18560  0.461606
18592  0.461606
18624  0.461606
18656  0.461381
18688  0.461381
18720  0.461381
18752  0.461381
18784  0.461381
18816  0.461381
18848  0.461076
18880  0.461076
18912  0.461076
18944  0.461076
18976  0.46103
19008  0.46103
19040  0.46103
19072  0.46103
19104  0.46103
19136  0.460859
19168  0.460859
19200  0.460859
19232  0.460859
19264  0.460859
19296  0.460859
19328  0.460859
19360  0.460859
19392  0.460859
19424  0.460859
19456  0.460859
19488  0.460859
19520  0.460859
19552  0.460859
19584  0.460859
19616  0.460859
19648  0.460859
19680  0.460859
19712  0.460859
19744  0.460859
19776  0.460859
19808  0.460859
19840  0.460859
19872  0.460859
19904  0.460859
19936  0.460859
19968  0.460859
20000  0.460859
20032  0.460859
20064  0.460859
20096  0.460859
20128  0.460859
20160  0.460859
20192  0.460859
20224  0.460859
20256  0.460859
20288  0.460859
20320  0.460859
20352  0.460675
20384  0.460675
20416  0.460675
20448  0.460675
20480  0.460675
20512  0.460675
20544  0.460499
20576  0.460499
20608  0.460499
20640  0.460499
20672  0.460479
20704  0.460479
20736  0.460479
20768  0.460479
20800  0.460479
20832  0.460479
20864  0.460479
20896  0.460479
20928  0.460479
20960  0.460479
20992  0.460479
21024  0.460479
21056  0.460479
21088  0.460479
21120  0.460479
21152  0.460479
21184  0.460479
21216  0.460479
21248  0.460479
21280  0.460479
21312  0.460479
21344  0.460479
21376  0.460479
21408  0.460479
21440  0.460479
21472  0.460479
21504  0.460479
21536  0.460479
21568  0.460366
21600  0.460366
21632  0.460366
21664  0.460366
21696  0.460366
21728  0.460366
21760  0.460366
21792  0.460366
21824  0.460366
21856  0.460366
21888  0.460366
21920  0.460366
21952  0.460366
21984  0.460366
22016  0.460366
22048  0.460366
22080  0.460366
22112  0.460366
22144  0.460366
22176  0.460366
22208  0.460366
22240  0.460366
22272  0.460366
22304  0.460366
22336  0.460366
22368  0.460366
22400  0.460366
22432  0.460366
22464  0.460366
22496  0.460366
22528  0.460366
22560  0.460366
22592  0.460366
22624  0.460366
22656  0.460366
22688  0.460099
22720  0.460099
22752  0.460099
22784  0.460099
22816  0.460099
22848  0.460006
22880  0.460006
22912  0.460006
22944  0.460006
22976  0.460006
23008  0.460006
23040  0.460006
23072  0.460006
23104  0.460006
23136  0.460006
23168  0.460006
23200  0.460006
23232  0.460006
23264  0.460006
23296  0.460006
23328  0.460006
23360  0.460006
23392  0.460006
23424  0.460006
23456  0.460006
23488  0.460006
23520  0.459933
23552  0.459933
23584  0.459933
23616  0.459933
23648  0.459933
23680  0.459933
23712  0.459933
23744  0.459933
23776  0.459933
23808  0.459933
23840  0.459933
23872  0.459933
23904  0.459933
23936  0.459933
23968  0.459933
24000  0.459933
24032  0.459933
24064  0.459933
24096  0.459933
24128  0.459933
24160  0.459933
24192  0.459933
24224  0.459933
24256  0.459933
24288  0.459933
24320  0.459933
24352  0.459933
24384  0.459933
24416  0.459933
24448  0.459933
24480  0.459933
24512  0.459933
24544  0.459933
24576  0.459687
24608  0.459687
24640  0.459687
24672  0.459687
24704  0.459687
24736  0.459687
24768  0.459687
24800  0.459547
24832  0.459547
24864  0.459547
24896  0.459547
24928  0.459547
24960  0.459547
24992  0.459547
25024  0.459547
25056  0.459547
25088  0.459547
25120  0.459547
25152  0.459547
25184  0.459547
25216  0.459547
25248  0.458931
25280  0.458931
25312  0.458931
25344  0.458931
25376  0.458931
25408  0.458931
25440  0.458931
25472  0.458931
25504  0.458931
25536  0.458931
25568  0.458931
25600  0.458931
25632  0.458931
25664  0.458931
25696  0.458931
25728  0.458931
25760  0.458931
25792  0.458931
25824  0.458931
25856  0.458931
25888  0.458931
25920  0.458931
25952  0.458827
25984  0.458827
26016  0.458827
26048  0.458827
26080  0.458509
26112  0.458509
26144  0.458509
26176  0.458509
26208  0.458509
26240  0.458509
26272  0.458509
26304  0.458509
26336  0.458509
26368  0.458509
26400  0.458509
26432  0.458509
26464  0.458509
26496  0.458509
26528  0.458509
26560  0.458509
26592  0.458509
26624  0.458509
26656  0.458509
26688  0.458509
26720  0.458491
26752  0.458491
26784  0.458491
26816  0.458491
26848  0.458491
26880  0.458491
26912  0.458516
26944  0.458516
26976  0.458516
27008  0.458516
27040  0.458516
27072  0.458516
27104  0.458516
27136  0.458427
27168  0.458376
27200  0.458376
27232  0.458376
27264  0.458376
27296  0.458376
27328  0.458376
27360  0.458376
27392  0.458376
27424  0.458376
27456  0.458376
27488  0.458376
27520  0.458376
27552  0.458376
27584  0.458376
27616  0.458376
27648  0.458376
27680  0.458376
27712  0.458376
27744  0.458376
27776  0.458376
27808  0.458376
27840  0.458376
27872  0.458376
27904  0.458376
27936  0.458376
27968  0.458376
28000  0.458376
28032  0.458376
28064  0.458376
28096  0.458376
28128  0.458376
28160  0.458376
28192  0.458376
28224  0.458376
28256  0.458376
28288  0.458376
28320  0.458376
28352  0.458332
28384  0.458332
28416  0.458332
28448  0.458332
28480  0.458332
28512  0.458332
28544  0.458332
28576  0.458332
28608  0.458332
28640  0.458332
28672  0.458332
28704  0.458332
28736  0.458332
28768  0.458148
28800  0.458148
28832  0.458148
28864  0.458148
28896  0.458148
28928  0.458148
28960  0.458148
28992  0.458148
29024  0.458148
29056  0.458148
29088  0.458148
29120  0.458148
29152  0.458148
29184  0.458148
29216  0.458148
29248  0.458148
29280  0.458148
29312  0.458148
29344  0.458148
29376  0.458148
29408  0.458148
29440  0.458148
29472  0.458148
29504  0.458148
29536  0.458148
29568  0.458004
29600  0.458004
29632  0.458004
29664  0.458004
29696  0.458004
29728  0.458004
29760  0.458004
29792  0.458004
29824  0.458004
29856  0.458004
29888  0.458004
29920  0.458004
29952  0.458004
29984  0.458004
30016  0.458004
30048  0.458004
30080  0.458004
30112  0.458004
30144  0.458004
30176  0.458004
30208  0.458004
30240  0.458004
30272  0.458004
30304  0.458004
30336  0.458004
30368  0.458004
30400  0.458004
30432  0.458004
30464  0.458004
30496  0.458004
30528  0.458004
30560  0.458004
30592  0.458004
30624  0.458004
30656  0.458004
30688  0.458004
30720  0.458004
30752  0.458004
30784  0.458004
30816  0.458004
30848  0.458004
30880  0.458004
30912  0.458004
30944  0.458004
30976  0.458004
31008  0.458004
31040  0.458004
31072  0.458004
31104  0.458004
31136  0.458004
31168  0.458004
31200  0.458004
31232  0.458004
31264  0.458004
31296  0.458004
31328  0.458004
31360  0.458004
31392  0.457442
31424  0.457442
31456  0.457442
31488  0.457442
31520  0.457442
31552  0.457442
31584  0.457442
31616  0.457442
31648  0.457295
31680  0.457295
31712  0.457295
31744  0.457295
31776  0.457295
31808  0.457295
31840  0.457295
31872  0.457295
31904  0.457295
31936  0.457295
31968  0.457295
32000  0.457295
32032  0.457098
32064  0.457098
32096  0.457098
32128  0.457013
32160  0.457013
32192  0.457013
32224  0.457013
32256  0.457013
32288  0.457013
32320  0.457013
32352  0.457013
32384  0.457013
32416  0.457013
32448  0.457013
32480  0.457013
32512  0.457013
32544  0.457013
32576  0.457013
32608  0.457013
32640  0.457013
32672  0.457013
32704  0.457013
32736  0.457013
32768  0.457013
32800  0.457013
32832  0.457013
32864  0.457013
32896  0.457013
32928  0.457013
32960  0.457013
32992  0.457013
33024  0.457013
33056  0.457013
33088  0.457013
33120  0.456526
33152  0.456526
33184  0.456526
33216  0.456526
33248  0.456526
33280  0.456526
33312  0.456526
33344  0.456526
33376  0.456526
33408  0.456526
33440  0.456526
33472  0.456526
33504  0.456526
33536  0.456526
33568  0.456526
33600  0.456526
33632  0.456526
33664  0.456526
33696  0.456526
33728  0.456526
33760  0.456526
33792  0.456526
33824  0.456526
33856  0.456526
33888  0.456526
33920  0.456526
33952  0.456526
33984  0.456526
34016  0.456526
34048  0.456526
34080  0.456526
34112  0.456526
34144  0.456273
34176  0.456273
34208  0.456273
34240  0.456273
34272  0.456273
34304  0.456273
34336  0.456273
34368  0.456273
34400  0.456273
34432  0.456273
34464  0.456273
34496  0.456273
34528  0.456273
34560  0.456273
34592  0.456273
34624  0.456273
34656  0.456273
34688  0.456273
34720  0.456273
34752  0.456273
34784  0.456273
34816  0.456273
34848  0.456273
34880  0.456273
34912  0.456273
34944  0.456112
34976  0.456112
35008  0.456112
35040  0.456112
35072  0.456091
35104  0.456091
35136  0.456091
35168  0.456091
35200  0.456091
35232  0.456091
35264  0.456091
35296  0.456091
35328  0.456091
35360  0.456091
35392  0.456091
35424  0.456091
35456  0.456091
35488  0.456091
35520  0.456091
35552  0.456091
35584  0.456091
35616  0.456091
35648  0.456091
35680  0.456091
35712  0.456091
35744  0.456091
35776  0.456091
35808  0.456091
35840  0.456091
35872  0.456091
35904  0.456091
35936  0.456091
35968  0.456091
36000  0.456091
36032  0.456091
36064  0.456091
36096  0.456091
36128  0.456091
36160  0.456091
36192  0.456091
36224  0.456091
36256  0.456091
36288  0.456091
36320  0.456091
36352  0.456091
36384  0.456091
36416  0.456091
36448  0.456091
36480  0.456091
36512  0.456091
36544  0.456091
36576  0.456091
36608  0.456091
36640  0.456091
36672  0.456091
36704  0.456091
36736  0.456091
36768  0.456091
36800  0.456091
36832  0.456091
36864  0.455937
36896  0.455937
36928  0.455937
36960  0.455937
36992  0.455937
37024  0.455937
37056  0.455937
37088  0.455937
37120  0.455937
37152  0.455937
37184  0.455937
37216  0.455937
37248  0.455937
37280  0.455937
37312  0.455937
37344  0.455937
37376  0.455937
37408  0.455937
37440  0.455937
37472  0.455937
37504  0.455937
37536  0.455937
37568  0.455937
37600  0.455937
37632  0.455937
37664  0.455937
37696  0.455937
37728  0.455937
37760  0.455937
37792  0.455937
37824  0.455937
37856  0.455937
37888  0.455937
37920  0.455937
37952  0.455937
37984  0.455937
38016  0.455937
38048  0.455937
38080  0.455937
38112  0.455937
38144  0.455937
38176  0.455937
38208  0.455937
38240  0.455937
38272  0.455937
38304  0.455937
38336  0.455937
38368  0.455937
38400  0.455937
38432  0.455937
38464  0.455937
38496  0.455937
38528  0.455937
38560  0.455937
38592  0.455937
38624  0.455937
38656  0.455937
38688  0.455937
38720  0.455937
38752  0.455937
38784  0.455937
38816  0.455937
38848  0.455937
38880  0.455937
38912  0.455937
38944  0.455937
38976  0.455937
39008  0.455937
39040  0.455937
39072  0.455937
39104  0.455937
39136  0.455937
39168  0.455937
39200  0.455937
39232  0.455937
39264  0.455937
39296  0.455937
39328  0.455937
39360  0.455937
39392  0.455937
39424  0.455937
39456  0.455937
39488  0.455937
39520  0.455937
39552  0.455937
39584  0.455937
39616  0.455937
39648  0.455937
39680  0.455937
39712  0.455937
39744  0.455937
39776  0.455937
39808  0.455937
39840  0.455937
39872  0.455937
39904  0.455877
39936  0.455877
39968  0.455877
40000  0.455877
40032  0.455877
40064  0.455877
40096  0.455877
40128  0.455877
40160  0.455877
40192  0.455877
40224  0.455877
40256  0.455877
40288  0.455877
40320  0.455877
40352  0.455877
40384  0.455877
40416  0.455877
40448  0.455877
40480  0.455877
40512  0.455877
40544  0.455877
40576  0.455848
40608  0.455848
40640  0.455848
40672  0.455848
40704  0.455848
40736  0.455848
40768  0.455848
40800  0.455848
40832  0.455848
40864  0.455848
40896  0.455848
40928  0.455848
40960  0.455848
40992  0.455848
41024  0.455848
41056  0.455848
41088  0.455617
41120  0.455617
41152  0.455617
41184  0.455617
41216  0.455617
41248  0.455617
41280  0.455617
41312  0.455617
41344  0.455617
41376  0.455617
41408  0.455617
41440  0.455617
41472  0.455617
41504  0.455617
41536  0.455617
41568  0.455617
41600  0.455617
41632  0.455617
41664  0.455617
41696  0.455617
41728  0.455617
41760  0.455617
41792  0.455617
41824  0.455617
41856  0.455617
41888  0.455617
41920  0.455617
41952  0.455617
41984  0.455617
42016  0.455617
42048  0.455617
42080  0.455617
42112  0.455442
42144  0.455442
42176  0.455442
42208  0.455442
42240  0.455442
42272  0.455442
42304  0.455442
42336  0.455442
42368  0.455442
42400  0.455442
42432  0.455442
42464  0.455442
42496  0.455442
42528  0.455442
42560  0.455442
42592  0.455442
42624  0.455442
42656  0.455442
42688  0.455442
42720  0.455442
42752  0.455442
42784  0.455442
42816  0.455442
42848  0.455442
42880  0.455442
42912  0.455442
42944  0.455442
42976  0.455442
43008  0.455442
43040  0.455442
43072  0.455442
43104  0.455442
43136  0.455442
43168  0.455442
43200  0.455442
43232  0.455442
43264  0.455442
43296  0.455442
43328  0.455442
43360  0.455442
43392  0.455442
43424  0.455351
43456  0.455351
43488  0.455351
43520  0.455351
43552  0.455351
43584  0.455351
43616  0.455351
43648  0.455351
43680  0.455351
43712  0.455351
43744  0.455351
43776  0.455351
43808  0.455351
43840  0.455351
43872  0.455351
43904  0.455351
43936  0.455351
43968  0.455351
44000  0.455351
44032  0.455351
44064  0.455351
44096  0.455351
44128  0.455351
44160  0.455351
44192  0.455351
44224  0.455351
44256  0.455351
44288  0.455351
44320  0.455351
44352  0.455351
44384  0.455351
44416  0.455351
44448  0.455351
44480  0.455351
44512  0.455351
44544  0.455351
44576  0.455351
44608  0.455351
44640  0.455351
44672  0.455351
44704  0.455351
44736  0.455351
44768  0.455351
44800  0.455351
44832  0.455351
44864  0.455351
44896  0.455351
44928  0.455351
44960  0.455351
44992  0.455351
45024  0.455351
45056  0.455351
45088  0.455351
45120  0.455351
45152  0.455351
45184  0.455351
45216  0.455351
45248  0.455351
45280  0.455351
45312  0.455351
45344  0.455351
45376  0.455351
45408  0.455351
45440  0.455351
45472  0.455351
45504  0.455351
45536  0.455351
45568  0.455351
45600  0.455351
45632  0.455351
45664  0.455351
45696  0.455351
45728  0.455351
45760  0.455351
45792  0.455351
45824  0.455351
45856  0.455351
45888  0.455351
45920  0.455351
45952  0.455351
45984  0.455351
46016  0.455351
46048  0.455351
46080  0.455351
46112  0.455351
46144  0.455351
46176  0.455351
46208  0.455351
46240  0.455307
46272  0.455307
46304  0.455307
46336  0.455307
46368  0.455307
46400  0.455307
46432  0.455307
46464  0.455307
46496  0.455307
46528  0.455307
46560  0.455307
46592  0.455307
46624  0.455307
46656  0.455307
46688  0.455307
46720  0.455307
46752  0.455307
46784  0.455307
46816  0.455307
46848  0.455307
46880  0.455307
46912  0.455307
46944  0.455307
46976  0.455307
47008  0.455307
47040  0.455307
47072  0.455307
47104  0.455307
47136  0.455307
47168  0.455307
47200  0.455307
47232  0.455307
47264  0.455307
47296  0.455307
47328  0.455307
47360  0.455307
47392  0.455307
47424  0.455307
47456  0.455307
47488  0.455307
47520  0.455307
47552  0.455307
47584  0.455307
47616  0.455307
47648  0.455307
47680  0.455307
47712  0.455307
47744  0.455307
47776  0.455307
47808  0.455307
47840  0.455307
47872  0.455307
47904  0.455307
47936  0.455307
47968  0.455307
48000  0.455243
48032  0.455243
48064  0.455243
48096  0.455243
48128  0.455243
48160  0.455243
48192  0.455243
48224  0.455243
48256  0.455131
48288  0.455131
48320  0.455131
48352  0.455131
48384  0.455131
48416  0.455131
48448  0.455131
48480  0.455131
48512  0.455131
48544  0.455131
48576  0.455131
48608  0.455131
48640  0.455131
48672  0.455131
48704  0.455131
48736  0.455131
48768  0.45506
48800  0.45506
48832  0.45506
48864  0.45506
48896  0.45506
48928  0.45506
48960  0.45506
48992  0.45506
49024  0.45506
49056  0.45506
49088  0.45506
49120  0.45506
49152  0.45506
49184  0.45506
49216  0.45506
49248  0.45506
49280  0.45506
49312  0.45506
49344  0.45506
49376  0.454903
49408  0.454903
49440  0.454903
49472  0.454871
49504  0.454871
49536  0.454871
49568  0.454871
49600  0.454871
49632  0.45483
49664  0.45483
49696  0.45483
49728  0.45483
49760  0.454707
49792  0.454707
49824  0.45411
49856  0.45411
49888  0.45411
49920  0.45411
49952  0.453788
49984  0.453788
50016  0.453788
50048  0.453788
50080  0.453788
50112  0.453788
50144  0.453788
50176  0.453788
50208  0.453788
50240  0.453788
50272  0.453788
50304  0.453788
50336  0.453788
50368  0.453788
50400  0.453788
50432  0.453788
50464  0.453788
50496  0.453788
50528  0.453788
50560  0.453788
50592  0.453788
50624  0.453788
50656  0.453788
50688  0.453788
50720  0.453788
50752  0.453788
50784  0.453788
50816  0.453788
50848  0.453788
50880  0.453788
50912  0.453788
50944  0.453788
50976  0.453788
51008  0.453788
51040  0.453788
51072  0.453788
51104  0.453788
51136  0.453788
51168  0.453788
51200  0.453788
51232  0.453788
51264  0.453788
51296  0.453788
51328  0.453788
51360  0.453788
51392  0.453788
51424  0.453788
51456  0.453788
51488  0.453788
51520  0.453788
51552  0.453788
51584  0.453788
51616  0.453788
51648  0.453788
51680  0.453788
51712  0.453788
51744  0.453788
51776  0.453788
51808  0.453788
51840  0.453788
51872  0.453788
51904  0.453788
51936  0.453788
51968  0.453788
52000  0.453788
52032  0.453788
52064  0.453788
52096  0.453788
52128  0.453788
52160  0.453788
52192  0.453788
52224  0.453788
52256  0.453788
52288  0.453788
52320  0.453445
52352  0.453445
52384  0.453445
52416  0.453445
52448  0.453445
52480  0.453445
52512  0.453445
52544  0.453445
52576  0.453445
52608  0.453445
52640  0.453445
52672  0.453445
52704  0.453445
52736  0.453445
52768  0.453445
52800  0.453445
52832  0.453445
52864  0.453445
52896  0.453445
52928  0.453445
52960  0.453445
52992  0.453445
53024  0.453445
53056  0.453445
53088  0.453445
53120  0.453422
53152  0.453422
53184  0.453422
53216  0.453422
53248  0.453422
53280  0.453422
53312  0.453422
53344  0.453422
53376  0.453422
53408  0.453422
53440  0.453422
53472  0.453422
53504  0.453422
53536  0.453422
53568  0.453422
53600  0.453422
53632  0.453422
53664  0.453422
53696  0.453422
53728  0.453422
53760  0.453422
53792  0.453422
53824  0.453422
53856  0.453422
53888  0.453299
53920  0.453299
53952  0.453299
53984  0.453299
54016  0.453299
54048  0.453299
54080  0.453299
54112  0.453299
54144  0.453299
54176  0.453299
54208  0.453299
54240  0.453299
54272  0.453299
54304  0.453299
54336  0.453299
54368  0.453299
54400  0.453299
54432  0.453299
54464  0.453299
54496  0.453299
54528  0.453299
54560  0.453299
54592  0.453299
54624  0.453299
54656  0.453299
54688  0.453299
54720  0.453299
54752  0.453299
54784  0.453299
54816  0.453299
54848  0.453299
54880  0.453299
54912  0.453299
54944  0.453299
54976  0.453299
55008  0.453299
55040  0.453299
55072  0.453299
55104  0.453299
55136  0.453299
55168  0.453299
55200  0.453299
55232  0.453299
55264  0.453299
55296  0.453299
55328  0.453299
55360  0.453299
55392  0.453299
55424  0.453299
55456  0.453299
55488  0.453299
55520  0.453299
55552  0.453299
55584  0.453299
55616  0.453299
55648  0.453299
55680  0.453299
55712  0.453299
55744  0.453299
55776  0.453299
55808  0.453299
55840  0.453299
55872  0.453299
55904  0.453299
55936  0.453299
55968  0.453299
56000  0.453299
56032  0.453299
56064  0.453299
56096  0.453299
56128  0.453299
56160  0.453299
56192  0.453299
56224  0.453299
56256  0.453299
56288  0.453299
56320  0.453299
56352  0.453299
56384  0.453299
56416  0.453235
56448  0.453235
56480  0.453235
56512  0.453235
56544  0.453235
56576  0.453235
56608  0.453235
56640  0.453235
56672  0.453095
56704  0.453095
56736  0.453095
56768  0.453095
56800  0.453095
56832  0.453095
56864  0.453095
56896  0.453095
56928  0.453095
56960  0.453095
56992  0.453095
57024  0.453095
57056  0.453095
57088  0.453095
57120  0.453095
57152  0.453095
57184  0.453095
57216  0.453095
57248  0.453095
57280  0.453095
57312  0.453095
57344  0.453095
57376  0.453095
57408  0.453095
57440  0.453095
57472  0.453095
57504  0.453095
57536  0.453095
57568  0.453095
57600  0.453095
57632  0.453095
57664  0.453095
57696  0.453095
57728  0.453095
57760  0.453095
57792  0.453095
57824  0.453095
57856  0.453095
57888  0.453095
57920  0.453095
57952  0.453095
57984  0.453095
58016  0.453095
58048  0.453095
58080  0.453095
58112  0.453095
58144  0.453095
58176  0.453095
58208  0.453095
58240  0.453095
58272  0.453095
58304  0.453095
58336  0.453095
58368  0.453095
58400  0.453095
58432  0.453095
58464  0.453095
58496  0.453095
58528  0.452775
58560  0.452775
58592  0.452775
58624  0.452775
58656  0.452775
58688  0.452775
58720  0.452775
58752  0.452775
58784  0.452775
58816  0.452775
58848  0.452775
58880  0.452775
58912  0.452775
58944  0.452775
58976  0.452775
59008  0.452775
59040  0.452775
59072  0.452775
59104  0.452775
59136  0.452775
59168  0.452775
59200  0.452775
59232  0.452617
59264  0.452617
59296  0.452617
59328  0.452617
59360  0.452617
59392  0.452617
59424  0.452617
59456  0.452617
59488  0.452617
59520  0.452617
59552  0.452617
59584  0.452617
59616  0.452617
59648  0.452617
59680  0.452617
59712  0.452617
59744  0.452617
59776  0.452617
59808  0.452617
59840  0.452617
59872  0.452617
59904  0.452617
59936  0.452617
59968  0.452617
60000  0.452617
60032  0.452617
60064  0.452617
60096  0.452617
60128  0.452617
60160  0.452309
60192  0.452309
60224  0.452309
60256  0.452309
60288  0.452309
60320  0.452309
60352  0.452309
60384  0.452309
60416  0.452309
60448  0.452309
60480  0.452309
60512  0.452309
60544  0.452309
60576  0.452309
60608  0.452309
60640  0.452309
60672  0.452309
60704  0.452309
60736  0.452309
60768  0.452309
60800  0.452309
60832  0.452309
60864  0.452309
60896  0.452309
60928  0.452309
60960  0.452309
60992  0.452309
61024  0.452309
61056  0.452309
61088  0.452309
61120  0.452309
61152  0.452309
61184  0.452309
61216  0.452309
61248  0.452309
61280  0.452309
61312  0.452309
61344  0.452309
61376  0.452281
61408  0.452281
61440  0.452281
61472  0.452281
61504  0.452281
61536  0.452281
61568  0.452281
61600  0.452281
61632  0.452281
61664  0.452281
61696  0.452281
61728  0.452281
61760  0.452281
61792  0.452281
61824  0.452281
61856  0.452281
61888  0.452281
61920  0.452281
61952  0.452281
61984  0.452281
62016  0.452281
62048  0.452281
62080  0.452281
62112  0.452281
62144  0.452281
62176  0.452281
62208  0.452281
62240  0.452281
62272  0.452281
62304  0.452281
62336  0.452281
62368  0.452281
62400  0.452281
62432  0.452281
62464  0.452281
62496  0.452281
62528  0.452281
62560  0.452281
62592  0.452281
62624  0.452281
62656  0.452281
62688  0.452281
62720  0.452281
62752  0.452281
62784  0.452281
62816  0.452281
62848  0.452281
62880  0.452281
62912  0.452281
62944  0.452281
62976  0.452281
63008  0.452281
63040  0.452281
63072  0.452281
63104  0.452281
63136  0.452281
63168  0.452281
63200  0.452281
63232  0.452281
63264  0.452281
63296  0.452281
63328  0.452281
63360  0.452281
63392  0.452281
63424  0.452281
63456  0.452281
63488  0.452281
63520  0.452281
63552  0.452281
63584  0.452281
63616  0.452281
63648  0.452281
63680  0.452281
63712  0.452281
63744  0.452281
63776  0.452281
63808  0.452281
63840  0.452281
63872  0.452281
63904  0.452281
63936  0.452281
63968  0.452281
64000  0.452281
64032  0.452281
64064  0.452281
64096  0.452281
64128  0.452281
64160  0.452281
64192  0.452281
64224  0.452281
64256  0.452281
64288  0.452281
64320  0.452281
64352  0.452281
64384  0.452281
64416  0.452281
64448  0.452281
64480  0.452281
64512  0.452281
64544  0.452281
64576  0.452261
64608  0.452261
64640  0.452093
64672  0.452093
64704  0.452093
64736  0.452093
64768  0.452093
64800  0.452093
64832  0.452093
64864  0.452093
64896  0.452093
64928  0.452093
64960  0.452093
64992  0.452093
65024  0.452093
65056  0.452093
65088  0.452093
65120  0.452093
65152  0.452093
65184  0.452093
65216  0.452093
65248  0.452093
65280  0.452093
65312  0.452093
65344  0.452093
65376  0.452093
65408  0.452093
65440  0.452093
65472  0.452093
65504  0.452093
65536  0.452093
65568  0.452093
65600  0.452093
65632  0.452093
65664  0.452093
65696  0.452093
65728  0.452093
65760  0.452093
65792  0.452093
65824  0.452093
65856  0.452093
65888  0.452093
65920  0.452093
65952  0.452093
65984  0.452093
66016  0.452093
66048  0.452093
66080  0.452093
66112  0.452093
66144  0.452093
66176  0.452093
66208  0.452093
66240  0.452093
66272  0.452093
66304  0.452093
66336  0.452093
66368  0.452093
66400  0.452093
66432  0.452093
66464  0.452093
66496  0.452093
66528  0.452093
66560  0.452093
66592  0.452093
66624  0.452093
66656  0.452093
66688  0.452093
66720  0.452093
66752  0.452093
66784  0.452093
66816  0.452093
66848  0.452093
66880  0.452093
66912  0.452093
66944  0.452093
66976  0.452093
67008  0.452093
67040  0.452093
67072  0.452093
67104  0.452093
67136  0.452093
67168  0.452014
67200  0.452014
67232  0.452014
67264  0.452014
67296  0.452014
67328  0.452014
67360  0.451692
67392  0.451692
67424  0.451692
67456  0.451692
67488  0.451692
67520  0.451692
67552  0.451692
67584  0.451692
67616  0.451692
67648  0.451692
67680  0.451692
67712  0.451692
67744  0.451692
67776  0.451692
67808  0.451692
67840  0.451692
67872  0.451692
67904  0.451692
67936  0.451692
67968  0.451692
68000  0.451692
68032  0.451692
68064  0.451692
68096  0.451692
68128  0.451692
68160  0.451692
68192  0.451692
68224  0.451692
68256  0.451692
68288  0.451692
68320  0.451692
68352  0.451692
68384  0.451692
68416  0.451692
68448  0.451692
68480  0.451692
68512  0.451692
68544  0.451692
68576  0.451692
68608  0.451692
68640  0.451692
68672  0.451692
68704  0.451692
68736  0.451692
68768  0.451692
68800  0.451692
68832  0.451692
68864  0.451692
68896  0.451692
68928  0.451692
68960  0.451692
68992  0.451692
69024  0.451692
69056  0.451692
69088  0.451692
69120  0.451692
69152  0.451692
69184  0.451692
69216  0.451692
69248  0.451692
69280  0.451692
69312  0.450893
69344  0.450893
69376  0.450893
69408  0.450893
69440  0.450893
69472  0.450893
69504  0.450893
69536  0.450893
69568  0.450893
69600  0.450893
69632  0.450893
69664  0.450893
69696  0.450893
69728  0.450893
69760  0.450893
69792  0.450893
69824  0.450893
69856  0.450893
69888  0.450893
69920  0.450893
69952  0.450893
69984  0.450893
70016  0.450893
70048  0.450893
70080  0.450893
70112  0.450893
70144  0.450893
70176  0.450893
70208  0.450893
70240  0.450893
70272  0.450893
70304  0.450893
70336  0.450893
70368  0.450893
70400  0.450893
70432  0.450893
70464  0.450893
70496  0.450893
70528  0.450893
70560  0.450893
70592  0.450893
70624  0.450893
70656  0.450893
70688  0.450893
70720  0.450893
70752  0.450893
70784  0.450893
70816  0.450893
70848  0.450893
70880  0.450893
70912  0.450893
70944  0.450893
70976  0.450893
71008  0.450893
71040  0.450893
71072  0.450893
71104  0.450893
71136  0.450893
71168  0.450893
71200  0.450893
71232  0.450893
71264  0.450893
71296  0.450893
71328  0.450893
71360  0.450893
71392  0.450893
71424  0.450893
71456  0.450893
71488  0.450893
71520  0.450893
71552  0.450893
71584  0.450893
71616  0.450893
71648  0.450893
71680  0.450893
71712  0.450893
71744  0.450893
71776  0.450893
71808  0.450893
71840  0.450893
71872  0.450893
71904  0.450893
71936  0.450893
71968  0.450893
72000  0.450893
72032  0.450893
72064  0.450893
72096  0.450893
72128  0.450893
72160  0.450893
72192  0.450893
72224  0.450893
72256  0.450893
72288  0.450893
72320  0.450893
72352  0.450893
72384  0.450893
72416  0.450893
72448  0.450893
72480  0.450893
72512  0.450893
72544  0.450893
72576  0.450893
72608  0.450893
72640  0.450893
72672  0.450893
72704  0.450893
72736  0.450893
72768  0.450893
72800  0.450893
72832  0.450893
72864  0.450893
72896  0.450893
72928  0.450893
72960  0.450893
72992  0.450893
73024  0.450893
73056  0.450893
73088  0.450893
73120  0.450893
73152  0.450893
73184  0.450893
73216  0.450893
73248  0.450893
73280  0.450893
73312  0.450893
73344  0.450893
73376  0.450893
73408  0.450893
73440  0.450893
73472  0.450893
73504  0.450893
73536  0.450893
73568  0.450893
73600  0.450893
73632  0.450177
73664  0.450177
73696  0.450177
73728  0.450177
73760  0.450177
73792  0.450177
73824  0.450177
73856  0.450177
73888  0.450177
73920  0.450177
73952  0.450177
73984  0.450177
74016  0.449942
74048  0.449942
74080  0.449942
74112  0.449942
74144  0.449942
74176  0.449864
74208  0.449864
74240  0.449864
74272  0.449864
74304  0.449864
74336  0.449864
74368  0.449864
74400  0.449864
74432  0.449864
74464  0.449864
74496  0.449864
74528  0.44978
74560  0.44978
74592  0.44978
74624  0.44978
74656  0.44978
74688  0.44978
74720  0.44978
74752  0.44978
74784  0.44978
74816  0.44978
74848  0.44978
74880  0.44978
74912  0.44978
74944  0.44978
74976  0.44978
75008  0.44978
75040  0.44978
75072  0.44978
75104  0.44978
75136  0.44978
75168  0.44978
75200  0.44978
75232  0.44978
75264  0.44978
75296  0.44978
75328  0.44978
75360  0.44978
75392  0.44978
75424  0.44978
75456  0.44978
75488  0.44978
75520  0.44978
75552  0.44978
75584  0.44978
75616  0.44978
75648  0.44978
75680  0.44978
75712  0.44978
75744  0.44978
75776  0.44978
75808  0.44978
75840  0.44978
75872  0.44978
75904  0.44978
75936  0.44978
75968  0.44978
76000  0.44978
76032  0.44978
76064  0.44978
76096  0.44978
76128  0.44978
76160  0.44978
76192  0.44978
76224  0.44978
76256  0.44978
76288  0.44978
76320  0.44978
76352  0.44978
76384  0.44978
76416  0.44978
76448  0.44978
76480  0.44978
76512  0.44978
76544  0.44978
76576  0.44978
76608  0.44978
76640  0.44978
76672  0.44978
76704  0.44978
76736  0.44978
76768  0.44978
76800  0.44978
76832  0.44978
76864  0.44978
76896  0.44978
76928  0.44978
76960  0.44978
76992  0.44978
77024  0.44978
77056  0.44978
77088  0.44978
77120  0.44978
77152  0.44978
77184  0.44978
77216  0.44978
77248  0.44978
77280  0.44978
77312  0.44978
77344  0.44978
77376  0.44978
77408  0.44978
77440  0.44978
77472  0.44978
77504  0.44978
77536  0.44978
77568  0.44978
77600  0.44978
77632  0.44978
77664  0.44978
77696  0.44978
77728  0.44978
77760  0.44978
77792  0.44978
77824  0.44978
77856  0.44978
77888  0.44978
77920  0.44978
77952  0.44978
77984  0.44978
78016  0.44978
78048  0.44978
78080  0.44978
78112  0.44978
78144  0.44978
78176  0.44978
78208  0.44978
78240  0.44978
78272  0.44978
78304  0.44978
78336  0.44978
78368  0.44978
78400  0.44978
78432  0.44978
78464  0.44978
78496  0.44978
78528  0.44978
78560  0.44978
78592  0.44978
78624  0.44978
78656  0.44978
78688  0.44978
78720  0.44978
78752  0.44978
78784  0.44978
78816  0.44978
78848  0.44978
78880  0.44978
78912  0.44978
78944  0.44978
78976  0.44978
79008  0.44978
79040  0.44978
79072  0.44978
79104  0.44978
79136  0.44978
79168  0.44978
79200  0.44978
79232  0.44978
79264  0.44978
79296  0.44978
79328  0.44978
79360  0.44978
79392  0.44978
79424  0.44978
79456  0.44978
79488  0.44978
79520  0.44978
79552  0.44978
79584  0.44978
79616  0.449496
79648  0.449496
79680  0.449496
79712  0.449496
79744  0.449496
79776  0.449496
79808  0.449496
79840  0.449496
79872  0.449496
79904  0.449496
79936  0.449496
79968  0.449496
80000  0.449496
80032  0.449496
80064  0.449496
80096  0.449496
80128  0.449496
80160  0.449496
80192  0.449496
80224  0.449496
80256  0.449496
80288  0.449496
80320  0.449496
80352  0.449496
80384  0.449496
80416  0.449496
80448  0.449496
80480  0.449496
80512  0.449496
80544  0.449496
80576  0.449496
80608  0.449496
80640  0.449496
80672  0.449496
80704  0.449496
80736  0.449496
80768  0.449496
80800  0.449496
80832  0.449496
80864  0.449496
80896  0.449496
80928  0.449496
80960  0.449496
80992  0.449496
81024  0.449496
81056  0.449496
81088  0.449496
81120  0.449496
81152  0.449496
81184  0.449496
81216  0.449496
81248  0.449496
81280  0.449496
81312  0.449496
81344  0.449496
81376  0.449496
81408  0.449496
81440  0.449496
81472  0.449496
81504  0.449496
81536  0.449496
81568  0.449496
81600  0.449496
81632  0.449496
81664  0.449496
81696  0.449496
81728  0.449496
81760  0.449496
81792  0.449496
81824  0.449496
81856  0.449496
81888  0.449496
81920  0.449496
81952  0.449496
81984  0.449496
82016  0.449496
82048  0.449496
82080  0.449496
82112  0.449496
82144  0.449496
82176  0.449439
82208  0.449439
82240  0.449439
82272  0.449439
82304  0.449439
82336  0.449439
82368  0.449439
82400  0.449439
82432  0.449439
82464  0.449439
82496  0.449439
82528  0.449439
82560  0.449439
82592  0.449439
82624  0.449439
82656  0.449439
82688  0.449439
82720  0.449439
82752  0.449439
82784  0.449439
82816  0.449439
82848  0.449439
82880  0.449439
82912  0.449439
82944  0.449439
82976  0.449439
83008  0.449439
83040  0.449439
83072  0.449439
83104  0.449439
83136  0.449439
83168  0.449439
83200  0.449439
83232  0.449439
83264  0.449439
83296  0.449439
83328  0.449439
83360  0.449439
83392  0.449439
83424  0.449439
83456  0.449439
83488  0.449439
83520  0.449439
83552  0.449439
83584  0.449439
83616  0.449439
83648  0.449439
83680  0.449439
83712  0.449439
83744  0.449439
83776  0.449439
83808  0.449439
83840  0.449439
83872  0.449439
83904  0.449439
83936  0.449439
83968  0.449439
84000  0.449439
84032  0.449439
84064  0.449439
84096  0.449439
84128  0.449439
84160  0.449439
84192  0.449439
84224  0.449439
84256  0.449439
84288  0.449439
84320  0.449439
84352  0.449439
84384  0.449439
84416  0.449439
84448  0.449439
84480  0.449439
84512  0.449439
84544  0.449439
84576  0.449439
84608  0.449439
84640  0.449439
84672  0.449439
84704  0.449439
84736  0.449439
84768  0.449439
84800  0.449439
84832  0.449439
84864  0.449439
84896  0.449439
84928  0.449439
84960  0.449439
84992  0.449439
85024  0.449274
85056  0.449274
85088  0.449274
85120  0.449274
85152  0.449274
85184  0.449274
85216  0.449274
85248  0.449274
85280  0.449014
85312  0.449014
85344  0.449014
85376  0.449014
85408  0.449014
85440  0.449014
85472  0.449014
85504  0.449014
85536  0.449014
85568  0.449014
85600  0.449014
85632  0.449014
85664  0.449014
85696  0.449014
85728  0.449014
85760  0.449014
85792  0.449014
85824  0.449014
85856  0.449014
85888  0.449014
85920  0.449014
85952  0.449014
85984  0.449014
86016  0.449014
86048  0.449014
86080  0.449014
86112  0.449014
86144  0.449014
86176  0.449014
86208  0.449014
86240  0.449014
86272  0.449014
86304  0.449014
86336  0.449014
86368  0.449014
86400  0.449014
86432  0.449014
86464  0.449014
86496  0.449014
86528  0.449014
86560  0.449014
86592  0.449014
86624  0.449014
86656  0.449014
86688  0.449014
