Step  Penalty
100  0.461947
200  0.461947
300  0.461947
400  0.441858
500  0.423232
600  0.41236
700  0.38996
800  0.374648
900  0.358604
1000  0.344139
1100  0.332973
1200  0.318928
1300  0.308613
1400  0.296832
1500  0.282744
1600  0.274865
1700  0.274576
1800  0.266628
1900  0.263978
2000  0.256716
2100  0.253763
2200  0.251565
2300  0.242565
2400  0.242565
2500  0.239825
2600  0.234919
2700  0.234919
2800  0.229976
2900  0.229832
3000  0.229832
3100  0.227871
3200  0.225503
3300  0.224521
3400  0.224521
3500  0.224521
3600  0.222877
3700  0.222877
3800  0.222535
3900  0.222535
4000  0.220512
4100  0.220512
4200  0.220512
4300  0.220141
4400  0.220141
4500  0.219513
4600  0.219489
4700  0.219489
4800  0.219489
4900  0.219489
5000  0.218505
5100  0.218505
5200  0.218505
5300  0.218431
5400  0.218128
5500  0.218128
5600  0.214738
5700  0.214738
5800  0.214738
5900  0.214738
6000  0.214738
6100  0.214373
6200  0.214373
6300  0.214373
6400  0.214373
6500  0.214373
6600  0.214373
6700  0.214373
6800  0.214373
6900  0.214373
7000  0.214373
7100  0.214373
7200  0.214373
7300  0.214373
7400  0.214373
7500  0.214373
7600  0.21325
7700  0.211546
7800  0.211546
7900  0.211546
8000  0.211546
8100  0.211546
8200  0.211546
8300  0.211546
8400  0.211546
8500  0.211546
8600  0.211546
8700  0.211061
8800  0.211061
8900  0.211061
9000  0.211061
9100  0.211061
9200  0.211061
9300  0.20955
9400  0.20955
9500  0.20955
9600  0.207983
9700  0.207983
9800  0.207983
9900  0.207983
10000  0.205309
10100  0.205309
10200  0.205309
10300  0.205309
10400  0.205309
10500  0.205309
10600  0.205309
10700  0.205309
10800  0.205309
10900  0.205309
11000  0.205033
11100  0.205033
11200  0.205033
11300  0.205033
11400  0.205033
11500  0.205033
11600  0.205033
11700  0.205033
11800  0.205033
11900  0.205033
12000  0.205033
12100  0.205033
12200  0.205033
12300  0.205033
12400  0.202094
12500  0.202094
12600  0.202094
12700  0.202094
12800  0.202094
12900  0.202094
13000  0.202094
13100  0.202094
13200  0.202094
13300  0.202094
13400  0.202094
13500  0.202094
13600  0.202094
13700  0.202094
13800  0.202094
13900  0.202094
14000  0.2021
14100  0.2021
14200  0.2021
14300  0.2021
14400  0.2021
14500  0.2021
14600  0.2021
14700  0.201646
14800  0.201646
14900  0.202007
15000  0.202007
15100  0.202007
15200  0.201641
15300  0.201713
15400  0.201713
15500  0.201713
15600  0.201713
15700  0.201305
15800  0.201305
15900  0.201305
16000  0.201305
16100  0.201305
16200  0.201305
16300  0.201305
16400  0.201715
16500  0.201318
16600  0.201715
16700  0.200439
16800  0.198972
16900  0.198972
17000  0.198972
17100  0.198932
17200  0.198932
17300  0.198932
17400  0.198932
17500  0.198932
17600  0.198932
17700  0.198278
17800  0.198278
17900  0.198278
18000  0.198278
18100  0.198057
18200  0.198057
18300  0.198057
18400  0.198057
18500  0.197922
18600  0.197922
18700  0.197922
18800  0.197387
18900  0.197652
19000  0.197652
19100  0.197695
19200  0.197695
19300  0.197125
19400  0.196922
19500  0.196922
19600  0.196879
19700  0.196879
19800  0.196879
19900  0.196037
20000  0.196037
20100  0.196037
20200  0.196037
20300  0.196037
20400  0.196037
20500  0.196037
20600  0.194526
20700  0.194526
20800  0.194526
20900  0.194526
21000  0.194526
21100  0.194526
21200  0.194526
21300  0.194526
21400  0.194526
21500  0.194526
21600  0.194526
21700  0.194526
21800  0.194578
21900  0.194526
22000  0.194526
22100  0.194578
22200  0.194578
22300  0.194578
22400  0.194578
22500  0.194578
22600  0.194578
22700  0.194578
22800  0.194578
22900  0.194578
23000  0.194578
23100  0.194578
23200  0.194578
23300  0.194578
23400  0.194578
23500  0.194578
23600  0.194578
23700  0.194578
23800  0.194578
23900  0.194578
24000  0.194578
24100  0.194578
24200  0.194578
24300  0.194578
24400  0.194578
24500  0.194578
24600  0.194578
24700  0.194578
24800  0.194578
24900  0.194578
25000  0.194578
25100  0.194578
25200  0.194578
25300  0.194404
25400  0.194404
25500  0.194404
25600  0.194404
25700  0.194404
25800  0.194404
25900  0.194404
26000  0.194019
26100  0.193942
26200  0.194019
26300  0.193942
26400  0.194019
26500  0.193942
26600  0.194019
26700  0.193942
26800  0.19409
26900  0.194019
27000  0.19409
27100  0.194019
27200  0.19409
27300  0.193854
27400  0.193775
27500  0.193854
27600  0.193775
27700  0.193854
27800  0.193775
27900  0.193854
28000  0.193775
28100  0.192223
28200  0.192223
28300  0.192223
28400  0.192223
28500  0.192223
28600  0.192223
28700  0.192223
28800  0.192223
28900  0.192223
29000  0.192223
29100  0.192223
29200  0.192223
29300  0.192223
29400  0.192223
29500  0.192223
29600  0.192223
29700  0.192223
29800  0.192223
29900  0.192223
30000  0.192223
30100  0.192223
30200  0.192223
30300  0.192223
30400  0.192223
30500  0.192223
30600  0.192223
30700  0.192223
30800  0.192223
30900  0.192223
31000  0.192223
31100  0.192223
31200  0.192223
31300  0.192223
31400  0.192223
31500  0.192223
31600  0.192223
31700  0.192223
31800  0.192223
31900  0.192223
32000  0.192223
32100  0.192223
32200  0.192223
32300  0.192223
32400  0.192223
32500  0.192223
32600  0.192223
32700  0.192223
32800  0.192205
32900  0.192205
33000  0.192205
33100  0.192205
33200  0.192205
33300  0.192205
33400  0.192205
33500  0.192205
33600  0.192205
33700  0.192205
33800  0.192205
33900  0.192205
34000  0.192205
34100  0.192205
34200  0.191894
34300  0.192019
34400  0.192041
34500  0.192041
34600  0.192041
34700  0.192041
34800  0.192041
34900  0.192041
35000  0.192041
35100  0.192041
35200  0.192041
35300  0.192041
35400  0.192041
35500  0.192041
35600  0.192041
35700  0.192041
35800  0.192041
35900  0.192041
36000  0.192041
36100  0.192041
36200  0.192041
36300  0.192041
36400  0.192041
36500  0.192041
36600  0.192041
36700  0.192041
36800  0.192041
36900  0.192041
37000  0.192041
37100  0.192041
37200  0.192041
37300  0.192041
37400  0.192041
37500  0.192041
37600  0.192041
37700  0.192041
37800  0.192041
37900  0.192041
38000  0.192041
38100  0.192041
38200  0.192041
38300  0.192041
38400  0.192041
38500  0.192041
38600  0.192041
38700  0.192041
38800  0.191984
38900  0.191984
39000  0.191984
39100  0.191984
39200  0.191984
39300  0.191984
39400  0.191984
39500  0.191984
39600  0.191984
39700  0.191984
39800  0.191984
39900  0.191984
40000  0.191984
40100  0.191984
40200  0.191171
40300  0.191171
40400  0.191171
40500  0.191171
40600  0.191171
40700  0.191171
40800  0.191171
40900  0.191171
41000  0.191171
41100  0.191171
41200  0.191171
41300  0.191171
41400  0.191171
41500  0.191171
41600  0.191171
41700  0.191171
41800  0.191171
41900  0.191171
42000  0.191171
42100  0.191171
42200  0.191171
42300  0.191171
42400  0.191171
42500  0.191171
42600  0.191171
42700  0.191171
42800  0.191171
42900  0.191171
43000  0.191171
43100  0.191171
43200  0.191171
43300  0.191171
43400  0.191171
43500  0.191171
43600  0.191171
43700  0.191171
43800  0.191171
43900  0.191171
44000  0.191171
44100  0.191171
44200  0.191171
44300  0.191171
44400  0.191171
44500  0.191171
44600  0.191171
44700  0.191171
44800  0.191171
44900  0.191171
45000  0.191171
45100  0.191171
45200  0.191171
45300  0.191171
45400  0.191171
45500  0.190725
45600  0.190725
45700  0.190725
45800  0.191171
45900  0.191171
46000  0.190725
46100  0.190725
46200  0.191171
46300  0.191171
46400  0.191171
46500  0.191171
46600  0.191171
46700  0.191171
46800  0.191171
46900  0.191171
47000  0.191171
47100  0.191171
47200  0.191171
47300  0.191171
47400  0.191171
47500  0.191171
47600  0.191171
47700  0.191171
47800  0.191171
47900  0.191171
48000  0.191171
48100  0.191171
48200  0.191171
48300  0.191171
48400  0.191171
48500  0.191171
48600  0.191171
48700  0.191171
48800  0.191171
48900  0.191171
49000  0.191171
49100  0.191171
49200  0.191171
49300  0.191171
49400  0.191171
49500  0.19083
49600  0.19083
49700  0.19083
49800  0.19083
49900  0.19083
50000  0.19083
50100  0.19083
50200  0.19083
50300  0.19083
50400  0.19083
50500  0.19083
50600  0.19083
50700  0.19083
50800  0.19083
50900  0.19083
51000  0.19083
51100  0.19083
