Step  Penalty
50  0.488645
100  0.488645
150  0.488645
200  0.488645
250  0.488645
300  0.488645
350  0.488645
400  0.488645
450  0.488645
500  0.487474
550  0.487474
600  0.487474
650  0.487474
700  0.487474
750  0.487474
800  0.487474
850  0.487474
900  0.487474
950  0.487474
1000  0.48052
1050  0.48052
1100  0.479228
1150  0.469618
1200  0.469618
1250  0.456455
1300  0.456455
1350  0.456455
1400  0.444311
1450  0.444311
1500  0.437229
1550  0.437229
1600  0.437229
1650  0.437229
1700  0.437229
1750  0.437229
1800  0.437229
1850  0.437229
1900  0.437229
1950  0.43516
2000  0.43516
2050  0.43516
2100  0.43516
2150  0.432858
2200  0.432858
2250  0.432858
2300  0.432858
2350  0.432858
2400  0.432858
2450  0.432858
2500  0.432858
2550  0.432858
2600  0.42878
2650  0.42878
2700  0.42878
2750  0.42878
2800  0.42878
2850  0.42878
2900  0.42878
2950  0.42878
3000  0.42878
3050  0.42878
3100  0.42878
3150  0.42878
3200  0.420904
3250  0.420904
3300  0.420904
3350  0.420904
3400  0.420904
3450  0.417349
3500  0.417349
3550  0.412719
3600  0.412719
3650  0.409576
3700  0.409576
3750  0.409576
3800  0.409576
3850  0.409576
3900  0.406329
3950  0.406329
4000  0.406329
4050  0.404941
4100  0.400214
4150  0.400214
4200  0.400214
4250  0.400214
4300  0.397994
4350  0.393259
4400  0.392567
4450  0.392567
4500  0.392567
4550  0.392567
4600  0.392567
4650  0.392567
4700  0.392567
4750  0.387092
4800  0.385858
4850  0.385858
4900  0.385858
4950  0.385858
5000  0.385858
5050  0.385858
5100  0.385858
5150  0.385858
5200  0.385858
5250  0.385858
5300  0.385858
5350  0.385858
5400  0.385858
5450  0.385858
5500  0.382172
5550  0.382172
5600  0.382172
5650  0.382172
5700  0.382172
5750  0.382112
5800  0.382112
5850  0.382112
5900  0.382112
5950  0.375755
6000  0.375755
6050  0.375755
6100  0.375755
6150  0.375755
6200  0.375755
6250  0.375755
6300  0.375755
6350  0.375755
6400  0.375755
6450  0.375755
6500  0.375755
6550  0.373499
6600  0.373499
6650  0.373499
6700  0.372156
6750  0.372156
6800  0.372156
6850  0.372156
6900  0.372156
6950  0.371097
7000  0.371097
7050  0.371097
7100  0.371097
7150  0.371097
7200  0.371097
7250  0.371097
7300  0.371097
7350  0.371097
7400  0.371097
7450  0.361953
7500  0.361953
7550  0.361953
7600  0.361953
7650  0.361953
7700  0.361953
7750  0.361953
7800  0.361953
7850  0.361953
7900  0.361953
7950  0.361953
8000  0.361953
8050  0.361953
8100  0.361953
8150  0.361953
8200  0.361953
8250  0.361953
8300  0.361953
8350  0.361953
8400  0.361953
8450  0.361953
8500  0.361953
8550  0.361953
8600  0.361953
8650  0.361953
8700  0.361953
8750  0.361953
8800  0.361953
8850  0.361953
8900  0.361953
8950  0.361953
9000  0.35735
9050  0.35735
9100  0.35735
9150  0.35735
9200  0.35735
9250  0.35735
9300  0.35735
9350  0.35735
9400  0.35735
9450  0.35735
9500  0.35735
9550  0.35735
9600  0.35735
9650  0.35734
9700  0.35734
9750  0.35734
9800  0.35734
9850  0.35188
9900  0.35188
9950  0.35188
10000  0.35188
10050  0.35188
10100  0.35188
10150  0.35188
10200  0.35188
10250  0.35188
10300  0.34655
10350  0.34655
10400  0.34655
10450  0.34655
10500  0.34655
10550  0.34655
10600  0.34655
10650  0.34655
10700  0.34655
10750  0.34655
10800  0.34655
10850  0.34655
10900  0.34655
10950  0.34655
11000  0.34655
11050  0.3412
11100  0.3412
11150  0.3412
11200  0.336138
11250  0.336138
11300  0.336138
11350  0.336138
11400  0.336138
11450  0.336138
11500  0.336138
11550  0.335562
11600  0.335562
11650  0.335562
11700  0.335562
11750  0.335562
11800  0.335562
11850  0.335562
11900  0.335562
11950  0.335562
12000  0.332428
12050  0.332428
12100  0.329574
12150  0.329574
12200  0.329574
12250  0.329574
12300  0.329574
12350  0.329574
12400  0.329574
12450  0.329574
12500  0.329574
12550  0.329574
12600  0.329574
12650  0.329574
12700  0.329574
12750  0.329574
12800  0.329574
12850  0.329574
12900  0.329574
12950  0.329574
13000  0.328832
13050  0.328832
13100  0.328832
13150  0.328832
13200  0.328832
13250  0.328832
13300  0.328832
13350  0.328832
13400  0.328832
13450  0.328832
13500  0.328832
13550  0.324501
13600  0.324501
13650  0.324501
13700  0.324501
13750  0.324501
13800  0.324501
13850  0.324501
13900  0.324501
13950  0.324501
14000  0.324501
14050  0.324501
14100  0.324501
14150  0.324501
14200  0.324501
14250  0.324501
14300  0.324501
14350  0.324501
14400  0.324501
14450  0.324501
14500  0.324501
14550  0.324501
14600  0.324501
14650  0.324501
14700  0.324501
14750  0.324501
14800  0.315952
14850  0.315952
14900  0.315952
14950  0.315952
15000  0.315952
15050  0.315952
15100  0.315952
15150  0.315952
15200  0.315952
15250  0.315952
15300  0.315952
15350  0.315952
15400  0.315952
15450  0.315952
15500  0.315952
15550  0.315952
15600  0.315952
15650  0.315952
15700  0.315952
15750  0.315952
15800  0.315952
15850  0.315952
15900  0.315952
15950  0.315952
16000  0.314748
16050  0.314748
16100  0.314748
16150  0.314748
16200  0.314748
16250  0.314748
16300  0.314748
16350  0.314748
16400  0.314748
16450  0.314748
16500  0.314195
16550  0.314195
16600  0.314195
16650  0.314195
16700  0.314195
16750  0.314195
16800  0.314195
16850  0.314195
16900  0.312718
16950  0.312718
17000  0.312718
17050  0.312063
17100  0.312063
17150  0.310767
17200  0.310767
17250  0.310767
17300  0.310767
17350  0.310767
17400  0.310767
17450  0.310767
17500  0.305473
17550  0.305473
17600  0.305473
17650  0.305473
17700  0.305473
17750  0.305473
17800  0.305473
17850  0.305473
17900  0.305473
17950  0.305473
18000  0.305473
18050  0.301736
18100  0.301736
18150  0.301736
18200  0.301736
18250  0.301736
18300  0.301736
18350  0.301736
18400  0.301736
18450  0.301736
18500  0.301736
18550  0.301736
18600  0.301736
18650  0.301736
18700  0.301736
18750  0.301736
18800  0.299066
18850  0.299066
18900  0.299066
18950  0.298899
19000  0.298899
19050  0.298899
19100  0.298899
19150  0.298899
19200  0.298899
19250  0.298899
19300  0.298899
19350  0.298899
19400  0.298274
19450  0.298274
19500  0.298274
19550  0.297338
19600  0.297338
19650  0.296366
19700  0.293184
19750  0.293184
19800  0.292798
19850  0.292798
19900  0.292798
19950  0.292798
20000  0.292798
20050  0.292798
20100  0.289637
20150  0.289637
20200  0.289637
20250  0.289637
20300  0.28816
20350  0.286617
20400  0.286617
20450  0.286617
20500  0.286617
20550  0.286617
20600  0.286617
20650  0.286617
20700  0.286617
20750  0.286617
20800  0.28183
20850  0.28183
20900  0.28183
20950  0.28183
21000  0.28183
21050  0.28183
21100  0.28183
21150  0.28183
21200  0.28183
21250  0.28183
21300  0.28183
21350  0.28183
21400  0.28183
21450  0.28183
21500  0.28183
21550  0.28183
21600  0.28183
21650  0.281789
21700  0.281789
21750  0.281789
21800  0.281789
21850  0.281789
21900  0.281789
21950  0.281789
22000  0.281789
22050  0.2787
22100  0.2787
22150  0.2787
22200  0.2787
22250  0.2787
22300  0.2787
22350  0.2787
22400  0.2787
22450  0.2787
22500  0.278656
22550  0.27619
22600  0.27619
22650  0.27619
22700  0.27619
22750  0.27619
22800  0.27619
22850  0.27619
22900  0.27619
22950  0.27619
23000  0.27619
23050  0.27619
23100  0.27619
23150  0.27619
23200  0.27619
23250  0.27619
23300  0.27619
23350  0.27619
23400  0.27619
23450  0.27619
23500  0.27619
23550  0.27619
23600  0.27619
23650  0.27619
23700  0.27619
23750  0.27619
23800  0.27619
23850  0.27619
23900  0.27619
23950  0.27619
24000  0.27619
24050  0.27619
24100  0.27619
24150  0.27619
24200  0.27619
24250  0.274987
24300  0.274987
24350  0.273472
24400  0.273472
24450  0.273472
24500  0.273472
24550  0.273472
24600  0.273472
24650  0.273472
24700  0.273472
24750  0.273472
24800  0.273472
24850  0.273472
24900  0.273472
24950  0.273472
25000  0.273472
25050  0.273472
25100  0.272332
25150  0.272332
25200  0.271551
25250  0.271551
25300  0.271551
25350  0.271551
25400  0.271551
25450  0.271061
25500  0.271061
25550  0.271061
25600  0.271061
25650  0.271061
25700  0.271061
25750  0.271061
25800  0.271061
25850  0.271061
25900  0.271061
25950  0.271061
26000  0.270292
26050  0.270292
26100  0.270292
26150  0.270292
26200  0.270292
26250  0.270292
26300  0.270292
26350  0.270292
26400  0.270292
26450  0.270292
26500  0.270292
26550  0.270292
26600  0.266585
26650  0.266585
26700  0.266585
26750  0.266585
26800  0.266585
26850  0.266585
26900  0.266585
26950  0.266585
27000  0.266585
27050  0.266585
27100  0.266585
27150  0.266585
27200  0.266585
27250  0.265189
27300  0.265189
27350  0.265189
27400  0.265189
27450  0.265189
27500  0.265189
27550  0.265189
27600  0.265189
27650  0.265189
27700  0.265189
27750  0.265189
27800  0.264722
27850  0.264722
27900  0.264722
27950  0.264722
28000  0.264722
28050  0.264722
28100  0.264722
28150  0.264722
28200  0.264722
28250  0.264722
28300  0.264722
28350  0.264722
28400  0.264722
28450  0.264722
28500  0.264722
28550  0.264722
28600  0.264722
28650  0.264722
28700  0.264722
28750  0.264722
28800  0.264229
28850  0.264229
28900  0.264229
28950  0.264229
29000  0.261775
29050  0.261775
29100  0.261775
29150  0.261775
29200  0.261775
29250  0.261775
29300  0.261775
29350  0.261775
29400  0.261775
29450  0.261775
29500  0.261775
29550  0.261775
29600  0.261775
29650  0.261775
29700  0.260366
29750  0.260366
29800  0.260366
29850  0.260366
29900  0.260366
29950  0.260366
30000  0.260366
30050  0.260001
30100  0.260001
30150  0.260001
30200  0.260001
30250  0.260001
30300  0.260001
30350  0.260001
30400  0.259435
30450  0.259435
30500  0.259435
30550  0.259435
30600  0.259435
30650  0.259435
30700  0.259435
30750  0.259435
30800  0.259435
30850  0.259435
30900  0.259435
30950  0.259435
31000  0.259435
31050  0.259435
31100  0.259435
31150  0.259435
31200  0.259435
31250  0.259435
31300  0.259435
31350  0.259435
31400  0.259435
31450  0.259435
31500  0.259435
31550  0.259435
31600  0.259435
31650  0.258785
31700  0.258785
31750  0.258785
31800  0.258785
31850  0.255944
31900  0.255944
31950  0.254502
32000  0.254502
32050  0.254502
32100  0.254502
32150  0.254502
32200  0.254502
32250  0.254502
32300  0.253413
32350  0.253413
32400  0.253413
32450  0.253413
32500  0.251297
32550  0.251297
32600  0.251297
32650  0.247222
32700  0.247222
32750  0.247222
32800  0.247222
32850  0.247222
32900  0.247222
32950  0.247222
33000  0.247222
33050  0.247222
33100  0.247222
33150  0.247098
33200  0.247098
33250  0.247098
33300  0.247098
33350  0.247098
33400  0.247098
33450  0.247098
33500  0.247098
33550  0.247098
33600  0.247098
33650  0.247098
33700  0.247098
33750  0.246622
33800  0.24555
33850  0.24555
33900  0.245194
33950  0.245194
34000  0.242459
34050  0.242459
34100  0.242459
34150  0.242459
34200  0.242192
34250  0.242192
34300  0.242192
34350  0.242192
34400  0.242192
34450  0.23899
34500  0.23899
34550  0.23899
34600  0.23899
34650  0.23899
34700  0.23899
34750  0.23899
34800  0.23899
34850  0.23899
34900  0.23899
34950  0.23899
35000  0.23899
35050  0.23899
35100  0.23899
35150  0.23899
35200  0.23899
35250  0.23899
35300  0.23899
35350  0.23899
35400  0.23899
35450  0.23899
35500  0.23899
35550  0.23899
35600  0.23899
35650  0.23899
35700  0.23899
35750  0.23899
35800  0.23899
35850  0.23899
35900  0.23899
35950  0.238711
36000  0.238711
36050  0.238711
36100  0.238711
36150  0.238711
36200  0.238711
36250  0.238711
36300  0.238711
36350  0.238711
36400  0.238711
36450  0.238711
36500  0.238711
36550  0.238711
36600  0.238711
36650  0.238711
36700  0.238711
36750  0.238711
36800  0.238711
36850  0.238711
36900  0.238711
36950  0.238711
37000  0.238711
37050  0.238711
37100  0.238711
37150  0.238711
37200  0.238711
37250  0.238711
37300  0.238711
37350  0.238711
37400  0.238711
37450  0.238711
37500  0.238711
37550  0.238711
37600  0.238711
37650  0.238711
37700  0.238088
37750  0.237165
37800  0.237165
37850  0.237165
37900  0.237165
37950  0.237165
38000  0.237165
38050  0.237165
38100  0.237165
38150  0.237165
38200  0.237165
38250  0.237165
38300  0.237165
38350  0.237165
38400  0.237165
38450  0.237165
38500  0.237165
38550  0.237165
38600  0.237165
38650  0.237165
38700  0.237165
38750  0.237165
38800  0.237165
38850  0.237165
38900  0.237165
38950  0.237165
39000  0.237165
39050  0.237165
39100  0.237165
39150  0.237165
39200  0.237165
39250  0.237165
39300  0.234405
39350  0.234405
39400  0.234405
39450  0.234405
39500  0.234405
39550  0.234405
39600  0.234405
39650  0.234405
39700  0.234405
39750  0.234405
39800  0.234405
39850  0.234405
39900  0.234405
39950  0.234405
40000  0.234405
40050  0.234405
40100  0.234405
40150  0.234405
40200  0.234405
40250  0.234405
40300  0.234405
40350  0.234405
40400  0.234405
40450  0.234405
40500  0.234405
40550  0.234405
40600  0.234405
40650  0.231929
40700  0.231929
40750  0.231929
40800  0.231929
40850  0.231929
40900  0.231929
40950  0.231929
41000  0.231929
41050  0.231929
41100  0.231929
41150  0.231929
41200  0.231929
41250  0.231929
41300  0.231929
41350  0.231929
41400  0.231929
41450  0.231929
41500  0.231929
41550  0.231929
41600  0.231929
41650  0.231929
41700  0.231929
41750  0.231929
41800  0.231929
41850  0.231929
41900  0.231929
41950  0.231223
42000  0.231223
42050  0.231223
42100  0.231223
42150  0.231223
42200  0.231223
42250  0.231223
42300  0.231223
42350  0.231223
42400  0.231076
42450  0.231076
42500  0.231076
42550  0.231076
42600  0.231076
42650  0.231076
42700  0.231076
42750  0.231076
42800  0.231076
42850  0.229304
42900  0.229304
42950  0.229304
43000  0.229304
43050  0.229304
43100  0.229304
43150  0.229304
43200  0.229304
43250  0.229304
43300  0.229304
43350  0.229304
43400  0.229304
43450  0.229304
43500  0.229304
43550  0.229304
43600  0.229304
43650  0.229304
43700  0.229304
43750  0.229304
43800  0.229304
43850  0.229304
43900  0.229304
43950  0.229304
44000  0.229304
44050  0.22864
44100  0.22864
44150  0.22864
44200  0.228471
44250  0.228471
44300  0.228471
44350  0.228471
44400  0.228471
44450  0.228471
44500  0.228471
44550  0.228471
44600  0.225758
44650  0.225758
44700  0.225758
44750  0.225758
44800  0.225758
44850  0.225758
44900  0.225758
44950  0.225758
45000  0.225758
45050  0.225758
45100  0.225758
45150  0.225758
45200  0.225758
45250  0.225758
45300  0.225758
45350  0.225758
45400  0.225758
45450  0.225758
45500  0.225758
45550  0.225758
45600  0.225758
45650  0.225758
45700  0.225758
45750  0.225758
45800  0.225758
45850  0.225758
45900  0.225758
45950  0.225758
46000  0.225758
46050  0.225758
46100  0.225758
46150  0.225758
46200  0.225758
46250  0.225758
46300  0.225758
46350  0.225758
46400  0.225758
46450  0.225758
46500  0.225758
46550  0.225758
46600  0.225758
46650  0.225758
46700  0.225758
46750  0.225758
46800  0.225758
46850  0.225758
46900  0.225758
46950  0.225758
47000  0.225758
47050  0.225758
47100  0.225758
47150  0.225758
47200  0.225758
47250  0.225758
47300  0.225758
47350  0.225758
47400  0.225758
47450  0.225758
47500  0.225758
47550  0.225758
47600  0.225758
47650  0.225758
47700  0.225758
47750  0.225758
47800  0.225758
47850  0.225758
47900  0.225758
47950  0.225758
48000  0.225758
48050  0.225758
48100  0.225758
48150  0.225758
48200  0.225758
48250  0.225758
48300  0.225758
48350  0.225758
48400  0.223825
48450  0.223825
48500  0.223825
48550  0.223825
48600  0.223825
48650  0.222026
48700  0.222026
48750  0.222026
48800  0.222026
48850  0.222026
48900  0.222026
48950  0.222026
49000  0.222026
49050  0.222026
49100  0.222026
49150  0.222026
49200  0.222026
49250  0.222026
49300  0.222026
49350  0.222026
49400  0.222026
49450  0.222026
49500  0.222026
49550  0.222026
49600  0.222026
49650  0.222026
49700  0.222026
49750  0.221494
49800  0.221494
49850  0.221494
49900  0.221494
49950  0.221494
50000  0.221494
50050  0.221494
50100  0.221494
50150  0.221494
50200  0.221494
50250  0.221494
50300  0.221494
50350  0.221494
50400  0.221494
50450  0.221494
50500  0.221494
50550  0.221494
50600  0.221494
50650  0.221494
50700  0.221494
50750  0.221494
50800  0.221494
50850  0.221494
50900  0.221494
50950  0.221494
51000  0.221494
51050  0.221494
51100  0.221494
51150  0.221494
51200  0.221494
51250  0.221016
51300  0.221016
51350  0.221016
51400  0.221016
51450  0.221016
51500  0.221016
51550  0.221016
51600  0.221016
51650  0.221016
51700  0.221016
51750  0.221016
51800  0.221016
51850  0.219827
51900  0.219827
51950  0.219827
52000  0.219827
52050  0.219827
52100  0.219827
52150  0.219827
52200  0.219827
52250  0.219827
52300  0.219827
52350  0.219827
52400  0.219827
52450  0.219749
52500  0.219749
52550  0.219749
52600  0.219749
52650  0.219749
52700  0.219749
52750  0.219749
52800  0.219749
52850  0.216722
52900  0.216722
52950  0.216722
53000  0.216722
53050  0.216722
53100  0.216722
53150  0.216722
53200  0.216722
53250  0.216722
53300  0.216722
53350  0.216722
53400  0.216722
53450  0.216722
53500  0.216722
53550  0.216722
53600  0.216722
53650  0.216722
53700  0.216722
53750  0.216722
53800  0.216722
53850  0.216722
53900  0.216722
53950  0.216722
54000  0.216722
54050  0.216722
54100  0.216722
54150  0.216722
54200  0.216722
54250  0.216722
54300  0.216722
54350  0.216722
54400  0.216722
54450  0.216722
54500  0.216722
54550  0.216722
54600  0.216722
54650  0.216722
54700  0.216722
54750  0.216722
54800  0.216722
54850  0.216722
54900  0.216722
54950  0.216722
55000  0.216722
55050  0.216722
55100  0.216722
55150  0.216722
55200  0.216722
55250  0.216722
55300  0.216722
55350  0.216722
55400  0.216722
55450  0.216722
55500  0.216722
55550  0.216722
55600  0.216722
55650  0.216722
55700  0.216722
55750  0.216722
55800  0.216722
55850  0.216722
55900  0.216722
55950  0.216722
56000  0.216722
56050  0.216722
56100  0.216722
56150  0.216722
56200  0.216722
56250  0.216722
56300  0.216722
56350  0.216722
56400  0.216722
56450  0.216722
56500  0.216722
56550  0.215355
56600  0.215355
56650  0.215355
56700  0.215355
56750  0.215355
56800  0.215355
56850  0.215355
56900  0.215355
56950  0.215355
57000  0.215355
57050  0.215355
57100  0.215355
57150  0.215355
57200  0.215355
57250  0.215355
57300  0.215355
57350  0.215355
57400  0.215355
57450  0.215355
57500  0.215355
57550  0.215355
57600  0.215355
57650  0.215355
57700  0.215355
57750  0.215355
57800  0.215355
57850  0.215355
57900  0.215347
57950  0.215347
58000  0.215347
58050  0.215347
58100  0.215347
58150  0.215347
58200  0.215347
58250  0.214397
58300  0.214397
58350  0.214397
58400  0.214397
58450  0.214397
58500  0.214397
58550  0.214397
58600  0.214397
58650  0.214397
58700  0.214397
58750  0.214397
58800  0.214397
58850  0.214397
58900  0.214397
58950  0.214397
59000  0.214397
59050  0.214397
59100  0.214397
59150  0.214397
59200  0.214397
59250  0.214397
59300  0.214397
59350  0.214397
59400  0.214397
59450  0.214397
59500  0.214397
59550  0.214397
59600  0.214397
59650  0.214397
59700  0.214397
59750  0.214397
59800  0.214397
59850  0.214397
59900  0.214397
59950  0.214397
60000  0.214397
60050  0.214397
60100  0.214397
60150  0.214397
60200  0.214397
60250  0.214397
60300  0.214397
60350  0.214397
60400  0.214397
60450  0.214397
60500  0.214397
60550  0.214397
60600  0.214397
60650  0.214397
60700  0.214397
60750  0.213625
60800  0.213625
60850  0.213625
60900  0.213625
60950  0.213625
61000  0.213625
61050  0.213625
61100  0.213625
61150  0.213625
61200  0.213053
61250  0.213053
61300  0.211867
61350  0.211867
61400  0.211867
61450  0.211867
61500  0.211867
61550  0.211867
61600  0.211867
61650  0.211867
61700  0.211867
61750  0.211867
61800  0.211867
61850  0.211867
61900  0.211867
61950  0.211815
62000  0.211815
62050  0.211815
62100  0.211815
62150  0.211815
62200  0.211815
62250  0.211815
62300  0.211815
62350  0.211815
62400  0.211815
62450  0.211815
62500  0.211815
62550  0.211815
62600  0.211815
62650  0.211815
62700  0.211815
62750  0.211815
62800  0.211815
62850  0.211815
62900  0.211815
62950  0.211815
63000  0.211815
63050  0.211815
63100  0.211815
63150  0.211815
63200  0.211815
63250  0.211815
63300  0.211815
63350  0.211815
63400  0.211815
63450  0.211815
63500  0.211541
63550  0.211541
63600  0.211541
63650  0.211541
63700  0.211541
63750  0.211541
63800  0.211541
63850  0.211541
63900  0.211541
63950  0.211541
64000  0.211541
64050  0.211541
64100  0.211541
64150  0.211541
64200  0.211541
64250  0.211541
64300  0.211541
64350  0.211541
64400  0.211541
64450  0.211541
64500  0.211541
64550  0.211541
64600  0.211541
64650  0.211541
64700  0.211541
64750  0.211541
64800  0.211541
64850  0.211541
64900  0.211541
64950  0.211541
65000  0.211541
65050  0.211541
65100  0.211541
65150  0.211541
65200  0.211541
65250  0.211541
65300  0.211541
65350  0.211541
65400  0.211541
65450  0.211541
65500  0.211541
65550  0.211541
65600  0.211541
65650  0.210069
65700  0.210069
65750  0.210069
65800  0.210069
65850  0.210069
65900  0.210069
65950  0.210069
66000  0.210069
66050  0.210069
66100  0.210069
66150  0.210069
66200  0.210069
66250  0.210069
66300  0.210069
66350  0.210069
66400  0.210069
66450  0.210069
66500  0.210069
66550  0.210069
66600  0.210069
66650  0.210069
66700  0.210069
66750  0.210069
66800  0.210069
66850  0.210069
66900  0.210069
66950  0.210069
67000  0.210069
67050  0.210069
67100  0.210069
67150  0.210069
67200  0.210069
67250  0.210069
67300  0.209529
67350  0.209529
67400  0.209529
67450  0.209529
67500  0.209529
67550  0.209529
67600  0.209529
67650  0.209529
67700  0.209529
67750  0.209529
67800  0.209529
67850  0.209529
67900  0.209529
67950  0.209529
68000  0.209529
68050  0.209529
68100  0.209529
68150  0.209529
68200  0.209529
68250  0.209529
68300  0.209529
68350  0.209529
68400  0.209529
68450  0.209529
68500  0.209529
68550  0.209529
68600  0.209529
68650  0.209529
68700  0.209529
68750  0.209529
68800  0.209529
68850  0.209529
68900  0.209529
68950  0.209529
69000  0.209529
69050  0.209529
69100  0.209529
69150  0.209529
69200  0.209529
69250  0.209529
69300  0.209529
69350  0.209529
69400  0.209529
69450  0.209529
69500  0.209529
69550  0.209529
69600  0.209529
69650  0.209529
69700  0.209529
69750  0.209529
69800  0.209529
69850  0.209529
69900  0.209529
69950  0.209529
70000  0.209529
70050  0.209529
70100  0.209529
70150  0.209529
70200  0.209529
70250  0.209529
70300  0.209529
70350  0.209529
70400  0.209529
70450  0.209529
70500  0.209529
70550  0.209529
70600  0.209529
70650  0.209529
70700  0.209529
70750  0.209529
70800  0.209529
70850  0.209529
70900  0.209529
70950  0.209529
71000  0.209529
71050  0.209529
71100  0.209529
71150  0.209529
71200  0.209529
71250  0.209529
71300  0.209529
71350  0.209529
71400  0.209529
71450  0.209529
71500  0.209529
71550  0.209529
71600  0.209529
71650  0.209529
71700  0.209529
71750  0.209529
71800  0.209529
71850  0.209529
71900  0.209529
71950  0.209529
72000  0.209529
72050  0.209529
72100  0.209529
72150  0.209529
72200  0.209529
72250  0.209529
72300  0.209529
72350  0.209529
72400  0.209529
72450  0.209529
72500  0.209529
72550  0.209529
72600  0.209529
72650  0.209529
72700  0.209529
72750  0.209529
72800  0.209529
72850  0.209529
72900  0.209529
72950  0.209529
73000  0.209529
73050  0.209529
73100  0.209529
73150  0.209529
73200  0.209529
73250  0.209529
73300  0.209529
73350  0.209188
73400  0.209188
73450  0.209188
73500  0.209188
73550  0.209188
73600  0.209188
73650  0.209188
73700  0.209188
73750  0.209188
73800  0.209188
73850  0.209188
73900  0.209188
73950  0.209188
74000  0.209188
74050  0.209188
74100  0.209188
74150  0.209188
74200  0.209188
74250  0.209188
74300  0.209188
74350  0.209188
74400  0.209188
74450  0.209188
74500  0.209188
74550  0.209188
74600  0.209188
74650  0.209188
74700  0.209188
74750  0.209188
74800  0.209188
74850  0.209188
74900  0.209188
74950  0.209188
75000  0.209188
75050  0.209188
75100  0.209188
75150  0.209188
75200  0.209188
75250  0.209188
75300  0.209188
75350  0.209188
75400  0.209188
75450  0.209188
75500  0.209188
75550  0.209188
75600  0.209188
75650  0.209188
75700  0.209188
75750  0.209188
75800  0.209188
75850  0.209188
75900  0.209188
75950  0.209188
76000  0.209188
76050  0.209188
76100  0.209188
76150  0.209188
76200  0.209188
76250  0.209188
76300  0.209188
76350  0.209188
76400  0.209188
76450  0.209188
76500  0.209188
76550  0.209188
76600  0.209188
76650  0.209188
76700  0.209188
76750  0.209188
76800  0.209188
76850  0.209188
76900  0.209188
76950  0.209188
77000  0.209188
77050  0.209188
77100  0.209188
77150  0.209188
77200  0.209188
77250  0.209188
77300  0.209188
77350  0.209188
77400  0.209188
77450  0.209188
77500  0.209188
77550  0.209188
77600  0.209188
77650  0.209188
77700  0.209188
77750  0.209188
77800  0.209188
77850  0.209188
77900  0.209188
77950  0.209188
78000  0.209188
78050  0.209188
78100  0.209188
78150  0.209188
78200  0.209188
78250  0.209188
78300  0.209188
78350  0.209188
78400  0.209188
78450  0.209188
78500  0.209188
78550  0.209188
78600  0.209188
78650  0.209188
78700  0.209188
78750  0.209188
78800  0.209188
78850  0.209188
78900  0.209188
78950  0.209188
79000  0.209188
79050  0.209188
79100  0.209188
79150  0.209188
79200  0.209188
79250  0.209188
79300  0.209188
79350  0.209188
79400  0.209188
79450  0.208968
79500  0.208968
79550  0.208968
79600  0.208968
79650  0.208968
79700  0.208968
79750  0.208968
79800  0.208968
79850  0.208968
79900  0.208968
79950  0.208968
80000  0.208968
80050  0.208968
80100  0.208968
80150  0.208968
80200  0.208968
80250  0.208968
80300  0.208968
80350  0.208968
80400  0.208968
80450  0.208968
80500  0.208968
80550  0.208968
80600  0.207853
80650  0.207853
80700  0.207853
80750  0.207853
80800  0.207853
80850  0.207853
80900  0.207853
80950  0.207853
81000  0.207853
81050  0.207853
81100  0.207853
81150  0.207853
81200  0.207853
81250  0.207853
81300  0.207853
81350  0.207853
81400  0.207853
81450  0.207853
81500  0.207853
81550  0.207853
81600  0.207853
81650  0.207853
81700  0.207853
81750  0.207853
81800  0.207853
81850  0.207853
81900  0.207853
81950  0.207853
82000  0.207853
82050  0.207853
82100  0.207853
82150  0.207853
82200  0.207853
82250  0.207853
82300  0.207853
82350  0.207853
82400  0.207853
82450  0.207853
82500  0.207853
82550  0.207853
82600  0.207853
82650  0.207853
82700  0.207853
82750  0.207853
82800  0.207853
82850  0.207853
82900  0.207853
82950  0.207853
83000  0.207853
83050  0.207853
83100  0.207853
83150  0.207853
83200  0.207853
83250  0.207853
83300  0.207853
83350  0.207853
83400  0.207853
83450  0.207853
83500  0.207853
83550  0.207853
83600  0.207853
83650  0.207853
83700  0.207853
83750  0.207853
83800  0.207853
83850  0.207853
83900  0.207853
83950  0.207853
84000  0.207853
84050  0.207853
84100  0.207853
84150  0.207853
84200  0.207853
84250  0.207853
84300  0.207853
84350  0.207853
84400  0.207853
84450  0.207853
84500  0.207853
84550  0.207853
84600  0.207853
84650  0.207853
84700  0.207853
84750  0.207853
84800  0.207853
84850  0.207853
84900  0.207853
84950  0.207853
85000  0.207853
85050  0.207853
85100  0.207028
85150  0.207028
85200  0.20624
85250  0.20624
85300  0.20624
85350  0.20624
85400  0.20624
85450  0.20624
85500  0.20624
85550  0.20624
85600  0.20624
85650  0.20624
85700  0.20624
85750  0.20624
85800  0.20624
85850  0.20624
85900  0.20624
85950  0.20624
86000  0.20624
86050  0.20624
86100  0.20624
86150  0.20624
86200  0.20624
86250  0.20624
86300  0.20624
86350  0.20624
86400  0.20624
86450  0.20624
86500  0.20624
86550  0.20624
86600  0.20624
86650  0.20624
86700  0.20624
86750  0.20624
86800  0.20624
86850  0.20624
86900  0.20624
86950  0.20624
87000  0.20624
87050  0.20624
87100  0.20624
87150  0.20624
87200  0.20624
87250  0.20624
87300  0.20624
87350  0.20624
87400  0.20624
87450  0.20624
87500  0.20624
87550  0.20624
87600  0.20624
87650  0.20624
87700  0.20624
87750  0.20624
87800  0.20624
87850  0.20624
87900  0.20624
87950  0.20624
88000  0.20624
88050  0.20624
88100  0.20624
88150  0.20624
88200  0.20624
88250  0.20624
88300  0.20624
88350  0.20624
88400  0.20624
88450  0.20624
88500  0.20624
88550  0.20624
88600  0.20624
88650  0.20624
88700  0.20624
88750  0.20624
88800  0.20624
88850  0.20624
88900  0.205767
88950  0.205767
89000  0.205767
89050  0.205767
89100  0.205767
89150  0.205767
89200  0.205767
89250  0.205767
89300  0.205767
89350  0.205767
89400  0.205767
89450  0.205767
89500  0.205767
89550  0.205767
89600  0.205767
89650  0.205767
89700  0.205767
89750  0.205767
89800  0.205767
89850  0.205767
89900  0.205767
89950  0.205767
90000  0.205767
90050  0.205767
90100  0.205767
90150  0.205767
90200  0.205767
90250  0.205767
90300  0.205767
90350  0.205767
90400  0.205767
90450  0.205767
90500  0.205767
90550  0.205767
90600  0.205767
90650  0.205767
90700  0.205767
90750  0.205767
90800  0.205767
90850  0.205767
90900  0.205767
90950  0.205767
91000  0.205767
91050  0.205767
91100  0.205767
91150  0.205767
91200  0.205767
91250  0.205767
91300  0.205767
91350  0.205767
91400  0.205767
91450  0.205767
91500  0.205767
91550  0.205767
91600  0.205767
91650  0.205767
91700  0.205767
91750  0.205767
91800  0.205767
91850  0.20523
91900  0.20523
91950  0.20523
92000  0.20523
92050  0.20523
92100  0.20523
92150  0.20523
92200  0.20523
92250  0.20523
92300  0.20523
92350  0.20523
92400  0.20463
92450  0.20463
92500  0.20463
92550  0.20463
92600  0.20463
92650  0.20463
92700  0.20463
92750  0.20463
92800  0.20463
92850  0.20463
92900  0.20463
92950  0.20463
93000  0.20463
93050  0.20463
93100  0.20463
93150  0.20463
93200  0.20463
93250  0.20463
93300  0.20463
93350  0.20463
93400  0.20463
93450  0.20463
93500  0.20463
93550  0.20463
93600  0.20463
93650  0.20463
93700  0.20463
93750  0.20463
93800  0.20463
93850  0.20463
93900  0.20463
93950  0.20463
94000  0.20463
94050  0.20463
94100  0.20463
94150  0.20463
94200  0.20463
94250  0.20463
94300  0.20463
94350  0.203656
94400  0.203656
94450  0.203656
94500  0.203656
94550  0.203656
94600  0.203656
94650  0.203656
94700  0.203656
94750  0.203656
94800  0.203656
94850  0.203656
94900  0.203656
94950  0.203656
95000  0.203656
95050  0.203656
95100  0.203656
95150  0.203656
95200  0.203656
95250  0.203656
95300  0.203656
95350  0.203656
95400  0.203656
95450  0.203656
95500  0.203656
95550  0.203656
95600  0.203656
95650  0.203656
95700  0.203656
95750  0.203656
95800  0.203656
95850  0.203656
95900  0.203656
95950  0.203656
96000  0.203656
96050  0.203656
96100  0.203656
96150  0.203656
96200  0.203656
96250  0.203656
96300  0.203656
96350  0.203656
96400  0.203656
96450  0.203656
96500  0.203656
96550  0.203656
96600  0.203656
96650  0.203656
96700  0.203656
96750  0.203656
96800  0.203656
96850  0.203656
96900  0.203656
96950  0.203656
97000  0.203656
97050  0.203656
97100  0.203656
97150  0.203656
97200  0.203656
97250  0.203656
97300  0.203656
97350  0.203656
97400  0.203656
97450  0.203656
97500  0.203656
97550  0.203656
97600  0.203656
97650  0.203656
97700  0.203656
97750  0.203656
97800  0.203656
97850  0.203656
97900  0.203656
97950  0.203656
98000  0.203656
98050  0.203656
98100  0.203656
98150  0.203656
98200  0.203656
98250  0.203656
98300  0.203656
98350  0.203656
98400  0.203656
98450  0.203656
98500  0.203656
98550  0.203656
98600  0.203656
98650  0.203656
98700  0.203656
98750  0.203656
98800  0.203656
98850  0.203656
98900  0.203656
98950  0.203656
99000  0.203656
99050  0.203656
99100  0.203656
99150  0.203656
99200  0.203656
99250  0.203656
99300  0.203656
99350  0.203656
99400  0.203656
99450  0.203656
99500  0.203656
99550  0.203656
99600  0.203656
99650  0.203656
99700  0.203656
99750  0.203656
99800  0.203656
99850  0.203656
99900  0.203656
99950  0.203656
100000  0.203656
100050  0.203656
100100  0.203656
100150  0.203656
100200  0.203656
100250  0.203656
100300  0.203656
100350  0.203656
100400  0.203656
100450  0.203656
100500  0.203656
100550  0.203656
100600  0.203656
100650  0.203656
100700  0.203656
100750  0.203656
100800  0.203656
100850  0.203656
100900  0.203656
100950  0.203656
101000  0.203656
101050  0.20173
101100  0.20173
101150  0.20173
101200  0.20173
101250  0.20173
101300  0.20173
101350  0.20173
101400  0.20173
101450  0.20173
101500  0.20173
101550  0.20173
101600  0.20173
101650  0.20173
101700  0.20173
101750  0.20173
101800  0.20173
101850  0.20173
101900  0.20173
101950  0.20173
102000  0.20173
102050  0.20173
102100  0.20173
102150  0.20173
102200  0.20173
102250  0.20173
102300  0.20173
102350  0.20173
102400  0.20173
102450  0.20173
102500  0.20173
102550  0.20173
102600  0.20173
102650  0.20173
102700  0.20173
102750  0.20173
102800  0.20173
102850  0.20173
102900  0.20173
102950  0.20173
103000  0.20173
103050  0.20173
103100  0.20173
103150  0.20173
103200  0.20173
103250  0.20173
103300  0.20173
103350  0.20173
103400  0.20173
103450  0.20173
103500  0.20173
103550  0.20173
103600  0.20173
103650  0.20173
103700  0.20173
103750  0.20173
103800  0.20173
103850  0.20173
103900  0.20173
103950  0.20173
104000  0.20173
104050  0.20173
104100  0.20173
104150  0.199684
104200  0.199684
104250  0.199684
104300  0.199684
104350  0.199684
104400  0.199684
104450  0.199684
104500  0.199684
104550  0.199684
104600  0.199684
104650  0.199684
104700  0.199684
104750  0.199684
104800  0.199684
104850  0.199684
104900  0.199684
104950  0.199684
105000  0.199684
105050  0.199684
105100  0.199684
105150  0.199684
105200  0.199684
105250  0.199684
105300  0.199684
105350  0.199684
105400  0.199684
105450  0.199684
105500  0.199684
105550  0.199684
105600  0.199684
105650  0.199684
105700  0.199684
105750  0.199684
105800  0.199684
105850  0.199684
105900  0.199684
105950  0.199684
106000  0.199684
106050  0.199684
106100  0.199684
106150  0.199684
106200  0.199684
106250  0.199684
106300  0.199684
106350  0.199684
106400  0.199684
106450  0.199684
106500  0.199684
106550  0.199684
106600  0.199684
106650  0.199684
106700  0.199684
106750  0.199684
106800  0.199684
106850  0.199684
106900  0.199684
106950  0.199684
107000  0.199684
107050  0.199684
107100  0.199684
107150  0.199684
107200  0.199684
107250  0.199684
107300  0.199684
107350  0.199684
107400  0.199684
107450  0.199684
107500  0.199684
107550  0.199684
107600  0.199684
107650  0.199684
107700  0.199684
107750  0.199684
107800  0.199684
107850  0.199684
107900  0.199684
107950  0.199684
108000  0.199684
108050  0.199684
108100  0.199684
108150  0.199684
108200  0.199684
108250  0.199684
108300  0.199684
108350  0.199684
108400  0.199684
108450  0.199684
108500  0.199684
108550  0.199684
108600  0.199684
108650  0.199684
108700  0.199684
108750  0.199684
108800  0.199684
108850  0.199684
108900  0.199684
108950  0.199684
109000  0.199684
109050  0.199684
109100  0.199684
109150  0.199684
109200  0.199684
109250  0.199684
109300  0.199684
109350  0.199684
109400  0.199684
109450  0.199684
109500  0.199684
109550  0.199684
109600  0.199684
109650  0.199684
109700  0.199684
109750  0.199684
109800  0.199684
109850  0.199684
109900  0.199684
109950  0.199684
110000  0.199684
110050  0.199684
110100  0.199684
110150  0.199684
110200  0.199684
110250  0.199684
110300  0.199684
110350  0.199684
110400  0.199684
110450  0.199684
110500  0.199684
110550  0.199684
110600  0.199684
110650  0.199684
110700  0.199684
110750  0.199684
110800  0.199684
110850  0.199684
110900  0.199684
110950  0.199684
111000  0.199684
111050  0.199684
111100  0.199684
111150  0.199684
111200  0.199684
111250  0.199684
111300  0.199684
111350  0.199684
111400  0.199684
111450  0.199684
111500  0.199684
111550  0.199684
111600  0.199684
111650  0.199684
111700  0.199684
111750  0.199684
111800  0.199684
111850  0.199684
111900  0.199684
111950  0.199684
112000  0.199684
112050  0.199684
112100  0.199684
112150  0.199684
112200  0.199684
112250  0.199684
112300  0.199684
112350  0.199684
112400  0.199684
112450  0.199684
112500  0.199684
112550  0.199684
112600  0.199684
112650  0.199684
112700  0.199684
112750  0.199684
112800  0.199684
112850  0.199684
112900  0.199684
112950  0.199684
113000  0.199684
113050  0.199684
113100  0.199684
113150  0.199684
113200  0.199684
113250  0.199684
113300  0.199684
113350  0.199684
113400  0.199684
113450  0.199684
113500  0.199684
113550  0.199684
113600  0.199684
113650  0.199684
113700  0.199684
113750  0.199684
113800  0.199684
113850  0.199684
113900  0.199684
113950  0.199684
114000  0.199684
114050  0.199684
114100  0.199684
114150  0.199684
114200  0.199684
114250  0.199684
114300  0.199684
114350  0.199684
114400  0.199684
114450  0.199684
114500  0.199684
114550  0.199684
114600  0.199684
114650  0.199684
114700  0.199684
114750  0.199684
114800  0.199684
114850  0.199684
114900  0.199684
114950  0.199684
115000  0.199684
115050  0.199684
115100  0.199684
115150  0.199684
115200  0.199684
115250  0.199684
115300  0.199684
115350  0.199684
115400  0.199684
115450  0.199684
115500  0.199684
115550  0.199684
115600  0.199663
115650  0.199663
115700  0.199663
115750  0.199663
115800  0.199663
115850  0.199663
115900  0.199663
115950  0.199663
116000  0.199663
116050  0.199663
116100  0.199663
116150  0.199663
116200  0.199663
116250  0.199663
116300  0.199663
116350  0.199663
116400  0.199663
116450  0.199244
116500  0.199244
116550  0.199244
116600  0.199244
116650  0.199244
116700  0.199244
116750  0.199244
116800  0.199244
116850  0.199244
116900  0.199244
116950  0.199244
117000  0.199244
117050  0.199244
117100  0.199244
117150  0.199244
117200  0.199244
117250  0.199244
117300  0.199244
117350  0.199244
117400  0.199244
117450  0.199244
117500  0.199244
117550  0.199244
117600  0.199244
117650  0.199244
117700  0.199244
117750  0.195666
117800  0.195666
117850  0.195666
117900  0.195666
117950  0.195666
118000  0.195666
118050  0.195666
118100  0.195666
118150  0.195666
118200  0.195666
118250  0.195666
118300  0.195666
118350  0.195666
118400  0.195666
118450  0.195666
118500  0.195666
118550  0.195666
118600  0.195666
118650  0.195666
118700  0.195666
118750  0.195666
118800  0.195666
118850  0.195666
118900  0.195666
118950  0.195666
119000  0.195666
119050  0.195666
119100  0.195666
119150  0.195666
119200  0.195666
119250  0.195666
119300  0.195666
119350  0.195666
119400  0.195666
119450  0.195666
119500  0.195666
119550  0.195666
119600  0.195666
119650  0.195666
119700  0.195666
119750  0.195666
119800  0.195666
119850  0.195666
119900  0.195666
119950  0.195666
120000  0.195666
120050  0.195666
120100  0.195666
120150  0.195666
120200  0.195666
120250  0.195666
120300  0.195666
120350  0.195666
120400  0.195666
120450  0.195666
120500  0.195666
120550  0.195666
120600  0.195666
120650  0.195666
120700  0.195666
120750  0.195666
120800  0.195666
120850  0.195666
120900  0.195666
120950  0.195666
121000  0.195666
121050  0.195666
121100  0.195666
121150  0.195666
121200  0.195666
121250  0.195666
121300  0.195666
121350  0.195666
121400  0.195666
121450  0.195666
121500  0.195666
121550  0.195666
121600  0.195666
121650  0.195666
121700  0.195666
121750  0.195666
121800  0.195666
121850  0.195666
121900  0.195666
121950  0.195666
122000  0.195666
122050  0.195666
122100  0.195666
122150  0.195666
122200  0.195666
122250  0.195666
122300  0.195666
122350  0.195666
122400  0.195666
122450  0.195666
122500  0.195666
122550  0.195666
122600  0.195666
122650  0.195666
122700  0.195666
122750  0.195666
122800  0.195666
122850  0.195666
122900  0.195666
122950  0.195666
123000  0.195666
123050  0.195666
123100  0.195666
123150  0.195666
123200  0.195666
123250  0.195666
123300  0.195666
123350  0.195666
123400  0.195666
123450  0.195666
123500  0.195666
123550  0.195666
123600  0.195666
123650  0.195666
123700  0.195666
123750  0.195666
123800  0.195666
123850  0.195666
123900  0.195666
123950  0.195666
124000  0.195666
124050  0.195666
124100  0.195666
124150  0.195666
124200  0.195666
124250  0.195666
124300  0.195666
124350  0.195666
124400  0.195666
124450  0.195666
124500  0.195666
124550  0.195666
124600  0.195666
124650  0.195666
124700  0.195666
124750  0.195666
124800  0.195666
124850  0.195666
124900  0.195666
124950  0.195666
125000  0.195666
125050  0.195666
125100  0.195666
125150  0.195666
125200  0.195666
125250  0.195666
125300  0.195666
125350  0.195666
125400  0.195666
125450  0.195666
125500  0.195666
125550  0.195666
125600  0.195666
125650  0.195666
125700  0.195666
125750  0.195666
125800  0.195666
125850  0.195666
125900  0.195666
125950  0.195666
126000  0.195666
126050  0.195666
126100  0.195666
126150  0.195666
126200  0.195666
126250  0.195666
126300  0.195666
126350  0.195666
126400  0.195666
126450  0.195666
126500  0.195666
126550  0.195666
