Step  Penalty
10  0.518286
20  0.504884
30  0.494553
40  0.488743
50  0.483042
60  0.478621
70  0.476204
80  0.469824
90  0.469371
100  0.466877
110  0.463453
120  0.459546
130  0.457424
140  0.453722
150  0.44979
160  0.44575
170  0.441857
180  0.437081
190  0.436207
200  0.433807
210  0.429053
220  0.423812
230  0.420013
240  0.418032
250  0.414589
260  0.411464
270  0.410222
280  0.408393
290  0.404915
300  0.403257
310  0.401766
320  0.401503
330  0.400868
340  0.400195
350  0.399523
360  0.39637
370  0.395617
380  0.394077
390  0.394077
400  0.394077
410  0.391256
420  0.386092
430  0.383856
440  0.382811
450  0.381401
460  0.378448
470  0.377309
480  0.373638
490  0.372186
500  0.371457
510  0.365801
520  0.36196
530  0.360756
540  0.358911
550  0.357041
560  0.356478
570  0.355384
580  0.355204
590  0.353053
600  0.353053
610  0.351103
620  0.349948
630  0.348408
640  0.348408
650  0.347094
660  0.344243
670  0.342818
680  0.342483
690  0.342396
700  0.342151
710  0.341171
720  0.340152
730  0.340152
740  0.338813
750  0.338247
760  0.338247
770  0.335998
780  0.335828
790  0.334715
800  0.334715
810  0.333393
820  0.332692
830  0.331408
840  0.329849
850  0.329721
860  0.328112
870  0.327068
880  0.327068
890  0.323028
900  0.319991
910  0.317607
920  0.315877
930  0.315877
940  0.313282
950  0.312086
960  0.311783
970  0.310168
980  0.307964
990  0.30676
1000  0.304542
1010  0.303984
1020  0.303984
1030  0.303984
1040  0.303984
1050  0.300657
1060  0.300657
1070  0.299485
1080  0.299239
1090  0.299239
1100  0.297854
1110  0.296027
1120  0.296027
1130  0.294691
1140  0.293421
1150  0.293421
1160  0.293421
1170  0.290754
1180  0.290754
1190  0.290754
1200  0.290581
1210  0.290581
1220  0.290145
1230  0.289355
1240  0.289355
1250  0.289215
1260  0.289215
1270  0.289215
1280  0.288887
1290  0.288293
1300  0.287689
1310  0.287689
1320  0.287238
1330  0.286668
1340  0.286668
1350  0.286668
1360  0.286668
1370  0.286668
1380  0.286668
1390  0.286668
1400  0.286215
1410  0.286215
1420  0.285112
1430  0.285112
1440  0.285112
1450  0.284133
1460  0.284081
1470  0.282974
1480  0.282974
1490  0.282974
1500  0.282974
1510  0.282974
1520  0.282974
1530  0.282055
1540  0.282055
1550  0.281014
1560  0.281014
1570  0.279394
1580  0.279394
1590  0.277869
1600  0.277423
1610  0.276656
1620  0.276448
1630  0.276208
1640  0.276208
1650  0.276208
1660  0.273901
1670  0.273682
1680  0.273203
1690  0.273203
1700  0.271786
1710  0.271292
1720  0.270931
1730  0.269557
1740  0.267187
1750  0.264359
1760  0.263126
1770  0.263115
1780  0.262888
1790  0.262888
1800  0.262888
1810  0.262888
1820  0.262888
1830  0.262888
1840  0.262566
1850  0.262588
1860  0.262588
1870  0.262588
1880  0.261882
1890  0.261455
1900  0.261455
1910  0.261455
1920  0.261455
1930  0.261455
1940  0.261455
1950  0.261455
1960  0.26121
1970  0.26121
1980  0.26121
1990  0.26121
2000  0.26121
2010  0.26121
2020  0.26116
2030  0.26116
2040  0.26116
2050  0.260846
2060  0.260846
2070  0.260846
2080  0.260846
2090  0.260846
2100  0.259207
2110  0.259207
2120  0.259207
2130  0.259207
2140  0.259026
2150  0.257886
2160  0.256786
2170  0.255992
2180  0.255889
2190  0.255889
2200  0.255889
2210  0.255866
2220  0.254625
2230  0.254224
2240  0.254124
2250  0.254124
2260  0.254124
2270  0.252218
2280  0.251818
2290  0.251232
2300  0.251232
2310  0.2508
2320  0.250537
2330  0.250537
2340  0.250537
2350  0.250397
2360  0.249251
2370  0.249251
2380  0.249251
2390  0.248993
2400  0.248321
2410  0.247381
2420  0.247381
2430  0.247381
2440  0.247381
2450  0.247012
2460  0.246987
2470  0.246987
2480  0.246422
2490  0.246422
2500  0.246422
2510  0.246156
2520  0.245099
2530  0.244903
2540  0.244485
2550  0.243963
2560  0.243189
2570  0.243195
2580  0.242914
2590  0.242315
2600  0.242339
2610  0.242043
2620  0.241679
2630  0.241734
2640  0.241734
2650  0.241648
2660  0.241648
2670  0.241648
2680  0.241648
2690  0.241577
2700  0.241475
2710  0.241475
2720  0.241475
2730  0.241475
2740  0.241475
2750  0.241475
2760  0.241275
2770  0.241275
2780  0.241257
2790  0.240297
2800  0.240378
2810  0.23898
2820  0.239019
2830  0.23876
2840  0.238497
2850  0.238163
2860  0.238021
2870  0.237672
2880  0.237733
2890  0.237733
2900  0.237453
2910  0.237495
2920  0.237495
2930  0.237396
2940  0.237456
2950  0.237456
2960  0.236884
2970  0.236324
2980  0.236324
2990  0.236115
3000  0.235365
3010  0.235417
3020  0.235156
3030  0.23485
3040  0.23485
3050  0.23485
3060  0.23485
3070  0.23485
3080  0.23485
3090  0.23446
3100  0.234316
3110  0.234316
3120  0.234316
3130  0.234316
3140  0.233706
3150  0.233706
3160  0.233754
3170  0.233742
3180  0.233537
3190  0.23337
3200  0.23337
3210  0.23337
3220  0.23337
3230  0.23337
3240  0.233086
3250  0.233117
3260  0.233117
3270  0.233117
3280  0.232913
3290  0.232751
3300  0.232827
3310  0.232824
3320  0.232354
3330  0.232369
3340  0.232369
3350  0.232267
3360  0.232267
3370  0.232267
3380  0.232267
3390  0.232047
3400  0.231991
3410  0.231991
3420  0.230898
3430  0.230975
3440  0.230975
3450  0.230566
3460  0.229741
3470  0.229589
3480  0.229291
3490  0.229204
3500  0.229204
3510  0.228362
3520  0.228362
3530  0.228362
3540  0.228369
3550  0.22808
3560  0.22808
3570  0.227928
3580  0.227928
3590  0.227928
3600  0.227714
3610  0.227714
3620  0.227714
3630  0.227714
3640  0.227714
3650  0.227714
3660  0.227714
3670  0.227714
3680  0.227714
3690  0.227714
3700  0.22771
3710  0.227109
3720  0.227109
3730  0.227102
3740  0.22702
3750  0.22702
3760  0.22702
3770  0.22702
3780  0.22702
3790  0.22702
3800  0.22687
3810  0.22687
3820  0.22687
3830  0.226098
3840  0.226098
3850  0.226098
3860  0.226098
3870  0.226085
3880  0.225543
3890  0.225543
3900  0.225543
3910  0.225535
3920  0.225543
3930  0.225543
3940  0.22492
3950  0.224206
3960  0.224206
3970  0.224206
3980  0.224206
3990  0.223971
4000  0.223558
4010  0.223558
4020  0.223558
4030  0.223558
4040  0.223558
4050  0.223558
4060  0.22345
4070  0.222917
4080  0.222917
4090  0.222917
4100  0.222917
4110  0.222758
4120  0.222758
4130  0.222463
4140  0.222463
4150  0.222474
4160  0.222474
4170  0.222474
4180  0.221464
4190  0.221409
4200  0.221409
4210  0.221409
4220  0.221409
4230  0.221409
4240  0.221409
4250  0.221409
4260  0.221409
4270  0.221409
4280  0.221399
4290  0.221399
4300  0.221399
4310  0.221399
4320  0.221399
4330  0.221399
4340  0.221399
4350  0.221399
4360  0.221399
4370  0.220233
4380  0.220233
4390  0.218838
4400  0.218838
4410  0.218838
4420  0.218838
4430  0.218305
4440  0.217729
4450  0.217482
4460  0.217446
4470  0.217446
4480  0.217446
4490  0.216826
4500  0.216826
4510  0.216826
4520  0.216826
4530  0.216359
4540  0.216359
4550  0.216359
4560  0.216359
4570  0.216359
4580  0.216359
4590  0.216359
4600  0.216359
4610  0.216329
4620  0.216329
4630  0.216329
4640  0.216329
4650  0.216329
4660  0.216329
4670  0.216329
4680  0.216329
4690  0.216329
4700  0.216327
4710  0.216327
4720  0.216327
4730  0.216327
4740  0.216327
4750  0.216327
4760  0.215831
4770  0.215243
4780  0.214489
4790  0.21437
4800  0.21437
4810  0.21437
4820  0.214208
4830  0.214208
4840  0.214208
4850  0.214208
4860  0.214208
4870  0.214208
4880  0.214208
4890  0.214208
4900  0.214208
4910  0.213858
4920  0.213858
4930  0.213858
4940  0.213858
4950  0.213858
4960  0.213448
4970  0.213448
4980  0.213185
4990  0.213185
5000  0.213185
5010  0.213185
5020  0.213185
5030  0.213185
5040  0.213185
5050  0.21299
5060  0.21299
5070  0.21299
5080  0.21299
5090  0.21299
5100  0.21299
5110  0.21299
5120  0.21299
5130  0.21299
5140  0.21299
5150  0.21299
5160  0.21299
5170  0.21299
5180  0.21299
5190  0.21299
5200  0.212677
5210  0.212677
5220  0.212677
5230  0.212677
5240  0.212677
5250  0.212567
5260  0.212567
5270  0.212567
5280  0.212567
5290  0.212567
5300  0.212567
5310  0.212567
5320  0.212567
5330  0.212567
5340  0.212567
5350  0.212567
5360  0.212567
5370  0.212567
5380  0.212567
5390  0.212567
5400  0.212457
5410  0.212457
5420  0.212144
5430  0.212144
5440  0.212144
5450  0.212144
5460  0.211783
5470  0.211783
5480  0.21145
5490  0.21145
5500  0.211379
5510  0.211379
5520  0.211296
5530  0.2111
5540  0.2111
5550  0.2111
5560  0.211114
5570  0.211114
5580  0.211114
5590  0.211114
5600  0.211114
5610  0.211114
5620  0.211114
5630  0.211114
5640  0.211114
5650  0.211114
5660  0.211114
5670  0.211114
5680  0.211114
5690  0.211114
5700  0.211114
5710  0.211114
5720  0.211114
5730  0.211114
5740  0.211114
5750  0.211047
5760  0.211047
5770  0.211047
5780  0.211047
5790  0.211047
5800  0.211047
5810  0.211047
5820  0.211047
5830  0.211047
5840  0.211047
5850  0.21089
5860  0.21089
5870  0.21089
5880  0.21089
5890  0.21089
5900  0.21089
5910  0.21089
5920  0.21089
5930  0.21089
5940  0.21089
5950  0.210581
5960  0.210581
5970  0.210581
5980  0.210581
5990  0.210595
6000  0.210595
6010  0.210595
6020  0.210595
6030  0.21011
6040  0.210156
6050  0.210156
6060  0.210156
6070  0.210156
6080  0.210156
6090  0.210156
6100  0.210156
6110  0.210156
6120  0.210156
6130  0.210156
6140  0.210156
6150  0.210156
6160  0.210156
6170  0.210156
6180  0.210156
6190  0.210156
6200  0.210156
6210  0.210144
6220  0.209928
6230  0.209928
6240  0.209917
6250  0.209934
6260  0.209934
6270  0.209951
6280  0.209934
6290  0.209931
6300  0.209948
6310  0.209934
6320  0.209934
6330  0.209934
6340  0.209934
6350  0.209934
6360  0.209934
6370  0.209934
6380  0.209934
6390  0.209948
6400  0.209934
6410  0.209934
6420  0.209934
6430  0.209934
6440  0.209917
6450  0.209818
6460  0.209832
6470  0.209832
6480  0.209818
6490  0.209832
6500  0.209832
6510  0.209832
6520  0.209832
6530  0.209832
6540  0.209706
6550  0.209706
6560  0.209706
6570  0.209531
6580  0.209354
6590  0.209368
6600  0.209354
6610  0.209368
6620  0.209368
6630  0.209354
6640  0.209354
6650  0.209354
6660  0.209354
6670  0.209325
6680  0.209111
6690  0.209111
6700  0.209111
6710  0.208832
6720  0.208832
6730  0.208818
6740  0.208818
6750  0.208684
6760  0.208712
6770  0.208726
6780  0.208712
6790  0.208687
6800  0.208713
6810  0.208727
6820  0.208686
6830  0.208713
6840  0.208713
6850  0.208713
6860  0.208727
6870  0.208686
6880  0.208713
6890  0.208713
6900  0.208727
6910  0.208685
6920  0.208713
6930  0.208727
6940  0.208727
6950  0.208685
6960  0.208632
6970  0.208632
6980  0.208632
6990  0.208632
7000  0.208632
7010  0.208632
7020  0.20854
7030  0.20854
7040  0.20854
