Step  Penalty
100  0.580018
200  0.549637
300  0.547759
400  0.544731
500  0.543988
600  0.542801
700  0.541479
800  0.53987
900  0.539268
1000  0.539268
1100  0.538795
1200  0.537393
1300  0.536484
1400  0.536372
1500  0.535748
1600  0.535118
1700  0.534789
1800  0.534433
1900  0.533143
2000  0.532001
2100  0.531585
2200  0.531143
2300  0.529988
2400  0.528301
2500  0.528131
2600  0.527896
2700  0.526698
2800  0.526013
2900  0.525279
3000  0.524964
3100  0.524091
3200  0.52303
3300  0.521977
3400  0.519927
3500  0.51678
3600  0.512945
3700  0.508829
3800  0.506575
3900  0.502393
4000  0.496443
4100  0.492004
4200  0.488334
4300  0.485036
4400  0.481827
4500  0.479764
4600  0.477151
4700  0.474611
4800  0.472494
4900  0.471231
5000  0.468471
5100  0.467008
5200  0.464846
5300  0.461818
5400  0.459207
5500  0.455709
5600  0.453284
5700  0.450572
5800  0.448844
5900  0.447287
6000  0.445686
6100  0.443372
6200  0.44094
6300  0.439144
6400  0.437714
6500  0.436107
6600  0.434205
6700  0.432503
6800  0.430045
6900  0.427858
7000  0.426003
7100  0.423864
7200  0.421927
7300  0.420857
7400  0.419834
7500  0.418393
7600  0.416208
7700  0.414959
7800  0.412743
7900  0.410902
8000  0.409385
8100  0.408175
8200  0.407184
8300  0.405705
8400  0.404107
8500  0.401889
8600  0.400401
8700  0.399216
8800  0.397337
8900  0.395694
9000  0.393925
9100  0.392164
9200  0.389875
9300  0.388508
9400  0.386893
9500  0.385668
9600  0.383479
9700  0.382188
9800  0.380895
9900  0.379525
10000  0.378189
10100  0.376517
10200  0.374413
10300  0.372968
10400  0.371029
10500  0.369522
10600  0.367848
10700  0.36597
10800  0.365101
10900  0.363845
11000  0.362992
11100  0.361801
11200  0.361334
11300  0.360228
11400  0.35904
11500  0.358223
11600  0.357262
11700  0.356858
11800  0.355973
11900  0.354587
12000  0.35419
12100  0.353263
12200  0.352376
12300  0.351604
12400  0.35074
12500  0.350012
12600  0.349128
12700  0.347899
12800  0.347178
12900  0.346419
13000  0.345861
13100  0.344732
13200  0.344204
13300  0.343167
13400  0.342451
13500  0.341837
13600  0.341216
13700  0.340573
13800  0.339905
13900  0.339369
14000  0.33864
14100  0.338052
14200  0.336755
14300  0.335986
14400  0.335672
14500  0.335015
14600  0.334285
14700  0.333181
14800  0.332446
14900  0.331858
15000  0.330764
15100  0.330046
15200  0.329088
15300  0.328535
15400  0.32796
15500  0.327021
15600  0.32622
15700  0.325737
15800  0.325041
15900  0.324703
16000  0.323857
16100  0.323276
16200  0.322444
16300  0.321645
16400  0.32103
16500  0.320342
16600  0.3194
16700  0.319009
16800  0.318531
16900  0.317708
17000  0.316661
17100  0.31605
17200  0.315296
17300  0.314762
17400  0.314337
17500  0.313691
17600  0.313069
17700  0.312367
17800  0.311908
17900  0.311321
18000  0.310262
18100  0.309472
18200  0.308574
18300  0.30804
18400  0.307479
18500  0.306832
18600  0.30598
18700  0.305523
18800  0.304938
18900  0.304221
19000  0.303169
19100  0.302364
19200  0.301598
19300  0.300776
19400  0.300055
19500  0.299474
19600  0.298526
19700  0.297438
19800  0.29627
19900  0.295254
20000  0.294641
20100  0.293982
20200  0.293033
20300  0.292203
20400  0.291494
20500  0.290622
20600  0.290103
20700  0.289179
20800  0.288216
20900  0.287507
21000  0.286958
21100  0.286297
21200  0.285716
21300  0.285049
21400  0.283795
21500  0.283396
21600  0.282693
21700  0.282123
21800  0.281742
21900  0.28109
22000  0.280543
22100  0.279758
22200  0.278504
22300  0.277928
22400  0.277483
22500  0.277152
22600  0.276559
22700  0.275861
22800  0.275421
22900  0.275039
23000  0.274638
23100  0.273775
23200  0.273402
23300  0.273004
23400  0.272256
23500  0.271729
23600  0.271126
23700  0.270903
23800  0.270568
23900  0.270015
24000  0.269693
24100  0.269226
24200  0.26858
24300  0.267831
24400  0.267103
24500  0.266411
24600  0.265803
24700  0.265275
24800  0.26456
24900  0.264032
25000  0.263499
25100  0.262991
25200  0.262421
25300  0.262021
25400  0.261491
25500  0.260917
25600  0.260322
25700  0.259883
25800  0.259191
25900  0.258669
26000  0.258412
26100  0.257722
26200  0.257341
26300  0.256912
26400  0.256755
26500  0.256455
26600  0.256295
26700  0.256
26800  0.2558
26900  0.255454
27000  0.255179
27100  0.254958
27200  0.254556
27300  0.254175
27400  0.253835
27500  0.25327
27600  0.252785
27700  0.252342
27800  0.251773
27900  0.251497
28000  0.25098
28100  0.250463
28200  0.249929
28300  0.249395
28400  0.248924
28500  0.248539
28600  0.247966
28700  0.247595
28800  0.247141
28900  0.246501
29000  0.246094
29100  0.245817
29200  0.245267
29300  0.245029
29400  0.244739
29500  0.244256
29600  0.244028
29700  0.243588
29800  0.243113
29900  0.242741
30000  0.242066
30100  0.241475
30200  0.240843
30300  0.240567
30400  0.240019
30500  0.239288
30600  0.238871
30700  0.238237
30800  0.237534
30900  0.2368
31000  0.236475
31100  0.236076
31200  0.235675
31300  0.235242
31400  0.234952
31500  0.234746
31600  0.234162
31700  0.233847
31800  0.233599
31900  0.233289
32000  0.23308
32100  0.232619
32200  0.232301
32300  0.232061
32400  0.231819
32500  0.231603
32600  0.231253
32700  0.230925
32800  0.230503
32900  0.23022
33000  0.230028
33100  0.229686
33200  0.229427
33300  0.229262
33400  0.228872
33500  0.22839
33600  0.228092
33700  0.227752
33800  0.227436
33900  0.227224
34000  0.226926
34100  0.226518
34200  0.22615
34300  0.225864
34400  0.225542
34500  0.225155
34600  0.224967
34700  0.224844
34800  0.224398
34900  0.224176
35000  0.223827
35100  0.223377
35200  0.22322
35300  0.222887
35400  0.222823
35500  0.222459
35600  0.222142
35700  0.221978
35800  0.221759
35900  0.221539
36000  0.221274
36100  0.220887
36200  0.220585
36300  0.220375
36400  0.220071
36500  0.219872
36600  0.21957
36700  0.219339
36800  0.219154
36900  0.218664
37000  0.218456
37100  0.218302
37200  0.218118
37300  0.217862
37400  0.217484
37500  0.217308
37600  0.216791
37700  0.216426
37800  0.216101
37900  0.2157
38000  0.215537
38100  0.21518
38200  0.214853
38300  0.214655
38400  0.214457
38500  0.214213
38600  0.214111
38700  0.213709
38800  0.213597
38900  0.213399
39000  0.213151
39100  0.213068
39200  0.212798
39300  0.212672
39400  0.212487
39500  0.212061
39600  0.21197
39700  0.211798
39800  0.211424
39900  0.211314
40000  0.210988
40100  0.210616
40200  0.210275
40300  0.210164
40400  0.209922
40500  0.209674
40600  0.209506
40700  0.20942
40800  0.209112
40900  0.208957
41000  0.20888
41100  0.208575
41200  0.208309
41300  0.20823
41400  0.208095
41500  0.2078
41600  0.207577
41700  0.207459
41800  0.207286
41900  0.207001
42000  0.206852
42100  0.206639
42200  0.206473
42300  0.206327
42400  0.206194
42500  0.206043
42600  0.205932
42700  0.205773
42800  0.205636
42900  0.20542
43000  0.205291
43100  0.204976
43200  0.204776
43300  0.204608
43400  0.204396
43500  0.204145
43600  0.204059
43700  0.203818
43800  0.203748
43900  0.203574
44000  0.20345
44100  0.203287
44200  0.202959
44300  0.202758
44400  0.202578
44500  0.202459
44600  0.202177
44700  0.202048
44800  0.201631
44900  0.201557
45000  0.201454
45100  0.201295
45200  0.201139
45300  0.201025
45400  0.200962
45500  0.200794
45600  0.200613
45700  0.20036
45800  0.200072
45900  0.199836
46000  0.199611
46100  0.199342
46200  0.199173
46300  0.199146
46400  0.199029
46500  0.198928
46600  0.198789
46700  0.198625
46800  0.198434
46900  0.198315
47000  0.198237
47100  0.198107
47200  0.197819
47300  0.1977
47400  0.197607
47500  0.197604
47600  0.197445
47700  0.197328
47800  0.197272
47900  0.197169
48000  0.19711
48100  0.196945
48200  0.196833
48300  0.196624
48400  0.196538
48500  0.196381
48600  0.196151
48700  0.19604
48800  0.195896
48900  0.195695
49000  0.195614
49100  0.195614
49200  0.19545
49300  0.195406
49400  0.195314
49500  0.195207
49600  0.19514
49700  0.195065
49800  0.194961
49900  0.194845
50000  0.194687
50100  0.19461
50200  0.194608
50300  0.194608
50400  0.194535
50500  0.194519
50600  0.194405
50700  0.194338
50800  0.194198
50900  0.194098
51000  0.193972
51100  0.193812
51200  0.193746
51300  0.193641
51400  0.193566
51500  0.193525
51600  0.193463
51700  0.193345
51800  0.193341
51900  0.193294
52000  0.193176
52100  0.193064
52200  0.192916
52300  0.192889
52400  0.192864
52500  0.192791
52600  0.192733
52700  0.192554
52800  0.192497
52900  0.192366
53000  0.192282
53100  0.19213
53200  0.192082
53300  0.192002
53400  0.191861
53500  0.191731
53600  0.19161
53700  0.191475
53800  0.191306
53900  0.191222
54000  0.191189
54100  0.191189
54200  0.191157
54300  0.191105
54400  0.191047
54500  0.190898
54600  0.190898
54700  0.19076
54800  0.1907
54900  0.190537
55000  0.190427
55100  0.190382
55200  0.190365
55300  0.190246
55400  0.190164
55500  0.190069
55600  0.190014
55700  0.189982
55800  0.189933
55900  0.189898
56000  0.189837
56100  0.189722
56200  0.189717
56300  0.189595
56400  0.189514
56500  0.189391
56600  0.189249
56700  0.189181
56800  0.189095
56900  0.18904
57000  0.18896
57100  0.188826
57200  0.188747
57300  0.18866
57400  0.188569
57500  0.188446
57600  0.188344
57700  0.188324
57800  0.188214
57900  0.188146
58000  0.188016
58100  0.187984
58200  0.187874
58300  0.187864
58400  0.187834
58500  0.187786
58600  0.187751
58700  0.187663
58800  0.187631
58900  0.187592
59000  0.187515
59100  0.187389
59200  0.187333
59300  0.187217
59400  0.187106
59500  0.186995
59600  0.186873
59700  0.18677
59800  0.186672
59900  0.186575
60000  0.186511
60100  0.186401
60200  0.186307
60300  0.186292
60400  0.186142
60500  0.186092
60600  0.186031
60700  0.185947
60800  0.185882
60900  0.185877
61000  0.185768
61100  0.185718
61200  0.185661
61300  0.185568
61400  0.185531
61500  0.185462
61600  0.185405
61700  0.185336
61800  0.185266
61900  0.185266
62000  0.185113
62100  0.185095
62200  0.185024
62300  0.184918
62400  0.184832
62500  0.184802
62600  0.184763
62700  0.184704
62800  0.184645
62900  0.184578
63000  0.184507
63100  0.184444
63200  0.184399
63300  0.184341
63400  0.184305
63500  0.18423
63600  0.184172
63700  0.184172
63800  0.184066
63900  0.183978
64000  0.183873
64100  0.183873
64200  0.183839
64300  0.183776
64400  0.183685
64500  0.183628
64600  0.183603
64700  0.183568
64800  0.183533
64900  0.183458
65000  0.183458
65100  0.183435
65200  0.183354
65300  0.183306
65400  0.183224
65500  0.183064
65600  0.183026
65700  0.183023
65800  0.182986
65900  0.182917
66000  0.182858
66100  0.182815
66200  0.182757
66300  0.182736
66400  0.182629
66500  0.182626
66600  0.182575
66700  0.182559
66800  0.182539
66900  0.182512
67000  0.182464
67100  0.182398
67200  0.182364
67300  0.182323
67400  0.182307
67500  0.182195
67600  0.182111
67700  0.182058
67800  0.182025
67900  0.181836
68000  0.181806
68100  0.181797
68200  0.181732
68300  0.181716
68400  0.181597
68500  0.18148
68600  0.181439
68700  0.181435
68800  0.181263
68900  0.181263
69000  0.181178
69100  0.181095
69200  0.181092
69300  0.181036
69400  0.181013
69500  0.18095
69600  0.180932
69700  0.180879
69800  0.180824
69900  0.180678
70000  0.180588
70100  0.180553
70200  0.180549
70300  0.180497
70400  0.180482
70500  0.180388
70600  0.180342
70700  0.180264
70800  0.18021
70900  0.180207
71000  0.180158
71100  0.180028
71200  0.179985
71300  0.179949
71400  0.179873
71500  0.179859
71600  0.17983
71700  0.179789
71800  0.179756
71900  0.17971
72000  0.179691
72100  0.179591
72200  0.179539
72300  0.179497
72400  0.179461
72500  0.179379
72600  0.179346
72700  0.179254
72800  0.179215
72900  0.179097
73000  0.179052
73100  0.178948
73200  0.178948
73300  0.178914
73400  0.178861
73500  0.178727
73600  0.178724
73700  0.178671
73800  0.178621
73900  0.178598
74000  0.178558
74100  0.178491
74200  0.178491
74300  0.178431
74400  0.178395
74500  0.178349
74600  0.178349
74700  0.178319
74800  0.178313
74900  0.178253
75000  0.178209
75100  0.178133
75200  0.178133
75300  0.178098
75400  0.178047
75500  0.177991
75600  0.17793
75700  0.177895
75800  0.177862
75900  0.177816
76000  0.177808
76100  0.177808
76200  0.177785
76300  0.177746
76400  0.177691
76500  0.177642
76600  0.17762
76700  0.177599
76800  0.177483
76900  0.177439
77000  0.177372
77100  0.177327
77200  0.177277
77300  0.177208
77400  0.177169
77500  0.177169
77600  0.177108
77700  0.177053
77800  0.177007
77900  0.176998
78000  0.176953
78100  0.176913
78200  0.176855
78300  0.17683
78400  0.176815
78500  0.176768
78600  0.176755
78700  0.176723
78800  0.176723
78900  0.176664
79000  0.176585
79100  0.176541
79200  0.176541
79300  0.176475
79400  0.176472
79500  0.176442
79600  0.176439
79700  0.1764
79800  0.176372
79900  0.176366
80000  0.176366
80100  0.176298
80200  0.176228
80300  0.176212
80400  0.176153
80500  0.176103
80600  0.17607
80700  0.176044
80800  0.17602
80900  0.17601
81000  0.175909
81100  0.175877
81200  0.175877
81300  0.17578
81400  0.17578
81500  0.175677
81600  0.175626
81700  0.175499
81800  0.175492
81900  0.175492
82000  0.175442
82100  0.175397
82200  0.175358
82300  0.175292
82400  0.175238
82500  0.175238
82600  0.175173
82700  0.175162
82800  0.175099
82900  0.175093
83000  0.175105
83100  0.175055
83200  0.175
83300  0.174882
83400  0.174881
83500  0.174864
83600  0.174811
83700  0.174811
83800  0.174824
83900  0.17479
84000  0.174754
84100  0.174693
84200  0.174682
84300  0.174659
84400  0.174659
84500  0.174638
84600  0.174589
84700  0.174571
84800  0.174519
84900  0.174511
85000  0.174472
85100  0.174445
85200  0.174372
85300  0.174358
85400  0.174358
85500  0.174335
85600  0.174333
85700  0.174285
85800  0.174266
85900  0.174266
86000  0.174221
86100  0.174221
86200  0.174221
86300  0.174188
86400  0.174154
86500  0.174118
86600  0.174107
86700  0.174039
86800  0.174027
86900  0.174023
87000  0.17402
87100  0.173946
87200  0.173926
87300  0.173926
87400  0.173913
87500  0.173913
87600  0.173913
87700  0.173913
87800  0.173887
87900  0.173887
88000  0.173887
88100  0.173887
88200  0.173852
88300  0.173852
88400  0.173837
88500  0.173817
88600  0.173802
88700  0.173771
88800  0.173752
88900  0.173712
89000  0.173712
89100  0.173698
89200  0.173666
89300  0.173666
89400  0.173638
89500  0.173592
89600  0.173586
89700  0.173586
89800  0.173563
89900  0.173553
90000  0.173536
90100  0.173536
90200  0.173528
90300  0.173528
90400  0.173528
90500  0.173499
90600  0.173499
90700  0.173492
90800  0.173492
90900  0.173492
91000  0.173447
91100  0.173447
91200  0.173447
91300  0.173447
91400  0.173423
91500  0.173423
91600  0.173391
91700  0.173391
91800  0.173346
91900  0.173346
92000  0.173304
92100  0.173289
92200  0.173289
92300  0.173265
92400  0.173265
92500  0.173222
92600  0.173188
92700  0.173188
92800  0.173149
92900  0.173169
93000  0.173132
93100  0.173077
93200  0.173074
93300  0.173067
93400  0.173057
93500  0.173049
93600  0.173014
93700  0.173014
93800  0.173014
93900  0.172967
94000  0.172967
94100  0.172941
94200  0.172916
94300  0.172907
94400  0.172907
94500  0.172879
94600  0.172879
94700  0.17283
94800  0.172828
94900  0.172794
95000  0.17276
95100  0.172745
95200  0.17273
95300  0.172703
95400  0.172691
95500  0.172645
95600  0.172638
95700  0.172638
95800  0.172638
95900  0.172638
96000  0.172611
96100  0.172602
96200  0.172548
96300  0.172531
96400  0.172512
96500  0.172482
96600  0.172472
96700  0.172455
96800  0.172455
96900  0.172452
97000  0.172439
97100  0.172387
97200  0.172377
97300  0.172361
97400  0.172287
97500  0.172256
97600  0.172236
97700  0.172224
97800  0.172224
97900  0.172224
98000  0.172206
98100  0.172182
98200  0.172179
98300  0.172142
98400  0.172142
98500  0.172134
98600  0.172128
98700  0.172097
98800  0.172076
98900  0.171993
99000  0.171956
99100  0.171956
99200  0.171922
99300  0.171879
99400  0.171873
99500  0.171873
99600  0.171803
99700  0.171788
99800  0.171788
99900  0.171788
100000  0.171735
100100  0.171735
100200  0.171722
100300  0.171672
100400  0.171672
100500  0.171672
100600  0.171684
100700  0.171626
100800  0.171626
100900  0.171615
101000  0.171598
101100  0.171553
101200  0.171553
101300  0.171553
101400  0.171535
101500  0.171535
101600  0.17149
101700  0.17149
101800  0.17149
101900  0.171415
102000  0.171358
102100  0.171292
102200  0.171237
102300  0.171216
102400  0.171215
102500  0.171202
102600  0.171202
102700  0.171168
102800  0.171168
102900  0.171155
103000  0.171155
103100  0.171119
103200  0.171119
103300  0.171092
103400  0.171078
103500  0.17101
103600  0.17101
103700  0.17101
103800  0.170987
103900  0.170977
104000  0.170977
104100  0.170977
104200  0.170976
104300  0.170976
104400  0.170924
104500  0.170924
104600  0.17088
104700  0.17088
104800  0.170804
104900  0.170804
105000  0.170804
105100  0.170804
105200  0.170797
105300  0.170797
105400  0.17082
105500  0.170777
105600  0.170777
105700  0.170738
105800  0.170738
105900  0.170718
106000  0.170718
106100  0.170687
106200  0.17069
106300  0.170657
106400  0.170647
106500  0.170647
106600  0.170647
106700  0.170647
106800  0.170647
106900  0.170616
107000  0.170616
107100  0.170569
107200  0.170563
107300  0.170524
107400  0.170514
107500  0.170471
107600  0.170471
107700  0.170406
107800  0.170406
107900  0.170406
108000  0.170399
108100  0.170399
108200  0.170399
108300  0.170369
108400  0.170364
108500  0.170348
108600  0.170324
108700  0.170324
108800  0.170324
108900  0.170312
109000  0.170312
109100  0.170312
109200  0.170264
109300  0.170264
109400  0.170255
109500  0.170255
109600  0.17019
109700  0.17019
109800  0.170171
109900  0.170156
110000  0.170156
110100  0.170126
110200  0.170097
110300  0.170097
110400  0.170097
110500  0.170097
110600  0.170045
110700  0.17003
110800  0.17003
110900  0.169979
111000  0.169975
111100  0.169975
111200  0.169975
111300  0.169959
111400  0.169935
111500  0.169908
111600  0.169908
111700  0.169883
111800  0.169868
111900  0.169804
112000  0.169804
112100  0.169768
112200  0.169768
112300  0.169768
112400  0.169768
112500  0.169728
112600  0.169715
112700  0.169683
112800  0.169629
112900  0.169615
113000  0.169611
113100  0.169611
113200  0.169611
113300  0.169611
113400  0.169576
113500  0.169529
113600  0.169529
113700  0.169509
113800  0.169498
113900  0.169444
114000  0.169444
114100  0.169418
114200  0.169389
114300  0.169389
114400  0.169376
114500  0.169304
114600  0.169284
114700  0.169262
114800  0.169195
114900  0.169087
115000  0.169077
115100  0.169002
115200  0.168983
115300  0.168965
115400  0.168935
115500  0.168876
115600  0.168876
115700  0.168876
115800  0.168876
115900  0.168845
116000  0.16884
116100  0.168836
116200  0.168786
116300  0.168786
116400  0.168745
116500  0.168745
116600  0.168712
116700  0.168704
116800  0.168693
116900  0.168663
117000  0.16865
117100  0.16865
117200  0.168569
117300  0.168569
117400  0.168561
117500  0.168533
117600  0.168489
117700  0.16845
117800  0.16845
117900  0.168391
118000  0.16839
118100  0.168381
118200  0.168374
118300  0.168363
118400  0.168281
118500  0.168281
118600  0.168247
118700  0.168247
118800  0.168247
118900  0.168214
119000  0.168203
119100  0.168166
119200  0.168089
119300  0.168083
