Step  Penalty
10  0.551413
20  0.526875
30  0.515923
40  0.50579
50  0.50048
60  0.494531
70  0.486789
80  0.485911
90  0.481199
100  0.473978
110  0.463236
120  0.456984
130  0.450757
140  0.445328
150  0.440411
160  0.433057
170  0.431475
180  0.426797
190  0.42131
200  0.416727
210  0.397375
220  0.391356
230  0.390349
240  0.385101
250  0.378823
260  0.37524
270  0.369673
280  0.358494
290  0.355034
300  0.349421
310  0.340703
320  0.336793
330  0.328858
340  0.323962
350  0.31886
360  0.309073
370  0.304473
380  0.300229
390  0.299278
400  0.29729
410  0.295187
420  0.292485
430  0.290308
440  0.286808
450  0.285069
460  0.283659
470  0.28195
480  0.280728
490  0.279814
500  0.279596
510  0.278727
520  0.276487
530  0.276029
540  0.275327
550  0.274707
560  0.274087
570  0.273015
580  0.272099
590  0.270875
600  0.270823
610  0.270231
620  0.268527
630  0.267795
640  0.266241
650  0.265589
660  0.265056
670  0.263751
680  0.261953
690  0.260356
700  0.25981
710  0.258789
720  0.258042
730  0.257101
740  0.256368
750  0.255733
760  0.255502
770  0.254907
780  0.253682
790  0.252848
800  0.252148
810  0.251248
820  0.249731
830  0.249472
840  0.249412
850  0.249344
860  0.248843
870  0.248408
880  0.248408
890  0.248408
900  0.248277
910  0.247693
920  0.246821
930  0.246543
940  0.245806
950  0.245006
960  0.245006
970  0.244378
980  0.243317
990  0.243166
1000  0.242768
1010  0.242555
1020  0.24188
1030  0.241112
1040  0.239201
1050  0.238247
1060  0.237566
1070  0.237334
1080  0.236868
1090  0.236506
1100  0.236506
1110  0.236276
1120  0.235606
1130  0.235361
1140  0.23511
1150  0.234497
1160  0.234055
1170  0.234055
1180  0.233909
1190  0.233693
1200  0.23345
1210  0.232774
1220  0.232249
1230  0.231206
1240  0.231189
1250  0.231127
1260  0.230572
1270  0.230566
1280  0.230039
1290  0.229839
1300  0.229709
1310  0.229709
1320  0.229709
1330  0.229703
1340  0.229703
1350  0.229037
1360  0.228725
1370  0.228611
1380  0.228611
1390  0.228589
1400  0.228535
1410  0.228526
1420  0.228526
1430  0.228355
1440  0.228147
1450  0.228147
1460  0.228147
1470  0.228147
1480  0.227737
1490  0.227679
1500  0.227495
1510  0.227495
1520  0.227078
1530  0.227078
1540  0.226877
1550  0.226877
1560  0.226776
1570  0.226776
1580  0.226368
1590  0.226368
1600  0.226368
1610  0.226244
1620  0.226028
1630  0.226028
1640  0.226028
1650  0.226028
1660  0.225797
1670  0.225797
1680  0.225475
1690  0.225145
1700  0.225071
1710  0.225071
1720  0.224863
1730  0.22476
1740  0.224647
1750  0.224647
1760  0.224647
1770  0.224412
1780  0.224185
1790  0.224185
1800  0.224185
1810  0.223684
1820  0.223536
1830  0.223497
1840  0.223464
1850  0.223242
1860  0.223052
1870  0.22285
1880  0.22285
1890  0.222705
1900  0.22244
1910  0.22163
1920  0.221384
1930  0.221284
1940  0.221284
1950  0.220951
1960  0.220778
1970  0.220739
1980  0.220442
1990  0.220442
2000  0.22013
2010  0.219917
2020  0.219594
2030  0.219455
2040  0.219413
2050  0.218933
2060  0.21865
2070  0.21847
2080  0.218456
2090  0.218456
2100  0.218456
2110  0.218125
2120  0.218125
2130  0.21784
2140  0.217749
2150  0.217088
2160  0.217088
2170  0.216848
2180  0.21675
2190  0.21675
2200  0.21649
2210  0.216437
2220  0.216069
2230  0.216063
2240  0.215893
2250  0.215887
2260  0.215677
2270  0.215677
2280  0.215677
2290  0.215677
2300  0.215393
2310  0.214829
2320  0.214829
2330  0.214829
2340  0.214829
2350  0.214595
2360  0.214147
2370  0.214082
2380  0.214082
2390  0.214082
2400  0.213674
2410  0.21363
2420  0.21363
2430  0.21363
2440  0.213301
2450  0.212579
2460  0.212341
2470  0.212341
2480  0.212341
2490  0.212341
2500  0.212197
2510  0.211848
2520  0.211848
2530  0.211732
2540  0.211417
2550  0.211417
2560  0.211224
2570  0.211224
2580  0.211175
2590  0.211175
2600  0.2111
2610  0.211023
2620  0.211023
2630  0.211023
2640  0.211023
2650  0.211023
2660  0.211023
2670  0.211023
2680  0.210786
2690  0.210786
2700  0.210561
2710  0.210561
2720  0.210561
2730  0.210561
2740  0.210561
2750  0.210561
2760  0.210561
2770  0.210561
2780  0.210271
2790  0.210271
2800  0.210271
2810  0.210271
2820  0.210182
2830  0.210182
2840  0.210182
2850  0.210182
2860  0.21006
2870  0.21006
2880  0.209987
2890  0.209987
2900  0.209929
2910  0.209833
2920  0.209833
2930  0.209833
2940  0.209784
2950  0.209432
2960  0.209252
2970  0.209252
2980  0.209252
2990  0.209221
3000  0.209221
3010  0.209185
3020  0.209185
3030  0.209039
3040  0.209039
3050  0.209039
3060  0.208785
3070  0.208702
3080  0.208702
3090  0.208702
3100  0.208702
3110  0.208702
3120  0.208702
3130  0.208702
3140  0.208684
3150  0.208483
3160  0.208483
3170  0.208483
3180  0.208483
3190  0.208483
3200  0.208483
3210  0.208483
3220  0.208483
3230  0.208215
3240  0.208215
3250  0.208215
3260  0.208007
3270  0.208007
3280  0.207951
3290  0.207872
3300  0.207872
3310  0.207872
3320  0.207872
3330  0.20781
3340  0.207709
3350  0.207709
3360  0.207709
3370  0.207465
3380  0.207465
3390  0.207465
3400  0.207465
3410  0.207426
3420  0.207426
3430  0.207426
3440  0.207248
3450  0.207248
3460  0.207248
3470  0.207248
3480  0.207149
3490  0.207149
3500  0.207149
3510  0.207149
3520  0.207149
3530  0.207149
3540  0.207149
3550  0.207149
3560  0.207149
3570  0.207149
3580  0.20701
3590  0.20701
3600  0.20701
3610  0.20701
3620  0.20701
3630  0.20701
3640  0.206924
3650  0.206921
3660  0.206921
3670  0.206626
3680  0.206626
3690  0.206626
3700  0.206626
3710  0.206626
3720  0.206626
3730  0.206626
3740  0.206484
3750  0.206484
3760  0.206484
3770  0.206484
3780  0.206472
3790  0.206472
3800  0.206472
3810  0.206382
3820  0.206225
3830  0.206171
3840  0.206064
3850  0.206064
3860  0.206064
3870  0.206064
3880  0.206064
3890  0.206064
3900  0.206064
3910  0.206064
3920  0.20604
3930  0.20604
3940  0.20604
3950  0.20604
3960  0.20604
3970  0.20604
3980  0.206023
3990  0.206023
4000  0.206023
4010  0.205711
4020  0.205497
4030  0.205497
4040  0.205174
4050  0.205174
4060  0.205174
4070  0.205174
4080  0.205174
4090  0.205174
4100  0.205058
4110  0.205058
4120  0.20503
4130  0.20503
4140  0.20503
4150  0.20503
4160  0.20503
4170  0.20503
4180  0.20503
4190  0.20501
4200  0.20501
4210  0.204923
4220  0.20471
4230  0.20471
4240  0.204315
4250  0.204315
4260  0.204315
4270  0.204196
4280  0.204196
4290  0.204196
4300  0.204196
4310  0.204196
4320  0.204196
4330  0.204196
4340  0.204123
4350  0.203998
4360  0.203998
4370  0.203998
4380  0.203775
4390  0.203775
4400  0.203775
4410  0.203447
4420  0.20341
4430  0.203001
4440  0.202995
4450  0.202995
4460  0.202995
4470  0.202995
4480  0.202995
4490  0.202967
4500  0.202967
4510  0.202779
4520  0.202779
4530  0.202779
4540  0.202779
4550  0.202779
4560  0.202779
4570  0.202779
4580  0.202762
4590  0.202762
4600  0.202762
4610  0.202568
4620  0.202465
4630  0.202465
4640  0.202465
4650  0.202413
4660  0.202413
4670  0.202413
4680  0.202413
4690  0.202413
4700  0.202413
4710  0.202413
4720  0.202353
4730  0.202353
4740  0.202353
4750  0.202353
4760  0.202353
4770  0.201979
4780  0.201979
4790  0.201979
4800  0.201979
4810  0.201949
4820  0.201801
4830  0.201801
4840  0.201715
4850  0.201715
4860  0.201715
4870  0.201715
4880  0.201633
4890  0.201633
4900  0.201633
4910  0.201633
4920  0.201544
4930  0.201414
4940  0.201414
4950  0.201036
4960  0.201036
4970  0.201036
4980  0.201036
4990  0.201009
5000  0.201009
5010  0.201009
5020  0.201009
5030  0.201009
5040  0.201009
5050  0.201009
5060  0.201009
5070  0.201009
5080  0.201009
5090  0.201009
5100  0.201009
5110  0.201009
5120  0.201009
5130  0.201009
5140  0.201009
5150  0.201009
5160  0.201009
5170  0.201009
5180  0.201009
5190  0.201009
5200  0.201009
5210  0.201009
5220  0.201009
5230  0.201009
5240  0.201009
5250  0.200991
5260  0.200991
5270  0.200991
5280  0.200991
5290  0.200991
5300  0.200991
5310  0.200991
5320  0.200991
5330  0.200991
5340  0.200991
5350  0.200991
5360  0.20097
5370  0.20097
5380  0.20097
5390  0.20097
5400  0.20097
5410  0.20097
5420  0.20097
5430  0.20097
5440  0.200853
5450  0.200853
5460  0.200853
5470  0.200853
5480  0.200853
5490  0.200853
5500  0.200853
5510  0.200853
5520  0.200853
5530  0.200853
5540  0.200853
5550  0.200853
5560  0.200853
5570  0.200853
5580  0.200786
5590  0.200786
5600  0.200786
5610  0.200685
5620  0.200685
5630  0.200685
5640  0.200685
5650  0.200685
5660  0.200685
5670  0.200685
5680  0.200685
5690  0.200685
5700  0.200685
5710  0.200685
5720  0.200685
5730  0.200685
5740  0.200685
5750  0.200685
5760  0.200685
5770  0.200685
5780  0.200685
5790  0.200685
5800  0.200685
5810  0.200685
5820  0.200685
5830  0.200685
5840  0.200685
5850  0.200685
5860  0.200685
5870  0.200685
5880  0.200685
5890  0.200685
5900  0.200685
5910  0.200685
5920  0.200685
5930  0.200685
5940  0.200685
5950  0.200685
5960  0.200685
5970  0.200685
5980  0.200685
5990  0.200685
6000  0.200685
6010  0.200685
6020  0.200685
6030  0.200685
6040  0.200685
6050  0.200685
6060  0.200685
6070  0.200685
6080  0.200685
6090  0.200685
6100  0.200685
6110  0.200685
6120  0.200685
6130  0.200685
6140  0.200685
6150  0.200685
6160  0.200685
6170  0.200685
6180  0.200685
6190  0.200685
6200  0.200685
6210  0.200685
6220  0.200685
6230  0.200685
6240  0.200685
6250  0.200685
6260  0.200685
6270  0.200685
6280  0.200685
6290  0.200685
6300  0.200685
6310  0.200685
6320  0.200685
6330  0.200606
6340  0.200606
6350  0.200606
6360  0.200606
6370  0.200606
6380  0.200606
6390  0.200606
6400  0.200606
6410  0.200606
6420  0.200606
6430  0.200606
6440  0.200606
6450  0.200606
6460  0.200606
6470  0.200606
6480  0.200606
6490  0.200606
6500  0.200606
6510  0.200606
6520  0.200606
6530  0.200606
6540  0.200606
6550  0.200606
6560  0.200606
6570  0.200606
6580  0.200606
6590  0.200606
6600  0.200606
6610  0.200606
6620  0.200606
6630  0.200606
6640  0.200606
6650  0.200606
6660  0.200613
6670  0.200613
6680  0.200613
6690  0.200613
6700  0.200613
6710  0.200613
6720  0.200613
6730  0.200613
6740  0.200613
6750  0.200613
6760  0.200613
6770  0.200613
6780  0.200613
6790  0.200613
6800  0.200613
6810  0.200613
6820  0.200613
6830  0.200613
6840  0.200613
6850  0.200613
6860  0.200613
6870  0.200613
6880  0.200613
6890  0.200613
6900  0.200613
6910  0.200613
6920  0.200613
6930  0.200613
6940  0.200613
6950  0.200613
6960  0.200606
6970  0.200606
6980  0.200606
6990  0.200606
7000  0.200546
7010  0.200546
7020  0.200546
7030  0.200546
7040  0.200546
7050  0.200546
7060  0.200546
7070  0.200546
7080  0.200428
7090  0.200428
7100  0.200428
7110  0.200428
7120  0.200428
7130  0.200428
7140  0.200428
7150  0.200428
7160  0.200428
7170  0.200428
7180  0.200272
7190  0.200272
7200  0.200222
7210  0.200222
7220  0.200222
7230  0.200222
7240  0.200222
7250  0.200222
7260  0.200222
7270  0.200222
7280  0.200222
7290  0.200222
7300  0.200222
7310  0.200222
7320  0.200222
7330  0.200156
7340  0.200156
7350  0.200156
7360  0.200156
7370  0.200156
7380  0.200156
7390  0.200156
7400  0.200156
7410  0.200156
7420  0.200156
7430  0.200156
7440  0.200156
7450  0.200085
7460  0.200085
7470  0.200085
7480  0.200085
7490  0.200085
7500  0.200085
7510  0.200085
7520  0.200085
7530  0.200085
7540  0.200085
7550  0.200085
7560  0.200085
7570  0.200085
7580  0.200085
7590  0.200085
7600  0.199923
7610  0.199923
7620  0.199923
7630  0.199923
7640  0.199923
7650  0.199923
7660  0.199923
7670  0.199923
7680  0.199923
7690  0.199923
7700  0.199923
7710  0.199923
7720  0.199923
7730  0.199923
7740  0.199923
7750  0.199923
7760  0.199923
7770  0.199923
7780  0.199923
7790  0.199923
7800  0.199923
7810  0.199923
7820  0.199923
7830  0.199923
7840  0.199923
7850  0.199923
7860  0.199923
7870  0.199923
7880  0.199923
7890  0.199923
7900  0.199923
7910  0.199923
7920  0.199923
7930  0.199923
7940  0.199923
7950  0.199923
7960  0.199923
7970  0.199923
7980  0.199923
7990  0.199923
8000  0.199923
8010  0.199923
8020  0.199923
8030  0.199923
8040  0.199923
8050  0.199852
8060  0.199852
8070  0.199852
8080  0.199852
8090  0.199852
8100  0.199852
8110  0.199852
8120  0.199852
8130  0.199558
8140  0.199558
8150  0.199558
8160  0.199558
8170  0.199558
8180  0.199558
8190  0.199558
8200  0.199558
8210  0.199558
8220  0.199558
8230  0.199293
8240  0.199293
8250  0.199293
8260  0.199293
8270  0.199293
8280  0.199293
8290  0.199293
8300  0.199293
8310  0.199293
8320  0.199293
8330  0.199293
8340  0.199293
8350  0.199293
8360  0.199293
8370  0.199293
8380  0.199293
8390  0.199293
8400  0.199293
8410  0.199293
8420  0.199293
8430  0.199293
8440  0.199293
8450  0.199293
8460  0.199293
8470  0.199293
8480  0.199293
8490  0.199293
8500  0.199293
8510  0.199293
8520  0.199293
8530  0.199293
8540  0.199293
8550  0.199293
8560  0.199293
8570  0.199293
8580  0.199185
8590  0.199185
8600  0.199185
8610  0.199185
8620  0.199185
8630  0.199185
8640  0.199185
8650  0.199185
8660  0.199185
8670  0.199185
8680  0.199185
8690  0.199185
8700  0.199185
8710  0.199185
8720  0.199185
8730  0.199185
8740  0.199185
8750  0.199185
8760  0.199185
8770  0.199185
8780  0.199185
8790  0.199185
8800  0.199185
8810  0.199185
8820  0.199185
8830  0.199185
8840  0.199185
8850  0.199185
8860  0.199185
8870  0.199185
8880  0.199185
8890  0.199185
8900  0.199185
8910  0.199185
8920  0.199185
8930  0.199185
8940  0.199185
8950  0.199185
8960  0.199185
8970  0.199185
8980  0.199185
8990  0.199185
9000  0.199185
9010  0.199185
9020  0.199185
9030  0.199185
9040  0.199185
9050  0.199185
9060  0.199185
9070  0.199185
9080  0.199185
9090  0.199185
9100  0.199185
9110  0.199185
9120  0.199185
9130  0.199185
9140  0.199185
9150  0.199185
9160  0.199185
9170  0.199185
9180  0.199185
9190  0.199185
9200  0.199185
9210  0.199185
9220  0.199185
9230  0.199185
9240  0.199185
9250  0.199185
9260  0.199185
9270  0.199185
9280  0.199185
9290  0.199185
9300  0.199185
9310  0.199185
9320  0.199185
9330  0.199185
9340  0.199185
9350  0.199185
9360  0.199185
9370  0.199185
9380  0.199185
9390  0.199185
9400  0.199185
9410  0.199185
9420  0.199185
9430  0.199185
9440  0.199185
9450  0.199185
9460  0.199185
9470  0.199185
9480  0.199185
9490  0.199185
9500  0.199185
9510  0.199185
9520  0.199185
9530  0.199185
9540  0.199185
9550  0.199185
9560  0.199185
9570  0.199185
9580  0.199185
9590  0.199092
9600  0.199092
9610  0.199092
9620  0.199092
9630  0.199092
9640  0.199092
9650  0.199092
9660  0.199092
9670  0.199092
9680  0.199092
9690  0.199092
9700  0.199092
9710  0.199092
9720  0.199092
9730  0.199092
9740  0.199092
9750  0.199092
9760  0.199092
9770  0.199092
9780  0.199092
9790  0.198987
9800  0.198907
9810  0.198907
9820  0.198907
9830  0.198907
9840  0.198907
9850  0.198907
9860  0.198907
9870  0.198907
9880  0.198907
9890  0.198907
9900  0.198907
9910  0.198907
9920  0.198907
9930  0.198907
9940  0.198907
9950  0.198907
9960  0.198907
9970  0.198907
9980  0.198907
9990  0.198907
10000  0.198907
10010  0.198907
10020  0.198907
10030  0.198907
10040  0.198907
10050  0.198907
10060  0.198907
10070  0.198907
10080  0.198907
10090  0.198907
10100  0.198907
10110  0.198907
10120  0.198907
10130  0.198907
10140  0.198907
10150  0.198907
10160  0.198907
10170  0.198907
10180  0.198907
10190  0.198907
10200  0.198907
10210  0.198907
10220  0.198907
10230  0.198907
10240  0.198907
10250  0.198907
10260  0.198907
10270  0.198907
10280  0.198907
10290  0.198907
10300  0.198907
10310  0.198907
10320  0.198907
10330  0.198907
10340  0.198907
10350  0.198907
10360  0.198907
10370  0.198926
10380  0.198926
10390  0.198926
10400  0.198926
10410  0.198926
10420  0.198926
10430  0.198926
10440  0.198926
10450  0.198926
10460  0.198926
10470  0.198926
10480  0.198926
10490  0.198926
10500  0.198926
10510  0.198926
10520  0.198926
10530  0.198926
10540  0.198926
10550  0.198926
10560  0.198926
10570  0.198926
10580  0.198926
10590  0.198926
10600  0.198926
10610  0.198926
10620  0.198926
10630  0.198926
10640  0.198926
10650  0.198926
10660  0.198926
10670  0.198926
10680  0.198926
10690  0.198926
10700  0.198926
10710  0.198926
10720  0.198926
10730  0.198926
10740  0.198926
10750  0.198926
10760  0.198926
10770  0.198926
10780  0.198926
10790  0.198926
10800  0.198926
10810  0.198926
10820  0.198926
10830  0.198926
10840  0.198926
10850  0.198926
10860  0.198926
10870  0.198926
10880  0.198926
10890  0.198926
10900  0.198926
10910  0.198926
10920  0.198926
10930  0.198926
10940  0.198926
10950  0.198926
10960  0.198926
10970  0.198926
10980  0.198926
10990  0.198926
11000  0.198926
11010  0.198926
11020  0.198926
11030  0.198926
11040  0.198926
11050  0.198926
11060  0.198926
11070  0.198926
11080  0.198926
11090  0.198926
11100  0.198926
11110  0.198907
11120  0.198907
11130  0.198907
11140  0.198907
11150  0.198907
11160  0.198907
11170  0.198907
11180  0.198907
11190  0.198907
11200  0.198907
11210  0.198907
11220  0.198907
11230  0.198907
11240  0.198907
11250  0.198907
11260  0.198907
11270  0.198907
11280  0.198907
11290  0.198907
11300  0.198907
11310  0.198907
11320  0.198907
11330  0.198907
11340  0.198907
11350  0.198907
11360  0.198907
11370  0.198907
11380  0.198907
11390  0.198907
11400  0.198907
11410  0.198907
11420  0.198907
11430  0.198907
11440  0.198907
11450  0.198907
11460  0.198907
11470  0.198907
11480  0.198907
11490  0.198907
11500  0.198764
11510  0.198764
11520  0.198764
11530  0.198764
11540  0.198764
11550  0.198764
11560  0.198764
11570  0.198764
11580  0.198764
11590  0.198764
11600  0.198764
11610  0.198764
11620  0.198764
11630  0.198764
11640  0.198764
11650  0.198764
11660  0.198764
11670  0.198764
11680  0.198764
11690  0.198764
11700  0.198764
11710  0.198764
11720  0.198764
11730  0.198764
11740  0.198536
11750  0.198536
11760  0.198536
11770  0.198536
11780  0.198536
11790  0.198536
11800  0.198536
11810  0.198536
11820  0.198536
11830  0.198536
11840  0.198536
11850  0.198536
11860  0.198536
11870  0.198536
11880  0.198536
11890  0.198536
11900  0.198536
11910  0.198536
11920  0.198536
11930  0.198536
11940  0.198536
11950  0.198536
11960  0.198536
11970  0.198536
11980  0.198536
11990  0.198536
12000  0.198536
12010  0.198536
12020  0.198536
12030  0.198536
12040  0.198536
12050  0.198536
12060  0.198536
12070  0.198536
12080  0.198536
12090  0.198536
12100  0.198536
12110  0.198536
12120  0.198536
12130  0.198536
12140  0.198536
12150  0.198536
12160  0.198536
12170  0.198536
12180  0.198536
12190  0.198536
12200  0.198536
12210  0.198536
12220  0.198536
12230  0.198536
12240  0.198536
12250  0.198536
12260  0.198536
12270  0.198536
12280  0.198536
12290  0.198536
12300  0.198536
12310  0.198536
12320  0.198536
12330  0.198536
12340  0.198536
12350  0.198536
12360  0.198536
12370  0.198536
12380  0.198536
12390  0.198536
12400  0.198536
12410  0.198536
12420  0.198536
12430  0.198536
12440  0.198536
12450  0.198536
12460  0.198536
12470  0.198536
12480  0.198536
12490  0.198536
12500  0.198536
12510  0.198536
12520  0.198536
12530  0.198536
12540  0.198536
12550  0.198536
12560  0.198536
12570  0.198536
12580  0.198536
12590  0.198536
12600  0.198536
12610  0.198536
12620  0.198536
12630  0.198536
12640  0.198536
12650  0.198536
12660  0.198536
12670  0.198536
12680  0.198536
12690  0.198536
12700  0.198536
12710  0.198536
12720  0.198536
12730  0.198536
12740  0.198536
12750  0.198536
12760  0.198536
12770  0.198536
12780  0.198536
12790  0.198536
12800  0.198536
12810  0.198536
12820  0.198536
12830  0.198536
12840  0.198536
12850  0.198536
12860  0.198536
12870  0.198536
12880  0.198536
12890  0.198536
12900  0.198536
12910  0.198536
12920  0.198536
12930  0.198536
12940  0.198536
12950  0.198536
12960  0.198536
12970  0.198536
12980  0.198536
12990  0.198536
13000  0.198536
13010  0.198536
13020  0.198536
13030  0.198536
13040  0.198536
13050  0.198536
13060  0.198536
13070  0.198536
13080  0.198536
13090  0.198536
13100  0.198536
13110  0.198536
13120  0.198536
13130  0.198536
13140  0.198536
13150  0.198536
13160  0.198536
13170  0.198536
13180  0.198536
13190  0.198536
13200  0.198536
13210  0.198536
13220  0.198536
13230  0.198536
13240  0.198536
13250  0.198536
13260  0.198536
13270  0.198536
13280  0.198536
13290  0.198536
13300  0.198536
13310  0.198536
13320  0.198536
13330  0.198536
13340  0.198486
13350  0.198486
13360  0.198486
13370  0.198486
13380  0.198486
13390  0.198486
13400  0.198486
13410  0.198486
13420  0.198486
13430  0.198486
13440  0.198486
13450  0.198486
13460  0.198486
13470  0.198486
13480  0.198486
13490  0.198486
13500  0.198486
13510  0.198486
13520  0.198486
13530  0.198486
13540  0.198486
13550  0.198486
13560  0.198486
13570  0.198486
13580  0.198486
13590  0.198486
13600  0.198486
13610  0.198486
13620  0.198486
13630  0.198486
13640  0.198486
13650  0.198486
13660  0.198486
13670  0.198486
13680  0.198486
13690  0.198486
13700  0.198486
13710  0.198486
13720  0.198486
13730  0.198486
13740  0.198486
13750  0.198486
13760  0.198486
13770  0.198486
13780  0.198486
13790  0.198486
13800  0.198486
13810  0.198486
13820  0.198486
13830  0.198486
13840  0.198486
13850  0.198486
13860  0.198486
13870  0.198486
13880  0.198486
13890  0.198486
13900  0.198486
13910  0.198486
13920  0.198486
13930  0.198486
13940  0.198486
13950  0.198486
13960  0.198486
13970  0.198486
13980  0.198486
13990  0.198486
14000  0.198486
14010  0.198486
14020  0.198486
14030  0.198486
14040  0.198486
14050  0.198486
14060  0.198486
14070  0.198486
14080  0.198486
14090  0.198486
14100  0.198486
14110  0.198486
14120  0.198486
14130  0.198486
14140  0.198486
14150  0.198486
14160  0.198486
14170  0.198486
14180  0.198486
14190  0.198486
14200  0.198486
14210  0.198486
14220  0.198486
14230  0.198486
14240  0.198486
14250  0.198486
14260  0.198486
14270  0.198486
14280  0.198486
14290  0.198486
14300  0.198486
14310  0.198486
14320  0.198486
14330  0.198486
14340  0.198486
14350  0.198486
14360  0.198486
14370  0.198486
14380  0.198486
14390  0.198486
14400  0.198486
14410  0.198486
14420  0.198486
14430  0.198486
14440  0.198486
14450  0.198486
14460  0.198486
14470  0.198486
14480  0.198486
14490  0.198486
14500  0.198486
14510  0.198486
14520  0.198486
14530  0.198486
14540  0.198486
14550  0.198486
14560  0.198486
14570  0.198486
14580  0.198486
14590  0.198486
14600  0.198486
14610  0.198486
14620  0.198486
14630  0.198486
14640  0.198486
14650  0.198486
14660  0.198486
14670  0.198486
14680  0.198486
14690  0.198486
14700  0.198486
14710  0.198486
14720  0.198486
14730  0.198486
14740  0.198486
14750  0.198486
14760  0.198486
14770  0.198486
14780  0.198486
14790  0.198486
14800  0.198486
14810  0.198486
14820  0.198486
14830  0.198486
14840  0.198486
14850  0.198486
14860  0.198486
14870  0.198486
14880  0.198486
14890  0.198486
14900  0.198486
14910  0.198486
14920  0.198486
14930  0.198486
14940  0.198486
14950  0.198486
14960  0.198486
14970  0.198486
14980  0.198486
14990  0.198486
15000  0.198486
15010  0.198486
15020  0.198486
15030  0.198486
15040  0.198486
15050  0.198486
15060  0.198407
15070  0.198332
15080  0.198332
15090  0.198332
15100  0.198332
15110  0.198332
15120  0.198332
15130  0.198332
15140  0.198332
15150  0.198332
15160  0.198332
15170  0.198332
15180  0.198332
15190  0.198332
15200  0.198332
15210  0.198332
15220  0.198332
15230  0.198332
15240  0.198332
15250  0.198332
15260  0.198332
15270  0.198332
15280  0.198332
15290  0.198332
15300  0.198332
15310  0.198332
15320  0.198332
15330  0.198332
15340  0.198332
15350  0.198332
15360  0.198332
15370  0.198332
15380  0.198332
15390  0.198332
15400  0.198332
15410  0.198332
15420  0.198332
15430  0.198332
15440  0.198332
15450  0.198332
15460  0.198332
15470  0.198332
15480  0.198332
15490  0.198332
15500  0.198332
15510  0.198332
15520  0.198332
15530  0.198332
15540  0.198332
15550  0.198332
15560  0.198332
15570  0.198332
15580  0.198332
15590  0.198332
15600  0.198332
15610  0.198332
15620  0.198332
15630  0.198332
15640  0.198332
15650  0.198332
15660  0.198332
15670  0.198332
15680  0.198332
15690  0.198332
15700  0.198268
15710  0.198268
15720  0.198268
15730  0.198268
15740  0.198268
15750  0.198268
15760  0.198268
15770  0.198268
15780  0.198268
15790  0.198268
15800  0.198268
15810  0.198268
15820  0.198268
15830  0.198268
15840  0.198268
15850  0.198268
15860  0.198268
15870  0.198268
15880  0.198268
15890  0.198268
15900  0.198268
15910  0.198268
15920  0.198268
15930  0.198268
15940  0.198268
15950  0.198268
15960  0.198268
15970  0.198268
15980  0.198268
15990  0.198268
16000  0.198268
16010  0.198268
16020  0.198268
16030  0.198268
16040  0.198268
16050  0.198268
16060  0.198268
16070  0.198268
16080  0.198268
16090  0.198268
16100  0.198268
16110  0.198268
16120  0.198268
16130  0.198268
16140  0.198268
16150  0.198268
16160  0.198268
16170  0.198268
16180  0.198268
16190  0.198268
16200  0.198268
16210  0.198268
16220  0.198268
16230  0.198268
16240  0.198268
16250  0.198268
16260  0.198268
16270  0.198268
16280  0.198268
16290  0.198268
16300  0.198268
16310  0.198268
16320  0.198268
16330  0.198268
16340  0.198268
16350  0.198268
16360  0.198268
16370  0.198268
16380  0.198268
16390  0.198268
16400  0.198268
16410  0.198268
16420  0.198268
16430  0.198268
16440  0.198268
16450  0.198268
16460  0.198268
16470  0.198268
16480  0.198268
16490  0.198268
16500  0.198268
16510  0.198268
16520  0.198268
16530  0.198268
16540  0.198268
16550  0.198268
16560  0.198268
16570  0.198268
16580  0.198268
16590  0.198268
16600  0.198268
16610  0.198268
16620  0.198268
16630  0.198268
16640  0.198268
16650  0.198268
16660  0.198268
16670  0.198268
16680  0.198268
16690  0.198268
16700  0.198268
16710  0.198268
16720  0.198268
16730  0.198268
16740  0.198268
16750  0.198268
16760  0.198268
16770  0.198268
16780  0.198268
16790  0.198268
16800  0.198268
16810  0.198268
16820  0.198268
16830  0.198268
16840  0.198268
16850  0.198268
16860  0.198268
16870  0.198268
16880  0.198268
16890  0.198268
16900  0.198268
16910  0.198268
16920  0.198268
16930  0.198268
16940  0.198268
16950  0.198268
16960  0.198268
16970  0.198268
16980  0.198268
16990  0.198268
17000  0.198268
17010  0.198268
17020  0.198268
17030  0.198268
17040  0.198268
17050  0.198268
17060  0.198268
17070  0.198268
17080  0.198268
17090  0.198268
17100  0.198268
17110  0.198268
17120  0.198268
17130  0.198268
17140  0.198268
17150  0.198268
17160  0.198268
17170  0.198268
17180  0.198268
17190  0.198268
17200  0.198268
17210  0.198268
17220  0.198268
17230  0.198268
17240  0.198268
17250  0.198268
17260  0.198268
17270  0.198268
17280  0.198268
17290  0.198268
17300  0.198268
17310  0.198268
17320  0.198268
17330  0.198268
17340  0.198268
17350  0.198268
17360  0.198268
17370  0.198268
17380  0.198268
17390  0.198268
17400  0.198268
17410  0.198268
17420  0.198268
17430  0.198268
17440  0.198268
17450  0.198268
17460  0.198268
17470  0.198268
17480  0.198268
17490  0.198268
17500  0.198268
17510  0.198268
17520  0.198268
17530  0.198268
17540  0.198268
17550  0.198268
17560  0.198268
17570  0.198268
17580  0.198268
17590  0.198268
17600  0.198268
17610  0.198268
17620  0.198268
17630  0.198268
17640  0.198268
17650  0.198268
17660  0.198268
17670  0.198268
17680  0.198268
17690  0.198268
17700  0.198268
17710  0.198268
17720  0.198268
17730  0.198268
17740  0.198268
17750  0.198268
17760  0.198268
17770  0.198268
17780  0.198268
17790  0.198268
17800  0.198268
17810  0.198268
17820  0.198268
17830  0.198268
17840  0.198268
17850  0.198268
17860  0.198268
17870  0.198268
17880  0.198268
17890  0.198268
17900  0.198268
17910  0.198268
17920  0.198268
17930  0.198268
17940  0.198268
17950  0.198268
17960  0.198268
17970  0.198268
17980  0.198268
17990  0.198268
18000  0.198268
18010  0.198268
18020  0.198268
18030  0.198268
18040  0.198268
18050  0.198268
18060  0.198268
18070  0.198268
18080  0.198268
18090  0.198268
18100  0.198268
18110  0.198268
18120  0.198268
18130  0.198268
18140  0.198268
18150  0.198268
18160  0.198268
18170  0.198268
18180  0.198268
18190  0.198268
18200  0.198268
18210  0.198268
18220  0.198268
18230  0.198268
18240  0.198268
18250  0.198268
18260  0.198268
18270  0.198268
18280  0.198268
18290  0.198268
18300  0.198268
18310  0.198268
18320  0.198268
18330  0.198268
18340  0.198268
18350  0.198268
18360  0.198268
18370  0.198268
18380  0.198268
18390  0.198268
18400  0.198268
18410  0.198268
18420  0.198268
18430  0.198268
18440  0.198268
18450  0.198268
18460  0.198268
18470  0.198268
18480  0.198268
18490  0.198268
18500  0.198268
18510  0.198268
18520  0.198268
18530  0.198268
18540  0.198268
18550  0.198268
18560  0.198268
18570  0.198268
18580  0.198268
18590  0.198268
18600  0.198268
18610  0.198268
18620  0.198268
18630  0.198268
18640  0.198268
18650  0.198268
18660  0.198268
18670  0.198268
18680  0.198268
18690  0.198268
18700  0.198268
18710  0.198268
18720  0.198268
18730  0.198268
18740  0.198268
18750  0.198268
18760  0.198268
18770  0.198268
18780  0.198268
18790  0.198268
18800  0.198268
18810  0.198268
18820  0.198268
18830  0.198268
18840  0.198268
18850  0.198268
18860  0.198268
18870  0.198268
18880  0.198268
18890  0.198268
18900  0.198268
18910  0.198268
18920  0.198268
18930  0.198268
18940  0.198268
18950  0.198268
18960  0.198268
18970  0.198268
18980  0.198268
18990  0.198268
19000  0.198268
19010  0.198268
19020  0.198268
19030  0.198268
19040  0.198268
19050  0.198268
19060  0.198268
19070  0.198268
19080  0.198268
19090  0.198268
19100  0.198268
19110  0.198268
19120  0.198268
19130  0.198268
19140  0.198268
19150  0.198268
19160  0.198268
19170  0.198268
19180  0.198268
19190  0.198268
19200  0.198268
19210  0.198268
19220  0.198268
19230  0.198268
19240  0.198268
19250  0.198268
19260  0.198268
19270  0.198268
19280  0.198268
19290  0.198268
19300  0.198268
19310  0.198268
19320  0.198268
19330  0.198268
19340  0.198268
19350  0.198268
19360  0.198268
19370  0.198268
19380  0.198268
19390  0.198268
19400  0.198268
19410  0.198268
19420  0.198268
19430  0.198268
19440  0.198268
19450  0.198268
19460  0.198268
19470  0.198268
19480  0.198268
19490  0.198268
19500  0.198268
19510  0.198268
19520  0.198268
19530  0.198268
19540  0.198268
19550  0.198258
19560  0.198258
19570  0.198258
19580  0.198258
19590  0.198258
19600  0.198258
19610  0.198258
19620  0.198258
19630  0.198258
19640  0.198258
19650  0.198258
19660  0.198258
19670  0.198258
19680  0.198258
19690  0.198258
19700  0.198258
19710  0.198258
19720  0.198258
19730  0.198258
19740  0.198258
19750  0.198258
19760  0.198258
19770  0.198258
19780  0.198258
19790  0.198258
19800  0.198258
19810  0.198258
19820  0.198258
19830  0.198258
19840  0.198258
19850  0.198258
19860  0.198258
19870  0.198258
19880  0.198258
19890  0.198258
19900  0.198258
19910  0.198258
19920  0.198258
19930  0.198258
19940  0.198258
19950  0.198258
19960  0.198258
19970  0.198258
19980  0.198258
19990  0.198258
20000  0.198258
20010  0.198258
20020  0.198258
20030  0.198258
20040  0.198258
20050  0.198258
20060  0.198258
20070  0.198258
20080  0.198258
20090  0.198258
20100  0.198258
20110  0.198258
20120  0.198258
20130  0.19821
20140  0.19821
20150  0.19821
20160  0.19821
20170  0.19821
20180  0.19821
20190  0.19821
20200  0.19821
20210  0.19821
20220  0.19821
20230  0.19821
20240  0.19821
20250  0.19821
20260  0.19821
20270  0.19821
20280  0.19821
20290  0.19821
20300  0.19821
20310  0.19821
20320  0.19821
20330  0.19821
20340  0.19821
20350  0.19821
20360  0.19821
20370  0.19821
20380  0.19821
20390  0.19821
20400  0.19821
20410  0.19821
20420  0.19821
20430  0.198146
20440  0.198146
20450  0.198146
20460  0.198146
20470  0.198146
20480  0.198146
20490  0.198146
20500  0.198146
20510  0.198146
20520  0.198146
20530  0.198146
20540  0.198146
20550  0.198146
20560  0.198146
20570  0.198146
20580  0.198146
20590  0.198146
20600  0.198146
20610  0.198146
20620  0.198146
20630  0.198146
20640  0.198146
20650  0.198146
20660  0.198146
20670  0.198146
20680  0.198146
20690  0.198146
20700  0.198146
20710  0.198146
20720  0.198146
20730  0.198146
20740  0.198146
20750  0.198146
20760  0.198146
20770  0.198146
20780  0.198146
20790  0.198146
20800  0.198146
20810  0.198146
20820  0.198146
20830  0.198146
20840  0.198146
20850  0.198146
20860  0.198146
20870  0.198146
20880  0.198146
20890  0.198034
20900  0.198034
20910  0.198034
20920  0.198034
20930  0.198034
20940  0.198034
20950  0.198034
20960  0.198034
20970  0.198034
20980  0.198034
20990  0.198034
21000  0.198034
21010  0.198034
21020  0.198034
21030  0.198034
21040  0.198034
21050  0.198034
21060  0.198034
21070  0.198034
21080  0.198034
21090  0.198034
21100  0.198034
21110  0.198034
21120  0.198034
21130  0.198034
21140  0.198034
21150  0.198034
21160  0.198034
21170  0.198034
21180  0.198034
21190  0.198034
21200  0.198034
21210  0.198034
21220  0.198034
21230  0.198034
21240  0.198034
21250  0.198034
21260  0.198034
21270  0.198034
21280  0.198034
21290  0.198034
21300  0.198034
21310  0.198034
21320  0.198034
21330  0.198034
21340  0.198034
21350  0.198034
21360  0.198034
21370  0.198034
21380  0.198034
21390  0.198034
21400  0.198034
21410  0.198034
21420  0.198034
21430  0.198034
21440  0.198034
21450  0.198034
21460  0.198034
21470  0.198034
21480  0.198034
21490  0.198034
21500  0.198034
21510  0.198034
21520  0.198034
21530  0.198034
21540  0.198034
21550  0.198034
21560  0.198034
21570  0.198034
21580  0.198034
21590  0.198034
21600  0.198034
21610  0.198034
21620  0.198034
21630  0.198034
21640  0.198034
21650  0.198034
21660  0.198034
21670  0.198034
21680  0.198034
21690  0.198034
21700  0.198034
21710  0.198034
21720  0.198034
21730  0.198034
21740  0.198034
21750  0.198034
21760  0.198034
21770  0.198034
21780  0.198034
21790  0.198034
21800  0.198034
21810  0.198034
21820  0.198034
21830  0.198034
21840  0.198034
21850  0.198034
21860  0.198034
21870  0.198034
21880  0.198034
21890  0.198034
21900  0.198034
21910  0.198034
21920  0.198034
21930  0.198034
21940  0.198034
21950  0.198034
21960  0.198034
21970  0.198034
21980  0.198034
21990  0.198034
22000  0.198034
22010  0.198034
22020  0.198034
22030  0.198034
22040  0.198034
22050  0.198034
22060  0.198034
22070  0.198034
22080  0.198034
22090  0.198034
22100  0.198034
22110  0.198034
22120  0.198034
22130  0.198034
22140  0.198034
22150  0.198034
22160  0.198034
22170  0.198034
22180  0.198034
22190  0.198034
22200  0.198034
22210  0.198034
22220  0.198034
22230  0.198034
22240  0.198034
22250  0.198034
22260  0.198034
22270  0.198034
22280  0.198034
22290  0.198034
22300  0.198034
22310  0.198034
22320  0.198034
22330  0.198034
22340  0.198034
22350  0.198034
22360  0.198034
22370  0.198034
22380  0.198034
22390  0.198034
22400  0.198034
22410  0.198034
22420  0.198034
22430  0.198034
22440  0.198034
22450  0.198034
22460  0.198034
22470  0.198034
22480  0.198034
22490  0.198034
22500  0.198034
22510  0.198034
22520  0.198034
22530  0.198034
22540  0.198034
22550  0.198034
22560  0.198034
22570  0.198034
22580  0.198034
22590  0.198034
22600  0.198034
22610  0.198034
22620  0.198034
22630  0.198034
22640  0.198034
22650  0.198034
22660  0.198034
22670  0.198034
22680  0.198034
22690  0.198034
22700  0.198034
22710  0.198034
22720  0.198034
22730  0.198034
22740  0.198034
22750  0.198034
22760  0.198034
22770  0.198034
22780  0.198034
22790  0.198034
22800  0.198034
22810  0.198034
22820  0.198034
22830  0.198034
22840  0.198034
22850  0.198034
22860  0.198034
22870  0.198034
22880  0.198034
22890  0.198034
22900  0.198034
22910  0.198034
22920  0.198034
22930  0.198034
22940  0.198034
22950  0.198034
22960  0.198034
22970  0.198034
22980  0.198034
22990  0.198034
23000  0.198034
23010  0.198034
23020  0.198034
23030  0.198034
23040  0.198034
23050  0.198034
23060  0.198034
23070  0.198034
23080  0.198034
23090  0.198034
23100  0.198034
23110  0.198034
23120  0.198034
23130  0.198034
23140  0.198034
23150  0.198034
23160  0.198034
23170  0.198034
23180  0.198034
23190  0.198034
23200  0.198034
23210  0.198034
23220  0.198034
23230  0.198034
23240  0.198034
23250  0.198034
23260  0.198034
23270  0.198034
23280  0.198034
23290  0.198034
23300  0.198034
23310  0.198034
23320  0.198034
23330  0.198034
23340  0.198034
23350  0.198034
23360  0.198034
23370  0.198034
23380  0.198034
23390  0.198034
23400  0.198034
23410  0.198034
23420  0.198034
23430  0.198034
23440  0.198034
23450  0.198034
23460  0.198034
23470  0.198034
23480  0.198034
23490  0.198034
23500  0.198034
23510  0.198034
23520  0.198034
23530  0.198034
23540  0.198034
23550  0.198034
23560  0.198034
23570  0.198034
23580  0.198034
23590  0.198034
23600  0.198034
23610  0.198034
23620  0.198034
23630  0.198034
23640  0.198034
23650  0.198034
23660  0.198034
23670  0.198034
23680  0.198034
23690  0.198034
23700  0.198034
23710  0.198034
23720  0.198034
23730  0.198034
23740  0.198034
23750  0.198034
23760  0.198034
23770  0.198034
23780  0.198034
23790  0.198034
23800  0.198034
23810  0.198034
23820  0.198034
23830  0.198034
23840  0.198034
23850  0.198034
23860  0.198034
23870  0.198034
23880  0.198034
23890  0.198034
23900  0.198034
23910  0.198034
23920  0.198034
23930  0.198034
23940  0.198034
23950  0.198034
23960  0.198034
23970  0.198034
23980  0.198034
23990  0.198034
24000  0.198034
24010  0.198034
24020  0.198034
24030  0.198034
24040  0.198034
24050  0.198034
24060  0.198034
24070  0.198034
24080  0.198034
24090  0.198034
24100  0.198009
24110  0.198009
24120  0.198009
24130  0.198009
24140  0.198009
24150  0.198009
24160  0.198009
24170  0.198009
24180  0.198009
24190  0.198009
24200  0.198009
24210  0.198009
24220  0.198009
24230  0.198009
24240  0.198009
24250  0.198009
24260  0.198009
24270  0.198009
24280  0.198009
24290  0.198009
24300  0.198009
24310  0.198009
24320  0.198009
24330  0.198009
24340  0.198009
24350  0.198009
24360  0.198009
24370  0.198009
24380  0.198009
24390  0.198009
24400  0.198009
24410  0.198009
24420  0.198009
24430  0.198009
24440  0.198009
24450  0.198009
24460  0.198009
24470  0.198009
24480  0.198009
24490  0.198009
24500  0.198009
24510  0.198009
24520  0.198009
24530  0.198009
24540  0.198009
24550  0.198009
24560  0.198009
24570  0.198009
24580  0.198009
24590  0.198009
24600  0.198009
24610  0.198009
24620  0.198009
24630  0.198009
24640  0.198009
24650  0.198009
24660  0.198009
24670  0.198009
24680  0.198009
24690  0.198009
24700  0.198009
24710  0.198009
24720  0.198009
24730  0.198009
24740  0.198009
24750  0.198009
24760  0.198009
24770  0.198009
24780  0.198009
24790  0.198009
24800  0.198009
24810  0.198009
24820  0.198009
24830  0.198009
24840  0.198009
24850  0.198009
24860  0.198009
24870  0.198009
24880  0.198009
24890  0.198009
24900  0.198009
24910  0.198009
24920  0.198009
24930  0.198009
24940  0.198009
24950  0.198009
24960  0.198009
24970  0.198009
24980  0.198009
24990  0.198009
25000  0.198009
25010  0.198009
25020  0.198009
25030  0.198009
25040  0.198009
25050  0.198009
25060  0.198009
25070  0.198009
25080  0.197927
25090  0.197927
25100  0.197927
25110  0.197927
25120  0.197927
25130  0.197927
25140  0.197927
25150  0.197927
25160  0.197927
25170  0.197927
25180  0.197927
25190  0.197927
25200  0.197927
25210  0.197927
25220  0.197927
25230  0.197927
25240  0.197927
25250  0.197927
25260  0.197927
25270  0.197927
25280  0.197927
25290  0.197927
25300  0.197927
25310  0.197927
25320  0.197927
25330  0.197927
25340  0.197927
25350  0.197927
25360  0.197927
25370  0.197927
25380  0.197927
25390  0.197927
25400  0.197927
25410  0.197927
25420  0.197927
25430  0.197927
25440  0.197927
25450  0.197927
25460  0.197927
25470  0.197927
25480  0.197927
25490  0.197927
25500  0.197927
25510  0.197927
25520  0.197927
25530  0.197927
25540  0.197927
25550  0.197927
25560  0.197927
25570  0.197927
25580  0.197927
25590  0.197927
25600  0.197927
25610  0.197927
25620  0.197927
25630  0.197927
25640  0.197927
25650  0.197927
25660  0.197927
25670  0.197927
25680  0.197851
25690  0.197851
25700  0.197851
25710  0.197851
25720  0.197851
25730  0.197851
25740  0.197851
25750  0.197851
25760  0.197851
25770  0.197851
25780  0.197851
25790  0.197851
25800  0.197851
25810  0.197851
25820  0.197851
25830  0.197851
25840  0.197851
25850  0.197851
25860  0.197851
25870  0.197851
25880  0.197851
25890  0.197851
25900  0.197851
25910  0.197851
25920  0.197851
25930  0.197851
25940  0.197851
25950  0.197851
25960  0.197851
25970  0.197851
25980  0.197851
25990  0.197851
26000  0.197851
26010  0.197851
26020  0.197851
26030  0.197851
26040  0.197851
26050  0.197851
26060  0.197851
26070  0.197851
26080  0.197851
26090  0.197851
26100  0.197851
26110  0.197851
26120  0.197851
26130  0.197851
26140  0.197851
26150  0.197851
26160  0.197851
26170  0.197851
26180  0.197851
26190  0.197851
26200  0.197851
26210  0.197851
26220  0.197851
26230  0.197851
26240  0.197851
26250  0.197851
26260  0.197851
26270  0.197851
26280  0.197851
26290  0.197851
26300  0.197851
26310  0.197851
26320  0.197851
26330  0.197851
26340  0.197851
26350  0.197851
26360  0.197851
26370  0.197851
26380  0.197851
26390  0.197851
26400  0.197851
26410  0.197851
26420  0.197851
26430  0.197851
26440  0.197616
26450  0.197616
26460  0.197616
26470  0.197616
26480  0.197616
26490  0.197616
26500  0.197616
26510  0.197616
26520  0.197616
26530  0.197616
26540  0.197616
26550  0.197616
26560  0.197616
26570  0.197616
26580  0.197616
26590  0.197616
26600  0.197616
26610  0.197616
26620  0.197616
26630  0.197616
26640  0.197616
26650  0.197616
26660  0.197616
26670  0.197616
26680  0.197616
26690  0.197616
26700  0.197616
26710  0.197616
26720  0.197616
26730  0.197616
26740  0.197616
26750  0.197616
26760  0.197616
26770  0.197616
26780  0.197616
26790  0.197616
26800  0.197616
26810  0.197616
26820  0.197616
26830  0.197616
26840  0.197616
26850  0.197616
26860  0.197616
26870  0.197616
26880  0.197616
26890  0.197616
26900  0.197616
26910  0.197616
26920  0.197616
26930  0.197616
26940  0.197616
26950  0.197616
26960  0.197616
26970  0.197616
26980  0.197616
26990  0.197616
27000  0.197616
27010  0.197616
27020  0.197616
27030  0.197616
27040  0.197616
27050  0.197616
27060  0.197616
27070  0.197616
27080  0.197616
27090  0.197616
27100  0.197616
27110  0.197616
27120  0.197616
27130  0.197616
27140  0.197616
27150  0.197616
27160  0.197616
27170  0.197616
27180  0.197616
27190  0.197616
27200  0.197616
27210  0.197616
27220  0.197616
27230  0.197616
27240  0.197616
27250  0.197616
27260  0.197616
27270  0.197616
27280  0.197616
27290  0.197616
27300  0.197616
27310  0.197616
27320  0.197616
27330  0.197616
27340  0.197616
27350  0.197616
27360  0.197616
27370  0.197616
27380  0.197616
27390  0.197616
27400  0.197616
27410  0.197616
27420  0.197616
27430  0.197616
27440  0.197616
27450  0.197616
27460  0.197616
27470  0.197616
27480  0.197616
27490  0.197616
27500  0.197616
27510  0.197616
27520  0.197616
27530  0.197616
27540  0.197616
27550  0.197616
27560  0.197616
27570  0.197616
27580  0.197616
27590  0.197616
27600  0.197616
27610  0.197616
27620  0.197616
27630  0.197616
27640  0.197616
27650  0.197616
27660  0.197616
27670  0.197616
27680  0.197615
27690  0.197615
27700  0.197615
27710  0.197615
27720  0.197615
27730  0.197615
27740  0.197615
27750  0.197615
27760  0.197615
27770  0.197615
27780  0.197615
27790  0.197615
27800  0.197615
27810  0.197615
27820  0.197615
27830  0.197615
27840  0.197615
27850  0.197615
27860  0.197615
27870  0.197615
27880  0.197615
27890  0.197615
27900  0.197615
27910  0.197615
27920  0.197615
27930  0.197615
27940  0.197615
27950  0.197615
27960  0.197615
27970  0.197615
27980  0.197615
27990  0.197615
28000  0.197615
28010  0.197615
28020  0.197615
28030  0.197615
28040  0.197615
28050  0.197615
28060  0.197615
28070  0.197615
28080  0.197615
28090  0.197615
28100  0.197615
28110  0.197615
28120  0.197615
28130  0.197615
28140  0.197615
28150  0.197615
28160  0.197615
28170  0.197615
28180  0.197615
28190  0.197615
28200  0.197615
28210  0.197615
28220  0.197615
28230  0.197615
28240  0.197615
28250  0.197615
28260  0.197615
28270  0.197615
28280  0.197615
28290  0.197615
28300  0.197615
28310  0.197615
28320  0.197615
28330  0.197615
28340  0.197615
28350  0.197615
28360  0.197615
28370  0.197615
28380  0.197615
28390  0.197615
28400  0.197615
28410  0.197615
28420  0.197615
28430  0.197615
28440  0.197615
28450  0.197615
28460  0.197615
28470  0.197615
28480  0.197615
28490  0.197615
28500  0.197615
28510  0.197615
28520  0.197615
28530  0.197615
28540  0.197615
28550  0.197615
28560  0.197615
28570  0.197615
28580  0.197615
28590  0.197615
28600  0.197615
28610  0.197615
28620  0.197615
28630  0.197615
28640  0.197615
28650  0.197615
28660  0.197615
28670  0.197615
28680  0.197615
28690  0.197615
28700  0.197615
28710  0.197615
28720  0.197615
28730  0.197615
28740  0.197615
28750  0.197592
28760  0.197592
28770  0.197592
28780  0.197592
28790  0.197592
28800  0.197592
28810  0.197592
28820  0.197592
28830  0.197592
28840  0.197592
28850  0.197592
28860  0.197592
28870  0.197414
28880  0.197414
28890  0.197414
28900  0.197414
28910  0.197414
28920  0.197414
28930  0.197414
28940  0.197414
28950  0.197414
28960  0.197414
28970  0.197414
28980  0.197414
28990  0.197414
29000  0.197414
29010  0.197414
29020  0.197414
29030  0.197414
29040  0.197414
29050  0.197414
29060  0.197414
29070  0.197414
29080  0.197414
29090  0.197414
29100  0.197414
29110  0.197414
29120  0.197414
29130  0.197414
29140  0.197414
29150  0.197414
29160  0.197414
29170  0.197414
29180  0.197414
29190  0.197414
29200  0.197414
29210  0.197414
29220  0.197414
29230  0.197414
29240  0.197414
29250  0.197414
29260  0.197414
29270  0.197414
29280  0.197414
29290  0.197414
29300  0.197414
29310  0.197414
29320  0.197414
29330  0.197414
29340  0.197414
29350  0.197414
29360  0.197414
29370  0.197414
29380  0.197414
29390  0.197414
29400  0.197414
29410  0.197414
29420  0.197414
29430  0.197414
29440  0.197414
29450  0.197414
29460  0.197414
29470  0.197414
29480  0.197414
29490  0.197139
29500  0.197139
29510  0.197139
29520  0.197178
29530  0.197178
29540  0.197178
29550  0.197178
29560  0.197178
29570  0.197178
29580  0.197178
29590  0.197178
29600  0.197178
29610  0.197178
29620  0.197178
29630  0.197178
29640  0.197178
29650  0.197178
29660  0.197178
29670  0.197178
29680  0.197178
29690  0.197178
29700  0.197178
29710  0.197178
29720  0.197178
29730  0.197178
29740  0.197178
29750  0.197178
29760  0.197178
29770  0.197178
29780  0.197178
29790  0.197139
29800  0.197139
29810  0.197139
29820  0.197139
29830  0.197139
29840  0.197139
29850  0.197139
29860  0.197139
29870  0.197139
29880  0.197139
29890  0.197139
29900  0.197139
29910  0.197139
29920  0.197139
29930  0.197139
29940  0.197139
29950  0.197139
29960  0.197139
29970  0.197139
29980  0.197139
29990  0.197139
30000  0.197139
30010  0.197139
