Step  Penalty
50  0.488534
100  0.4827
150  0.473897
200  0.47364
250  0.457622
300  0.457622
350  0.457622
400  0.437999
450  0.42665
500  0.418338
550  0.396318
600  0.396318
650  0.379535
700  0.373779
750  0.370922
800  0.370922
850  0.358283
900  0.355413
950  0.347598
1000  0.347598
1050  0.336163
1100  0.336163
1150  0.334788
1200  0.322325
1250  0.32142
1300  0.309761
1350  0.309761
1400  0.309199
1450  0.304562
1500  0.298509
1550  0.298509
1600  0.295972
1650  0.289885
1700  0.287944
1750  0.282827
1800  0.27904
1850  0.275212
1900  0.273213
1950  0.273213
2000  0.273213
2050  0.264745
2100  0.262989
2150  0.257867
2200  0.257867
2250  0.257867
2300  0.255678
2350  0.250937
2400  0.250937
2450  0.250937
2500  0.240632
2550  0.239456
2600  0.239456
2650  0.238444
2700  0.23717
2750  0.235016
2800  0.230256
2850  0.230256
2900  0.227797
2950  0.227797
3000  0.22554
3050  0.22554
3100  0.22554
3150  0.221892
3200  0.218935
3250  0.218935
3300  0.218935
3350  0.218935
3400  0.215804
3450  0.215804
3500  0.215804
3550  0.215804
3600  0.215804
3650  0.215804
3700  0.215804
3750  0.215804
3800  0.215804
3850  0.215058
3900  0.215058
3950  0.215058
4000  0.215058
4050  0.215058
4100  0.215058
4150  0.215058
4200  0.215058
4250  0.215058
4300  0.214987
4350  0.214987
4400  0.212219
4450  0.212219
4500  0.212219
4550  0.212219
4600  0.209412
4650  0.209412
4700  0.209412
4750  0.209412
4800  0.209065
4850  0.209065
4900  0.209065
4950  0.209065
5000  0.209065
5050  0.209065
5100  0.209065
5150  0.209065
5200  0.209065
5250  0.209065
5300  0.209065
5350  0.209065
5400  0.209065
5450  0.209065
5500  0.209065
5550  0.204961
5600  0.204961
5650  0.204961
5700  0.204961
5750  0.204961
5800  0.204961
5850  0.203811
5900  0.203811
5950  0.203811
6000  0.203811
6050  0.201405
6100  0.201405
6150  0.201405
6200  0.201405
6250  0.201405
6300  0.201405
6350  0.201405
6400  0.201405
6450  0.201405
6500  0.201405
6550  0.201405
6600  0.201405
6650  0.201405
6700  0.201405
6750  0.201405
6800  0.201405
6850  0.201405
6900  0.201405
6950  0.201405
7000  0.201405
7050  0.201405
7100  0.201405
7150  0.201405
7200  0.201405
7250  0.201405
7300  0.201405
7350  0.201405
7400  0.201405
7450  0.201405
7500  0.200942
7550  0.200942
7600  0.200942
7650  0.200942
7700  0.200942
7750  0.200942
7800  0.200942
7850  0.200942
7900  0.200942
7950  0.200942
8000  0.200942
8050  0.200942
8100  0.200942
8150  0.200942
8200  0.200518
8250  0.200518
8300  0.200518
8350  0.200518
8400  0.200518
8450  0.198553
8500  0.195967
8550  0.195967
8600  0.195967
8650  0.195967
8700  0.195967
8750  0.19593
8800  0.19593
8850  0.19593
8900  0.19593
8950  0.19593
9000  0.193261
9050  0.193261
9100  0.193261
9150  0.193261
9200  0.193261
9250  0.193261
9300  0.193261
9350  0.193261
9400  0.193261
9450  0.193261
9500  0.193261
9550  0.193261
9600  0.193261
9650  0.193261
9700  0.193261
9750  0.193261
9800  0.193261
9850  0.193261
9900  0.193261
9950  0.193261
10000  0.193261
10050  0.193261
10100  0.193261
10150  0.190189
10200  0.190189
10250  0.190189
10300  0.189623
10350  0.189623
10400  0.189623
10450  0.189623
10500  0.189623
10550  0.189623
10600  0.189623
10650  0.189623
10700  0.189623
10750  0.189623
10800  0.189623
10850  0.189623
10900  0.189623
10950  0.189623
11000  0.189623
11050  0.189623
11100  0.189623
11150  0.189623
11200  0.187665
11250  0.187665
11300  0.187665
11350  0.187665
11400  0.187665
11450  0.187665
11500  0.187665
11550  0.187665
11600  0.187665
11650  0.187665
11700  0.187665
11750  0.187665
11800  0.187665
11850  0.187665
11900  0.187665
11950  0.187665
12000  0.187665
12050  0.187665
12100  0.187665
12150  0.187665
12200  0.187665
12250  0.187665
12300  0.187665
12350  0.187665
12400  0.187605
12450  0.187605
12500  0.187605
12550  0.187605
12600  0.187605
12650  0.187605
12700  0.187605
12750  0.183288
12800  0.183288
12850  0.183288
12900  0.183288
12950  0.183288
13000  0.183288
13050  0.183288
13100  0.183288
13150  0.183288
13200  0.183288
13250  0.183288
13300  0.183288
13350  0.183288
13400  0.183288
13450  0.183288
13500  0.183288
13550  0.183288
13600  0.183288
13650  0.183288
13700  0.183288
13750  0.183288
13800  0.183288
13850  0.183288
13900  0.183288
13950  0.183288
14000  0.183288
14050  0.183288
14100  0.183288
14150  0.183288
14200  0.183288
14250  0.183288
14300  0.183288
14350  0.183288
14400  0.183288
14450  0.183288
14500  0.183288
14550  0.183288
14600  0.183288
14650  0.183288
14700  0.183288
14750  0.183288
14800  0.183288
14850  0.183288
14900  0.183288
14950  0.183288
15000  0.183288
15050  0.183288
15100  0.183288
15150  0.183288
15200  0.183288
15250  0.183288
15300  0.183288
15350  0.183288
15400  0.183288
15450  0.183288
15500  0.183288
15550  0.183288
15600  0.183288
15650  0.183288
15700  0.183288
15750  0.182263
15800  0.182263
15850  0.182263
15900  0.182263
15950  0.182263
16000  0.182263
16050  0.182263
16100  0.182263
16150  0.182263
16200  0.182263
16250  0.182263
16300  0.182263
16350  0.182263
16400  0.182263
16450  0.182263
16500  0.182263
16550  0.182263
16600  0.182263
16650  0.182263
16700  0.182263
16750  0.182263
16800  0.182263
16850  0.182263
16900  0.182263
16950  0.182263
17000  0.182263
17050  0.182263
17100  0.182263
17150  0.182263
17200  0.182263
17250  0.182263
17300  0.182263
17350  0.182263
17400  0.182263
17450  0.182263
17500  0.182263
17550  0.182263
17600  0.182263
17650  0.182263
17700  0.182263
17750  0.182263
17800  0.182263
17850  0.182263
17900  0.182263
17950  0.182263
18000  0.182263
18050  0.182263
18100  0.182263
18150  0.182263
18200  0.182263
18250  0.182263
18300  0.182263
18350  0.182263
18400  0.182263
18450  0.182263
18500  0.180547
18550  0.180547
18600  0.180547
18650  0.180547
18700  0.180547
18750  0.180547
18800  0.180547
18850  0.180547
18900  0.180547
18950  0.180547
19000  0.180547
19050  0.180547
19100  0.180547
19150  0.180547
19200  0.180547
19250  0.180547
19300  0.180547
19350  0.180547
19400  0.180547
19450  0.180547
19500  0.180547
19550  0.180547
19600  0.180547
19650  0.180547
19700  0.180547
19750  0.180547
19800  0.180547
19850  0.180547
19900  0.180547
19950  0.180547
20000  0.180547
20050  0.180547
20100  0.180547
20150  0.180547
20200  0.180547
20250  0.180547
20300  0.180547
20350  0.180547
20400  0.180547
20450  0.180547
20500  0.180547
20550  0.180547
20600  0.180547
20650  0.180547
20700  0.180547
20750  0.180547
20800  0.180547
20850  0.180547
20900  0.179601
20950  0.179601
21000  0.179601
21050  0.179601
21100  0.179601
21150  0.179601
21200  0.179601
21250  0.179601
21300  0.179601
21350  0.179601
21400  0.179601
21450  0.179601
21500  0.179601
21550  0.179601
21600  0.179601
21650  0.179601
21700  0.179601
21750  0.179601
21800  0.179601
21850  0.179601
21900  0.179601
21950  0.179601
22000  0.179601
22050  0.179601
22100  0.179601
22150  0.179601
22200  0.179601
22250  0.179601
22300  0.179601
22350  0.179601
22400  0.178186
22450  0.178186
22500  0.178186
22550  0.178186
22600  0.178186
22650  0.178186
22700  0.178186
22750  0.178186
22800  0.178186
22850  0.178186
22900  0.178186
22950  0.178186
23000  0.178186
23050  0.178186
23100  0.178186
23150  0.178186
23200  0.178186
23250  0.178186
23300  0.178186
23350  0.178186
23400  0.178186
23450  0.178186
23500  0.17741
23550  0.17741
23600  0.17741
23650  0.17741
23700  0.17741
23750  0.17741
23800  0.17741
23850  0.17741
23900  0.17741
23950  0.17741
24000  0.17741
24050  0.17741
24100  0.17741
24150  0.17741
24200  0.17741
24250  0.17741
24300  0.17741
24350  0.17741
24400  0.17741
24450  0.17741
24500  0.17741
24550  0.17741
24600  0.17741
24650  0.17741
24700  0.17741
24750  0.17741
24800  0.17741
24850  0.17741
24900  0.17741
24950  0.17741
25000  0.17741
25050  0.17741
25100  0.17741
25150  0.17741
25200  0.17741
25250  0.17741
25300  0.17741
25350  0.17741
25400  0.17741
25450  0.17741
25500  0.17741
25550  0.177373
25600  0.177373
25650  0.177373
25700  0.177373
25750  0.177373
25800  0.177373
25850  0.177373
25900  0.177373
25950  0.177373
26000  0.177373
26050  0.177373
26100  0.177373
26150  0.177373
26200  0.177373
26250  0.177373
26300  0.177373
26350  0.177373
26400  0.177373
26450  0.177373
26500  0.174703
26550  0.174703
26600  0.174703
26650  0.174703
26700  0.174703
26750  0.174703
26800  0.174703
26850  0.174703
26900  0.174703
26950  0.174703
27000  0.174703
27050  0.174703
27100  0.174703
27150  0.174703
27200  0.174703
27250  0.174703
27300  0.174703
27350  0.174703
27400  0.174703
27450  0.174703
27500  0.174703
27550  0.174703
27600  0.174703
27650  0.174703
27700  0.174703
27750  0.174703
27800  0.174703
27850  0.174703
27900  0.174703
27950  0.174703
28000  0.174703
28050  0.174703
28100  0.174703
28150  0.174703
28200  0.174703
28250  0.174703
28300  0.174703
28350  0.174703
28400  0.174703
28450  0.174703
28500  0.174703
28550  0.174703
28600  0.174703
28650  0.174703
28700  0.174703
28750  0.174703
28800  0.174703
28850  0.174703
28900  0.174703
28950  0.174703
29000  0.174703
29050  0.174703
29100  0.174703
29150  0.174703
29200  0.174703
29250  0.174703
29300  0.174703
29350  0.174703
29400  0.174703
29450  0.174703
29500  0.174703
29550  0.174703
29600  0.174703
29650  0.174703
29700  0.174703
29750  0.174703
29800  0.174703
29850  0.174703
29900  0.174703
29950  0.174703
30000  0.174703
30050  0.174703
30100  0.174703
30150  0.174703
30200  0.174703
30250  0.174703
30300  0.174703
30350  0.174703
30400  0.174703
30450  0.174703
30500  0.174703
30550  0.174703
30600  0.174703
30650  0.174703
30700  0.174703
30750  0.174703
30800  0.174703
30850  0.174703
30900  0.174703
30950  0.174703
31000  0.174703
31050  0.174703
31100  0.174703
31150  0.174703
31200  0.174703
31250  0.174703
31300  0.174703
31350  0.174703
31400  0.174703
31450  0.174659
31500  0.174659
31550  0.174659
31600  0.174659
31650  0.174659
31700  0.174659
31750  0.174659
31800  0.174659
31850  0.174659
31900  0.174659
31950  0.174659
32000  0.174659
32050  0.174659
32100  0.174659
32150  0.174659
32200  0.174659
32250  0.174659
32300  0.172139
32350  0.172139
32400  0.172139
32450  0.172139
32500  0.172139
32550  0.172139
32600  0.172139
32650  0.172139
32700  0.172139
32750  0.172139
32800  0.172139
32850  0.172139
32900  0.172139
32950  0.172139
33000  0.172139
33050  0.172139
33100  0.172139
33150  0.172139
33200  0.172139
33250  0.172139
33300  0.172139
33350  0.172139
33400  0.172139
33450  0.172139
33500  0.172139
33550  0.172139
33600  0.172139
33650  0.172139
33700  0.172139
33750  0.172139
33800  0.172139
33850  0.172139
33900  0.172139
33950  0.172139
34000  0.172139
34050  0.172139
34100  0.172139
34150  0.172139
34200  0.172139
34250  0.172139
34300  0.172139
34350  0.172139
34400  0.172139
34450  0.172139
34500  0.172139
34550  0.172139
34600  0.172139
34650  0.172139
34700  0.172139
34750  0.172139
34800  0.172139
34850  0.172139
34900  0.172139
34950  0.172139
35000  0.172139
35050  0.172139
35100  0.172139
35150  0.172139
35200  0.172139
35250  0.172139
35300  0.172139
35350  0.172139
35400  0.172139
35450  0.172139
35500  0.172139
35550  0.172139
35600  0.172139
35650  0.172139
35700  0.172139
35750  0.172139
35800  0.172139
35850  0.172139
35900  0.172139
35950  0.172139
36000  0.172139
36050  0.172139
36100  0.172139
36150  0.172139
36200  0.172139
36250  0.172139
36300  0.172139
36350  0.172139
36400  0.172139
36450  0.172139
36500  0.172139
36550  0.172139
36600  0.172139
36650  0.172139
36700  0.172139
36750  0.172139
36800  0.172139
36850  0.172139
36900  0.172139
36950  0.172139
37000  0.172139
37050  0.172139
37100  0.172139
37150  0.172139
37200  0.172139
37250  0.172139
37300  0.172139
37350  0.172139
37400  0.172139
37450  0.172139
37500  0.172139
37550  0.172139
37600  0.172139
37650  0.172139
37700  0.172139
37750  0.172139
37800  0.172139
37850  0.172139
37900  0.172139
37950  0.172139
38000  0.172139
38050  0.172139
38100  0.172139
38150  0.172139
38200  0.172139
38250  0.172139
38300  0.172139
38350  0.172139
38400  0.172139
38450  0.172139
38500  0.172139
38550  0.172139
38600  0.172139
38650  0.172139
38700  0.172139
38750  0.172139
38800  0.172139
38850  0.172139
38900  0.172139
38950  0.172139
39000  0.172139
39050  0.172139
39100  0.172139
39150  0.172139
39200  0.172139
39250  0.172139
39300  0.172139
39350  0.172139
39400  0.172139
39450  0.172139
39500  0.172139
39550  0.172139
39600  0.172139
39650  0.172139
39700  0.172139
39750  0.172139
39800  0.172139
39850  0.172139
39900  0.172139
39950  0.172139
40000  0.172139
40050  0.172139
40100  0.172139
40150  0.172139
40200  0.172139
40250  0.172139
40300  0.172139
40350  0.172139
40400  0.172139
40450  0.172139
40500  0.172139
40550  0.172139
40600  0.172139
40650  0.172139
40700  0.172139
40750  0.172139
40800  0.172139
40850  0.172139
40900  0.172139
40950  0.172139
41000  0.172139
41050  0.172139
41100  0.172139
41150  0.172139
41200  0.172139
41250  0.172139
41300  0.172139
41350  0.172139
41400  0.172139
41450  0.172139
41500  0.172139
41550  0.172139
41600  0.172139
41650  0.172139
41700  0.172139
41750  0.172139
41800  0.172139
41850  0.172139
41900  0.172139
41950  0.172139
42000  0.172139
42050  0.172139
42100  0.172139
42150  0.172139
42200  0.172139
42250  0.172139
42300  0.172139
42350  0.172139
42400  0.172139
42450  0.172139
42500  0.172139
42550  0.172139
42600  0.172139
42650  0.172139
42700  0.172139
42750  0.172139
42800  0.172139
42850  0.172139
42900  0.172139
42950  0.172139
43000  0.172139
43050  0.172139
43100  0.172139
43150  0.172139
43200  0.172139
43250  0.172139
43300  0.172139
43350  0.172139
43400  0.172139
43450  0.172139
43500  0.172139
43550  0.172139
43600  0.172139
43650  0.172139
43700  0.172139
43750  0.172139
43800  0.172139
43850  0.172139
43900  0.172139
43950  0.172139
44000  0.172139
44050  0.172139
44100  0.172139
44150  0.172139
44200  0.172139
44250  0.172139
44300  0.172139
44350  0.172139
44400  0.172139
44450  0.172139
44500  0.172139
44550  0.172139
44600  0.172139
44650  0.172139
44700  0.172139
44750  0.172139
44800  0.172139
44850  0.172139
44900  0.172139
44950  0.172139
45000  0.172139
45050  0.172139
45100  0.172139
45150  0.172139
45200  0.172139
45250  0.172139
45300  0.172139
45350  0.172139
45400  0.172139
45450  0.172139
45500  0.172139
45550  0.172139
45600  0.172139
45650  0.172139
45700  0.172139
45750  0.172139
45800  0.172139
45850  0.172139
45900  0.172139
45950  0.172139
46000  0.172139
46050  0.172139
46100  0.172139
46150  0.172139
46200  0.172139
46250  0.172139
46300  0.172139
46350  0.172139
46400  0.172139
46450  0.172139
46500  0.172139
46550  0.172139
46600  0.172139
46650  0.172139
46700  0.172139
46750  0.172139
46800  0.172139
46850  0.172139
46900  0.172139
46950  0.172139
47000  0.172139
47050  0.172139
47100  0.172139
47150  0.172139
47200  0.172139
47250  0.172139
47300  0.172139
47350  0.172139
47400  0.172139
47450  0.172139
47500  0.172139
47550  0.172139
47600  0.172139
47650  0.172139
47700  0.172139
47750  0.172139
47800  0.172139
47850  0.172139
47900  0.172139
47950  0.172139
48000  0.170496
48050  0.170496
48100  0.170496
48150  0.170496
48200  0.170496
48250  0.170496
48300  0.170496
48350  0.170496
48400  0.170496
48450  0.170496
48500  0.170496
48550  0.170496
48600  0.170496
48650  0.170496
48700  0.170496
48750  0.170496
48800  0.170496
48850  0.170496
48900  0.170496
48950  0.170496
49000  0.170496
49050  0.170496
49100  0.170496
49150  0.170496
49200  0.170496
49250  0.170496
49300  0.170496
49350  0.170496
49400  0.170496
49450  0.170496
49500  0.170496
49550  0.170496
49600  0.170496
49650  0.170496
49700  0.170496
49750  0.170496
49800  0.170496
49850  0.170496
49900  0.170496
49950  0.170496
50000  0.170496
50050  0.170496
50100  0.170496
50150  0.170496
50200  0.170496
50250  0.170496
50300  0.170496
50350  0.170496
50400  0.170496
50450  0.170496
50500  0.170496
50550  0.170496
50600  0.170496
50650  0.170496
50700  0.170496
50750  0.170496
50800  0.170496
50850  0.170496
50900  0.170496
50950  0.170496
51000  0.170496
51050  0.170496
51100  0.170496
51150  0.170496
51200  0.170496
51250  0.170496
51300  0.170496
51350  0.170496
51400  0.170496
51450  0.170496
51500  0.170496
51550  0.170496
51600  0.170496
51650  0.170496
51700  0.170496
51750  0.170496
51800  0.170496
51850  0.170496
51900  0.170496
51950  0.170496
52000  0.170496
52050  0.170496
52100  0.170496
52150  0.170496
52200  0.170496
52250  0.170496
52300  0.170496
52350  0.170496
52400  0.170496
52450  0.170496
52500  0.170496
52550  0.170496
52600  0.170496
52650  0.170496
52700  0.170496
52750  0.170496
52800  0.170496
52850  0.170496
52900  0.170496
52950  0.170496
53000  0.170496
53050  0.170496
53100  0.170496
53150  0.170496
53200  0.170496
53250  0.170496
53300  0.170496
53350  0.170496
53400  0.170496
53450  0.170496
53500  0.170496
53550  0.170496
53600  0.170496
53650  0.170496
53700  0.170496
53750  0.170496
53800  0.170496
53850  0.170496
53900  0.170496
53950  0.170496
54000  0.170496
54050  0.170496
54100  0.170496
54150  0.170496
54200  0.170496
54250  0.170496
54300  0.170496
54350  0.170496
54400  0.170496
54450  0.170496
54500  0.170496
54550  0.170496
54600  0.170496
54650  0.170496
54700  0.170496
54750  0.170496
54800  0.170496
54850  0.170496
54900  0.170496
54950  0.170496
55000  0.170496
55050  0.170496
55100  0.170496
55150  0.170496
55200  0.170496
55250  0.170496
55300  0.170496
55350  0.170496
55400  0.170496
55450  0.170496
55500  0.170496
55550  0.170496
55600  0.170496
55650  0.170496
55700  0.170496
55750  0.170496
55800  0.170496
55850  0.170496
55900  0.170496
55950  0.170496
56000  0.170496
56050  0.170496
56100  0.170496
56150  0.170496
56200  0.170496
56250  0.170496
56300  0.170496
56350  0.170496
56400  0.170496
56450  0.170496
56500  0.170496
56550  0.170496
56600  0.170496
56650  0.170496
56700  0.170496
56750  0.170496
56800  0.170496
56850  0.170496
56900  0.170496
56950  0.170496
57000  0.170496
57050  0.170496
57100  0.170496
57150  0.170496
57200  0.170496
57250  0.170496
57300  0.170496
57350  0.170496
57400  0.170496
57450  0.170496
57500  0.170496
57550  0.170496
57600  0.170496
57650  0.170496
57700  0.170496
57750  0.170496
57800  0.170496
57850  0.170496
57900  0.170496
57950  0.170496
58000  0.170496
58050  0.170496
58100  0.170496
58150  0.170496
58200  0.170496
58250  0.170496
58300  0.170496
58350  0.170496
58400  0.170496
58450  0.170496
58500  0.170496
58550  0.170496
58600  0.170496
58650  0.170496
58700  0.170496
58750  0.170496
58800  0.170496
58850  0.170496
58900  0.170496
58950  0.170496
59000  0.170496
59050  0.170496
59100  0.170496
59150  0.170496
59200  0.170496
59250  0.170496
59300  0.170496
59350  0.170496
59400  0.170496
59450  0.170496
59500  0.170496
59550  0.170496
59600  0.170496
59650  0.170496
59700  0.170496
59750  0.170496
59800  0.170496
59850  0.170496
59900  0.170496
59950  0.170496
60000  0.170496
60050  0.170496
60100  0.170496
60150  0.170496
60200  0.170496
60250  0.170496
60300  0.170496
60350  0.170496
60400  0.170496
60450  0.170496
60500  0.170496
60550  0.170496
60600  0.170496
60650  0.170496
60700  0.170496
60750  0.170496
60800  0.170496
60850  0.170496
60900  0.170496
60950  0.170496
61000  0.170496
61050  0.170496
61100  0.170496
61150  0.170496
61200  0.170496
61250  0.170496
61300  0.170496
61350  0.170496
61400  0.170496
61450  0.170496
61500  0.170496
61550  0.170496
61600  0.170496
61650  0.170496
61700  0.170496
61750  0.170496
61800  0.170496
61850  0.170496
61900  0.170496
61950  0.170496
62000  0.170496
62050  0.170496
62100  0.170496
62150  0.170496
62200  0.170496
62250  0.170496
62300  0.170496
62350  0.170496
62400  0.170496
62450  0.170496
62500  0.170496
62550  0.170496
62600  0.170496
62650  0.170496
62700  0.170496
62750  0.170496
62800  0.170496
62850  0.170496
62900  0.170496
62950  0.170496
63000  0.170496
63050  0.170496
63100  0.170496
63150  0.170496
63200  0.170496
63250  0.170496
63300  0.170496
63350  0.170496
63400  0.170496
63450  0.170259
63500  0.170259
63550  0.170259
63600  0.170259
63650  0.170259
63700  0.170259
63750  0.170259
63800  0.170259
63850  0.170259
63900  0.170259
63950  0.170259
64000  0.170259
64050  0.170259
64100  0.170259
64150  0.170259
64200  0.170259
64250  0.170259
64300  0.170259
64350  0.170259
64400  0.170259
64450  0.170259
64500  0.170259
64550  0.170259
64600  0.170259
64650  0.170259
64700  0.170259
64750  0.170259
64800  0.170259
64850  0.170259
64900  0.170259
64950  0.170259
65000  0.170259
65050  0.170259
65100  0.170259
65150  0.170259
65200  0.170259
65250  0.170259
65300  0.170259
65350  0.170259
65400  0.170259
65450  0.170259
65500  0.170259
65550  0.170259
65600  0.170259
65650  0.170259
65700  0.170259
65750  0.170259
65800  0.170259
65850  0.170259
65900  0.170259
65950  0.170259
66000  0.170259
66050  0.170259
66100  0.170259
66150  0.170259
66200  0.170259
66250  0.170259
66300  0.170259
66350  0.170259
66400  0.170259
66450  0.170259
66500  0.170259
66550  0.170259
66600  0.170259
66650  0.170259
66700  0.170259
66750  0.170259
66800  0.170259
66850  0.170259
66900  0.170259
66950  0.170259
67000  0.170259
67050  0.170259
67100  0.170259
67150  0.170259
67200  0.170259
67250  0.170259
67300  0.170259
67350  0.170259
67400  0.170259
67450  0.170259
67500  0.170259
67550  0.170259
67600  0.170259
67650  0.170259
67700  0.170259
67750  0.170259
67800  0.170259
67850  0.170259
67900  0.170259
67950  0.170259
68000  0.170259
68050  0.170259
68100  0.170259
68150  0.170259
68200  0.170259
68250  0.170259
68300  0.170259
68350  0.170259
68400  0.170259
68450  0.170259
68500  0.170259
68550  0.170259
68600  0.170259
68650  0.170259
68700  0.170259
68750  0.170259
68800  0.170259
68850  0.170259
68900  0.170259
68950  0.170259
69000  0.170259
69050  0.170259
69100  0.170259
69150  0.170259
69200  0.170259
69250  0.170259
69300  0.170259
69350  0.170259
69400  0.170259
69450  0.170259
69500  0.170259
69550  0.170259
69600  0.170259
69650  0.170259
69700  0.170259
69750  0.170259
69800  0.170259
69850  0.170259
69900  0.170259
69950  0.170259
70000  0.170259
70050  0.170259
70100  0.170259
70150  0.170259
70200  0.170259
70250  0.170259
70300  0.170259
70350  0.170259
70400  0.170259
70450  0.170259
70500  0.170259
70550  0.170259
70600  0.170259
70650  0.170259
70700  0.170259
70750  0.170259
70800  0.170259
70850  0.170259
70900  0.170259
70950  0.170259
71000  0.170259
71050  0.170259
71100  0.170259
71150  0.170259
71200  0.170259
71250  0.170259
71300  0.170259
71350  0.170259
71400  0.170259
71450  0.170259
71500  0.170259
71550  0.170259
71600  0.170259
71650  0.170259
71700  0.170259
71750  0.170259
71800  0.170259
71850  0.170259
71900  0.170259
71950  0.170259
72000  0.170259
72050  0.170259
72100  0.170259
72150  0.170259
72200  0.170259
72250  0.170259
72300  0.168907
72350  0.168907
72400  0.168907
72450  0.168907
72500  0.168907
72550  0.168907
72600  0.168907
72650  0.168907
72700  0.168907
72750  0.168907
72800  0.168907
72850  0.168907
72900  0.168907
72950  0.168907
73000  0.168907
73050  0.168907
73100  0.168907
73150  0.168907
73200  0.168907
73250  0.1685
73300  0.1685
73350  0.1685
73400  0.1685
73450  0.1685
73500  0.1685
73550  0.1685
73600  0.1685
73650  0.1685
73700  0.1685
73750  0.1685
73800  0.1685
73850  0.1685
73900  0.1685
73950  0.1685
74000  0.1685
74050  0.1685
74100  0.1685
74150  0.1685
74200  0.1685
74250  0.1685
74300  0.1685
74350  0.1685
74400  0.1685
74450  0.1685
74500  0.1685
74550  0.1685
74600  0.1685
74650  0.1685
74700  0.1685
74750  0.1685
74800  0.1685
74850  0.1685
74900  0.1685
74950  0.1685
75000  0.1685
75050  0.1685
75100  0.1685
75150  0.1685
75200  0.1685
75250  0.1685
75300  0.1685
75350  0.1685
75400  0.1685
75450  0.1685
75500  0.1685
75550  0.1685
75600  0.1685
75650  0.1685
75700  0.1685
75750  0.1685
75800  0.1685
75850  0.1685
75900  0.1685
75950  0.1685
76000  0.1685
76050  0.1685
76100  0.1685
76150  0.1685
76200  0.1685
76250  0.1685
76300  0.1685
76350  0.1685
76400  0.1685
76450  0.1685
76500  0.1685
76550  0.1685
76600  0.1685
76650  0.1685
76700  0.1685
76750  0.1685
76800  0.1685
76850  0.1685
76900  0.1685
76950  0.1685
77000  0.1685
77050  0.1685
77100  0.1685
77150  0.1685
77200  0.1685
77250  0.1685
77300  0.1685
77350  0.1685
77400  0.1685
77450  0.1685
77500  0.1685
77550  0.1685
77600  0.1685
77650  0.1685
77700  0.1685
77750  0.1685
77800  0.1685
77850  0.1685
77900  0.1685
77950  0.1685
78000  0.1685
78050  0.1685
78100  0.1685
78150  0.1685
78200  0.1685
78250  0.1685
78300  0.1685
78350  0.1685
78400  0.1685
78450  0.1685
78500  0.1685
78550  0.1685
78600  0.1685
78650  0.1685
78700  0.1685
78750  0.1685
78800  0.1685
78850  0.1685
78900  0.1685
78950  0.1685
79000  0.1685
79050  0.1685
79100  0.1685
79150  0.1685
79200  0.1685
79250  0.1685
79300  0.1685
79350  0.1685
79400  0.1685
79450  0.1685
79500  0.1685
79550  0.1685
79600  0.1685
79650  0.1685
79700  0.1685
79750  0.1685
79800  0.1685
79850  0.1685
79900  0.1685
79950  0.1685
80000  0.1685
80050  0.1685
80100  0.1685
80150  0.1685
80200  0.1685
80250  0.1685
80300  0.1685
80350  0.1685
80400  0.1685
80450  0.1685
80500  0.1685
80550  0.1685
80600  0.1685
80650  0.1685
80700  0.1685
80750  0.1685
80800  0.1685
80850  0.1685
80900  0.1685
80950  0.1685
81000  0.1685
81050  0.1685
81100  0.1685
81150  0.1685
81200  0.1685
81250  0.1685
81300  0.1685
81350  0.1685
81400  0.1685
81450  0.1685
81500  0.1685
81550  0.1685
81600  0.1685
81650  0.1685
81700  0.1685
81750  0.1685
81800  0.1685
81850  0.1685
81900  0.1685
81950  0.1685
82000  0.1685
82050  0.1685
82100  0.1685
82150  0.1685
82200  0.1685
82250  0.1685
82300  0.1685
82350  0.1685
82400  0.1685
82450  0.1685
82500  0.1685
82550  0.1685
82600  0.1685
82650  0.1685
82700  0.1685
82750  0.1685
82800  0.1685
82850  0.1685
82900  0.1685
82950  0.1685
83000  0.1685
83050  0.1685
83100  0.1685
83150  0.1685
83200  0.1685
83250  0.1685
83300  0.1685
83350  0.1685
83400  0.1685
83450  0.1685
83500  0.1685
83550  0.1685
83600  0.1685
83650  0.1685
83700  0.1685
83750  0.1685
83800  0.1685
83850  0.1685
83900  0.1685
83950  0.1685
84000  0.1685
84050  0.1685
84100  0.1685
84150  0.1685
84200  0.1685
84250  0.1685
84300  0.1685
84350  0.1685
84400  0.1685
84450  0.1685
84500  0.1685
84550  0.1685
84600  0.1685
84650  0.1685
84700  0.1685
84750  0.1685
84800  0.1685
84850  0.1685
84900  0.1685
84950  0.1685
85000  0.1685
85050  0.1685
85100  0.1685
85150  0.1685
85200  0.1685
85250  0.1685
85300  0.1685
85350  0.1685
85400  0.1685
85450  0.1685
85500  0.1685
85550  0.1685
85600  0.1685
85650  0.1685
85700  0.1685
85750  0.1685
85800  0.1685
85850  0.1685
85900  0.1685
85950  0.1685
86000  0.1685
86050  0.1685
86100  0.1685
86150  0.1685
86200  0.1685
86250  0.1685
86300  0.1685
86350  0.1685
86400  0.1685
86450  0.1685
86500  0.1685
86550  0.1685
86600  0.1685
86650  0.1685
86700  0.1685
86750  0.1685
86800  0.1685
86850  0.1685
86900  0.1685
86950  0.1685
87000  0.1685
87050  0.1685
87100  0.1685
87150  0.1685
87200  0.1685
87250  0.1685
87300  0.1685
87350  0.1685
87400  0.1685
87450  0.1685
87500  0.1685
87550  0.1685
87600  0.1685
87650  0.1685
87700  0.1685
87750  0.1685
87800  0.1685
87850  0.1685
87900  0.1685
87950  0.1685
88000  0.1685
88050  0.1685
88100  0.1685
88150  0.1685
88200  0.1685
88250  0.1685
88300  0.1685
88350  0.1685
88400  0.1685
88450  0.1685
88500  0.1685
88550  0.1685
88600  0.1685
88650  0.1685
88700  0.1685
88750  0.1685
88800  0.1685
88850  0.1685
88900  0.1685
88950  0.1685
89000  0.1685
89050  0.1685
89100  0.1685
89150  0.1685
89200  0.1685
89250  0.1685
89300  0.1685
89350  0.1685
89400  0.1685
89450  0.1685
89500  0.1685
89550  0.1685
89600  0.1685
89650  0.1685
89700  0.1685
89750  0.1685
89800  0.1685
89850  0.1685
89900  0.1685
89950  0.1685
90000  0.1685
90050  0.1685
90100  0.1685
90150  0.1685
90200  0.1685
90250  0.1685
90300  0.1685
90350  0.1685
90400  0.1685
90450  0.1685
90500  0.1685
90550  0.1685
90600  0.1685
90650  0.1685
90700  0.1685
90750  0.1685
90800  0.1685
90850  0.1685
90900  0.1685
90950  0.1685
91000  0.1685
91050  0.1685
91100  0.1685
91150  0.1685
91200  0.1685
91250  0.1685
91300  0.1685
91350  0.1685
91400  0.1685
91450  0.1685
91500  0.1685
91550  0.1685
91600  0.1685
91650  0.1685
91700  0.1685
91750  0.1685
91800  0.1685
91850  0.1685
91900  0.1685
91950  0.1685
92000  0.1685
92050  0.1685
92100  0.1685
92150  0.1685
92200  0.1685
92250  0.1685
92300  0.1685
92350  0.1685
92400  0.1685
92450  0.1685
92500  0.1685
92550  0.1685
92600  0.1685
92650  0.1685
92700  0.1685
92750  0.1685
92800  0.1685
92850  0.1685
92900  0.1685
92950  0.1685
93000  0.1685
93050  0.1685
93100  0.1685
93150  0.1685
93200  0.1685
93250  0.1685
93300  0.1685
93350  0.1685
93400  0.1685
93450  0.1685
93500  0.1685
93550  0.1685
93600  0.1685
93650  0.1685
93700  0.1685
93750  0.1685
93800  0.1685
93850  0.1685
93900  0.1685
93950  0.1685
94000  0.1685
94050  0.1685
94100  0.1685
94150  0.1685
94200  0.1685
94250  0.1685
94300  0.1685
94350  0.1685
94400  0.1685
94450  0.1685
94500  0.1685
94550  0.1685
94600  0.1685
94650  0.1685
94700  0.1685
94750  0.1685
94800  0.1685
94850  0.1685
94900  0.1685
94950  0.1685
95000  0.1685
95050  0.1685
95100  0.1685
95150  0.1685
95200  0.1685
95250  0.1685
95300  0.1685
95350  0.1685
95400  0.1685
95450  0.1685
95500  0.1685
95550  0.1685
95600  0.1685
95650  0.1685
95700  0.1685
95750  0.1685
95800  0.1685
95850  0.1685
95900  0.1685
95950  0.1685
96000  0.1685
96050  0.1685
96100  0.1685
96150  0.1685
96200  0.1685
96250  0.1685
96300  0.1685
96350  0.1685
96400  0.1685
96450  0.1685
96500  0.1685
96550  0.1685
96600  0.1685
96650  0.1685
96700  0.1685
96750  0.1685
96800  0.1685
96850  0.1685
96900  0.1685
96950  0.1685
97000  0.1685
97050  0.1685
97100  0.1685
97150  0.1685
97200  0.1685
97250  0.1685
97300  0.1685
97350  0.1685
97400  0.1685
97450  0.1685
97500  0.1685
97550  0.1685
97600  0.1685
97650  0.1685
97700  0.1685
97750  0.1685
97800  0.1685
97850  0.1685
97900  0.1685
97950  0.1685
98000  0.1685
98050  0.1685
98100  0.1685
98150  0.1685
98200  0.1685
98250  0.1685
98300  0.1685
98350  0.1685
98400  0.1685
98450  0.1685
98500  0.1685
98550  0.1685
98600  0.1685
98650  0.1685
98700  0.1685
98750  0.1685
98800  0.1685
98850  0.1685
98900  0.1685
98950  0.1685
99000  0.1685
99050  0.1685
99100  0.1685
99150  0.1685
99200  0.1685
99250  0.1685
99300  0.1685
99350  0.1685
99400  0.1685
99450  0.1685
99500  0.1685
99550  0.1685
99600  0.1685
99650  0.1685
99700  0.1685
99750  0.1685
99800  0.1685
99850  0.1685
99900  0.1685
99950  0.1685
100000  0.1685
100050  0.1685
100100  0.1685
100150  0.1685
100200  0.1685
100250  0.1685
100300  0.1685
100350  0.1685
100400  0.1685
100450  0.1685
100500  0.1685
100550  0.1685
100600  0.1685
100650  0.1685
100700  0.1685
100750  0.1685
100800  0.1685
100850  0.1685
100900  0.1685
100950  0.1685
101000  0.1685
101050  0.1685
101100  0.1685
101150  0.1685
101200  0.1685
101250  0.1685
101300  0.1685
101350  0.1685
101400  0.1685
101450  0.1685
101500  0.1685
101550  0.1685
101600  0.1685
101650  0.1685
101700  0.1685
101750  0.1685
101800  0.1685
101850  0.1685
101900  0.1685
101950  0.1685
102000  0.1685
102050  0.1685
102100  0.1685
102150  0.1685
102200  0.1685
102250  0.1685
102300  0.1685
102350  0.1685
102400  0.1685
102450  0.1685
102500  0.1685
102550  0.1685
102600  0.1685
102650  0.1685
102700  0.1685
102750  0.1685
102800  0.1685
102850  0.1685
102900  0.1685
102950  0.1685
103000  0.1685
103050  0.1685
103100  0.1685
103150  0.1685
103200  0.1685
103250  0.1685
103300  0.1685
103350  0.1685
103400  0.1685
103450  0.1685
103500  0.1685
103550  0.1685
103600  0.1685
103650  0.1685
103700  0.1685
103750  0.1685
103800  0.1685
103850  0.1685
103900  0.1685
103950  0.1685
104000  0.1685
104050  0.1685
104100  0.1685
104150  0.1685
104200  0.1685
104250  0.1685
104300  0.1685
104350  0.1685
104400  0.1685
104450  0.1685
104500  0.1685
104550  0.1685
104600  0.1685
104650  0.1685
104700  0.1685
104750  0.1685
104800  0.1685
104850  0.1685
104900  0.1685
104950  0.1685
105000  0.1685
105050  0.1685
105100  0.1685
105150  0.1685
105200  0.1685
105250  0.1685
105300  0.1685
105350  0.1685
105400  0.1685
105450  0.1685
105500  0.1685
105550  0.1685
105600  0.1685
105650  0.1685
105700  0.1685
105750  0.1685
105800  0.1685
105850  0.1685
105900  0.1685
105950  0.1685
106000  0.1685
106050  0.1685
106100  0.1685
106150  0.1685
106200  0.1685
106250  0.1685
106300  0.1685
106350  0.1685
106400  0.1685
106450  0.1685
106500  0.1685
106550  0.1685
106600  0.1685
106650  0.1685
106700  0.1685
106750  0.1685
106800  0.1685
106850  0.1685
106900  0.1685
106950  0.1685
107000  0.1685
107050  0.1685
107100  0.1685
107150  0.1685
107200  0.1685
107250  0.1685
107300  0.1685
107350  0.1685
107400  0.1685
107450  0.1685
107500  0.1685
107550  0.1685
107600  0.1685
107650  0.1685
107700  0.1685
107750  0.1685
107800  0.1685
107850  0.1685
107900  0.1685
107950  0.1685
108000  0.1685
108050  0.1685
108100  0.1685
108150  0.1685
108200  0.1685
108250  0.1685
108300  0.1685
108350  0.1685
108400  0.1685
108450  0.1685
108500  0.1685
108550  0.1685
108600  0.1685
108650  0.1685
108700  0.1685
108750  0.1685
108800  0.1685
108850  0.1685
108900  0.1685
108950  0.1685
109000  0.1685
109050  0.1685
109100  0.1685
109150  0.1685
109200  0.1685
109250  0.1685
109300  0.1685
109350  0.1685
109400  0.1685
109450  0.1685
109500  0.1685
109550  0.1685
109600  0.1685
109650  0.1685
109700  0.1685
109750  0.1685
109800  0.1685
109850  0.1685
109900  0.1685
109950  0.1685
110000  0.1685
110050  0.1685
110100  0.1685
110150  0.1685
110200  0.1685
110250  0.1685
110300  0.1685
110350  0.1685
110400  0.1685
110450  0.1685
110500  0.1685
110550  0.1685
110600  0.1685
110650  0.1685
110700  0.1685
110750  0.1685
110800  0.1685
110850  0.1685
110900  0.1685
110950  0.1685
111000  0.1685
111050  0.1685
111100  0.1685
111150  0.1685
111200  0.1685
111250  0.1685
111300  0.1685
111350  0.1685
111400  0.1685
111450  0.1685
111500  0.1685
111550  0.1685
111600  0.1685
111650  0.1685
111700  0.1685
111750  0.1685
111800  0.1685
111850  0.1685
111900  0.1685
111950  0.1685
112000  0.1685
112050  0.1685
112100  0.1685
112150  0.1685
112200  0.1685
112250  0.1685
112300  0.1685
112350  0.1685
112400  0.1685
112450  0.1685
112500  0.1685
112550  0.1685
112600  0.1685
112650  0.1685
112700  0.1685
112750  0.1685
112800  0.1685
112850  0.1685
112900  0.1685
112950  0.1685
113000  0.1685
113050  0.1685
113100  0.1685
113150  0.1685
113200  0.1685
113250  0.1685
113300  0.1685
113350  0.1685
113400  0.1685
113450  0.1685
113500  0.1685
113550  0.1685
113600  0.1685
113650  0.1685
113700  0.1685
113750  0.1685
113800  0.1685
113850  0.1685
113900  0.1685
113950  0.1685
114000  0.1685
114050  0.1685
114100  0.1685
114150  0.1685
114200  0.1685
114250  0.1685
114300  0.1685
114350  0.1685
114400  0.1685
114450  0.1685
114500  0.1685
114550  0.1685
114600  0.1685
114650  0.1685
114700  0.1685
114750  0.1685
114800  0.1685
114850  0.1685
114900  0.1685
114950  0.168178
115000  0.168178
115050  0.168178
115100  0.168178
115150  0.168178
115200  0.168178
115250  0.168178
115300  0.168178
115350  0.168178
115400  0.168178
115450  0.168178
115500  0.168178
115550  0.168178
115600  0.168178
115650  0.168178
115700  0.168178
115750  0.168178
115800  0.168178
115850  0.168178
115900  0.168178
115950  0.168178
116000  0.168178
116050  0.168178
116100  0.168178
116150  0.168178
116200  0.168178
116250  0.168178
116300  0.168178
116350  0.168178
116400  0.168178
116450  0.168178
116500  0.168178
116550  0.168178
116600  0.168178
116650  0.168178
116700  0.168178
116750  0.168178
116800  0.168178
116850  0.168178
116900  0.168178
116950  0.168178
117000  0.168178
117050  0.168178
117100  0.168178
117150  0.168178
117200  0.168178
117250  0.168178
117300  0.168178
117350  0.168178
117400  0.168178
117450  0.168178
117500  0.168178
117550  0.168178
117600  0.168178
117650  0.168178
117700  0.168178
117750  0.168178
117800  0.168178
117850  0.168178
117900  0.168178
117950  0.168178
118000  0.168178
118050  0.168178
118100  0.168178
118150  0.168178
118200  0.168178
118250  0.168178
118300  0.168178
118350  0.168178
118400  0.168178
118450  0.168178
118500  0.168178
118550  0.168178
118600  0.168178
118650  0.168178
118700  0.168178
118750  0.168178
118800  0.168178
118850  0.168178
118900  0.168178
118950  0.168178
119000  0.168178
119050  0.168178
119100  0.168178
119150  0.168178
119200  0.168178
119250  0.168178
119300  0.168178
119350  0.168178
119400  0.168178
119450  0.168178
119500  0.168178
119550  0.168178
119600  0.168178
119650  0.168178
119700  0.168178
119750  0.168178
119800  0.168178
119850  0.168178
119900  0.168178
119950  0.168178
120000  0.168178
120050  0.168178
120100  0.168178
120150  0.168178
120200  0.168178
120250  0.168178
120300  0.168178
120350  0.168178
120400  0.168178
120450  0.168178
120500  0.168178
120550  0.168178
120600  0.168178
120650  0.168178
120700  0.168178
120750  0.168178
120800  0.168178
120850  0.168178
120900  0.168178
120950  0.168178
121000  0.168178
121050  0.168178
121100  0.168178
121150  0.168178
121200  0.168178
121250  0.168178
121300  0.168178
121350  0.168178
121400  0.168178
121450  0.168178
121500  0.168178
121550  0.168178
121600  0.168178
121650  0.168178
121700  0.168178
121750  0.168178
121800  0.168178
121850  0.168178
121900  0.168178
121950  0.168178
122000  0.168178
122050  0.168178
122100  0.168178
122150  0.168178
122200  0.168178
122250  0.168178
122300  0.168178
122350  0.168178
122400  0.168178
122450  0.168178
122500  0.168178
122550  0.168178
122600  0.168178
122650  0.168178
122700  0.168178
122750  0.168178
122800  0.168178
122850  0.168178
122900  0.168178
122950  0.168178
123000  0.168178
123050  0.168178
123100  0.168178
123150  0.168178
123200  0.168178
123250  0.168178
123300  0.168178
123350  0.168178
123400  0.168178
123450  0.168178
123500  0.168178
123550  0.168178
123600  0.168178
123650  0.168178
123700  0.168178
123750  0.168178
123800  0.168178
123850  0.168178
123900  0.168178
123950  0.168178
124000  0.168178
124050  0.168178
124100  0.168178
124150  0.168178
124200  0.168178
124250  0.168178
124300  0.168178
124350  0.168178
124400  0.168178
124450  0.168178
124500  0.168178
124550  0.168178
124600  0.168178
124650  0.168178
124700  0.168178
124750  0.168178
124800  0.168178
124850  0.168178
124900  0.168178
124950  0.168178
125000  0.168178
125050  0.168178
125100  0.168178
125150  0.168178
125200  0.168178
125250  0.168178
125300  0.168178
125350  0.168178
125400  0.168178
125450  0.168178
125500  0.168178
125550  0.168178
125600  0.168178
125650  0.168178
125700  0.168178
125750  0.168178
125800  0.168178
125850  0.168178
125900  0.168178
125950  0.168178
126000  0.168178
126050  0.168178
126100  0.168178
126150  0.168178
126200  0.168178
126250  0.168178
126300  0.168178
126350  0.168178
126400  0.168178
126450  0.168178
126500  0.168178
126550  0.168178
126600  0.168178
126650  0.168178
126700  0.168178
126750  0.168178
126800  0.168178
126850  0.168178
126900  0.168178
126950  0.168178
127000  0.168178
127050  0.168178
127100  0.168178
127150  0.168178
127200  0.168178
127250  0.168178
127300  0.168178
127350  0.168178
127400  0.168178
127450  0.168178
127500  0.168178
127550  0.168178
127600  0.168178
127650  0.168178
127700  0.168178
127750  0.168178
127800  0.168178
127850  0.168178
127900  0.168178
127950  0.168178
128000  0.168178
128050  0.168178
128100  0.168178
128150  0.168178
128200  0.168178
128250  0.168178
128300  0.168178
128350  0.168178
128400  0.168178
128450  0.168178
128500  0.168178
128550  0.168178
128600  0.168178
128650  0.168178
128700  0.168178
128750  0.168178
128800  0.168178
128850  0.168178
128900  0.168178
128950  0.168178
129000  0.168178
129050  0.168178
129100  0.168178
129150  0.168178
129200  0.168178
129250  0.168178
129300  0.168178
129350  0.168178
129400  0.168178
129450  0.168178
129500  0.168178
129550  0.168178
129600  0.168178
129650  0.168178
129700  0.168178
129750  0.168178
129800  0.168178
129850  0.168178
129900  0.168178
129950  0.168178
130000  0.168178
130050  0.168178
130100  0.168178
130150  0.168178
130200  0.168178
130250  0.168178
130300  0.168178
130350  0.168178
130400  0.168178
130450  0.168178
130500  0.168178
130550  0.168178
130600  0.168178
130650  0.168178
130700  0.168178
130750  0.168178
130800  0.168178
130850  0.168178
130900  0.168178
130950  0.168178
131000  0.168178
131050  0.168178
131100  0.168178
131150  0.168178
131200  0.168178
131250  0.168178
131300  0.168178
131350  0.168178
131400  0.168178
131450  0.168178
131500  0.168178
131550  0.168178
131600  0.168178
131650  0.168178
131700  0.168178
131750  0.168178
131800  0.168178
131850  0.168178
131900  0.168178
131950  0.168178
132000  0.168178
132050  0.168178
132100  0.168178
132150  0.168178
132200  0.168178
132250  0.168178
132300  0.168178
132350  0.168178
132400  0.168178
132450  0.168178
132500  0.168178
132550  0.168178
132600  0.168178
132650  0.168178
132700  0.168178
132750  0.168178
132800  0.168178
132850  0.168178
132900  0.168178
132950  0.168178
133000  0.168178
133050  0.168178
133100  0.168178
133150  0.168178
133200  0.168178
133250  0.168178
133300  0.168178
133350  0.168178
133400  0.168178
133450  0.168178
133500  0.168178
133550  0.168178
133600  0.168178
133650  0.168178
133700  0.168178
133750  0.168178
133800  0.168178
133850  0.168178
133900  0.168178
133950  0.168178
134000  0.168178
134050  0.168178
134100  0.168178
134150  0.168178
134200  0.168178
134250  0.168178
134300  0.168178
134350  0.168178
134400  0.168178
134450  0.168178
134500  0.168178
134550  0.168178
134600  0.168178
134650  0.168178
134700  0.168178
134750  0.168178
134800  0.168178
134850  0.168178
134900  0.168178
134950  0.168178
135000  0.168178
135050  0.168178
135100  0.168178
135150  0.168178
135200  0.168178
135250  0.168178
135300  0.168178
135350  0.168178
135400  0.168178
135450  0.168178
135500  0.168178
135550  0.168178
135600  0.168178
135650  0.168178
135700  0.168178
135750  0.168178
135800  0.168178
135850  0.168178
135900  0.168178
135950  0.168178
136000  0.168178
136050  0.168178
136100  0.168178
136150  0.168178
136200  0.168178
136250  0.168178
136300  0.168178
136350  0.168178
136400  0.168178
136450  0.168178
136500  0.168178
136550  0.168178
136600  0.168178
136650  0.168178
136700  0.168178
136750  0.168178
136800  0.168178
136850  0.168178
136900  0.168178
136950  0.168178
137000  0.168178
137050  0.168178
137100  0.168178
137150  0.168178
137200  0.168178
137250  0.168178
137300  0.168178
137350  0.168178
137400  0.168178
137450  0.168178
137500  0.168178
137550  0.168178
137600  0.168178
137650  0.168178
137700  0.168178
137750  0.168178
137800  0.168178
137850  0.168178
137900  0.168178
137950  0.168178
138000  0.168178
138050  0.168178
138100  0.168178
138150  0.168178
138200  0.168178
138250  0.168178
138300  0.168178
138350  0.168178
138400  0.168178
138450  0.168178
138500  0.168178
138550  0.168178
138600  0.168178
138650  0.168178
138700  0.168178
138750  0.168178
138800  0.168178
138850  0.168178
138900  0.168178
138950  0.168178
139000  0.168178
139050  0.168178
139100  0.168178
139150  0.168178
139200  0.168178
139250  0.168178
139300  0.168178
139350  0.168178
139400  0.168178
139450  0.168178
139500  0.168178
139550  0.168178
139600  0.168178
139650  0.168178
139700  0.168178
139750  0.168178
139800  0.168178
139850  0.168178
139900  0.168178
139950  0.168178
140000  0.168178
140050  0.168178
140100  0.168178
140150  0.168178
140200  0.168178
140250  0.168178
140300  0.168178
140350  0.168178
140400  0.168178
140450  0.168178
140500  0.168178
