Step  Penalty
32  0.478434
64  0.478434
96  0.478434
128  0.478434
160  0.478214
192  0.461601
224  0.436551
256  0.436551
288  0.403118
320  0.381649
352  0.354801
384  0.338199
416  0.316544
448  0.306441
480  0.290862
512  0.282571
544  0.272816
576  0.26378
608  0.259808
640  0.257743
672  0.248162
704  0.248162
736  0.244655
768  0.243433
800  0.243433
832  0.243274
864  0.241684
896  0.239807
928  0.239807
960  0.239807
992  0.239807
1024  0.239807
1056  0.239807
1088  0.239807
1120  0.239807
1152  0.239807
1184  0.239807
1216  0.239807
1248  0.239807
1280  0.239807
1312  0.238291
1344  0.238291
1376  0.238291
1408  0.238291
1440  0.238291
1472  0.238291
1504  0.238291
1536  0.238291
1568  0.238291
1600  0.238291
1632  0.238291
1664  0.238291
1696  0.238291
1728  0.238291
1760  0.238291
1792  0.238291
1824  0.238291
1856  0.238291
1888  0.238291
1920  0.238291
1952  0.238291
1984  0.238291
2016  0.238291
2048  0.238291
2080  0.238291
2112  0.238291
2144  0.235649
2176  0.235649
2208  0.235649
2240  0.235649
2272  0.235649
2304  0.235649
2336  0.235649
2368  0.235649
2400  0.235649
2432  0.235649
2464  0.235649
2496  0.235649
2528  0.235649
2560  0.235649
2592  0.235649
2624  0.235649
2656  0.235649
2688  0.235649
2720  0.235649
2752  0.235649
2784  0.235649
2816  0.235649
2848  0.235649
2880  0.235649
2912  0.235649
2944  0.235649
2976  0.235649
3008  0.235649
3040  0.235649
3072  0.235649
3104  0.235649
3136  0.235649
3168  0.235649
3200  0.235649
3232  0.235649
3264  0.235649
3296  0.235649
3328  0.235649
3360  0.235649
3392  0.235649
3424  0.235649
3456  0.235649
3488  0.235649
3520  0.235649
3552  0.235649
3584  0.235649
3616  0.235649
3648  0.235649
3680  0.235649
3712  0.235649
3744  0.235649
3776  0.235649
3808  0.235649
3840  0.235649
3872  0.235649
3904  0.235649
3936  0.235649
3968  0.235649
4000  0.235649
4032  0.235649
4064  0.235649
4096  0.235649
4128  0.235649
4160  0.235649
4192  0.235649
4224  0.235649
4256  0.235649
4288  0.235649
4320  0.235649
4352  0.235649
4384  0.235649
4416  0.235649
4448  0.235649
4480  0.235649
4512  0.235649
4544  0.235649
4576  0.235649
4608  0.235649
4640  0.235649
4672  0.235649
4704  0.235649
4736  0.235649
4768  0.235649
4800  0.235649
4832  0.235649
4864  0.235649
4896  0.235649
4928  0.235649
4960  0.235649
4992  0.235649
5024  0.235649
5056  0.235649
5088  0.235649
5120  0.235649
5152  0.235649
5184  0.235649
5216  0.235649
5248  0.235649
5280  0.235649
5312  0.235649
5344  0.235649
5376  0.235649
5408  0.235649
5440  0.235649
5472  0.235649
5504  0.235649
5536  0.235649
5568  0.235649
5600  0.235649
5632  0.235649
5664  0.235649
5696  0.235649
5728  0.235649
5760  0.235649
5792  0.235649
5824  0.235649
5856  0.235649
5888  0.235649
5920  0.235649
5952  0.235649
5984  0.235649
6016  0.235649
6048  0.235649
6080  0.235649
6112  0.235649
6144  0.235649
6176  0.235649
6208  0.235649
6240  0.235649
6272  0.235649
6304  0.235649
6336  0.235649
6368  0.235649
6400  0.235649
6432  0.235649
6464  0.233423
6496  0.233423
6528  0.233423
6560  0.233423
6592  0.233423
6624  0.233423
6656  0.233423
6688  0.233423
6720  0.233423
6752  0.233423
6784  0.233423
6816  0.233423
6848  0.233423
6880  0.233423
6912  0.233423
6944  0.233423
6976  0.233423
7008  0.233423
7040  0.233423
7072  0.233423
7104  0.233423
7136  0.233423
7168  0.233423
7200  0.233423
7232  0.233423
7264  0.233423
7296  0.233423
7328  0.233423
7360  0.233423
7392  0.233423
7424  0.233423
7456  0.233423
7488  0.233423
7520  0.233423
7552  0.233423
7584  0.233423
7616  0.233423
7648  0.233423
7680  0.233423
7712  0.233423
7744  0.233423
7776  0.233423
7808  0.233423
7840  0.233423
7872  0.233423
7904  0.233423
7936  0.233423
7968  0.233423
8000  0.233423
8032  0.233423
8064  0.233423
8096  0.233423
8128  0.233423
8160  0.233423
8192  0.233423
8224  0.233423
8256  0.233423
8288  0.233423
8320  0.233423
8352  0.233423
8384  0.233423
8416  0.233423
8448  0.233423
8480  0.233423
8512  0.233423
8544  0.233423
8576  0.233423
8608  0.233423
8640  0.233423
8672  0.233423
8704  0.233423
8736  0.233423
8768  0.233423
8800  0.233423
8832  0.233423
8864  0.233423
8896  0.233423
8928  0.233423
8960  0.233423
8992  0.233423
9024  0.233423
9056  0.233423
9088  0.233423
9120  0.233423
9152  0.233423
9184  0.233423
9216  0.233423
9248  0.233423
9280  0.233423
9312  0.233423
9344  0.233423
9376  0.233423
9408  0.233423
9440  0.233423
9472  0.233423
9504  0.233423
9536  0.233423
9568  0.233423
9600  0.233423
9632  0.233423
9664  0.233423
9696  0.233423
9728  0.233423
9760  0.233423
9792  0.233423
9824  0.233423
9856  0.233423
9888  0.233423
9920  0.233423
9952  0.233423
9984  0.233423
10016  0.233423
10048  0.233423
10080  0.233423
10112  0.233423
10144  0.233423
10176  0.233423
10208  0.233423
10240  0.233423
10272  0.233423
10304  0.233423
10336  0.233423
10368  0.233423
10400  0.233423
10432  0.233423
10464  0.233423
10496  0.233423
10528  0.233423
10560  0.233423
10592  0.233423
10624  0.233423
10656  0.233423
10688  0.233423
10720  0.233423
10752  0.233423
10784  0.233423
10816  0.233423
10848  0.233423
10880  0.233423
10912  0.233423
10944  0.233423
10976  0.233423
11008  0.233423
11040  0.233423
11072  0.233423
11104  0.233423
11136  0.233423
11168  0.233423
11200  0.233423
11232  0.233423
11264  0.233423
11296  0.233423
11328  0.233423
11360  0.233423
11392  0.233423
11424  0.233423
11456  0.233423
11488  0.233423
11520  0.233423
11552  0.233423
11584  0.233423
11616  0.233423
11648  0.233423
11680  0.233423
11712  0.233423
11744  0.233423
11776  0.233423
11808  0.233423
11840  0.233423
11872  0.233423
11904  0.233423
11936  0.233423
11968  0.233423
12000  0.233423
12032  0.233423
12064  0.233423
12096  0.233423
12128  0.233423
12160  0.233423
12192  0.233423
12224  0.233423
12256  0.233423
12288  0.233423
12320  0.233423
12352  0.233423
12384  0.233423
12416  0.233423
12448  0.233423
12480  0.233423
12512  0.233423
12544  0.233423
12576  0.233423
12608  0.233423
12640  0.233423
12672  0.233423
12704  0.233423
12736  0.233423
12768  0.233423
12800  0.233423
12832  0.233423
12864  0.233423
12896  0.233423
12928  0.233423
12960  0.233423
12992  0.233423
13024  0.233423
13056  0.233423
13088  0.233423
13120  0.233423
13152  0.233423
13184  0.233423
13216  0.233423
13248  0.233423
13280  0.233423
13312  0.233423
13344  0.233423
13376  0.233423
13408  0.233423
13440  0.233423
13472  0.233423
13504  0.233423
13536  0.233423
13568  0.233423
13600  0.233423
13632  0.233423
13664  0.233423
13696  0.233423
13728  0.233423
13760  0.233423
13792  0.233423
13824  0.233423
13856  0.233423
13888  0.233423
13920  0.233423
13952  0.233423
13984  0.233423
14016  0.233423
14048  0.233423
14080  0.233423
14112  0.233423
14144  0.233423
14176  0.233423
14208  0.233423
14240  0.233423
14272  0.233423
14304  0.233423
14336  0.233423
14368  0.233423
14400  0.233423
14432  0.233423
14464  0.233423
14496  0.233423
14528  0.233423
14560  0.233423
14592  0.233423
14624  0.233423
14656  0.233423
14688  0.233423
14720  0.233423
14752  0.233423
14784  0.233423
14816  0.233423
14848  0.233423
14880  0.233423
14912  0.233423
14944  0.233423
14976  0.233423
15008  0.233423
15040  0.233423
15072  0.233423
15104  0.233423
15136  0.233423
15168  0.233423
15200  0.233423
15232  0.233423
15264  0.233423
15296  0.233423
15328  0.233423
15360  0.233423
15392  0.233423
15424  0.233423
15456  0.233423
15488  0.233423
15520  0.233423
15552  0.233423
15584  0.233423
15616  0.233423
15648  0.233423
15680  0.233423
15712  0.233423
15744  0.233423
15776  0.233423
15808  0.233423
15840  0.233423
15872  0.233423
15904  0.233423
15936  0.233423
15968  0.233423
16000  0.233423
16032  0.233423
16064  0.233423
16096  0.233423
16128  0.233423
16160  0.233423
16192  0.233423
16224  0.233423
16256  0.233423
16288  0.233423
16320  0.233423
16352  0.233423
16384  0.233423
16416  0.233423
16448  0.233423
16480  0.233423
16512  0.233423
16544  0.233423
16576  0.233423
16608  0.233423
16640  0.233423
16672  0.233423
16704  0.233423
16736  0.233423
16768  0.233423
16800  0.233423
16832  0.233423
16864  0.233423
16896  0.233423
16928  0.233423
16960  0.233423
16992  0.233423
17024  0.233423
17056  0.233423
17088  0.233423
17120  0.233423
17152  0.233423
17184  0.233423
17216  0.233423
17248  0.233423
17280  0.233423
17312  0.233423
17344  0.233423
17376  0.233423
17408  0.233423
17440  0.233423
17472  0.233423
17504  0.233423
17536  0.233423
17568  0.233423
17600  0.233423
17632  0.233423
17664  0.233423
17696  0.233423
17728  0.233423
17760  0.233423
17792  0.233423
17824  0.233423
17856  0.233423
17888  0.233423
17920  0.233423
17952  0.233423
17984  0.233423
18016  0.233423
18048  0.233423
18080  0.233423
18112  0.233423
18144  0.233423
18176  0.233423
18208  0.233423
18240  0.233423
18272  0.233423
18304  0.233423
18336  0.233423
18368  0.233423
18400  0.233423
18432  0.233423
18464  0.233423
18496  0.233423
18528  0.233423
18560  0.233423
18592  0.233423
18624  0.233423
18656  0.233423
18688  0.233423
18720  0.233423
18752  0.233423
18784  0.233423
18816  0.233423
18848  0.233423
18880  0.233423
18912  0.233423
18944  0.233423
18976  0.233423
19008  0.233423
19040  0.233423
19072  0.233423
19104  0.233423
19136  0.233423
19168  0.233423
19200  0.233423
19232  0.233423
19264  0.233423
19296  0.233423
19328  0.233423
19360  0.233423
19392  0.233423
19424  0.233423
19456  0.233423
19488  0.233423
19520  0.233423
19552  0.233423
19584  0.233423
19616  0.233423
19648  0.233423
19680  0.233423
19712  0.233423
19744  0.233423
19776  0.233423
19808  0.233423
19840  0.233423
19872  0.233423
19904  0.233423
19936  0.233423
19968  0.233423
20000  0.233423
20032  0.233423
20064  0.233423
20096  0.233423
20128  0.233423
20160  0.233423
20192  0.233423
20224  0.233423
20256  0.233423
20288  0.233423
20320  0.233423
20352  0.233423
20384  0.233423
20416  0.233423
20448  0.233423
20480  0.233423
20512  0.233423
20544  0.233423
20576  0.233423
20608  0.233423
20640  0.233423
20672  0.233423
20704  0.233423
20736  0.233423
20768  0.233423
20800  0.233423
20832  0.233423
20864  0.233423
20896  0.233423
20928  0.233423
20960  0.233423
20992  0.233423
21024  0.233423
21056  0.233423
21088  0.233423
21120  0.233423
21152  0.233423
21184  0.233423
21216  0.233423
21248  0.233423
21280  0.233423
21312  0.233423
21344  0.233423
21376  0.233423
21408  0.233423
21440  0.233423
21472  0.233423
21504  0.233423
21536  0.233423
21568  0.233423
21600  0.233423
21632  0.233423
21664  0.233423
21696  0.233423
21728  0.233423
21760  0.233423
21792  0.233423
21824  0.233423
21856  0.233423
21888  0.233423
21920  0.233423
21952  0.233423
21984  0.233423
22016  0.233423
22048  0.233423
22080  0.233423
22112  0.233423
22144  0.233423
22176  0.233423
22208  0.233423
22240  0.233423
22272  0.233423
22304  0.233423
22336  0.233423
22368  0.233423
22400  0.233423
22432  0.233423
22464  0.233423
22496  0.233423
22528  0.233423
22560  0.233423
22592  0.233423
22624  0.233423
22656  0.233423
22688  0.233423
22720  0.233423
22752  0.233423
22784  0.233423
22816  0.233423
22848  0.233423
22880  0.233423
22912  0.233423
22944  0.233423
22976  0.233423
23008  0.233423
23040  0.233423
23072  0.233423
23104  0.233423
23136  0.233423
23168  0.233423
23200  0.233423
23232  0.233423
23264  0.233423
23296  0.233423
23328  0.233423
23360  0.233423
23392  0.233423
23424  0.233423
23456  0.233423
23488  0.233423
23520  0.233423
23552  0.233423
23584  0.233423
23616  0.233423
23648  0.233423
23680  0.233423
23712  0.233423
23744  0.233423
23776  0.233423
23808  0.233423
23840  0.233423
23872  0.233423
23904  0.233423
23936  0.233423
23968  0.233423
24000  0.233423
24032  0.233423
24064  0.233423
24096  0.233423
24128  0.233423
24160  0.233423
24192  0.233423
24224  0.233423
24256  0.233423
24288  0.233423
24320  0.233423
24352  0.233423
24384  0.233423
24416  0.233423
24448  0.233423
24480  0.233423
24512  0.233423
24544  0.233423
24576  0.233423
24608  0.233423
24640  0.233423
24672  0.233423
24704  0.233423
24736  0.233423
24768  0.233423
24800  0.233423
24832  0.233423
24864  0.233423
24896  0.233423
24928  0.233423
24960  0.233423
24992  0.233423
25024  0.233423
25056  0.233423
25088  0.233423
25120  0.233423
25152  0.233423
25184  0.233423
25216  0.233423
25248  0.233423
25280  0.233423
25312  0.233423
25344  0.233423
25376  0.233423
25408  0.233423
25440  0.233423
25472  0.233423
25504  0.233423
25536  0.233423
25568  0.233423
25600  0.233423
25632  0.233423
25664  0.233423
25696  0.233423
25728  0.233423
25760  0.233423
25792  0.233423
25824  0.233423
25856  0.233423
25888  0.233423
25920  0.233423
25952  0.233423
25984  0.233423
26016  0.233423
26048  0.233423
26080  0.233423
26112  0.233423
26144  0.233423
26176  0.233423
26208  0.233423
26240  0.233423
26272  0.233423
26304  0.233423
26336  0.233423
26368  0.233423
26400  0.233423
26432  0.233423
26464  0.233423
26496  0.233423
26528  0.233423
26560  0.233423
26592  0.233423
26624  0.233423
26656  0.233423
26688  0.233423
26720  0.233423
26752  0.233423
26784  0.233423
26816  0.233423
26848  0.233423
26880  0.233423
26912  0.233423
26944  0.233423
26976  0.233423
27008  0.233423
27040  0.233423
27072  0.233423
27104  0.233423
27136  0.233423
27168  0.233423
27200  0.233423
27232  0.233423
27264  0.233423
27296  0.233423
27328  0.233423
27360  0.233423
27392  0.233423
27424  0.233423
27456  0.233423
27488  0.233423
27520  0.233423
27552  0.233423
27584  0.233423
27616  0.233423
27648  0.233423
27680  0.233423
27712  0.233423
27744  0.233423
27776  0.233423
27808  0.233423
27840  0.233423
27872  0.233423
27904  0.233423
27936  0.233423
27968  0.233423
28000  0.233423
28032  0.233423
28064  0.233423
28096  0.233423
28128  0.233423
28160  0.233423
28192  0.233423
28224  0.233423
28256  0.233423
28288  0.233423
28320  0.233423
28352  0.233423
28384  0.233423
28416  0.233423
28448  0.233423
28480  0.233423
28512  0.233423
28544  0.233423
28576  0.233423
28608  0.233423
28640  0.233423
28672  0.233423
28704  0.233423
28736  0.233423
28768  0.233423
28800  0.233423
28832  0.233423
28864  0.233423
28896  0.233423
28928  0.233423
28960  0.233423
28992  0.233423
29024  0.233423
29056  0.233423
29088  0.233423
29120  0.233423
29152  0.233423
29184  0.233423
29216  0.233423
29248  0.233423
29280  0.233423
29312  0.233423
29344  0.233423
29376  0.233423
29408  0.233423
29440  0.233423
29472  0.233423
29504  0.233423
29536  0.233423
29568  0.233423
29600  0.233423
29632  0.233423
29664  0.233423
29696  0.233423
29728  0.233423
29760  0.233423
29792  0.233423
29824  0.233423
29856  0.233423
29888  0.233423
29920  0.233423
29952  0.233423
29984  0.233423
30016  0.233423
30048  0.233423
30080  0.233423
30112  0.233423
30144  0.233423
30176  0.233423
30208  0.233423
30240  0.233423
30272  0.233423
30304  0.233423
30336  0.233423
30368  0.233423
30400  0.233423
30432  0.233423
30464  0.233423
30496  0.233423
30528  0.233423
30560  0.233423
30592  0.233423
30624  0.233423
30656  0.233423
30688  0.233423
30720  0.233423
30752  0.233423
30784  0.233423
30816  0.233423
30848  0.233423
30880  0.233423
30912  0.233423
30944  0.233423
30976  0.233423
31008  0.233423
31040  0.233423
31072  0.233423
31104  0.233423
31136  0.233423
31168  0.233423
31200  0.233423
31232  0.233423
31264  0.233423
31296  0.233423
31328  0.233423
31360  0.233423
31392  0.233423
31424  0.233423
31456  0.233423
31488  0.233423
31520  0.233423
31552  0.233423
31584  0.233423
31616  0.233423
31648  0.233423
31680  0.233423
31712  0.233423
31744  0.233423
31776  0.233423
31808  0.233423
31840  0.233423
31872  0.233423
31904  0.233423
31936  0.233423
31968  0.233423
32000  0.233423
32032  0.233423
32064  0.233423
32096  0.233423
32128  0.233423
32160  0.233423
32192  0.233423
32224  0.233423
32256  0.233423
32288  0.233423
32320  0.233423
32352  0.233423
32384  0.233423
32416  0.233423
32448  0.233423
32480  0.233423
32512  0.233423
32544  0.233423
32576  0.233423
32608  0.233423
32640  0.233423
32672  0.233423
32704  0.233423
32736  0.233423
32768  0.233423
32800  0.233423
32832  0.233423
32864  0.233423
32896  0.233423
32928  0.233423
32960  0.233423
32992  0.233423
33024  0.233423
33056  0.233423
33088  0.233423
33120  0.233423
33152  0.233423
33184  0.233423
33216  0.233423
33248  0.233423
33280  0.233423
33312  0.233423
33344  0.233423
33376  0.233423
33408  0.233423
33440  0.233423
33472  0.233423
33504  0.233423
33536  0.233423
33568  0.233423
33600  0.233423
33632  0.233423
33664  0.233423
33696  0.233423
33728  0.233423
33760  0.233423
33792  0.233423
33824  0.233423
33856  0.233423
33888  0.233423
33920  0.233423
33952  0.233423
33984  0.233423
34016  0.233423
34048  0.233423
34080  0.233423
34112  0.233423
34144  0.233423
34176  0.233423
34208  0.233423
34240  0.233423
34272  0.233423
34304  0.233423
34336  0.233423
34368  0.233423
34400  0.233423
34432  0.233423
34464  0.233423
34496  0.233423
34528  0.233423
34560  0.233423
34592  0.233423
34624  0.233423
34656  0.233423
34688  0.233423
34720  0.233423
34752  0.233423
34784  0.233423
34816  0.233423
34848  0.233423
34880  0.233423
34912  0.233423
34944  0.233423
34976  0.233423
35008  0.233423
35040  0.233423
35072  0.233423
35104  0.233423
35136  0.233423
35168  0.233423
35200  0.233423
35232  0.233423
35264  0.233423
35296  0.233423
35328  0.233423
35360  0.233423
35392  0.233423
35424  0.233423
35456  0.233423
35488  0.233423
35520  0.233423
35552  0.233423
35584  0.233423
35616  0.233423
35648  0.233423
35680  0.233423
35712  0.233423
35744  0.233423
35776  0.233423
35808  0.233423
35840  0.233423
35872  0.233423
35904  0.233423
35936  0.233423
35968  0.233423
36000  0.233423
36032  0.233423
36064  0.233423
36096  0.233423
36128  0.233423
36160  0.233423
36192  0.233423
36224  0.233423
36256  0.233423
36288  0.233423
36320  0.233423
36352  0.233423
36384  0.233423
36416  0.233423
36448  0.233423
36480  0.233423
36512  0.233423
36544  0.233423
36576  0.233423
36608  0.233423
36640  0.233423
36672  0.233423
36704  0.233423
36736  0.233423
36768  0.233423
36800  0.233423
36832  0.233423
36864  0.233423
36896  0.233423
36928  0.233423
36960  0.233423
36992  0.233423
37024  0.233423
37056  0.233423
37088  0.233423
37120  0.233423
37152  0.233423
37184  0.233423
37216  0.233423
37248  0.233423
37280  0.233423
37312  0.233423
37344  0.233423
37376  0.233423
37408  0.233423
37440  0.233423
37472  0.233423
37504  0.233423
37536  0.233423
37568  0.233423
37600  0.233423
37632  0.233423
37664  0.233423
37696  0.233423
37728  0.233423
37760  0.233423
37792  0.233423
37824  0.233423
37856  0.233423
37888  0.233423
37920  0.233423
37952  0.233423
37984  0.233423
38016  0.233423
38048  0.233423
38080  0.233423
38112  0.233423
38144  0.233423
38176  0.233423
38208  0.233423
38240  0.233423
38272  0.233423
38304  0.233423
38336  0.233423
38368  0.233423
38400  0.233423
38432  0.233423
38464  0.233423
38496  0.233423
38528  0.233423
38560  0.233423
38592  0.233423
38624  0.233423
38656  0.233423
38688  0.233423
38720  0.233423
38752  0.233423
38784  0.233423
38816  0.233423
38848  0.233423
38880  0.233423
38912  0.233423
38944  0.233423
38976  0.233423
39008  0.233423
39040  0.233423
39072  0.233423
39104  0.233423
39136  0.233423
39168  0.233423
39200  0.233423
39232  0.233423
39264  0.233423
39296  0.233423
39328  0.233423
39360  0.233423
39392  0.233423
39424  0.233423
39456  0.233423
39488  0.233423
39520  0.233423
39552  0.233423
39584  0.233423
39616  0.233423
39648  0.233423
39680  0.233423
39712  0.233423
39744  0.233423
39776  0.233423
39808  0.233423
39840  0.233423
39872  0.233423
39904  0.233423
39936  0.233423
39968  0.233423
40000  0.233423
40032  0.233423
40064  0.233423
40096  0.233423
40128  0.233423
40160  0.233423
40192  0.233423
40224  0.233423
40256  0.233423
40288  0.233423
40320  0.233423
40352  0.233423
40384  0.233423
40416  0.233423
40448  0.233423
40480  0.233423
40512  0.233423
40544  0.233423
40576  0.233423
40608  0.233423
40640  0.233423
40672  0.233423
40704  0.233423
40736  0.233423
40768  0.233423
40800  0.233423
40832  0.233423
40864  0.233423
40896  0.233423
40928  0.233423
40960  0.233423
40992  0.233423
41024  0.233423
41056  0.233423
41088  0.233423
41120  0.233423
41152  0.233423
41184  0.233423
41216  0.233423
41248  0.233423
41280  0.233423
41312  0.233423
41344  0.233423
41376  0.233423
41408  0.233423
41440  0.233423
41472  0.233423
41504  0.233423
41536  0.233423
41568  0.233423
41600  0.233423
41632  0.233423
41664  0.233423
41696  0.233423
41728  0.233423
41760  0.233423
41792  0.233423
41824  0.233423
41856  0.233423
41888  0.233423
41920  0.233423
41952  0.233423
41984  0.233423
42016  0.233423
42048  0.233423
42080  0.233423
42112  0.233423
42144  0.233423
42176  0.233423
42208  0.233423
42240  0.233423
42272  0.233423
42304  0.233423
42336  0.233423
42368  0.233423
42400  0.233423
42432  0.233423
42464  0.233423
42496  0.233423
42528  0.233423
42560  0.233423
42592  0.233423
42624  0.233423
42656  0.233423
42688  0.233423
42720  0.233423
42752  0.233423
42784  0.233423
42816  0.233423
42848  0.233423
42880  0.233423
42912  0.233423
42944  0.233423
42976  0.233423
43008  0.233423
43040  0.233423
43072  0.233423
43104  0.233423
43136  0.233423
43168  0.233423
43200  0.233423
43232  0.233423
43264  0.233423
43296  0.233423
43328  0.233423
43360  0.233423
43392  0.233423
43424  0.233423
43456  0.233423
43488  0.233423
43520  0.233423
43552  0.233423
43584  0.233423
43616  0.233423
43648  0.233423
43680  0.233423
43712  0.233423
43744  0.233423
43776  0.233423
43808  0.233423
43840  0.233423
43872  0.233423
43904  0.233423
43936  0.233423
43968  0.233423
44000  0.233423
44032  0.233423
44064  0.233423
44096  0.233423
44128  0.233423
44160  0.233423
44192  0.233423
44224  0.233423
44256  0.233423
44288  0.233423
44320  0.233423
44352  0.233423
44384  0.233423
44416  0.233423
44448  0.233423
44480  0.233423
44512  0.233423
44544  0.233423
44576  0.233423
44608  0.233423
44640  0.233423
44672  0.233423
44704  0.233423
44736  0.233423
44768  0.233423
44800  0.233423
44832  0.233423
44864  0.233423
44896  0.233423
44928  0.233423
44960  0.233423
44992  0.233423
45024  0.233423
45056  0.233423
45088  0.233423
45120  0.233423
45152  0.233423
45184  0.233423
45216  0.233423
45248  0.233423
45280  0.233423
45312  0.233423
45344  0.233423
45376  0.233423
45408  0.233423
45440  0.233423
45472  0.233423
45504  0.233423
45536  0.233423
45568  0.233423
45600  0.233423
45632  0.233423
45664  0.233423
45696  0.233423
45728  0.233423
45760  0.233423
45792  0.233423
45824  0.233423
45856  0.233423
45888  0.233423
45920  0.233423
45952  0.233423
45984  0.233423
46016  0.233423
46048  0.233423
46080  0.233423
46112  0.233423
46144  0.233423
46176  0.233423
46208  0.233423
46240  0.233423
46272  0.233423
46304  0.233423
46336  0.233423
46368  0.233423
46400  0.233423
46432  0.233423
46464  0.233423
46496  0.233423
46528  0.233423
46560  0.233423
46592  0.233423
46624  0.233423
46656  0.233423
46688  0.233423
46720  0.233423
46752  0.233423
46784  0.233423
46816  0.233423
46848  0.233423
46880  0.233423
46912  0.233423
46944  0.233423
46976  0.233423
47008  0.233423
47040  0.233423
47072  0.233423
47104  0.233423
47136  0.233423
47168  0.233423
47200  0.233423
47232  0.233423
47264  0.233423
47296  0.233423
47328  0.233423
47360  0.233423
47392  0.233423
47424  0.233423
47456  0.233423
47488  0.233423
47520  0.233423
47552  0.233423
47584  0.233423
47616  0.233423
47648  0.233423
47680  0.233423
47712  0.233423
47744  0.233423
47776  0.233423
47808  0.233423
47840  0.233423
47872  0.233423
47904  0.233423
47936  0.233423
47968  0.233423
48000  0.233423
48032  0.233423
48064  0.233423
48096  0.233423
48128  0.233423
48160  0.233423
48192  0.233423
48224  0.233423
48256  0.233423
48288  0.233423
48320  0.233423
48352  0.233423
48384  0.233423
48416  0.233423
48448  0.233423
48480  0.233423
48512  0.233423
48544  0.233423
48576  0.233423
48608  0.233423
48640  0.233423
48672  0.233423
48704  0.233423
48736  0.233423
48768  0.233423
48800  0.233423
48832  0.233423
48864  0.233423
48896  0.233423
48928  0.233423
48960  0.233423
48992  0.233423
49024  0.233423
49056  0.233423
49088  0.233423
49120  0.233423
49152  0.233423
49184  0.233423
49216  0.233423
49248  0.233423
49280  0.233423
49312  0.233423
49344  0.233423
49376  0.233423
49408  0.233423
49440  0.233423
49472  0.233423
49504  0.233423
49536  0.233423
49568  0.233423
49600  0.233423
49632  0.233423
49664  0.233423
49696  0.233423
49728  0.233423
49760  0.233423
49792  0.233423
49824  0.233423
49856  0.233423
49888  0.233423
49920  0.233423
49952  0.233423
49984  0.233423
50016  0.233423
50048  0.233423
50080  0.233423
50112  0.233423
50144  0.233423
50176  0.233423
50208  0.233423
50240  0.233423
50272  0.233423
50304  0.233423
50336  0.233423
50368  0.233423
50400  0.233423
50432  0.233423
50464  0.233423
50496  0.233423
50528  0.233423
50560  0.233423
50592  0.233423
50624  0.233423
50656  0.233423
50688  0.233423
50720  0.233423
50752  0.233423
50784  0.233423
50816  0.233423
50848  0.233423
50880  0.233423
50912  0.233423
50944  0.233423
50976  0.233423
51008  0.233423
51040  0.233423
51072  0.233423
51104  0.233423
51136  0.233423
51168  0.233423
51200  0.233423
51232  0.233423
51264  0.233423
51296  0.233423
51328  0.233423
51360  0.233423
51392  0.233423
51424  0.233423
51456  0.233423
51488  0.233423
51520  0.233423
51552  0.233423
51584  0.233423
51616  0.233423
51648  0.233423
51680  0.233423
51712  0.233423
51744  0.233423
51776  0.233423
51808  0.233423
51840  0.233423
51872  0.233423
51904  0.233423
51936  0.233423
51968  0.233423
52000  0.233423
52032  0.233423
52064  0.233423
52096  0.233423
52128  0.233423
52160  0.233423
52192  0.233423
52224  0.233423
52256  0.233423
52288  0.233423
52320  0.233423
52352  0.233423
52384  0.233423
52416  0.233423
52448  0.233423
52480  0.233423
52512  0.233423
52544  0.233423
52576  0.233423
52608  0.233423
52640  0.233423
52672  0.233423
52704  0.233423
52736  0.233423
52768  0.233423
52800  0.233423
52832  0.233423
52864  0.233423
52896  0.233423
52928  0.233423
52960  0.233423
52992  0.233423
53024  0.233423
53056  0.233423
53088  0.233423
53120  0.233423
53152  0.233423
53184  0.233423
53216  0.233423
53248  0.233423
53280  0.233423
53312  0.233423
53344  0.233423
53376  0.233423
53408  0.233423
53440  0.233423
53472  0.233423
53504  0.233423
53536  0.233423
53568  0.233423
53600  0.233423
53632  0.233423
53664  0.233423
53696  0.233423
53728  0.233423
53760  0.233423
53792  0.233423
53824  0.233423
53856  0.233423
53888  0.233423
53920  0.233423
53952  0.233423
53984  0.233423
54016  0.233423
54048  0.233423
54080  0.233423
54112  0.233423
54144  0.233423
54176  0.233423
54208  0.233423
54240  0.233423
54272  0.233423
54304  0.233423
54336  0.233423
54368  0.233423
54400  0.233423
54432  0.233423
54464  0.233423
54496  0.233423
54528  0.233423
54560  0.233423
54592  0.233423
54624  0.233423
54656  0.233423
54688  0.233423
54720  0.233423
54752  0.233423
54784  0.233423
54816  0.233423
54848  0.233423
54880  0.233423
54912  0.233423
54944  0.233423
54976  0.233423
55008  0.233423
55040  0.233423
55072  0.233423
55104  0.233423
55136  0.233423
55168  0.233423
55200  0.233423
55232  0.233423
55264  0.233423
55296  0.233423
55328  0.233423
55360  0.233423
55392  0.233423
55424  0.233423
55456  0.233423
55488  0.233423
55520  0.233423
55552  0.233423
55584  0.233423
55616  0.233423
55648  0.233423
55680  0.233423
55712  0.233423
55744  0.233423
55776  0.233423
55808  0.233423
55840  0.233423
55872  0.233423
55904  0.233423
55936  0.233423
55968  0.233423
56000  0.233423
56032  0.233423
56064  0.233423
56096  0.233423
56128  0.233423
56160  0.233423
56192  0.233423
56224  0.233423
56256  0.233423
56288  0.233423
56320  0.233423
56352  0.233423
56384  0.233423
56416  0.233423
56448  0.233423
56480  0.233423
56512  0.233423
56544  0.233423
56576  0.233423
56608  0.233423
56640  0.233423
56672  0.233423
56704  0.233423
56736  0.233423
56768  0.233423
56800  0.233423
56832  0.233423
56864  0.233423
56896  0.233423
56928  0.233423
56960  0.233423
56992  0.233423
57024  0.233423
57056  0.233423
57088  0.233423
57120  0.233423
57152  0.233423
57184  0.233423
57216  0.233423
57248  0.233423
57280  0.233423
57312  0.233423
57344  0.233423
57376  0.233423
57408  0.233423
57440  0.233423
57472  0.233423
57504  0.233423
57536  0.233423
57568  0.233423
57600  0.233423
57632  0.233423
57664  0.233423
57696  0.233423
57728  0.233423
57760  0.233423
57792  0.233423
57824  0.233423
57856  0.233423
57888  0.233423
57920  0.233423
57952  0.233423
57984  0.233423
58016  0.233423
58048  0.233423
58080  0.233423
58112  0.233423
58144  0.233423
58176  0.233423
58208  0.233423
58240  0.233423
58272  0.233423
58304  0.233423
58336  0.233423
58368  0.233423
58400  0.233423
58432  0.233423
58464  0.233423
58496  0.233423
58528  0.233423
58560  0.233423
58592  0.233423
58624  0.233423
58656  0.233423
58688  0.233423
58720  0.233423
58752  0.233423
58784  0.233423
58816  0.233423
58848  0.233423
58880  0.233423
58912  0.233423
58944  0.233423
58976  0.233423
59008  0.233423
59040  0.233423
59072  0.233423
59104  0.233423
59136  0.233423
59168  0.233423
59200  0.233423
59232  0.233423
59264  0.233423
59296  0.233423
59328  0.233423
59360  0.233423
59392  0.233423
59424  0.233423
59456  0.233423
59488  0.233423
59520  0.233423
59552  0.233423
59584  0.233423
59616  0.233423
59648  0.233423
59680  0.233423
59712  0.233423
59744  0.233423
59776  0.233423
59808  0.233423
59840  0.233423
59872  0.233423
59904  0.233423
59936  0.233423
59968  0.233423
60000  0.233423
60032  0.233423
60064  0.233423
60096  0.233423
60128  0.233423
60160  0.233423
60192  0.233423
60224  0.233423
60256  0.233423
60288  0.233423
60320  0.233423
60352  0.233423
60384  0.233423
60416  0.233423
60448  0.233423
60480  0.233423
60512  0.233423
60544  0.233423
60576  0.233423
60608  0.233423
60640  0.233423
60672  0.233423
60704  0.233423
60736  0.233423
60768  0.233423
60800  0.233423
60832  0.233423
60864  0.233423
60896  0.233423
60928  0.233423
60960  0.233423
60992  0.233423
61024  0.233423
61056  0.233423
61088  0.233423
61120  0.233423
61152  0.233423
61184  0.233423
61216  0.233423
61248  0.233423
61280  0.233423
61312  0.233423
61344  0.233423
61376  0.233423
61408  0.233423
61440  0.233423
61472  0.233423
61504  0.233423
61536  0.233423
61568  0.233423
61600  0.233423
61632  0.233423
61664  0.233423
61696  0.233423
61728  0.233423
61760  0.233423
61792  0.233423
61824  0.233423
61856  0.233423
61888  0.233423
61920  0.233423
61952  0.233423
61984  0.233423
62016  0.233423
62048  0.233423
62080  0.233423
62112  0.233423
62144  0.233423
62176  0.233423
62208  0.233423
62240  0.233423
62272  0.233423
62304  0.233423
62336  0.233423
62368  0.233423
62400  0.233423
62432  0.233423
62464  0.233423
62496  0.233423
62528  0.233423
62560  0.233423
62592  0.233423
62624  0.233423
62656  0.233423
62688  0.233423
62720  0.233423
62752  0.233423
62784  0.233423
62816  0.233423
62848  0.233423
62880  0.233423
62912  0.233423
62944  0.233423
62976  0.233423
63008  0.233423
63040  0.233423
63072  0.233423
63104  0.233423
63136  0.233423
63168  0.233423
63200  0.233423
63232  0.233423
63264  0.233423
63296  0.233423
63328  0.233423
63360  0.233423
63392  0.233423
63424  0.233423
63456  0.233423
63488  0.233423
63520  0.233423
63552  0.233423
63584  0.233423
63616  0.233423
63648  0.233423
63680  0.233423
63712  0.233423
63744  0.233423
63776  0.233423
63808  0.233423
63840  0.233423
63872  0.233423
63904  0.233423
63936  0.233423
63968  0.233423
64000  0.233423
64032  0.233423
64064  0.233423
64096  0.233423
64128  0.233423
64160  0.233423
64192  0.233423
64224  0.233423
64256  0.233423
64288  0.233423
64320  0.233423
64352  0.233423
64384  0.233423
64416  0.233423
64448  0.233423
64480  0.233423
64512  0.233423
64544  0.233423
64576  0.233423
64608  0.233423
64640  0.233423
64672  0.233423
64704  0.233423
64736  0.233423
64768  0.233423
64800  0.233423
64832  0.233423
64864  0.233423
64896  0.233423
64928  0.233423
64960  0.233423
64992  0.233423
65024  0.233423
65056  0.233423
65088  0.233423
65120  0.233423
65152  0.233423
65184  0.233423
65216  0.233423
65248  0.233423
65280  0.233423
65312  0.233423
65344  0.233423
65376  0.233423
65408  0.233423
65440  0.233423
65472  0.233423
65504  0.233423
65536  0.233423
65568  0.233423
65600  0.233423
65632  0.233423
65664  0.233423
65696  0.233423
65728  0.233423
65760  0.233423
65792  0.233423
65824  0.233423
65856  0.233423
65888  0.233423
65920  0.233423
65952  0.233423
65984  0.233423
66016  0.233423
66048  0.233423
66080  0.233423
66112  0.233423
66144  0.233423
66176  0.233423
66208  0.233423
66240  0.233423
66272  0.233423
66304  0.233423
66336  0.233423
66368  0.233423
66400  0.233423
66432  0.233423
66464  0.233423
66496  0.233423
66528  0.233423
66560  0.233423
66592  0.233423
66624  0.233423
66656  0.233423
66688  0.233423
66720  0.233423
66752  0.233423
66784  0.233423
66816  0.233423
66848  0.233423
66880  0.233423
66912  0.233423
66944  0.233423
66976  0.233423
67008  0.233423
67040  0.233423
67072  0.233423
67104  0.233423
67136  0.233423
67168  0.233423
67200  0.233423
67232  0.233423
67264  0.233423
67296  0.233423
67328  0.233423
67360  0.233423
67392  0.233423
67424  0.233423
67456  0.233423
67488  0.233423
67520  0.233423
67552  0.233423
67584  0.233423
67616  0.233423
67648  0.233423
67680  0.233423
67712  0.233423
67744  0.233423
67776  0.233423
67808  0.233423
67840  0.233423
67872  0.233423
67904  0.233423
67936  0.233423
67968  0.233423
68000  0.233423
68032  0.233423
68064  0.233423
68096  0.233423
68128  0.233423
68160  0.233423
68192  0.233423
68224  0.233423
68256  0.233423
68288  0.233423
68320  0.233423
68352  0.233423
68384  0.233423
68416  0.233423
68448  0.233423
68480  0.233423
68512  0.233423
68544  0.233423
68576  0.233423
68608  0.233423
68640  0.233423
68672  0.233423
68704  0.233423
68736  0.233423
68768  0.233423
68800  0.233423
68832  0.233423
68864  0.233423
68896  0.233423
68928  0.233423
68960  0.233423
68992  0.233423
69024  0.233423
69056  0.233423
69088  0.233423
69120  0.233423
69152  0.233423
69184  0.233423
69216  0.233423
69248  0.233423
69280  0.233423
69312  0.233423
69344  0.233423
69376  0.233423
69408  0.233423
69440  0.233423
69472  0.233423
69504  0.233423
69536  0.233423
69568  0.233423
69600  0.233423
69632  0.233423
69664  0.233423
69696  0.233423
69728  0.233423
69760  0.233423
69792  0.233423
69824  0.233423
69856  0.233423
69888  0.233423
69920  0.233423
69952  0.233423
69984  0.233423
70016  0.233423
70048  0.233423
70080  0.233423
70112  0.233423
70144  0.233423
70176  0.233423
70208  0.233423
70240  0.233423
70272  0.233423
70304  0.233423
70336  0.233423
70368  0.233423
70400  0.233423
70432  0.233423
70464  0.233423
70496  0.233423
70528  0.233423
70560  0.233423
70592  0.233423
70624  0.233423
70656  0.233423
70688  0.233423
70720  0.233423
70752  0.233423
70784  0.233423
70816  0.233423
70848  0.233423
70880  0.233423
70912  0.233423
70944  0.233423
70976  0.233423
71008  0.233423
71040  0.233423
71072  0.233423
71104  0.233423
71136  0.233423
71168  0.233423
71200  0.233423
71232  0.233423
71264  0.233423
71296  0.233423
71328  0.233423
71360  0.233423
71392  0.233423
71424  0.233423
71456  0.233423
71488  0.233423
71520  0.233423
71552  0.233423
71584  0.233423
71616  0.233423
71648  0.233423
71680  0.233423
71712  0.233423
71744  0.233423
71776  0.233423
71808  0.233423
71840  0.233423
71872  0.233423
71904  0.233423
71936  0.233423
71968  0.233423
72000  0.233423
72032  0.233423
72064  0.233423
72096  0.233423
72128  0.233423
72160  0.233423
72192  0.233423
72224  0.233423
72256  0.233423
72288  0.233423
72320  0.233423
72352  0.233423
72384  0.233423
72416  0.233423
72448  0.233423
72480  0.233423
72512  0.233423
72544  0.233423
72576  0.233423
72608  0.233423
72640  0.233423
72672  0.233423
72704  0.233423
72736  0.233423
72768  0.233423
72800  0.233423
72832  0.233423
72864  0.233423
72896  0.233423
72928  0.233423
72960  0.233423
72992  0.233423
73024  0.233423
73056  0.233423
73088  0.233423
73120  0.233423
73152  0.233423
73184  0.233423
73216  0.233423
73248  0.233423
73280  0.233423
73312  0.233423
73344  0.233423
73376  0.233423
73408  0.233423
73440  0.233423
73472  0.233423
73504  0.233423
