Step  Penalty
10  0.547944
20  0.547944
30  0.547944
40  0.547441
50  0.547441
60  0.546468
70  0.541725
80  0.536164
90  0.536164
100  0.536164
110  0.521399
120  0.508975
130  0.503464
140  0.494747
150  0.488202
160  0.481574
170  0.470715
180  0.464176
190  0.454709
200  0.441744
210  0.437
220  0.43628
230  0.433611
240  0.433117
250  0.429554
260  0.423533
270  0.420188
280  0.413839
290  0.410576
300  0.406451
310  0.40637
320  0.405449
330  0.404669
340  0.402254
350  0.400417
360  0.399146
370  0.395143
380  0.392861
390  0.389147
400  0.388589
410  0.388201
420  0.387935
430  0.38773
440  0.38583
450  0.38583
460  0.385419
470  0.384982
480  0.383592
490  0.381208
500  0.380829
510  0.380829
520  0.380829
530  0.380829
540  0.380271
550  0.378
560  0.377281
570  0.377126
580  0.37603
590  0.374442
600  0.373383
610  0.373383
620  0.370545
630  0.370175
640  0.370175
650  0.370175
660  0.370175
670  0.369944
680  0.369944
690  0.369112
700  0.368132
710  0.367505
720  0.365085
730  0.364124
740  0.363783
750  0.363551
760  0.36333
770  0.361114
780  0.359365
790  0.357639
800  0.355122
810  0.355122
820  0.35485
830  0.35485
840  0.35459
850  0.35405
860  0.353286
870  0.353086
880  0.3528
890  0.352525
900  0.352286
910  0.352025
920  0.351385
930  0.350431
940  0.350287
950  0.350287
960  0.350287
970  0.350287
980  0.350287
990  0.349974
1000  0.349974
1010  0.349974
1020  0.349488
1030  0.349033
1040  0.348633
1050  0.347771
1060  0.346154
1070  0.345217
1080  0.345217
1090  0.344628
1100  0.343035
1110  0.342996
1120  0.341173
1130  0.340494
1140  0.340494
1150  0.340196
1160  0.340117
1170  0.340117
1180  0.339788
1190  0.339788
1200  0.339788
1210  0.339776
1220  0.339434
1230  0.339078
1240  0.338985
1250  0.33818
1260  0.338064
1270  0.337282
1280  0.337097
1290  0.336559
1300  0.334738
1310  0.332948
1320  0.33272
1330  0.332549
1340  0.3314
1350  0.330196
1360  0.33018
1370  0.329411
1380  0.329022
1390  0.328385
1400  0.327231
1410  0.327231
1420  0.327231
1430  0.326997
1440  0.326804
1450  0.326301
1460  0.32607
1470  0.32607
1480  0.325988
1490  0.325988
1500  0.325988
1510  0.325376
1520  0.324953
1530  0.324612
1540  0.324612
1550  0.324475
1560  0.32446
1570  0.324281
1580  0.323919
1590  0.323813
1600  0.323337
1610  0.32271
1620  0.32271
1630  0.322582
1640  0.322582
1650  0.32222
1660  0.321852
1670  0.321852
1680  0.321852
1690  0.321748
1700  0.321315
1710  0.321315
1720  0.320882
1730  0.320392
1740  0.319967
1750  0.319753
1760  0.319667
1770  0.318285
1780  0.318106
1790  0.318106
1800  0.318106
1810  0.318106
1820  0.317747
1830  0.317747
1840  0.317747
1850  0.317747
1860  0.317676
1870  0.317383
1880  0.316774
1890  0.316731
1900  0.316279
1910  0.315806
1920  0.315806
1930  0.315055
1940  0.314764
1950  0.314764
1960  0.314764
1970  0.314764
1980  0.313904
1990  0.313711
2000  0.31354
2010  0.313444
2020  0.313045
2030  0.312072
2040  0.310006
2050  0.309864
2060  0.309864
2070  0.309864
2080  0.309864
2090  0.30977
2100  0.309186
2110  0.309186
2120  0.309186
2130  0.309112
2140  0.309112
2150  0.309112
2160  0.309112
2170  0.309112
2180  0.309112
2190  0.309055
2200  0.309055
2210  0.308982
2220  0.308982
2230  0.308813
2240  0.308813
2250  0.308813
2260  0.308813
2270  0.308813
2280  0.308813
2290  0.30872
2300  0.30872
2310  0.30872
2320  0.308686
2330  0.308572
2340  0.308572
2350  0.308572
2360  0.30831
2370  0.30831
2380  0.307324
2390  0.306599
2400  0.306599
2410  0.306472
2420  0.306178
2430  0.305779
2440  0.305722
2450  0.305261
2460  0.305143
2470  0.305027
2480  0.304808
2490  0.304522
2500  0.304522
2510  0.304513
2520  0.30447
2530  0.30447
2540  0.303974
2550  0.302599
2560  0.302599
2570  0.301736
2580  0.301736
2590  0.301736
2600  0.301736
2610  0.301298
2620  0.301093
2630  0.301093
2640  0.301093
2650  0.300749
2660  0.300749
2670  0.300261
2680  0.300261
2690  0.300261
2700  0.299966
2710  0.29936
2720  0.299078
2730  0.299078
2740  0.297549
2750  0.297549
2760  0.297549
2770  0.297357
2780  0.295902
2790  0.295902
2800  0.295902
2810  0.295902
2820  0.295902
2830  0.295559
2840  0.295559
2850  0.295559
2860  0.295066
2870  0.295066
2880  0.294931
2890  0.294405
2900  0.294235
2910  0.294235
2920  0.294235
2930  0.293796
2940  0.293759
2950  0.292449
2960  0.292248
2970  0.292248
2980  0.29219
2990  0.29219
3000  0.291317
3010  0.291317
3020  0.290863
3030  0.290357
3040  0.290357
3050  0.290357
3060  0.290281
3070  0.290142
3080  0.29009
3090  0.290007
3100  0.290007
3110  0.289871
3120  0.288934
3130  0.288934
3140  0.288853
3150  0.288853
3160  0.288684
3170  0.288285
3180  0.287072
3190  0.286729
3200  0.28668
3210  0.286465
3220  0.285952
3230  0.285952
3240  0.285867
3250  0.285867
3260  0.28546
3270  0.28546
3280  0.285203
3290  0.285203
3300  0.285203
3310  0.284287
3320  0.283837
3330  0.283833
3340  0.28375
3350  0.283293
3360  0.283293
3370  0.283019
3380  0.283019
3390  0.282908
3400  0.282908
3410  0.282711
3420  0.282413
3430  0.282413
3440  0.282413
3450  0.282236
3460  0.281102
3470  0.280269
3480  0.279184
3490  0.278858
3500  0.278291
3510  0.27829
3520  0.27814
3530  0.277651
3540  0.277651
3550  0.277651
3560  0.277416
3570  0.277416
3580  0.276983
3590  0.276886
3600  0.276886
3610  0.276127
3620  0.276127
3630  0.275303
3640  0.275165
3650  0.274979
3660  0.274575
3670  0.274522
3680  0.274023
3690  0.273362
3700  0.272269
3710  0.272187
3720  0.271366
3730  0.27091
3740  0.27091
3750  0.27091
3760  0.270548
3770  0.270548
3780  0.270548
3790  0.269917
3800  0.269904
3810  0.269804
3820  0.269327
3830  0.268919
3840  0.268919
3850  0.268919
3860  0.268895
3870  0.268379
3880  0.268167
3890  0.267683
3900  0.267517
3910  0.267488
3920  0.267446
3930  0.267446
3940  0.266647
3950  0.266647
3960  0.266535
3970  0.26626
3980  0.266198
3990  0.266053
4000  0.266053
4010  0.265828
4020  0.265828
4030  0.265752
4040  0.265647
4050  0.265397
4060  0.265188
4070  0.264519
4080  0.263694
4090  0.263555
4100  0.263555
4110  0.263555
4120  0.263459
4130  0.263229
4140  0.263229
4150  0.262408
4160  0.262383
4170  0.262383
4180  0.261903
4190  0.261903
4200  0.261903
4210  0.261903
4220  0.261903
4230  0.261903
4240  0.261903
4250  0.261903
4260  0.261885
4270  0.261885
4280  0.261885
4290  0.261885
4300  0.261885
4310  0.261885
4320  0.261885
4330  0.261679
4340  0.261679
4350  0.261679
4360  0.261679
4370  0.261679
4380  0.261679
4390  0.261679
4400  0.261679
4410  0.261632
4420  0.261632
4430  0.261632
4440  0.261632
4450  0.261393
4460  0.261135
4470  0.261135
4480  0.260703
4490  0.260703
4500  0.260703
4510  0.260703
4520  0.260703
4530  0.260703
4540  0.260703
4550  0.260703
4560  0.260703
4570  0.260703
4580  0.260703
4590  0.260703
4600  0.260703
4610  0.260703
4620  0.260703
4630  0.260703
4640  0.260703
4650  0.260703
4660  0.260703
4670  0.260703
4680  0.260703
4690  0.260703
4700  0.260703
4710  0.260231
4720  0.260231
4730  0.260231
4740  0.260231
4750  0.260231
4760  0.260231
4770  0.260173
4780  0.260023
4790  0.260023
4800  0.260023
4810  0.260023
4820  0.259995
4830  0.259995
4840  0.259995
4850  0.259995
4860  0.259995
4870  0.259895
4880  0.259895
4890  0.259867
4900  0.259867
4910  0.259867
4920  0.259777
4930  0.259747
4940  0.259622
4950  0.259347
4960  0.259347
4970  0.259347
4980  0.258718
4990  0.258718
5000  0.258718
5010  0.258718
5020  0.258637
5030  0.258637
5040  0.258637
5050  0.258637
5060  0.258637
5070  0.258637
5080  0.258637
5090  0.258637
5100  0.258637
5110  0.258553
5120  0.258548
5130  0.258548
5140  0.258548
5150  0.258501
5160  0.258501
5170  0.258436
5180  0.258436
5190  0.258436
5200  0.258435
5210  0.258435
5220  0.258435
5230  0.258435
5240  0.258435
5250  0.258435
5260  0.258435
5270  0.258146
5280  0.258146
5290  0.257988
5300  0.257895
5310  0.257793
5320  0.257793
5330  0.257105
5340  0.257105
5350  0.257105
5360  0.257105
5370  0.257105
5380  0.257105
5390  0.256716
5400  0.256541
5410  0.256541
5420  0.256541
5430  0.256479
5440  0.256479
5450  0.255657
5460  0.255395
5470  0.255395
5480  0.255395
5490  0.255352
5500  0.255352
5510  0.2553
5520  0.2553
5530  0.255254
5540  0.255254
5550  0.255254
5560  0.255254
5570  0.254851
5580  0.254851
5590  0.254661
5600  0.254398
5610  0.254398
5620  0.254398
5630  0.254398
5640  0.254398
5650  0.254398
5660  0.254398
5670  0.254334
5680  0.254334
5690  0.254334
5700  0.254334
5710  0.254334
5720  0.254334
5730  0.254334
5740  0.254334
5750  0.254327
5760  0.254069
5770  0.253983
5780  0.253983
5790  0.253467
5800  0.253467
5810  0.253467
5820  0.253467
5830  0.253467
5840  0.253467
5850  0.253467
5860  0.253467
5870  0.253467
5880  0.253467
5890  0.253467
5900  0.253467
5910  0.253185
5920  0.253185
5930  0.253185
5940  0.253185
5950  0.253185
5960  0.253185
5970  0.253185
5980  0.253185
5990  0.253168
6000  0.252925
6010  0.252925
6020  0.252925
6030  0.252925
6040  0.252649
6050  0.252649
6060  0.252333
6070  0.252267
6080  0.252267
6090  0.252224
6100  0.251897
6110  0.251897
6120  0.251866
6130  0.251866
6140  0.251789
6150  0.251503
6160  0.251503
6170  0.251382
6180  0.251382
6190  0.250976
6200  0.250894
6210  0.25039
6220  0.250098
6230  0.249978
6240  0.249771
6250  0.249771
6260  0.249588
6270  0.249588
6280  0.249588
6290  0.24933
6300  0.24933
6310  0.24933
6320  0.249055
6330  0.248931
6340  0.248681
6350  0.248574
6360  0.248574
6370  0.248574
6380  0.248574
6390  0.248009
6400  0.248009
6410  0.248009
6420  0.247817
6430  0.247817
6440  0.247707
6450  0.247583
6460  0.247583
6470  0.247583
6480  0.247583
6490  0.247583
6500  0.247389
6510  0.247389
6520  0.247389
6530  0.247389
6540  0.247389
6550  0.247389
6560  0.247389
6570  0.247389
6580  0.246999
6590  0.246999
6600  0.246937
6610  0.246937
6620  0.246937
6630  0.246704
6640  0.246704
6650  0.246665
6660  0.246665
6670  0.246629
6680  0.246629
6690  0.246629
6700  0.246524
6710  0.246298
6720  0.246298
6730  0.246206
6740  0.246073
6750  0.245773
6760  0.245773
6770  0.245773
6780  0.245773
6790  0.245733
6800  0.24572
6810  0.245426
6820  0.24491
6830  0.24491
6840  0.244488
6850  0.244488
6860  0.244488
6870  0.243924
6880  0.243789
6890  0.243789
6900  0.243789
6910  0.243741
6920  0.243741
6930  0.243741
6940  0.243371
6950  0.243087
6960  0.243087
6970  0.243053
6980  0.242929
6990  0.242929
7000  0.242929
7010  0.242929
7020  0.242929
7030  0.242929
7040  0.242929
7050  0.242615
7060  0.242615
7070  0.242615
7080  0.242002
7090  0.242002
7100  0.242002
7110  0.242002
7120  0.242002
7130  0.241898
7140  0.241898
7150  0.241639
7160  0.241638
7170  0.24158
7180  0.24158
7190  0.24158
7200  0.24158
7210  0.241446
7220  0.241446
7230  0.241446
7240  0.241446
7250  0.241446
7260  0.241263
7270  0.241263
7280  0.241263
7290  0.241263
7300  0.241215
7310  0.241215
7320  0.241215
7330  0.241215
7340  0.241215
7350  0.241215
7360  0.241129
7370  0.24093
7380  0.240742
7390  0.24062
7400  0.24062
7410  0.24062
7420  0.240172
7430  0.239752
7440  0.239496
7450  0.239124
7460  0.238785
7470  0.238639
7480  0.238639
7490  0.238476
7500  0.238476
7510  0.238367
7520  0.238367
7530  0.238253
7540  0.238253
7550  0.237905
7560  0.237905
7570  0.237746
7580  0.237712
7590  0.237712
7600  0.237494
7610  0.237441
7620  0.237441
7630  0.237441
7640  0.237302
7650  0.237302
7660  0.237302
7670  0.237242
7680  0.237181
7690  0.237181
7700  0.237166
7710  0.237138
7720  0.237038
7730  0.236782
7740  0.236526
7750  0.236479
7760  0.236448
7770  0.235929
7780  0.235929
7790  0.23567
7800  0.23567
7810  0.23567
7820  0.235027
7830  0.235027
7840  0.234938
7850  0.23375
7860  0.23375
7870  0.2333
7880  0.2333
7890  0.2333
7900  0.2333
7910  0.233119
7920  0.232664
7930  0.232664
7940  0.232664
7950  0.232601
7960  0.232332
7970  0.232332
7980  0.232332
7990  0.231438
8000  0.23138
8010  0.23138
8020  0.23138
8030  0.23138
8040  0.23138
8050  0.231229
8060  0.231229
8070  0.231229
8080  0.231229
8090  0.23107
8100  0.230996
8110  0.230996
8120  0.230966
8130  0.230966
8140  0.230966
8150  0.230806
8160  0.230768
8170  0.230768
8180  0.230768
8190  0.230634
8200  0.230634
8210  0.230634
8220  0.230634
8230  0.230475
8240  0.230475
8250  0.230475
8260  0.230358
8270  0.230358
8280  0.230358
8290  0.230358
8300  0.230358
8310  0.230358
8320  0.230358
8330  0.230358
8340  0.230358
8350  0.23009
8360  0.229936
8370  0.229936
8380  0.229936
8390  0.229898
8400  0.229802
8410  0.229661
8420  0.229661
8430  0.229661
8440  0.229661
8450  0.229661
8460  0.229661
8470  0.229661
8480  0.229661
8490  0.229661
8500  0.229661
8510  0.229601
8520  0.228596
8530  0.228596
8540  0.228596
8550  0.228596
8560  0.228596
8570  0.228596
8580  0.228596
8590  0.228423
8600  0.228423
8610  0.228423
8620  0.228423
8630  0.228423
8640  0.228423
8650  0.228275
8660  0.228275
8670  0.228275
8680  0.228239
8690  0.228239
8700  0.22798
8710  0.22798
8720  0.22798
8730  0.227809
8740  0.227809
8750  0.227809
8760  0.227809
8770  0.227809
8780  0.227809
8790  0.227809
8800  0.227809
8810  0.227809
8820  0.227809
8830  0.227809
8840  0.227809
8850  0.227809
8860  0.227809
8870  0.227809
8880  0.227809
8890  0.227688
8900  0.227688
8910  0.22753
8920  0.22753
8930  0.22753
8940  0.22753
8950  0.22753
8960  0.22753
8970  0.227287
8980  0.227228
8990  0.227157
9000  0.227157
9010  0.227157
9020  0.227136
9030  0.227136
9040  0.227136
9050  0.227136
9060  0.227136
9070  0.227136
9080  0.227001
9090  0.227015
9100  0.227015
9110  0.227015
9120  0.227015
9130  0.227015
9140  0.227015
9150  0.227015
9160  0.227015
9170  0.226946
9180  0.226946
9190  0.226946
9200  0.226946
9210  0.226946
9220  0.226946
9230  0.226946
9240  0.226946
9250  0.226946
9260  0.226946
9270  0.226946
9280  0.226946
9290  0.226946
9300  0.226946
9310  0.226946
9320  0.226946
9330  0.226946
9340  0.226946
9350  0.226912
9360  0.226912
9370  0.226912
9380  0.226912
9390  0.226912
9400  0.226912
9410  0.226868
9420  0.226868
9430  0.226868
9440  0.226868
9450  0.226868
9460  0.226868
9470  0.226697
9480  0.226697
9490  0.226697
9500  0.226697
9510  0.226697
9520  0.226697
9530  0.226697
9540  0.226697
9550  0.226697
9560  0.226697
9570  0.226697
9580  0.226697
9590  0.226697
9600  0.226697
9610  0.226697
9620  0.226584
9630  0.226584
9640  0.226584
9650  0.226546
9660  0.226546
9670  0.226546
9680  0.226546
9690  0.226546
9700  0.226546
9710  0.22651
9720  0.22651
9730  0.22651
9740  0.226421
9750  0.226421
9760  0.226421
9770  0.226366
9780  0.226366
9790  0.226366
9800  0.226366
9810  0.226366
9820  0.226366
9830  0.226366
9840  0.226366
9850  0.226366
9860  0.226366
9870  0.226366
9880  0.226366
9890  0.226366
9900  0.226366
9910  0.226366
9920  0.226366
9930  0.226366
9940  0.226366
9950  0.226366
9960  0.226366
9970  0.226366
9980  0.226366
9990  0.226329
10000  0.226329
10010  0.226329
10020  0.226329
10030  0.226222
10040  0.226222
10050  0.226222
10060  0.226222
10070  0.226222
10080  0.226222
10090  0.226222
10100  0.226222
10110  0.226222
10120  0.226222
10130  0.226178
10140  0.226178
10150  0.226178
10160  0.226178
10170  0.226178
10180  0.226178
10190  0.226105
10200  0.226105
10210  0.226105
10220  0.226105
10230  0.226105
10240  0.226105
10250  0.226105
10260  0.226105
10270  0.226105
10280  0.226105
10290  0.226105
10300  0.226105
10310  0.226105
10320  0.226105
10330  0.226105
10340  0.226105
10350  0.226105
10360  0.226105
10370  0.226105
10380  0.226105
10390  0.226105
10400  0.226105
10410  0.226105
10420  0.226089
10430  0.226089
10440  0.226089
10450  0.226089
10460  0.225961
10470  0.225961
10480  0.225961
10490  0.225961
10500  0.225961
10510  0.225961
10520  0.225961
10530  0.225961
10540  0.225961
10550  0.225961
10560  0.225961
10570  0.225961
10580  0.225961
10590  0.225772
10600  0.225772
10610  0.225772
10620  0.225772
10630  0.225772
10640  0.225772
10650  0.225772
10660  0.225772
10670  0.225671
10680  0.225666
10690  0.22552
10700  0.22552
10710  0.225292
10720  0.225292
10730  0.225292
10740  0.22513
10750  0.22513
10760  0.22513
10770  0.22513
10780  0.22513
10790  0.22513
10800  0.22513
10810  0.225044
10820  0.224958
10830  0.224958
10840  0.224827
10850  0.224827
10860  0.224827
10870  0.224827
10880  0.224827
10890  0.224827
10900  0.224827
10910  0.224827
10920  0.224645
10930  0.224645
10940  0.224645
10950  0.224645
10960  0.224645
10970  0.224645
10980  0.224645
10990  0.224645
11000  0.224377
11010  0.224377
11020  0.224377
11030  0.224377
11040  0.224377
11050  0.224377
11060  0.224377
11070  0.224377
11080  0.224221
11090  0.224221
11100  0.224034
11110  0.2239
11120  0.2239
11130  0.2239
11140  0.2239
11150  0.2239
11160  0.223724
11170  0.223344
11180  0.223344
11190  0.223344
11200  0.223344
11210  0.223344
11220  0.223344
11230  0.223344
11240  0.223344
11250  0.222905
11260  0.222905
11270  0.222905
11280  0.222905
11290  0.222905
11300  0.222918
11310  0.222802
11320  0.222802
11330  0.222802
11340  0.22276
11350  0.222727
11360  0.222593
11370  0.222593
11380  0.222593
11390  0.222593
11400  0.222593
11410  0.222593
11420  0.222593
11430  0.222593
11440  0.222177
11450  0.222177
11460  0.222177
11470  0.222177
11480  0.222177
11490  0.222177
11500  0.222177
11510  0.222177
11520  0.222177
11530  0.221968
11540  0.221968
11550  0.221968
11560  0.221968
11570  0.221968
11580  0.221968
11590  0.221968
11600  0.221968
11610  0.221968
11620  0.221968
11630  0.221968
11640  0.221968
11650  0.221968
11660  0.221968
11670  0.221968
11680  0.221968
11690  0.221968
11700  0.221968
11710  0.221968
11720  0.221968
11730  0.22184
11740  0.22184
11750  0.22184
11760  0.22184
11770  0.22184
11780  0.22184
11790  0.22184
11800  0.221786
11810  0.221786
11820  0.221702
11830  0.221702
11840  0.221702
11850  0.221702
11860  0.221677
11870  0.221677
11880  0.221648
11890  0.221648
11900  0.221648
11910  0.221648
11920  0.221648
11930  0.221648
11940  0.221648
11950  0.221648
11960  0.221648
11970  0.221648
11980  0.221648
11990  0.221648
12000  0.221528
12010  0.221528
12020  0.221426
12030  0.221317
12040  0.221317
12050  0.221259
12060  0.221259
12070  0.221259
12080  0.221259
12090  0.22117
12100  0.22117
12110  0.22104
12120  0.22104
12130  0.22104
12140  0.220844
12150  0.220844
12160  0.220777
12170  0.220777
12180  0.220777
12190  0.220352
12200  0.220352
12210  0.220201
12220  0.220157
12230  0.220157
12240  0.220157
12250  0.220157
12260  0.220157
12270  0.220157
12280  0.220157
12290  0.220157
12300  0.21918
12310  0.21918
12320  0.21918
12330  0.21918
12340  0.21918
12350  0.21918
12360  0.21918
12370  0.219153
12380  0.219153
12390  0.219153
12400  0.219153
12410  0.219153
12420  0.219153
12430  0.218641
12440  0.218641
12450  0.218641
12460  0.218641
12470  0.218641
12480  0.218485
12490  0.218485
12500  0.218485
12510  0.218485
12520  0.218485
12530  0.218485
12540  0.218485
12550  0.218485
12560  0.218485
12570  0.218354
12580  0.218354
12590  0.218354
12600  0.218354
12610  0.218354
12620  0.218354
12630  0.218354
12640  0.218173
12650  0.218173
12660  0.218173
12670  0.218173
12680  0.218173
12690  0.21786
12700  0.21786
12710  0.21786
12720  0.217743
12730  0.217743
12740  0.217743
12750  0.217743
12760  0.217743
12770  0.217743
12780  0.217743
12790  0.217743
12800  0.217743
12810  0.217743
12820  0.217743
12830  0.217743
12840  0.217743
12850  0.217743
12860  0.217743
12870  0.217743
12880  0.217743
12890  0.217666
12900  0.217666
12910  0.217666
12920  0.217666
12930  0.217666
12940  0.217666
12950  0.217666
12960  0.217666
12970  0.217666
12980  0.217587
12990  0.217587
13000  0.217587
13010  0.217587
13020  0.217543
13030  0.217543
13040  0.217543
13050  0.217543
13060  0.217543
13070  0.217543
13080  0.217543
13090  0.217543
13100  0.217543
13110  0.217543
13120  0.217543
13130  0.217543
13140  0.217543
13150  0.217543
13160  0.217543
13170  0.217543
13180  0.217543
13190  0.217543
13200  0.217543
13210  0.217543
13220  0.217543
13230  0.217543
13240  0.217543
13250  0.217543
13260  0.217543
13270  0.217543
13280  0.217543
13290  0.217543
13300  0.217543
13310  0.217543
13320  0.217543
13330  0.217543
13340  0.217543
13350  0.217456
13360  0.217232
13370  0.21703
13380  0.21703
13390  0.21703
13400  0.21703
13410  0.21703
13420  0.21703
13430  0.21703
13440  0.21703
13450  0.21703
13460  0.21703
13470  0.21703
13480  0.21703
13490  0.21703
13500  0.21703
13510  0.21703
13520  0.21703
13530  0.21703
13540  0.21703
13550  0.21703
13560  0.21703
13570  0.216919
13580  0.216919
13590  0.216919
13600  0.216919
13610  0.216919
13620  0.216919
13630  0.216919
13640  0.216889
13650  0.216889
13660  0.216889
13670  0.216889
13680  0.216889
13690  0.216889
13700  0.216889
13710  0.216889
13720  0.216889
13730  0.216675
13740  0.216381
13750  0.216381
13760  0.216381
13770  0.216381
13780  0.216381
13790  0.216381
13800  0.216381
13810  0.216381
13820  0.216401
13830  0.216401
13840  0.216401
13850  0.216401
13860  0.216401
13870  0.216401
13880  0.216401
13890  0.216401
13900  0.216401
13910  0.216401
13920  0.216337
13930  0.216252
13940  0.216252
13950  0.216252
13960  0.216245
13970  0.216245
13980  0.216169
13990  0.216169
14000  0.216169
14010  0.216169
14020  0.216169
14030  0.216169
14040  0.216169
14050  0.216169
14060  0.216169
14070  0.216169
14080  0.216169
14090  0.216169
14100  0.216169
14110  0.216104
14120  0.216104
14130  0.216104
14140  0.216104
14150  0.216104
14160  0.216104
14170  0.216104
14180  0.216048
14190  0.216048
14200  0.216048
14210  0.216045
14220  0.216045
14230  0.215729
14240  0.215729
14250  0.215729
14260  0.215729
14270  0.215729
14280  0.215729
14290  0.215729
14300  0.215569
14310  0.215442
14320  0.215416
14330  0.215416
14340  0.215416
14350  0.215416
14360  0.21529
14370  0.215256
14380  0.215256
14390  0.215256
14400  0.215256
14410  0.215256
14420  0.215256
14430  0.215241
14440  0.215241
14450  0.215241
14460  0.215241
14470  0.215241
14480  0.215241
14490  0.215241
14500  0.215241
14510  0.215241
14520  0.215241
14530  0.215088
14540  0.215088
14550  0.215088
14560  0.215088
14570  0.215088
14580  0.215088
14590  0.215088
14600  0.215088
14610  0.215088
14620  0.215088
14630  0.215088
14640  0.215088
14650  0.215088
14660  0.215043
14670  0.215043
14680  0.215043
14690  0.215043
14700  0.215043
14710  0.215043
14720  0.215043
14730  0.215043
14740  0.215043
14750  0.215043
14760  0.215043
14770  0.215043
14780  0.215043
14790  0.215043
14800  0.214987
14810  0.214832
14820  0.214832
14830  0.214832
14840  0.214644
14850  0.214644
14860  0.214644
14870  0.214644
14880  0.214644
14890  0.214644
14900  0.214607
14910  0.214607
14920  0.214607
14930  0.214607
14940  0.214607
14950  0.214607
14960  0.214607
14970  0.214607
14980  0.214524
14990  0.214524
15000  0.214524
15010  0.214524
15020  0.214524
15030  0.214524
15040  0.214524
15050  0.214524
15060  0.214524
15070  0.214524
15080  0.214524
15090  0.214524
15100  0.214524
15110  0.214524
15120  0.214524
15130  0.214524
15140  0.214524
15150  0.214524
15160  0.214468
15170  0.214468
15180  0.214468
15190  0.214468
15200  0.214462
15210  0.214462
15220  0.214462
15230  0.214462
15240  0.214462
15250  0.214462
15260  0.214462
15270  0.214462
15280  0.214462
15290  0.214462
15300  0.214462
15310  0.214414
15320  0.214414
15330  0.214414
15340  0.214414
15350  0.214414
15360  0.214414
15370  0.214414
15380  0.214414
15390  0.214414
15400  0.214369
15410  0.214369
15420  0.214369
15430  0.214278
15440  0.214278
15450  0.214278
15460  0.214278
15470  0.214141
15480  0.214131
15490  0.214131
15500  0.214131
15510  0.214131
15520  0.214131
15530  0.214066
15540  0.214066
15550  0.214066
15560  0.214066
15570  0.214066
15580  0.214066
15590  0.214066
15600  0.214066
15610  0.213965
15620  0.213965
15630  0.213965
15640  0.213965
15650  0.213965
15660  0.213965
15670  0.213875
15680  0.213875
15690  0.213875
15700  0.213875
15710  0.213875
15720  0.213875
15730  0.213875
15740  0.213875
15750  0.213875
15760  0.213875
15770  0.213875
15780  0.213875
15790  0.213875
15800  0.213875
15810  0.213875
15820  0.213875
15830  0.213875
15840  0.213875
15850  0.213875
15860  0.213875
15870  0.213875
15880  0.213875
15890  0.213875
15900  0.213746
15910  0.213746
15920  0.213746
15930  0.213746
15940  0.213746
15950  0.213746
15960  0.213719
15970  0.213719
15980  0.213719
15990  0.213719
16000  0.213671
16010  0.213671
16020  0.213671
16030  0.213671
16040  0.213671
16050  0.213671
16060  0.213671
16070  0.213671
16080  0.213671
16090  0.213671
16100  0.21349
16110  0.213359
16120  0.213359
16130  0.213359
16140  0.213359
16150  0.213359
16160  0.213359
16170  0.213359
16180  0.213359
16190  0.213359
16200  0.213306
16210  0.213306
16220  0.213306
16230  0.213306
16240  0.213306
16250  0.213306
16260  0.21328
16270  0.21328
16280  0.21328
16290  0.21328
16300  0.213141
16310  0.2131
16320  0.2131
16330  0.212957
16340  0.212957
16350  0.212671
16360  0.212671
16370  0.212671
16380  0.212671
16390  0.212307
16400  0.212307
16410  0.212307
16420  0.212307
16430  0.212307
16440  0.212307
16450  0.212307
16460  0.212307
16470  0.212307
16480  0.212242
16490  0.212242
16500  0.212242
16510  0.212242
16520  0.212242
16530  0.212242
16540  0.212242
16550  0.212242
16560  0.212242
16570  0.212242
16580  0.212213
16590  0.212213
16600  0.212213
16610  0.212213
16620  0.212213
16630  0.212213
16640  0.212213
16650  0.212213
16660  0.212213
16670  0.212213
16680  0.212213
16690  0.212213
16700  0.212213
16710  0.212213
16720  0.212213
16730  0.21205
16740  0.212033
16750  0.212033
16760  0.212033
16770  0.212033
16780  0.212033
16790  0.212033
16800  0.212033
16810  0.212033
16820  0.212033
16830  0.211815
16840  0.211815
16850  0.211815
16860  0.211815
16870  0.211815
16880  0.211815
16890  0.211782
16900  0.211782
16910  0.211782
16920  0.21175
16930  0.211644
16940  0.211644
16950  0.211644
16960  0.211595
16970  0.211595
16980  0.211595
16990  0.211545
17000  0.211545
17010  0.211545
17020  0.211545
17030  0.211545
17040  0.211545
17050  0.211545
17060  0.211452
17070  0.211452
17080  0.211425
17090  0.211425
17100  0.211425
17110  0.211237
17120  0.211237
17130  0.211237
17140  0.211147
17150  0.211147
17160  0.211147
17170  0.211147
17180  0.211134
17190  0.211059
17200  0.211059
17210  0.211059
17220  0.211059
17230  0.210986
17240  0.210634
17250  0.210634
17260  0.210634
17270  0.210634
17280  0.210634
17290  0.210634
17300  0.210634
17310  0.210634
17320  0.210634
17330  0.210628
17340  0.210628
17350  0.210628
17360  0.210628
17370  0.210576
17380  0.210497
17390  0.210497
17400  0.210497
17410  0.210497
17420  0.210497
17430  0.210497
17440  0.210497
17450  0.210497
17460  0.210454
17470  0.210454
17480  0.210454
17490  0.210152
17500  0.210152
17510  0.210152
17520  0.210152
17530  0.210152
17540  0.210071
17550  0.210071
17560  0.210071
17570  0.210071
17580  0.210071
17590  0.209972
17600  0.209972
17610  0.209972
17620  0.209972
17630  0.209972
17640  0.209972
17650  0.209839
17660  0.209839
17670  0.209839
17680  0.209839
17690  0.209839
17700  0.209839
17710  0.209839
17720  0.209839
17730  0.209737
17740  0.209737
17750  0.209737
17760  0.209701
17770  0.20966
17780  0.209409
17790  0.209409
17800  0.209409
17810  0.209169
17820  0.209169
17830  0.209169
17840  0.209107
17850  0.209107
17860  0.209107
17870  0.209107
17880  0.209107
17890  0.209107
17900  0.209107
17910  0.209107
17920  0.209107
17930  0.209107
17940  0.209107
17950  0.209107
17960  0.209007
17970  0.209007
17980  0.209007
17990  0.209007
18000  0.209007
18010  0.209007
18020  0.209007
18030  0.209007
18040  0.209007
18050  0.208893
18060  0.208858
18070  0.208858
18080  0.208858
18090  0.208858
18100  0.208778
18110  0.20877
18120  0.20877
18130  0.208705
18140  0.208705
18150  0.208705
18160  0.208705
18170  0.208705
18180  0.208705
18190  0.208705
18200  0.208705
18210  0.208705
18220  0.208705
18230  0.208705
18240  0.208705
18250  0.208705
18260  0.208705
18270  0.208442
18280  0.208442
18290  0.20822
18300  0.20822
18310  0.20822
18320  0.208082
18330  0.208024
18340  0.208024
18350  0.208024
18360  0.208024
18370  0.208024
18380  0.208024
18390  0.207885
18400  0.207885
18410  0.207885
18420  0.207885
18430  0.207652
18440  0.207652
18450  0.207652
18460  0.207652
18470  0.207652
18480  0.207635
18490  0.207635
18500  0.207635
18510  0.207635
18520  0.207538
18530  0.207538
18540  0.207306
18550  0.207297
18560  0.207297
18570  0.207297
18580  0.207297
18590  0.207297
18600  0.207297
18610  0.207078
18620  0.207078
18630  0.207078
18640  0.207078
18650  0.207078
18660  0.207078
18670  0.207078
18680  0.207078
18690  0.207078
18700  0.207078
18710  0.207078
18720  0.207078
18730  0.207078
18740  0.207078
18750  0.207078
18760  0.207078
18770  0.207078
18780  0.207078
18790  0.207078
18800  0.207078
18810  0.207078
18820  0.207078
18830  0.207078
18840  0.207078
18850  0.207078
18860  0.207078
18870  0.207078
18880  0.207078
18890  0.207078
18900  0.207078
18910  0.207078
18920  0.207078
18930  0.207078
18940  0.207078
18950  0.207078
18960  0.207056
18970  0.207056
18980  0.207056
18990  0.207056
19000  0.207056
19010  0.207056
19020  0.207056
19030  0.207056
19040  0.207056
19050  0.207056
19060  0.207056
19070  0.207056
19080  0.207056
19090  0.207056
19100  0.207056
19110  0.207056
19120  0.207056
19130  0.207056
19140  0.207056
19150  0.207056
19160  0.207056
19170  0.207013
19180  0.207013
19190  0.207013
19200  0.207013
19210  0.207013
19220  0.207013
19230  0.207013
19240  0.207013
19250  0.206944
19260  0.206944
19270  0.206944
19280  0.206944
19290  0.206848
19300  0.20681
19310  0.20681
19320  0.206793
19330  0.206793
19340  0.206793
19350  0.206453
19360  0.206151
19370  0.206151
19380  0.206151
19390  0.205898
19400  0.205898
19410  0.205898
19420  0.205898
19430  0.205898
19440  0.205898
19450  0.205898
19460  0.205898
19470  0.205898
19480  0.205898
19490  0.205898
19500  0.205898
19510  0.205898
19520  0.205898
19530  0.205898
19540  0.205801
19550  0.205801
19560  0.205801
19570  0.205801
19580  0.205801
19590  0.205567
19600  0.205567
19610  0.205567
19620  0.205567
19630  0.205567
19640  0.205567
19650  0.205567
19660  0.205567
19670  0.205567
19680  0.205567
19690  0.205567
19700  0.205567
19710  0.205567
19720  0.205567
19730  0.205567
19740  0.205567
19750  0.205567
19760  0.205567
19770  0.205567
19780  0.205493
19790  0.205487
19800  0.205487
19810  0.205157
19820  0.205157
19830  0.205157
19840  0.205157
19850  0.205157
19860  0.205157
19870  0.205157
19880  0.204995
19890  0.204995
19900  0.204995
19910  0.204965
19920  0.204965
19930  0.204965
19940  0.204965
19950  0.204965
19960  0.204965
19970  0.204965
19980  0.204965
19990  0.204965
20000  0.204965
20010  0.204965
20020  0.204965
20030  0.204965
20040  0.204965
20050  0.204965
20060  0.204965
20070  0.204965
20080  0.204965
20090  0.204965
20100  0.204965
20110  0.204965
20120  0.204965
20130  0.204917
20140  0.204917
20150  0.204917
20160  0.204917
20170  0.204917
20180  0.204917
20190  0.204917
20200  0.204917
20210  0.204917
20220  0.204917
20230  0.204917
20240  0.204917
20250  0.204917
20260  0.204917
20270  0.204917
20280  0.204917
20290  0.204917
20300  0.204985
20310  0.204985
20320  0.204985
20330  0.204789
20340  0.204789
20350  0.204789
20360  0.204789
20370  0.204789
20380  0.204789
20390  0.204789
20400  0.204789
20410  0.204789
20420  0.204732
20430  0.204732
20440  0.204732
20450  0.204732
20460  0.204732
20470  0.204732
20480  0.204732
20490  0.204602
20500  0.204602
20510  0.204602
20520  0.204602
20530  0.204602
20540  0.204602
20550  0.204602
20560  0.204602
20570  0.204602
20580  0.204484
20590  0.204484
20600  0.204484
20610  0.204484
20620  0.204484
20630  0.204484
20640  0.204484
20650  0.204443
20660  0.204443
20670  0.204443
20680  0.204443
20690  0.204443
20700  0.204443
20710  0.204443
20720  0.204443
20730  0.204443
20740  0.204443
20750  0.204443
20760  0.204376
20770  0.204376
20780  0.204376
20790  0.20434
20800  0.20434
20810  0.20434
20820  0.20434
20830  0.20434
20840  0.20434
20850  0.20434
20860  0.204326
20870  0.204326
20880  0.204163
20890  0.204163
20900  0.204066
20910  0.204066
20920  0.204066
20930  0.204066
20940  0.204066
20950  0.204066
20960  0.204066
20970  0.204066
20980  0.204066
20990  0.204066
21000  0.204066
21010  0.204066
21020  0.204066
21030  0.203897
21040  0.203897
21050  0.203897
21060  0.203897
21070  0.203897
21080  0.203897
21090  0.203897
21100  0.203897
21110  0.203897
21120  0.203897
21130  0.203897
21140  0.203897
21150  0.203897
21160  0.203897
21170  0.203897
21180  0.203897
21190  0.203578
21200  0.203578
21210  0.203578
21220  0.203578
21230  0.203578
21240  0.203578
21250  0.203578
21260  0.203578
21270  0.203578
21280  0.203578
21290  0.203578
21300  0.203578
21310  0.203578
21320  0.203578
21330  0.203578
21340  0.203578
21350  0.203578
21360  0.203578
21370  0.203578
21380  0.203578
21390  0.203578
21400  0.203507
21410  0.203507
21420  0.203507
21430  0.203467
21440  0.203467
21450  0.203467
21460  0.203467
21470  0.203467
21480  0.203354
21490  0.203354
21500  0.203354
21510  0.203354
21520  0.203354
21530  0.203354
21540  0.203354
21550  0.203354
21560  0.203354
21570  0.203354
21580  0.203354
21590  0.203354
21600  0.203354
21610  0.203354
21620  0.203354
21630  0.203354
21640  0.203354
21650  0.203354
21660  0.203354
21670  0.203354
21680  0.203354
21690  0.203354
21700  0.203354
21710  0.203354
21720  0.203354
21730  0.203315
21740  0.203315
21750  0.203315
21760  0.203315
21770  0.203315
21780  0.203315
21790  0.203315
21800  0.203315
21810  0.203315
21820  0.203315
21830  0.203315
21840  0.203315
21850  0.203315
21860  0.203298
21870  0.203298
21880  0.203298
21890  0.203298
21900  0.203298
21910  0.203298
21920  0.203298
21930  0.203298
21940  0.203298
21950  0.203298
21960  0.203298
21970  0.203298
21980  0.203298
21990  0.203298
22000  0.203249
22010  0.203249
22020  0.203249
22030  0.203249
22040  0.203249
22050  0.203249
22060  0.203249
22070  0.203249
22080  0.203249
22090  0.203249
22100  0.203249
22110  0.203249
22120  0.203249
22130  0.203249
22140  0.203249
22150  0.2032
22160  0.2032
22170  0.2032
22180  0.2032
22190  0.2032
22200  0.2032
22210  0.2032
22220  0.2032
22230  0.203195
22240  0.203195
22250  0.203195
22260  0.203195
22270  0.203195
22280  0.203195
22290  0.203195
22300  0.203195
22310  0.203195
22320  0.203195
22330  0.203195
22340  0.203195
22350  0.203195
22360  0.203195
22370  0.203195
22380  0.203195
22390  0.203195
22400  0.203069
22410  0.203069
22420  0.203069
22430  0.203069
22440  0.203069
22450  0.203035
22460  0.203035
22470  0.203035
22480  0.203035
22490  0.203035
22500  0.203035
22510  0.203035
22520  0.203035
22530  0.203035
22540  0.203035
22550  0.203035
22560  0.203035
22570  0.203035
22580  0.203035
22590  0.203035
22600  0.203035
22610  0.203035
22620  0.202833
22630  0.202833
22640  0.202833
22650  0.202783
22660  0.202783
22670  0.202783
22680  0.202783
22690  0.202783
22700  0.202783
22710  0.202783
22720  0.202783
22730  0.202783
22740  0.202783
22750  0.202783
22760  0.202783
22770  0.202783
22780  0.202783
22790  0.202783
22800  0.202783
22810  0.202783
22820  0.202783
22830  0.202783
22840  0.20266
22850  0.20266
22860  0.20266
22870  0.202528
22880  0.202528
22890  0.202528
22900  0.202493
22910  0.202493
22920  0.202493
22930  0.202493
22940  0.202493
22950  0.202383
22960  0.202383
22970  0.202383
22980  0.202383
22990  0.202383
23000  0.202383
23010  0.202383
23020  0.202383
23030  0.202383
23040  0.202383
23050  0.202383
23060  0.202383
23070  0.202383
23080  0.202383
23090  0.202217
23100  0.202217
23110  0.202217
23120  0.202217
23130  0.202217
23140  0.202217
23150  0.202217
23160  0.202217
23170  0.202217
23180  0.202217
23190  0.202217
23200  0.202217
23210  0.202217
23220  0.202217
23230  0.202217
23240  0.202217
23250  0.202217
23260  0.202217
23270  0.202217
23280  0.202217
23290  0.202217
23300  0.202217
23310  0.202217
23320  0.202217
23330  0.202217
23340  0.202217
23350  0.202217
23360  0.202217
23370  0.202217
23380  0.202217
23390  0.202217
23400  0.202217
23410  0.202217
23420  0.202217
23430  0.202217
23440  0.202217
23450  0.202204
23460  0.202204
23470  0.202204
23480  0.202204
23490  0.202253
23500  0.202253
23510  0.202253
23520  0.202099
23530  0.202099
23540  0.202099
23550  0.202099
23560  0.202099
23570  0.202099
23580  0.202099
23590  0.202099
23600  0.202099
23610  0.202099
23620  0.201903
23630  0.201903
23640  0.201903
23650  0.201903
23660  0.201903
23670  0.201903
23680  0.201903
23690  0.201903
23700  0.201639
23710  0.201639
23720  0.201581
23730  0.201581
23740  0.201581
23750  0.201581
23760  0.201442
23770  0.201442
23780  0.201442
23790  0.201442
23800  0.201442
23810  0.201442
23820  0.201442
23830  0.201442
23840  0.201442
23850  0.201442
23860  0.201442
23870  0.201442
23880  0.201442
23890  0.201442
23900  0.201442
23910  0.201442
23920  0.201442
23930  0.201405
23940  0.201405
23950  0.201405
23960  0.201405
23970  0.201358
23980  0.201358
23990  0.200993
24000  0.200993
24010  0.200993
24020  0.200993
24030  0.200993
24040  0.200898
24050  0.200898
24060  0.200898
24070  0.200898
24080  0.200857
24090  0.200857
24100  0.200857
24110  0.200857
24120  0.200857
24130  0.200857
24140  0.200857
24150  0.200857
24160  0.200857
24170  0.200857
24180  0.200857
24190  0.200857
24200  0.200857
24210  0.200857
24220  0.200857
24230  0.200831
24240  0.200831
24250  0.200831
24260  0.200831
24270  0.200831
24280  0.200831
24290  0.200831
24300  0.200831
24310  0.200831
24320  0.200831
24330  0.200831
24340  0.200831
24350  0.200831
24360  0.200831
24370  0.200831
24380  0.200831
24390  0.200831
24400  0.200831
24410  0.200831
24420  0.200654
24430  0.200654
24440  0.200654
24450  0.200654
24460  0.200654
24470  0.200487
24480  0.200487
24490  0.20035
24500  0.20035
24510  0.20035
24520  0.20035
24530  0.200149
24540  0.200149
24550  0.200149
24560  0.200149
24570  0.200149
24580  0.200149
24590  0.200149
24600  0.200149
24610  0.200149
24620  0.200149
24630  0.199686
24640  0.199686
24650  0.199686
24660  0.199686
24670  0.199676
24680  0.199676
24690  0.199601
24700  0.199532
24710  0.199532
24720  0.199532
24730  0.199464
24740  0.199464
24750  0.199464
24760  0.199464
24770  0.199464
24780  0.199464
24790  0.199464
24800  0.199435
24810  0.199435
24820  0.199302
24830  0.199302
24840  0.199302
24850  0.199302
24860  0.199302
24870  0.199302
24880  0.199302
24890  0.199296
24900  0.199296
24910  0.199296
24920  0.199296
24930  0.198549
24940  0.198549
24950  0.198549
24960  0.198549
24970  0.198549
24980  0.198549
24990  0.198549
25000  0.198549
25010  0.198344
25020  0.198344
25030  0.198344
25040  0.198344
25050  0.198344
25060  0.198344
25070  0.198344
25080  0.198344
25090  0.198344
25100  0.198344
25110  0.198344
25120  0.198344
25130  0.198191
25140  0.198191
25150  0.198191
25160  0.198191
25170  0.198191
25180  0.198191
25190  0.198191
25200  0.198191
25210  0.198191
25220  0.198191
25230  0.198138
25240  0.198138
25250  0.198138
25260  0.198138
25270  0.198068
25280  0.198068
25290  0.198068
25300  0.198068
25310  0.198068
25320  0.198068
25330  0.198068
25340  0.198068
25350  0.198068
25360  0.198068
25370  0.198068
25380  0.198068
25390  0.198068
25400  0.198068
25410  0.198068
25420  0.198068
25430  0.197935
25440  0.197703
25450  0.197703
25460  0.197703
25470  0.197678
25480  0.197678
25490  0.197678
25500  0.197678
25510  0.197678
25520  0.197678
25530  0.197678
25540  0.197678
25550  0.197678
25560  0.197678
25570  0.197678
25580  0.197678
25590  0.197678
25600  0.197678
25610  0.197678
25620  0.197678
25630  0.197678
25640  0.197678
25650  0.197678
25660  0.197678
25670  0.197682
25680  0.197682
25690  0.197682
25700  0.197682
25710  0.197682
25720  0.197682
25730  0.197682
25740  0.197682
25750  0.197682
25760  0.197682
25770  0.197682
25780  0.19755
25790  0.19755
25800  0.197268
25810  0.197268
25820  0.197268
25830  0.197268
25840  0.197268
25850  0.197268
25860  0.197268
25870  0.197268
25880  0.197268
25890  0.197268
25900  0.197268
25910  0.197268
25920  0.197268
25930  0.197268
25940  0.197268
25950  0.197268
25960  0.197268
25970  0.197268
25980  0.197268
25990  0.197268
26000  0.197268
26010  0.197268
26020  0.197268
26030  0.197268
26040  0.197268
26050  0.197268
26060  0.197268
26070  0.197268
26080  0.197268
26090  0.197268
26100  0.197021
26110  0.197021
26120  0.197021
26130  0.197021
26140  0.197021
26150  0.197021
26160  0.197021
26170  0.197021
26180  0.197021
26190  0.197021
26200  0.197021
26210  0.197021
26220  0.197021
26230  0.197021
26240  0.197021
26250  0.197021
26260  0.197021
26270  0.197021
26280  0.197021
26290  0.197021
26300  0.197021
26310  0.197021
26320  0.197021
26330  0.197021
26340  0.197021
26350  0.197021
26360  0.197021
26370  0.197021
26380  0.197021
26390  0.197021
26400  0.197021
26410  0.197021
26420  0.197021
26430  0.19709
26440  0.19709
26450  0.19709
26460  0.19709
26470  0.19709
26480  0.19709
26490  0.19709
26500  0.19709
26510  0.19709
26520  0.19709
26530  0.19709
26540  0.19709
26550  0.19709
26560  0.19709
26570  0.19709
26580  0.19709
26590  0.19709
26600  0.19709
26610  0.19709
26620  0.19709
26630  0.19709
26640  0.19709
26650  0.197021
26660  0.197021
26670  0.19701
26680  0.19701
26690  0.19701
26700  0.19701
26710  0.19701
26720  0.19701
26730  0.19701
26740  0.19701
26750  0.19701
26760  0.19701
26770  0.19701
26780  0.19701
26790  0.19701
26800  0.19701
26810  0.19701
26820  0.19701
26830  0.19701
26840  0.19701
26850  0.19701
26860  0.19701
26870  0.19701
26880  0.19701
26890  0.19701
26900  0.19701
26910  0.19701
26920  0.19701
26930  0.19701
26940  0.19701
26950  0.19701
26960  0.19701
26970  0.19701
26980  0.19701
26990  0.19701
27000  0.19701
27010  0.196768
27020  0.196768
27030  0.196768
27040  0.196768
27050  0.196768
27060  0.196768
27070  0.196768
27080  0.196768
27090  0.196768
27100  0.196768
27110  0.196768
27120  0.196768
27130  0.196768
27140  0.196768
27150  0.196768
27160  0.196768
27170  0.196768
27180  0.196768
27190  0.196768
27200  0.196768
27210  0.196768
27220  0.196768
27230  0.196768
27240  0.196768
27250  0.196768
27260  0.196768
27270  0.196768
27280  0.196768
27290  0.196768
27300  0.196768
27310  0.196768
27320  0.196768
27330  0.196768
27340  0.196768
27350  0.196768
27360  0.196768
27370  0.196768
27380  0.196768
27390  0.196768
27400  0.196768
27410  0.196768
27420  0.196768
27430  0.196768
27440  0.196663
27450  0.196663
27460  0.196663
27470  0.196663
27480  0.196663
27490  0.196663
27500  0.196663
27510  0.196653
27520  0.196653
27530  0.196653
27540  0.196653
27550  0.196653
27560  0.196653
27570  0.196653
27580  0.196653
27590  0.196653
27600  0.196653
27610  0.196653
27620  0.196653
27630  0.196653
27640  0.196653
27650  0.196653
27660  0.196653
27670  0.196653
27680  0.196653
27690  0.196653
27700  0.196653
27710  0.196653
27720  0.196653
27730  0.196464
27740  0.196464
27750  0.196464
27760  0.196464
27770  0.196464
27780  0.196464
27790  0.196464
27800  0.196464
27810  0.196464
27820  0.196464
27830  0.196464
27840  0.196464
27850  0.196464
27860  0.196464
27870  0.196464
27880  0.196464
27890  0.196464
27900  0.19638
27910  0.196296
27920  0.196296
27930  0.196296
27940  0.196296
27950  0.196296
27960  0.196296
27970  0.196242
27980  0.196242
27990  0.196242
28000  0.196242
28010  0.196242
28020  0.196242
28030  0.196242
28040  0.196242
28050  0.196242
28060  0.196242
28070  0.196242
28080  0.196242
28090  0.196141
28100  0.196141
28110  0.196073
28120  0.196073
28130  0.196073
28140  0.196073
28150  0.196073
28160  0.196073
28170  0.196073
28180  0.196073
28190  0.196073
28200  0.196073
28210  0.196073
28220  0.196073
28230  0.196073
28240  0.19595
28250  0.19595
28260  0.19595
28270  0.19595
28280  0.19595
28290  0.19595
28300  0.19595
28310  0.19595
28320  0.19595
28330  0.19595
28340  0.19595
28350  0.19595
28360  0.19595
28370  0.195682
28380  0.195652
28390  0.195652
28400  0.195652
28410  0.19548
28420  0.19548
28430  0.195472
28440  0.195472
28450  0.195472
28460  0.195472
28470  0.195472
28480  0.195472
28490  0.195327
28500  0.195327
28510  0.195327
28520  0.195327
28530  0.195316
28540  0.195316
28550  0.195316
28560  0.195316
28570  0.195316
28580  0.195316
28590  0.195316
28600  0.195316
28610  0.195316
28620  0.195316
28630  0.195316
28640  0.195316
28650  0.195316
28660  0.195316
28670  0.195316
28680  0.195316
28690  0.195316
28700  0.195316
28710  0.195316
28720  0.195316
28730  0.195209
28740  0.195112
28750  0.195112
28760  0.195112
28770  0.195112
28780  0.195112
28790  0.195112
28800  0.195112
28810  0.195112
28820  0.195112
28830  0.195112
28840  0.195112
28850  0.195112
28860  0.195112
28870  0.195112
28880  0.195056
28890  0.195056
28900  0.195056
28910  0.195056
28920  0.194825
28930  0.194725
28940  0.194725
28950  0.194725
28960  0.194725
28970  0.194725
28980  0.194725
28990  0.194725
29000  0.194725
29010  0.194725
29020  0.194725
29030  0.194725
29040  0.194725
29050  0.194594
29060  0.194594
29070  0.194532
29080  0.194532
29090  0.194523
29100  0.194346
29110  0.194313
29120  0.194178
29130  0.194178
29140  0.194099
29150  0.194099
29160  0.19399
29170  0.19399
29180  0.19399
29190  0.19399
29200  0.193783
29210  0.193736
29220  0.193736
29230  0.193736
29240  0.193736
29250  0.193736
29260  0.193736
29270  0.193606
29280  0.193606
29290  0.193462
29300  0.193462
29310  0.193462
29320  0.193462
29330  0.193462
29340  0.193462
29350  0.193462
29360  0.193462
29370  0.193462
29380  0.193462
29390  0.193462
29400  0.193462
29410  0.193462
29420  0.193462
29430  0.193462
29440  0.193462
29450  0.193462
29460  0.193373
29470  0.193373
29480  0.193373
29490  0.193293
29500  0.193293
29510  0.193293
29520  0.193293
29530  0.193209
29540  0.193209
29550  0.193209
29560  0.19313
29570  0.192831
29580  0.192831
29590  0.192831
29600  0.192831
29610  0.192831
29620  0.192831
29630  0.192831
29640  0.192831
29650  0.192831
29660  0.192831
29670  0.192831
29680  0.192831
29690  0.192831
29700  0.192831
29710  0.192831
29720  0.192831
29730  0.192831
29740  0.192831
29750  0.192831
29760  0.192831
29770  0.192831
29780  0.192775
29790  0.192775
29800  0.192775
29810  0.192775
29820  0.192775
29830  0.192775
29840  0.192602
29850  0.192602
29860  0.192602
29870  0.192602
29880  0.192545
29890  0.192545
29900  0.192545
29910  0.192545
29920  0.192545
29930  0.192545
29940  0.192545
29950  0.192545
29960  0.192545
29970  0.192545
29980  0.192545
29990  0.192545
30000  0.192545
30010  0.192545
