Step  Penalty
32  0.585337
64  0.519805
96  0.514158
128  0.504037
160  0.495414
192  0.489081
224  0.479765
256  0.470574
288  0.458091
320  0.447818
352  0.439768
384  0.434326
416  0.425644
448  0.419649
480  0.416918
512  0.411821
544  0.407108
576  0.402842
608  0.398838
640  0.394803
672  0.392146
704  0.388229
736  0.377156
768  0.373092
800  0.368266
832  0.364343
864  0.356436
896  0.353295
928  0.350414
960  0.34655
992  0.343725
1024  0.341058
1056  0.339377
1088  0.337695
1120  0.333738
1152  0.3318
1184  0.330131
1216  0.328218
1248  0.325735
1280  0.323559
1312  0.321127
1344  0.318165
1376  0.317507
1408  0.31477
1440  0.313517
1472  0.311672
1504  0.310635
1536  0.309759
1568  0.308607
1600  0.306797
1632  0.305579
1664  0.304268
1696  0.302631
1728  0.301376
1760  0.300714
1792  0.299894
1824  0.299336
1856  0.29782
1888  0.296748
1920  0.294257
1952  0.293226
1984  0.290479
2016  0.289338
2048  0.288101
2080  0.28713
2112  0.285864
2144  0.283829
2176  0.283127
2208  0.282251
2240  0.281602
2272  0.280304
2304  0.279349
2336  0.278522
2368  0.278093
2400  0.277862
2432  0.277737
2464  0.277112
2496  0.276188
2528  0.275474
2560  0.274959
2592  0.274706
2624  0.274391
2656  0.272961
2688  0.272488
2720  0.272161
2752  0.271548
2784  0.271468
2816  0.270967
2848  0.270804
2880  0.270732
2912  0.270276
2944  0.270114
2976  0.270033
3008  0.269546
3040  0.269345
3072  0.26919
3104  0.26919
3136  0.26858
3168  0.268057
3200  0.267963
3232  0.267851
3264  0.267662
3296  0.267286
3328  0.266942
3360  0.266823
3392  0.266554
3424  0.266446
3456  0.266051
3488  0.266051
3520  0.26597
3552  0.265649
3584  0.265344
3616  0.265309
3648  0.265309
3680  0.265129
3712  0.264933
3744  0.264805
3776  0.264561
3808  0.264561
3840  0.26407
3872  0.26407
3904  0.264054
3936  0.263997
3968  0.263854
4000  0.26328
4032  0.263174
4064  0.263174
4096  0.263174
4128  0.262777
4160  0.262739
4192  0.262312
4224  0.262312
4256  0.262312
4288  0.262312
4320  0.262033
4352  0.262033
4384  0.262033
4416  0.261995
4448  0.26189
4480  0.26181
4512  0.261543
4544  0.261225
4576  0.261099
4608  0.261099
4640  0.261066
4672  0.261003
4704  0.260837
4736  0.260687
4768  0.260439
4800  0.260224
4832  0.260166
4864  0.260088
4896  0.260088
4928  0.260052
4960  0.259834
4992  0.259686
5024  0.259686
5056  0.259396
5088  0.259354
5120  0.259283
5152  0.258891
5184  0.258891
5216  0.258705
5248  0.25852
5280  0.258417
5312  0.258374
5344  0.258374
5376  0.258214
5408  0.258102
5440  0.257937
5472  0.257892
5504  0.257757
5536  0.257753
5568  0.257753
5600  0.25758
5632  0.257465
5664  0.257465
5696  0.257411
5728  0.257387
5760  0.257201
5792  0.256744
5824  0.25622
5856  0.25607
5888  0.25607
5920  0.255884
5952  0.255502
5984  0.255431
6016  0.255431
6048  0.255431
6080  0.255431
6112  0.255431
6144  0.255267
6176  0.255187
6208  0.254809
6240  0.254809
6272  0.254809
6304  0.254809
6336  0.254669
6368  0.254551
6400  0.254485
6432  0.254471
6464  0.25444
6496  0.25444
6528  0.25444
6560  0.254223
6592  0.254108
6624  0.253755
6656  0.253755
6688  0.253619
6720  0.253403
6752  0.2532
6784  0.2532
6816  0.253071
6848  0.253037
6880  0.252871
6912  0.252771
6944  0.252547
6976  0.252027
7008  0.25121
7040  0.251145
7072  0.250655
7104  0.25058
7136  0.250478
7168  0.250189
7200  0.250057
7232  0.249995
7264  0.249921
7296  0.249815
7328  0.249742
7360  0.249602
7392  0.249475
7424  0.249239
7456  0.249176
7488  0.248879
7520  0.248814
7552  0.248814
7584  0.248692
7616  0.248438
7648  0.248438
7680  0.24824
7712  0.24823
7744  0.248126
7776  0.248126
7808  0.248021
7840  0.247953
7872  0.247911
7904  0.247732
7936  0.247618
7968  0.247618
8000  0.247504
8032  0.247446
8064  0.247387
8096  0.247387
8128  0.247355
8160  0.247245
8192  0.247154
8224  0.24709
8256  0.24706
8288  0.24706
8320  0.24706
8352  0.24706
8384  0.246967
8416  0.246967
8448  0.246967
8480  0.246967
8512  0.246967
8544  0.246909
8576  0.246626
8608  0.246625
8640  0.246625
8672  0.246525
8704  0.246349
8736  0.246185
8768  0.246099
8800  0.246015
8832  0.246015
8864  0.246015
8896  0.245843
8928  0.245629
8960  0.245363
8992  0.245262
9024  0.245262
9056  0.245262
9088  0.245262
9120  0.245262
9152  0.245262
9184  0.245262
9216  0.245226
9248  0.245225
9280  0.244598
9312  0.244598
9344  0.244598
9376  0.244523
9408  0.244331
9440  0.244201
9472  0.244045
9504  0.243938
9536  0.24383
9568  0.243788
9600  0.243788
9632  0.243788
9664  0.243516
9696  0.243516
9728  0.24342
9760  0.243069
9792  0.243052
9824  0.242985
9856  0.242985
9888  0.242627
9920  0.242399
9952  0.242345
9984  0.242345
10016  0.241898
10048  0.241758
10080  0.241601
10112  0.241601
10144  0.241361
10176  0.241361
10208  0.241236
10240  0.241236
10272  0.24122
10304  0.24122
10336  0.241013
10368  0.240797
10400  0.240769
10432  0.240674
10464  0.240674
10496  0.240674
10528  0.240664
10560  0.240623
10592  0.240548
10624  0.240426
10656  0.240426
10688  0.240383
10720  0.24016
10752  0.24016
10784  0.24016
10816  0.240093
10848  0.239977
10880  0.239946
10912  0.239862
10944  0.239862
10976  0.239623
11008  0.239623
11040  0.239432
11072  0.239363
11104  0.238973
11136  0.238922
11168  0.238922
11200  0.238773
11232  0.238692
11264  0.238692
11296  0.238692
11328  0.238692
11360  0.238692
11392  0.238632
11424  0.238632
11456  0.238632
11488  0.238632
11520  0.238632
11552  0.238438
11584  0.238438
11616  0.238438
11648  0.23824
11680  0.23824
11712  0.238208
11744  0.238208
11776  0.238208
11808  0.238208
11840  0.237828
11872  0.237828
11904  0.237828
11936  0.237828
11968  0.237817
12000  0.237817
12032  0.237817
12064  0.237817
12096  0.237776
12128  0.237776
12160  0.237776
12192  0.237776
12224  0.237743
12256  0.237743
12288  0.237743
12320  0.237743
12352  0.237743
12384  0.237743
12416  0.237697
12448  0.237672
12480  0.237672
12512  0.237672
12544  0.237672
12576  0.237666
12608  0.2376
12640  0.2376
12672  0.237505
12704  0.23749
12736  0.23749
12768  0.237432
12800  0.237432
12832  0.237432
12864  0.237422
12896  0.237422
12928  0.23736
12960  0.23736
12992  0.23727
13024  0.23727
13056  0.23724
13088  0.23724
13120  0.237175
13152  0.237175
13184  0.237052
13216  0.237052
13248  0.237052
13280  0.237003
13312  0.237003
13344  0.237003
13376  0.237003
13408  0.237003
13440  0.237003
13472  0.237003
13504  0.237003
13536  0.237003
13568  0.237003
13600  0.237003
13632  0.237003
13664  0.237003
13696  0.237003
13728  0.237003
13760  0.236989
13792  0.236989
13824  0.236989
13856  0.236989
13888  0.236989
13920  0.236989
13952  0.236989
13984  0.236989
14016  0.236989
14048  0.236989
14080  0.236989
14112  0.236989
14144  0.236989
14176  0.236989
14208  0.236989
14240  0.236989
14272  0.236904
14304  0.236904
14336  0.236688
14368  0.236575
14400  0.236553
14432  0.236553
14464  0.236553
14496  0.236553
14528  0.236553
14560  0.236553
14592  0.236451
14624  0.236451
14656  0.236451
14688  0.236451
14720  0.236451
14752  0.236451
14784  0.236451
14816  0.236451
14848  0.23633
14880  0.23633
14912  0.23633
14944  0.23633
14976  0.23633
15008  0.23633
15040  0.23633
15072  0.236175
15104  0.236099
15136  0.236099
15168  0.236099
15200  0.236099
15232  0.235932
15264  0.235847
15296  0.235847
15328  0.235847
15360  0.23582
15392  0.23582
15424  0.235729
15456  0.235448
15488  0.235131
15520  0.235131
15552  0.235131
15584  0.235131
15616  0.235063
15648  0.234812
15680  0.234812
15712  0.234792
15744  0.234471
15776  0.234471
15808  0.234347
15840  0.234321
15872  0.234321
15904  0.234255
15936  0.234251
15968  0.234187
16000  0.234118
16032  0.233972
16064  0.233597
16096  0.233427
16128  0.233427
16160  0.233427
16192  0.233427
16224  0.233427
16256  0.232817
16288  0.232817
16320  0.232778
16352  0.232758
16384  0.232709
16416  0.232479
16448  0.232346
16480  0.232346
16512  0.232187
16544  0.232164
16576  0.232124
16608  0.231902
16640  0.231874
16672  0.231761
16704  0.231648
16736  0.231648
16768  0.231648
16800  0.231628
16832  0.231487
16864  0.23146
16896  0.230916
16928  0.230865
16960  0.230742
16992  0.230673
17024  0.230325
17056  0.230242
17088  0.230148
17120  0.229999
17152  0.229999
17184  0.229891
17216  0.229662
17248  0.229662
17280  0.2294
17312  0.229391
17344  0.229391
17376  0.22933
17408  0.22933
17440  0.22933
17472  0.22933
17504  0.229308
17536  0.229308
17568  0.229063
17600  0.229024
17632  0.229024
17664  0.228999
17696  0.228999
17728  0.228999
17760  0.228999
17792  0.228941
17824  0.228939
17856  0.228939
17888  0.228896
17920  0.228896
17952  0.228867
17984  0.228729
18016  0.228729
18048  0.228729
18080  0.228734
18112  0.228688
18144  0.228688
18176  0.228688
18208  0.228688
18240  0.228688
18272  0.228545
18304  0.228517
18336  0.228436
18368  0.228436
18400  0.228431
18432  0.228426
18464  0.228426
18496  0.228383
18528  0.22833
18560  0.228315
18592  0.228041
18624  0.228041
18656  0.22795
18688  0.227935
18720  0.227935
18752  0.227614
18784  0.227614
18816  0.227291
18848  0.227291
18880  0.22712
18912  0.22704
18944  0.226904
18976  0.226904
19008  0.22686
19040  0.22686
19072  0.22686
19104  0.226803
19136  0.226803
19168  0.22675
19200  0.226684
19232  0.226347
19264  0.226347
19296  0.226322
19328  0.226322
19360  0.226236
19392  0.22618
19424  0.225948
19456  0.225948
19488  0.22594
19520  0.225865
19552  0.225865
19584  0.225865
19616  0.225865
19648  0.225865
19680  0.225797
19712  0.225656
19744  0.225656
19776  0.225415
19808  0.225315
19840  0.225228
19872  0.225169
19904  0.225057
19936  0.225057
19968  0.225057
20000  0.225057
20032  0.225057
20064  0.225057
20096  0.225057
20128  0.2249
20160  0.224581
20192  0.224581
20224  0.224506
20256  0.224506
20288  0.224468
20320  0.224468
20352  0.224358
20384  0.224358
20416  0.224182
20448  0.224182
20480  0.224113
20512  0.224057
20544  0.224031
20576  0.224031
20608  0.224031
20640  0.223959
20672  0.223959
20704  0.223874
20736  0.223809
20768  0.223741
20800  0.223741
20832  0.223741
20864  0.223741
20896  0.223678
20928  0.223604
20960  0.223604
20992  0.223541
21024  0.223385
21056  0.223385
21088  0.223385
21120  0.223385
21152  0.223233
21184  0.223233
21216  0.223108
21248  0.223108
21280  0.223108
21312  0.222968
21344  0.222914
21376  0.222871
21408  0.22273
21440  0.22268
21472  0.22268
21504  0.222679
21536  0.222618
21568  0.22249
21600  0.222452
21632  0.221997
21664  0.221897
21696  0.221897
21728  0.221757
21760  0.221722
21792  0.221552
21824  0.221541
21856  0.221387
21888  0.221365
21920  0.221236
21952  0.221177
21984  0.220906
22016  0.220797
22048  0.220502
22080  0.220479
22112  0.220317
22144  0.220317
22176  0.220317
22208  0.220317
22240  0.220317
22272  0.220317
22304  0.220317
22336  0.220317
22368  0.220226
22400  0.220226
22432  0.219929
22464  0.219929
22496  0.219929
22528  0.219929
22560  0.219885
22592  0.219885
22624  0.219847
22656  0.219847
22688  0.219621
22720  0.219587
22752  0.219561
22784  0.219462
22816  0.219437
22848  0.219437
22880  0.219402
22912  0.219272
22944  0.219158
22976  0.219062
23008  0.218986
23040  0.218986
23072  0.218807
23104  0.218807
23136  0.218776
23168  0.218776
23200  0.218776
23232  0.218686
23264  0.21847
23296  0.21847
23328  0.21847
23360  0.21825
23392  0.218223
23424  0.218223
23456  0.218223
23488  0.218062
23520  0.218062
23552  0.218029
23584  0.218029
23616  0.217964
23648  0.217964
23680  0.217964
23712  0.21789
23744  0.217862
23776  0.217862
23808  0.217752
23840  0.217719
23872  0.217591
23904  0.217591
23936  0.217588
23968  0.217546
24000  0.217546
24032  0.217546
24064  0.217546
24096  0.217546
24128  0.217515
24160  0.217515
24192  0.217285
24224  0.216998
24256  0.216998
24288  0.216813
24320  0.216813
24352  0.216813
24384  0.216813
24416  0.216813
24448  0.216721
24480  0.216721
24512  0.216721
24544  0.216721
24576  0.216721
24608  0.216721
24640  0.216721
24672  0.216654
24704  0.216654
24736  0.216654
24768  0.216637
24800  0.216637
24832  0.216637
24864  0.216637
24896  0.216637
24928  0.216637
24960  0.216637
24992  0.216497
25024  0.216497
25056  0.216389
25088  0.216389
25120  0.216389
25152  0.216375
25184  0.216375
25216  0.216375
25248  0.216375
25280  0.216375
25312  0.216375
25344  0.216337
25376  0.216337
25408  0.216337
25440  0.216337
25472  0.216263
25504  0.216263
25536  0.216263
25568  0.216235
25600  0.216182
25632  0.216047
25664  0.216047
25696  0.216047
25728  0.216047
25760  0.21604
25792  0.21604
25824  0.21604
25856  0.21604
25888  0.215915
25920  0.215752
25952  0.215752
25984  0.215752
26016  0.215752
26048  0.215752
26080  0.215752
26112  0.215752
26144  0.215752
26176  0.215752
26208  0.215708
26240  0.215635
26272  0.215635
26304  0.215635
26336  0.215635
26368  0.215635
26400  0.215602
26432  0.215602
26464  0.215602
26496  0.215602
26528  0.215602
26560  0.215602
26592  0.215602
26624  0.215602
26656  0.215602
26688  0.215602
26720  0.215602
26752  0.215602
26784  0.215602
26816  0.215602
26848  0.215602
26880  0.215399
26912  0.215399
26944  0.215399
26976  0.215399
27008  0.215399
27040  0.215399
27072  0.215312
27104  0.215312
27136  0.215312
27168  0.215312
27200  0.215312
27232  0.215312
27264  0.215312
27296  0.215312
27328  0.215312
27360  0.215312
27392  0.215312
27424  0.215312
27456  0.215312
27488  0.215312
27520  0.215312
27552  0.215312
27584  0.215312
27616  0.215312
27648  0.215181
27680  0.215135
27712  0.215135
27744  0.215135
27776  0.215082
27808  0.215082
27840  0.215082
27872  0.215082
27904  0.215082
27936  0.215082
27968  0.215082
28000  0.215082
28032  0.215082
28064  0.215082
28096  0.215082
28128  0.215082
28160  0.215082
28192  0.215082
28224  0.215082
28256  0.215042
28288  0.215042
28320  0.215042
28352  0.215042
28384  0.215042
28416  0.215042
28448  0.214989
28480  0.214989
28512  0.214855
28544  0.214814
28576  0.214802
28608  0.214802
28640  0.214802
28672  0.214802
28704  0.214682
28736  0.214682
28768  0.214597
28800  0.214597
28832  0.214597
28864  0.214491
28896  0.214491
28928  0.214491
28960  0.214491
28992  0.214491
29024  0.21449
29056  0.21449
29088  0.21449
29120  0.214427
29152  0.214427
29184  0.214427
29216  0.214427
29248  0.214427
29280  0.214427
29312  0.214427
29344  0.214427
29376  0.214356
29408  0.214356
29440  0.214356
29472  0.214356
29504  0.214356
29536  0.214356
29568  0.214356
29600  0.214356
29632  0.214197
29664  0.214197
29696  0.214197
29728  0.214141
29760  0.214141
29792  0.214141
29824  0.214141
29856  0.214141
29888  0.214121
29920  0.214009
29952  0.214009
29984  0.214009
30016  0.214003
30048  0.214003
30080  0.214003
30112  0.214003
30144  0.214003
30176  0.214003
30208  0.213862
30240  0.213862
30272  0.213862
30304  0.213862
30336  0.213862
30368  0.213846
30400  0.213729
30432  0.213729
30464  0.213729
30496  0.213729
30528  0.213729
30560  0.213729
30592  0.213729
30624  0.213729
30656  0.213729
30688  0.213729
30720  0.213729
30752  0.213729
30784  0.213729
30816  0.213729
30848  0.213729
30880  0.213729
30912  0.213729
30944  0.213729
30976  0.213729
31008  0.213729
31040  0.213729
31072  0.213729
31104  0.213729
31136  0.213729
31168  0.213729
31200  0.213729
31232  0.213729
31264  0.213729
31296  0.213729
31328  0.213729
31360  0.213729
31392  0.213729
31424  0.213618
31456  0.213618
31488  0.213618
31520  0.213614
31552  0.213614
31584  0.213614
31616  0.213614
31648  0.21356
31680  0.21356
31712  0.21356
31744  0.21356
31776  0.21356
31808  0.21356
31840  0.21356
31872  0.21356
31904  0.21356
31936  0.21356
31968  0.21356
32000  0.213498
32032  0.213498
32064  0.213498
32096  0.213366
32128  0.213366
32160  0.213366
32192  0.213366
32224  0.213307
32256  0.213307
32288  0.213307
32320  0.213307
32352  0.213304
32384  0.213252
32416  0.213252
32448  0.213252
32480  0.213195
32512  0.213195
32544  0.213132
32576  0.213132
32608  0.213132
32640  0.213132
32672  0.213008
32704  0.213002
32736  0.213002
32768  0.213002
32800  0.213002
32832  0.212786
32864  0.212786
32896  0.212684
32928  0.212684
32960  0.212684
32992  0.212684
33024  0.212554
33056  0.212554
33088  0.212554
33120  0.212554
33152  0.212508
33184  0.212508
33216  0.212508
33248  0.212508
33280  0.212508
33312  0.212382
33344  0.212382
33376  0.212382
33408  0.212382
33440  0.212382
33472  0.212382
33504  0.212382
33536  0.212382
33568  0.212382
33600  0.212351
33632  0.212351
33664  0.212239
33696  0.212239
33728  0.212239
33760  0.212239
33792  0.212239
33824  0.212239
33856  0.212239
33888  0.212239
33920  0.212239
33952  0.212239
33984  0.212181
34016  0.212181
34048  0.212181
34080  0.212181
34112  0.212181
34144  0.212181
34176  0.212181
34208  0.212181
34240  0.212181
34272  0.212181
34304  0.212181
34336  0.212042
34368  0.212042
34400  0.212042
34432  0.212042
34464  0.212042
34496  0.212042
34528  0.212042
34560  0.212042
34592  0.21203
34624  0.21203
34656  0.21203
34688  0.21203
34720  0.21203
34752  0.21202
34784  0.21201
34816  0.211873
34848  0.211873
34880  0.211873
34912  0.211873
34944  0.211873
34976  0.211873
35008  0.211873
35040  0.211873
35072  0.211873
35104  0.211873
35136  0.211873
35168  0.211873
35200  0.211873
35232  0.211873
35264  0.211873
35296  0.211873
35328  0.211873
35360  0.211873
35392  0.211873
35424  0.211873
35456  0.211764
35488  0.211764
35520  0.211764
35552  0.211764
35584  0.211764
35616  0.211764
35648  0.211764
35680  0.211764
35712  0.211757
35744  0.211757
35776  0.211757
35808  0.211757
35840  0.211757
35872  0.211757
35904  0.211706
35936  0.211706
35968  0.211706
36000  0.211706
36032  0.211706
36064  0.211706
36096  0.211706
36128  0.211706
36160  0.211706
36192  0.211647
36224  0.211647
36256  0.21164
36288  0.21164
36320  0.21164
36352  0.21164
36384  0.21164
36416  0.21164
36448  0.211628
36480  0.211628
36512  0.211628
36544  0.211628
36576  0.211628
36608  0.211568
36640  0.211568
36672  0.211568
36704  0.211568
36736  0.211568
36768  0.211568
36800  0.211568
36832  0.211568
36864  0.211568
36896  0.211501
36928  0.211501
36960  0.211501
36992  0.211501
37024  0.211501
37056  0.211501
37088  0.211501
37120  0.211501
37152  0.211434
37184  0.211434
37216  0.211434
37248  0.211434
37280  0.211434
37312  0.211434
37344  0.211434
37376  0.211434
37408  0.211434
37440  0.211434
37472  0.211434
37504  0.211434
37536  0.211434
37568  0.211486
37600  0.211486
37632  0.211486
37664  0.211304
37696  0.211304
37728  0.211304
37760  0.211291
37792  0.211291
37824  0.211203
37856  0.211203
37888  0.211203
37920  0.211203
37952  0.211203
37984  0.211203
38016  0.211203
38048  0.211203
38080  0.211203
38112  0.211203
38144  0.211203
38176  0.211203
38208  0.211203
38240  0.211203
38272  0.211203
38304  0.211203
38336  0.211203
38368  0.211203
38400  0.211203
38432  0.211203
38464  0.211203
38496  0.211203
38528  0.211203
38560  0.211203
38592  0.211203
38624  0.211203
38656  0.211203
38688  0.211203
38720  0.211203
38752  0.211203
38784  0.211203
38816  0.211203
38848  0.211203
38880  0.211203
38912  0.211203
38944  0.211203
38976  0.211203
39008  0.211203
39040  0.21112
39072  0.21112
39104  0.21112
39136  0.21112
39168  0.21112
39200  0.21112
39232  0.21112
39264  0.21112
39296  0.21112
39328  0.21112
39360  0.21112
39392  0.21112
39424  0.21112
39456  0.21112
39488  0.21112
39520  0.21112
39552  0.21112
39584  0.21112
39616  0.21112
39648  0.21112
39680  0.21112
39712  0.21112
39744  0.21112
39776  0.21112
39808  0.21112
39840  0.211102
39872  0.211102
39904  0.211102
39936  0.211102
39968  0.211102
40000  0.211102
40032  0.211102
40064  0.211102
40096  0.211102
40128  0.211102
40160  0.211102
40192  0.211102
40224  0.211049
40256  0.211049
40288  0.211044
40320  0.211044
40352  0.211044
40384  0.211044
40416  0.211009
40448  0.211009
40480  0.211009
40512  0.211009
40544  0.211009
40576  0.211009
40608  0.211009
40640  0.211009
40672  0.211009
40704  0.211009
40736  0.211009
40768  0.211009
40800  0.210997
40832  0.210955
40864  0.210955
40896  0.210955
40928  0.210955
40960  0.210955
40992  0.210955
41024  0.210955
41056  0.210955
41088  0.210955
41120  0.210955
41152  0.210955
41184  0.210955
41216  0.210955
41248  0.210955
41280  0.210955
41312  0.210955
41344  0.210955
41376  0.210955
41408  0.210955
41440  0.210955
41472  0.210955
41504  0.210955
41536  0.210955
41568  0.210955
41600  0.210955
41632  0.210955
41664  0.210955
41696  0.210955
41728  0.210955
41760  0.210955
41792  0.210955
41824  0.210955
41856  0.210955
41888  0.211024
41920  0.211024
41952  0.211024
41984  0.21093
42016  0.21093
42048  0.21093
42080  0.21093
42112  0.21093
42144  0.210919
42176  0.210919
42208  0.210919
42240  0.210919
42272  0.210919
42304  0.210919
42336  0.210919
42368  0.210919
42400  0.210919
42432  0.210919
42464  0.210919
42496  0.210919
42528  0.210919
42560  0.210919
42592  0.210919
42624  0.210919
42656  0.210919
42688  0.210919
42720  0.210919
42752  0.210866
42784  0.210866
42816  0.210866
42848  0.210866
42880  0.210866
42912  0.210866
42944  0.210866
42976  0.210866
43008  0.210866
43040  0.210866
43072  0.210866
43104  0.210866
43136  0.210866
43168  0.210821
43200  0.210749
43232  0.210749
43264  0.210749
43296  0.210749
43328  0.210749
43360  0.210749
43392  0.210749
43424  0.210749
43456  0.210749
43488  0.210749
43520  0.210676
43552  0.210676
43584  0.210676
43616  0.210676
43648  0.210676
43680  0.210676
43712  0.210676
43744  0.210676
43776  0.210676
43808  0.210676
43840  0.210676
43872  0.210676
43904  0.210676
43936  0.210676
43968  0.210676
44000  0.210676
44032  0.210676
44064  0.210676
44096  0.210676
44128  0.210676
44160  0.210676
44192  0.210676
44224  0.210676
44256  0.210645
44288  0.210645
44320  0.210645
44352  0.210645
44384  0.210645
44416  0.210645
44448  0.210645
44480  0.210645
44512  0.210645
44544  0.210645
44576  0.210645
44608  0.210645
44640  0.210641
44672  0.210641
44704  0.210641
44736  0.210641
44768  0.210641
44800  0.210641
44832  0.210641
44864  0.210641
44896  0.210641
44928  0.210641
44960  0.210641
44992  0.210641
45024  0.210513
45056  0.210513
45088  0.210513
45120  0.210513
45152  0.210513
45184  0.210513
45216  0.210513
45248  0.210513
45280  0.210513
45312  0.210513
45344  0.210513
45376  0.210513
45408  0.210513
45440  0.210513
45472  0.210513
45504  0.210513
45536  0.210513
45568  0.210513
45600  0.210513
45632  0.210513
45664  0.210513
45696  0.210513
45728  0.210513
45760  0.210513
45792  0.210513
45824  0.210513
45856  0.210513
45888  0.210513
45920  0.210513
45952  0.210513
45984  0.210513
46016  0.210513
46048  0.210513
46080  0.210513
46112  0.210513
46144  0.210513
46176  0.210513
46208  0.210513
46240  0.210513
46272  0.210513
46304  0.210513
46336  0.210513
46368  0.210513
46400  0.210513
46432  0.210513
46464  0.210513
46496  0.210513
46528  0.210513
46560  0.210513
46592  0.210513
46624  0.210513
46656  0.210513
46688  0.210513
46720  0.210513
46752  0.210513
46784  0.210513
46816  0.210513
46848  0.210513
46880  0.210513
46912  0.210513
46944  0.210513
46976  0.210513
47008  0.210513
47040  0.210513
47072  0.210513
47104  0.210513
47136  0.210513
47168  0.210513
47200  0.210513
47232  0.210513
47264  0.210513
47296  0.210513
47328  0.210513
47360  0.210513
47392  0.210513
47424  0.210513
47456  0.210513
47488  0.210513
47520  0.210513
47552  0.210513
47584  0.210513
47616  0.210513
47648  0.210513
47680  0.210513
47712  0.210513
47744  0.210513
47776  0.210513
47808  0.210513
47840  0.210513
47872  0.210513
47904  0.210513
47936  0.210513
47968  0.210513
48000  0.210513
48032  0.210513
48064  0.210513
48096  0.210513
48128  0.210513
48160  0.210513
48192  0.210513
48224  0.210513
48256  0.210513
48288  0.210513
48320  0.210513
48352  0.210513
48384  0.210513
48416  0.210513
48448  0.210513
48480  0.210513
48512  0.210513
48544  0.210513
48576  0.210513
48608  0.210513
48640  0.210513
48672  0.210459
48704  0.210459
48736  0.210459
48768  0.210459
48800  0.210459
48832  0.210459
48864  0.210459
48896  0.210459
48928  0.210459
48960  0.210459
48992  0.210459
49024  0.210459
49056  0.210459
49088  0.210459
49120  0.210459
49152  0.210459
49184  0.210459
49216  0.210441
49248  0.210441
49280  0.210441
49312  0.210441
49344  0.210441
49376  0.210441
49408  0.210441
49440  0.210441
49472  0.210441
49504  0.210441
49536  0.210441
49568  0.210441
49600  0.210441
49632  0.210441
49664  0.210441
49696  0.210441
49728  0.210441
49760  0.210441
49792  0.210441
49824  0.210441
49856  0.210377
49888  0.210377
49920  0.210377
49952  0.210377
49984  0.210377
50016  0.210377
50048  0.210377
50080  0.210377
50112  0.210377
50144  0.210377
50176  0.210377
50208  0.210377
50240  0.210377
50272  0.210377
50304  0.210377
50336  0.210377
50368  0.210377
50400  0.210377
50432  0.210377
50464  0.210377
50496  0.210377
50528  0.210377
50560  0.210377
50592  0.210377
50624  0.210377
50656  0.210377
50688  0.210377
50720  0.210377
50752  0.210377
50784  0.210377
50816  0.210377
50848  0.210377
50880  0.210377
50912  0.210265
50944  0.210265
50976  0.210265
51008  0.210265
51040  0.210265
51072  0.210265
51104  0.210265
51136  0.210265
51168  0.210265
51200  0.210265
51232  0.210265
51264  0.210265
51296  0.210265
51328  0.210265
51360  0.210265
51392  0.210265
51424  0.210265
51456  0.210265
51488  0.210265
51520  0.210023
51552  0.210023
51584  0.210023
51616  0.210023
51648  0.210023
51680  0.210023
51712  0.210023
51744  0.210023
51776  0.210023
51808  0.210023
51840  0.210023
51872  0.210023
51904  0.210023
51936  0.210023
51968  0.210023
52000  0.210023
52032  0.210023
52064  0.210023
52096  0.209996
52128  0.209996
52160  0.209996
52192  0.209996
52224  0.209996
52256  0.209996
52288  0.209996
52320  0.209996
52352  0.209996
52384  0.209996
52416  0.209996
52448  0.209996
52480  0.209996
52512  0.209996
52544  0.209996
52576  0.209962
52608  0.209962
52640  0.209884
52672  0.209884
52704  0.209884
52736  0.209884
52768  0.209884
52800  0.209884
52832  0.209884
52864  0.209884
52896  0.209884
52928  0.209884
52960  0.209884
52992  0.209884
53024  0.209884
53056  0.209884
53088  0.209884
53120  0.209884
53152  0.209884
53184  0.209884
53216  0.209884
53248  0.209884
53280  0.209884
53312  0.209884
53344  0.209884
53376  0.209884
53408  0.209884
53440  0.209884
53472  0.209884
53504  0.209884
53536  0.209884
53568  0.209884
53600  0.209884
53632  0.209884
53664  0.209884
53696  0.209884
53728  0.209884
53760  0.209884
53792  0.209884
53824  0.209884
53856  0.209884
53888  0.209816
53920  0.209816
53952  0.209816
53984  0.209816
54016  0.209816
54048  0.209816
54080  0.209816
54112  0.209816
54144  0.209816
54176  0.209816
54208  0.209816
54240  0.209763
54272  0.209763
54304  0.209763
54336  0.209763
54368  0.209763
54400  0.209763
54432  0.209763
54464  0.209763
54496  0.209763
54528  0.209763
54560  0.209763
54592  0.209674
54624  0.209674
54656  0.209674
54688  0.209674
54720  0.209674
54752  0.209674
54784  0.209674
54816  0.209674
54848  0.209659
54880  0.209659
54912  0.209659
54944  0.209659
54976  0.209659
55008  0.209659
55040  0.209659
55072  0.209659
55104  0.209583
55136  0.209583
55168  0.209583
55200  0.209583
55232  0.209583
55264  0.209583
55296  0.209583
55328  0.209583
55360  0.209583
55392  0.209583
55424  0.209583
55456  0.209583
55488  0.209583
55520  0.209583
55552  0.209583
55584  0.209583
55616  0.209583
55648  0.209583
55680  0.209583
55712  0.209583
55744  0.209583
55776  0.209583
55808  0.209583
55840  0.209532
55872  0.209532
55904  0.209532
55936  0.209532
55968  0.209532
56000  0.209532
56032  0.209532
56064  0.209532
56096  0.209532
56128  0.209532
56160  0.209532
56192  0.209532
56224  0.209532
56256  0.209532
56288  0.209532
56320  0.209532
56352  0.209532
56384  0.209532
56416  0.209532
56448  0.209532
56480  0.209532
56512  0.209532
56544  0.209532
56576  0.209532
56608  0.209532
56640  0.209532
56672  0.209532
56704  0.209532
56736  0.209532
56768  0.209532
56800  0.209532
56832  0.209532
56864  0.209532
56896  0.209532
56928  0.209532
56960  0.209532
56992  0.209532
57024  0.209532
57056  0.209532
57088  0.209532
57120  0.209532
57152  0.209483
57184  0.209483
57216  0.209483
57248  0.209483
57280  0.209483
57312  0.209483
57344  0.209483
57376  0.209483
57408  0.209483
57440  0.209483
57472  0.209483
57504  0.209483
57536  0.209483
57568  0.209483
57600  0.209483
57632  0.209483
57664  0.209483
57696  0.20948
57728  0.20948
57760  0.20948
57792  0.209344
57824  0.209344
57856  0.209344
57888  0.209344
57920  0.209344
57952  0.209344
57984  0.209344
58016  0.209344
58048  0.209344
58080  0.209344
58112  0.209275
58144  0.209242
58176  0.209242
58208  0.209242
58240  0.209242
58272  0.209242
58304  0.209242
58336  0.209242
58368  0.209242
58400  0.209242
58432  0.209242
58464  0.209242
58496  0.209242
58528  0.209242
58560  0.209242
58592  0.209242
58624  0.209242
58656  0.209242
58688  0.209242
58720  0.209242
58752  0.209242
58784  0.209242
58816  0.209159
58848  0.209159
58880  0.209159
58912  0.209159
58944  0.209159
58976  0.209159
59008  0.209159
59040  0.209159
59072  0.209159
59104  0.209159
59136  0.209159
59168  0.209159
59200  0.209159
59232  0.209061
59264  0.209061
59296  0.209061
59328  0.209039
59360  0.209039
59392  0.209039
59424  0.209015
59456  0.209015
59488  0.209015
59520  0.209015
59552  0.209015
59584  0.209015
59616  0.209015
59648  0.209004
59680  0.209004
59712  0.209004
59744  0.209004
59776  0.20899
59808  0.20899
59840  0.20899
59872  0.20899
59904  0.20899
59936  0.20899
59968  0.20899
60000  0.20899
60032  0.20899
60064  0.20899
60096  0.208977
60128  0.208977
60160  0.208977
60192  0.208977
60224  0.208977
60256  0.208977
60288  0.208977
60320  0.208977
60352  0.208977
60384  0.208977
60416  0.208977
60448  0.208977
60480  0.208977
60512  0.208977
60544  0.208977
60576  0.208977
60608  0.208977
60640  0.208977
60672  0.208977
60704  0.208868
60736  0.208868
60768  0.208868
60800  0.208868
60832  0.208868
60864  0.208868
60896  0.208868
60928  0.208808
60960  0.208808
60992  0.208808
61024  0.208808
61056  0.208808
61088  0.208808
61120  0.208808
61152  0.208808
61184  0.208808
61216  0.208808
61248  0.208808
61280  0.208808
61312  0.208808
61344  0.208762
61376  0.208762
61408  0.208762
61440  0.208762
61472  0.208762
61504  0.208762
61536  0.208762
61568  0.208762
61600  0.208762
61632  0.208731
61664  0.208731
61696  0.208731
61728  0.208731
61760  0.208731
61792  0.208731
61824  0.208731
61856  0.208731
61888  0.208731
61920  0.208731
61952  0.208731
61984  0.208731
62016  0.208731
62048  0.208731
62080  0.208731
62112  0.208731
62144  0.208731
62176  0.208731
62208  0.208731
62240  0.208731
62272  0.208731
62304  0.208731
62336  0.208731
62368  0.208731
62400  0.208731
62432  0.208715
62464  0.208715
62496  0.208715
62528  0.208715
62560  0.208715
62592  0.208715
62624  0.208715
62656  0.208715
62688  0.208715
62720  0.208715
62752  0.208715
62784  0.208715
62816  0.208715
62848  0.208715
62880  0.208715
62912  0.20867
62944  0.20867
62976  0.20867
63008  0.20867
63040  0.20867
63072  0.20867
63104  0.20867
63136  0.20867
63168  0.20867
63200  0.20867
63232  0.208703
63264  0.208703
63296  0.208544
63328  0.208544
63360  0.208544
63392  0.208544
63424  0.208544
63456  0.208544
63488  0.208544
63520  0.208544
63552  0.208544
63584  0.208544
63616  0.208544
63648  0.208544
63680  0.208544
63712  0.208544
63744  0.208544
63776  0.208544
63808  0.208544
63840  0.208544
63872  0.208544
63904  0.208516
63936  0.208516
63968  0.208516
64000  0.208516
64032  0.208516
64064  0.208516
64096  0.208438
64128  0.208438
64160  0.208438
64192  0.208438
64224  0.208438
64256  0.208438
64288  0.208438
64320  0.208438
64352  0.208438
64384  0.208438
64416  0.208438
64448  0.208438
64480  0.208438
64512  0.208438
64544  0.208438
64576  0.208438
64608  0.208438
64640  0.208438
64672  0.208438
64704  0.208438
64736  0.208438
64768  0.208438
64800  0.208438
64832  0.208438
64864  0.208438
64896  0.208438
64928  0.208438
64960  0.208438
64992  0.208438
65024  0.208438
65056  0.208438
65088  0.208438
65120  0.208438
65152  0.208438
65184  0.208438
65216  0.208438
65248  0.208438
65280  0.208438
65312  0.208438
65344  0.208438
65376  0.208438
65408  0.208438
65440  0.208349
65472  0.208349
65504  0.208349
65536  0.208349
65568  0.208349
65600  0.208349
65632  0.208349
65664  0.208349
65696  0.208349
65728  0.208328
65760  0.208328
65792  0.208328
65824  0.208328
65856  0.208328
65888  0.208328
65920  0.208328
65952  0.208328
65984  0.208328
66016  0.208259
66048  0.208259
66080  0.208259
66112  0.208259
66144  0.208209
66176  0.208209
66208  0.208122
66240  0.208122
66272  0.208122
66304  0.208122
66336  0.208122
66368  0.208122
66400  0.208122
66432  0.208122
66464  0.208122
66496  0.208122
66528  0.208122
66560  0.208093
66592  0.208093
66624  0.208093
66656  0.208093
66688  0.208093
66720  0.208093
66752  0.208093
66784  0.208093
66816  0.208093
66848  0.208093
66880  0.208093
66912  0.208093
66944  0.208093
66976  0.208093
67008  0.208093
67040  0.208093
67072  0.208093
67104  0.208093
67136  0.208035
67168  0.208035
67200  0.208035
67232  0.208035
67264  0.208035
67296  0.208035
67328  0.208035
67360  0.208035
67392  0.208035
67424  0.208035
67456  0.208035
67488  0.208035
67520  0.208035
67552  0.208035
67584  0.208035
67616  0.208035
67648  0.208035
67680  0.208035
67712  0.208035
67744  0.208035
67776  0.208035
67808  0.208035
67840  0.208035
67872  0.208035
67904  0.208035
67936  0.208035
67968  0.208035
68000  0.208035
68032  0.208035
68064  0.208035
68096  0.208035
68128  0.208035
68160  0.208035
68192  0.208035
68224  0.208003
68256  0.208003
68288  0.208003
68320  0.208003
68352  0.208003
68384  0.208003
68416  0.208003
68448  0.208003
68480  0.208003
68512  0.208003
68544  0.208003
68576  0.208003
68608  0.208003
68640  0.208003
68672  0.208003
68704  0.208003
68736  0.208003
68768  0.208003
68800  0.208003
68832  0.208003
68864  0.208003
68896  0.208003
68928  0.208003
68960  0.208003
68992  0.208003
69024  0.207928
69056  0.207928
69088  0.207928
69120  0.207928
69152  0.207928
69184  0.207928
69216  0.207928
69248  0.207928
69280  0.207928
69312  0.207928
69344  0.207928
69376  0.207928
69408  0.207928
69440  0.207928
69472  0.207928
69504  0.207928
69536  0.207928
69568  0.207928
69600  0.207928
69632  0.207928
69664  0.207928
69696  0.207928
69728  0.207928
69760  0.207928
69792  0.207928
69824  0.207928
69856  0.207928
69888  0.207928
69920  0.207928
69952  0.207836
69984  0.207836
70016  0.207836
70048  0.207836
70080  0.207836
70112  0.207836
70144  0.207836
70176  0.207836
70208  0.207836
70240  0.207836
70272  0.207836
70304  0.207836
70336  0.207836
70368  0.207836
70400  0.207836
70432  0.207836
70464  0.207836
70496  0.207836
70528  0.207836
70560  0.207836
70592  0.207836
70624  0.207836
70656  0.207772
70688  0.207772
70720  0.207772
70752  0.207772
70784  0.20774
70816  0.20774
70848  0.20774
70880  0.20774
70912  0.20774
70944  0.20774
70976  0.20774
71008  0.20774
71040  0.20774
71072  0.20774
71104  0.20774
71136  0.20774
71168  0.20774
71200  0.20774
71232  0.20774
71264  0.20774
71296  0.20774
71328  0.20774
71360  0.20774
71392  0.20774
71424  0.20774
71456  0.20774
71488  0.20774
71520  0.20774
71552  0.20774
71584  0.20774
71616  0.20774
71648  0.20774
71680  0.20774
71712  0.20774
71744  0.20774
71776  0.20774
71808  0.20774
71840  0.20774
71872  0.20774
71904  0.20774
71936  0.20774
71968  0.20774
72000  0.20774
72032  0.20774
72064  0.20774
72096  0.20774
72128  0.20774
72160  0.20774
72192  0.20774
72224  0.20774
72256  0.20774
72288  0.20774
72320  0.20774
72352  0.20774
72384  0.20774
72416  0.20774
72448  0.20774
72480  0.207743
72512  0.207743
72544  0.207743
72576  0.207632
72608  0.207632
72640  0.207476
72672  0.207476
72704  0.207476
72736  0.207476
72768  0.207476
72800  0.207476
72832  0.207476
72864  0.207476
72896  0.207476
72928  0.207386
72960  0.207386
72992  0.207386
73024  0.207386
73056  0.207386
73088  0.207386
73120  0.207386
73152  0.207386
73184  0.207386
73216  0.207386
73248  0.207386
73280  0.207386
73312  0.207386
73344  0.207386
73376  0.207386
73408  0.207386
73440  0.207386
73472  0.207386
73504  0.207386
73536  0.207386
73568  0.207386
73600  0.207325
73632  0.207325
73664  0.207314
73696  0.207314
73728  0.207314
73760  0.207314
73792  0.207259
73824  0.207259
73856  0.207259
73888  0.207259
73920  0.207259
73952  0.20724
73984  0.20724
74016  0.20724
74048  0.20724
74080  0.20724
74112  0.20724
74144  0.20724
74176  0.20724
74208  0.20724
74240  0.20724
74272  0.20724
74304  0.20724
74336  0.20724
74368  0.20724
74400  0.20724
74432  0.20724
74464  0.20724
74496  0.20724
74528  0.207214
74560  0.207214
74592  0.207214
74624  0.207214
74656  0.207214
74688  0.207214
74720  0.207125
74752  0.207125
74784  0.207125
74816  0.207125
74848  0.207125
74880  0.207036
74912  0.206939
74944  0.206939
74976  0.206939
75008  0.206939
75040  0.206939
75072  0.206939
75104  0.206939
75136  0.206939
75168  0.206939
75200  0.206939
75232  0.206939
75264  0.206939
75296  0.206939
75328  0.206939
75360  0.206939
75392  0.206939
75424  0.206939
75456  0.206939
75488  0.206939
75520  0.206939
75552  0.206939
75584  0.206939
75616  0.206939
75648  0.206864
75680  0.206864
75712  0.206864
75744  0.206864
75776  0.206864
75808  0.206864
75840  0.206864
75872  0.206864
75904  0.206864
75936  0.206864
75968  0.206864
76000  0.206864
76032  0.206864
76064  0.206864
76096  0.206864
76128  0.206864
76160  0.206864
76192  0.206864
76224  0.206864
76256  0.206864
76288  0.206864
76320  0.206864
76352  0.206864
76384  0.206864
76416  0.206864
76448  0.206864
76480  0.206859
76512  0.206859
76544  0.206859
76576  0.206859
76608  0.206859
76640  0.206859
76672  0.206859
76704  0.206859
76736  0.206859
76768  0.206859
76800  0.206859
76832  0.206859
76864  0.206859
76896  0.206859
76928  0.206859
76960  0.206859
76992  0.206859
77024  0.206859
77056  0.206859
77088  0.206859
77120  0.206859
77152  0.206859
77184  0.206859
77216  0.206859
77248  0.206859
77280  0.206859
77312  0.206859
77344  0.206859
77376  0.206859
77408  0.206859
77440  0.206859
77472  0.206859
77504  0.206859
77536  0.206859
77568  0.206859
77600  0.206859
77632  0.206859
77664  0.206859
77696  0.206795
77728  0.206795
77760  0.206795
77792  0.206795
77824  0.206795
77856  0.206795
77888  0.206795
77920  0.206795
77952  0.206795
77984  0.206795
78016  0.206795
78048  0.206795
78080  0.206795
78112  0.206795
78144  0.206795
78176  0.206795
78208  0.206795
78240  0.206795
78272  0.206795
78304  0.206795
78336  0.206795
78368  0.206795
78400  0.206795
78432  0.206795
78464  0.206795
78496  0.206795
78528  0.206795
78560  0.206795
78592  0.206795
78624  0.206795
78656  0.206795
78688  0.206795
78720  0.206795
78752  0.206795
78784  0.206795
78816  0.206795
78848  0.206795
78880  0.206795
78912  0.206795
78944  0.206795
78976  0.206795
79008  0.206795
79040  0.206795
79072  0.206795
79104  0.206795
79136  0.206795
79168  0.206795
79200  0.206795
79232  0.206795
79264  0.206795
79296  0.206795
79328  0.206795
79360  0.206795
79392  0.206795
79424  0.206835
79456  0.206835
79488  0.206795
79520  0.206795
79552  0.206795
79584  0.206795
79616  0.206795
79648  0.206795
79680  0.206795
79712  0.206795
79744  0.206795
79776  0.206795
79808  0.206795
79840  0.206795
79872  0.206795
79904  0.206795
79936  0.206795
79968  0.206795
80000  0.206795
80032  0.206795
80064  0.206795
80096  0.206786
80128  0.206786
80160  0.206786
80192  0.206786
80224  0.206786
80256  0.206786
80288  0.206786
80320  0.206786
80352  0.206786
80384  0.206786
80416  0.206786
80448  0.206729
80480  0.206729
80512  0.206729
80544  0.206729
80576  0.206729
80608  0.206729
80640  0.206729
80672  0.206729
80704  0.206729
80736  0.206729
80768  0.206729
80800  0.206729
80832  0.206729
80864  0.206729
80896  0.206729
80928  0.206729
80960  0.206729
80992  0.206729
81024  0.206729
81056  0.206729
81088  0.206729
81120  0.206729
81152  0.206729
81184  0.206729
81216  0.206729
81248  0.206729
81280  0.206729
81312  0.206729
81344  0.206729
81376  0.206729
81408  0.206729
81440  0.206729
81472  0.206729
81504  0.206729
81536  0.206729
81568  0.206729
81600  0.206729
81632  0.206729
81664  0.206729
81696  0.206729
81728  0.206729
81760  0.206729
81792  0.206729
81824  0.206729
81856  0.206729
81888  0.206729
81920  0.206598
81952  0.206598
81984  0.206598
82016  0.206598
82048  0.206598
82080  0.206598
82112  0.206598
82144  0.206598
82176  0.206598
82208  0.206598
82240  0.206598
82272  0.206598
82304  0.206598
82336  0.206598
82368  0.206598
82400  0.206598
82432  0.206598
82464  0.206598
82496  0.206598
82528  0.206598
82560  0.206598
82592  0.206598
82624  0.206598
82656  0.206598
82688  0.206598
82720  0.206598
82752  0.206598
82784  0.206598
82816  0.206598
82848  0.206538
82880  0.206538
82912  0.206538
82944  0.206538
82976  0.206538
83008  0.206538
83040  0.206538
83072  0.206538
83104  0.206538
83136  0.206538
83168  0.206538
83200  0.206538
83232  0.206506
83264  0.206506
83296  0.206504
83328  0.206504
83360  0.206504
83392  0.206504
83424  0.206504
83456  0.206504
83488  0.206504
83520  0.206504
83552  0.206504
83584  0.206504
83616  0.206504
83648  0.206504
83680  0.206504
83712  0.206504
83744  0.206504
83776  0.206504
83808  0.206504
83840  0.206504
83872  0.206504
83904  0.206504
83936  0.206504
83968  0.206504
84000  0.206504
84032  0.206504
84064  0.206504
84096  0.206364
84128  0.206364
84160  0.206364
84192  0.206364
84224  0.206364
84256  0.20635
84288  0.20635
84320  0.20635
84352  0.20635
84384  0.20635
84416  0.20635
84448  0.20635
84480  0.20635
84512  0.20635
84544  0.20635
84576  0.20635
84608  0.20635
84640  0.20635
84672  0.20635
84704  0.20635
84736  0.20635
84768  0.20635
84800  0.20635
84832  0.20635
84864  0.20635
84896  0.20635
84928  0.20635
84960  0.20635
84992  0.20635
85024  0.20635
85056  0.20635
85088  0.20635
85120  0.20635
85152  0.20635
85184  0.20635
85216  0.20635
85248  0.20635
85280  0.20635
85312  0.20635
85344  0.20635
85376  0.20635
85408  0.20635
85440  0.20635
85472  0.20635
85504  0.20635
85536  0.20635
85568  0.20635
85600  0.20635
85632  0.20635
85664  0.20635
85696  0.20635
85728  0.20635
85760  0.20635
85792  0.20635
85824  0.20635
85856  0.20635
85888  0.20635
85920  0.20635
85952  0.20635
85984  0.20635
86016  0.20635
86048  0.20635
86080  0.20635
86112  0.20635
86144  0.20635
86176  0.20635
86208  0.20635
86240  0.20635
86272  0.20635
86304  0.20635
86336  0.20635
86368  0.20635
86400  0.20635
86432  0.20635
86464  0.20635
86496  0.20635
86528  0.20635
86560  0.20635
86592  0.20635
86624  0.206348
86656  0.206348
86688  0.206348
86720  0.206348
86752  0.206348
86784  0.206348
86816  0.206348
86848  0.206348
86880  0.206348
86912  0.206348
86944  0.206348
86976  0.206348
87008  0.206348
87040  0.206348
87072  0.206348
87104  0.206348
87136  0.206348
87168  0.206348
87200  0.20627
87232  0.20627
87264  0.20627
87296  0.20627
87328  0.20627
87360  0.20627
87392  0.20627
87424  0.20627
87456  0.20627
87488  0.20627
87520  0.20627
87552  0.20627
87584  0.20627
87616  0.20627
87648  0.20627
87680  0.20627
87712  0.20627
87744  0.20627
87776  0.20627
87808  0.20627
87840  0.20627
87872  0.20627
87904  0.20627
87936  0.206196
87968  0.206128
88000  0.206128
88032  0.206128
88064  0.206128
88096  0.206128
88128  0.206128
88160  0.206128
88192  0.206128
88224  0.206128
88256  0.206128
88288  0.206128
88320  0.206128
88352  0.206128
88384  0.206128
88416  0.206128
88448  0.206106
88480  0.206106
88512  0.206106
88544  0.206106
88576  0.206106
88608  0.206106
88640  0.206106
88672  0.206106
88704  0.206106
88736  0.206106
88768  0.206106
88800  0.206106
88832  0.206106
88864  0.206106
88896  0.206106
88928  0.206106
88960  0.206106
88992  0.206106
89024  0.206106
89056  0.206106
89088  0.206106
89120  0.206106
89152  0.206106
89184  0.206106
89216  0.206106
89248  0.206106
89280  0.206106
89312  0.206106
89344  0.206106
89376  0.206106
89408  0.206106
89440  0.206106
89472  0.206106
89504  0.206106
89536  0.206106
89568  0.206106
89600  0.206106
89632  0.206106
89664  0.206106
89696  0.206106
89728  0.206106
89760  0.206106
89792  0.206106
89824  0.206106
89856  0.206106
89888  0.206106
89920  0.206106
89952  0.206106
89984  0.206106
90016  0.206106
90048  0.206106
90080  0.206106
90112  0.206106
90144  0.206106
90176  0.206106
90208  0.206106
90240  0.206106
90272  0.206106
90304  0.206106
90336  0.206106
90368  0.206106
90400  0.206106
90432  0.206106
90464  0.206106
90496  0.206106
90528  0.206033
90560  0.206033
90592  0.206033
90624  0.206033
90656  0.206033
90688  0.206033
90720  0.206033
90752  0.206033
90784  0.206033
90816  0.206033
90848  0.206033
90880  0.206033
90912  0.206033
90944  0.206033
90976  0.206033
91008  0.206033
91040  0.206033
91072  0.206033
91104  0.206033
91136  0.206033
91168  0.206033
91200  0.206033
91232  0.206033
91264  0.206033
91296  0.206033
91328  0.206033
91360  0.206033
91392  0.206033
91424  0.206033
91456  0.206033
91488  0.206033
91520  0.206033
91552  0.206033
91584  0.206033
91616  0.206033
91648  0.206033
91680  0.206033
91712  0.206033
91744  0.206033
91776  0.206033
91808  0.206033
91840  0.206033
91872  0.206033
91904  0.206033
91936  0.206033
91968  0.206033
92000  0.206033
92032  0.206033
92064  0.206033
92096  0.206033
92128  0.206033
92160  0.206033
92192  0.206033
92224  0.206033
92256  0.206033
92288  0.206033
92320  0.206033
92352  0.206033
92384  0.206033
92416  0.206033
92448  0.206033
92480  0.206033
92512  0.206033
92544  0.206033
92576  0.206033
92608  0.206033
92640  0.206033
92672  0.206033
92704  0.206033
92736  0.206033
92768  0.206033
92800  0.206033
92832  0.206033
92864  0.206033
92896  0.206033
92928  0.206033
92960  0.206033
92992  0.206033
93024  0.206033
93056  0.206033
93088  0.206033
93120  0.206033
93152  0.206033
93184  0.206033
93216  0.206033
93248  0.206033
93280  0.206033
93312  0.206033
93344  0.206033
93376  0.206033
93408  0.206033
93440  0.206033
93472  0.206033
93504  0.206033
93536  0.206033
93568  0.206033
93600  0.206033
93632  0.206033
93664  0.206033
93696  0.206033
93728  0.206033
93760  0.206033
93792  0.206033
93824  0.206033
93856  0.206033
93888  0.206033
93920  0.206033
93952  0.206033
93984  0.206033
94016  0.206033
94048  0.206033
94080  0.206033
94112  0.206033
94144  0.206033
94176  0.206033
94208  0.206033
94240  0.206033
94272  0.206033
94304  0.206033
94336  0.206033
94368  0.206033
94400  0.206033
94432  0.206033
94464  0.206033
94496  0.206033
94528  0.206033
94560  0.206033
94592  0.206033
94624  0.206033
94656  0.206033
94688  0.206033
94720  0.206033
94752  0.206033
94784  0.206033
94816  0.206033
94848  0.206033
94880  0.206033
94912  0.206033
94944  0.206033
94976  0.206033
95008  0.206033
95040  0.206033
95072  0.206033
95104  0.206033
95136  0.206033
95168  0.206033
95200  0.206033
95232  0.206033
95264  0.206033
95296  0.206033
95328  0.206033
95360  0.206033
95392  0.206033
95424  0.206033
95456  0.206033
95488  0.206033
95520  0.206033
95552  0.206033
95584  0.206033
95616  0.206033
95648  0.206033
95680  0.206033
95712  0.206033
95744  0.206033
95776  0.206033
95808  0.206033
95840  0.206033
95872  0.206033
95904  0.206033
95936  0.206033
95968  0.206033
96000  0.206033
96032  0.206033
