Step  Penalty
50  0.559265
100  0.525361
150  0.51334
200  0.502653
250  0.4967
300  0.491084
350  0.486284
400  0.481548
450  0.480518
500  0.479267
550  0.475599
600  0.472001
650  0.469784
700  0.467057
750  0.464434
800  0.46218
850  0.460371
900  0.458888
950  0.45636
1000  0.452632
1050  0.450995
1100  0.449642
1150  0.446729
1200  0.444508
1250  0.443392
1300  0.441361
1350  0.439511
1400  0.436677
1450  0.434114
1500  0.432315
1550  0.430341
1600  0.428007
1650  0.426244
1700  0.42464
1750  0.421894
1800  0.420296
1850  0.418374
1900  0.416603
1950  0.414665
2000  0.412658
2050  0.409717
2100  0.407088
2150  0.404852
2200  0.400697
2250  0.399315
2300  0.397056
2350  0.395025
2400  0.393611
2450  0.391734
2500  0.389389
2550  0.388407
2600  0.388042
2650  0.386939
2700  0.386217
2750  0.384873
2800  0.38259
2850  0.381844
2900  0.380565
2950  0.379412
3000  0.377848
3050  0.377371
3100  0.376713
3150  0.375906
3200  0.374528
3250  0.373867
3300  0.372635
3350  0.372348
3400  0.371486
3450  0.370113
3500  0.369462
3550  0.369113
3600  0.368382
3650  0.368317
3700  0.367952
3750  0.367489
3800  0.36622
3850  0.365522
3900  0.364872
3950  0.363167
4000  0.36271
4050  0.361568
4100  0.360847
4150  0.360603
4200  0.359779
4250  0.359243
4300  0.358367
4350  0.35757
4400  0.356375
4450  0.354933
4500  0.352645
4550  0.352188
4600  0.350996
4650  0.35013
4700  0.349082
4750  0.348615
4800  0.347943
4850  0.347383
4900  0.347041
4950  0.346564
5000  0.345195
5050  0.344323
5100  0.343269
5150  0.342705
5200  0.342399
5250  0.342354
5300  0.342259
5350  0.341678
5400  0.341577
5450  0.341255
5500  0.340326
5550  0.339772
5600  0.339383
5650  0.339312
5700  0.338776
5750  0.338636
5800  0.338122
5850  0.337777
5900  0.337713
5950  0.33728
6000  0.337168
6050  0.336695
6100  0.336017
6150  0.335685
6200  0.334586
6250  0.334433
6300  0.333762
6350  0.333133
6400  0.332256
6450  0.332129
6500  0.331892
6550  0.331521
6600  0.331357
6650  0.330123
6700  0.329643
6750  0.329636
6800  0.329572
6850  0.329279
6900  0.328859
6950  0.328774
7000  0.328593
7050  0.328593
7100  0.328086
7150  0.328086
7200  0.327546
7250  0.327357
7300  0.327149
7350  0.326783
7400  0.326626
7450  0.326483
7500  0.326043
7550  0.326043
7600  0.325881
7650  0.325612
7700  0.325565
7750  0.325487
7800  0.325304
7850  0.325268
7900  0.324999
7950  0.324708
8000  0.324496
8050  0.324164
8100  0.323731
8150  0.323565
8200  0.322617
8250  0.32217
8300  0.322024
8350  0.321524
8400  0.321264
8450  0.321132
8500  0.320047
8550  0.319893
8600  0.319337
8650  0.319239
8700  0.318717
8750  0.31724
8800  0.317127
8850  0.317127
8900  0.316761
8950  0.316761
9000  0.316651
9050  0.315874
9100  0.315675
9150  0.315625
9200  0.315261
9250  0.315238
9300  0.315193
9350  0.315193
9400  0.31466
9450  0.314252
9500  0.313782
9550  0.31307
9600  0.312865
9650  0.312772
9700  0.311984
9750  0.311895
9800  0.311702
9850  0.311633
9900  0.311368
9950  0.311366
10000  0.311366
10050  0.311228
10100  0.31115
10150  0.310959
10200  0.310953
10250  0.310576
10300  0.31035
10350  0.310183
10400  0.310183
10450  0.310145
10500  0.310019
10550  0.309988
10600  0.309693
10650  0.309575
10700  0.309176
10750  0.309176
10800  0.309176
10850  0.309176
10900  0.3089
10950  0.3089
11000  0.308873
11050  0.308653
11100  0.308653
11150  0.308653
11200  0.308653
11250  0.308653
11300  0.308653
11350  0.308511
11400  0.308377
11450  0.307955
11500  0.30777
11550  0.30768
11600  0.307577
11650  0.307513
11700  0.307044
11750  0.306901
11800  0.306675
11850  0.306675
11900  0.306369
11950  0.30604
12000  0.30604
12050  0.305875
12100  0.305771
12150  0.305741
12200  0.305731
12250  0.305683
12300  0.305539
12350  0.305311
12400  0.304988
12450  0.304831
12500  0.304784
12550  0.304424
12600  0.304424
12650  0.304424
12700  0.304316
12750  0.304282
12800  0.303955
12850  0.303812
12900  0.303774
12950  0.303418
13000  0.302772
13050  0.302681
13100  0.302681
13150  0.302667
13200  0.302556
13250  0.302337
13300  0.30227
13350  0.302022
13400  0.301994
13450  0.30149
13500  0.301363
13550  0.301264
13600  0.301028
13650  0.300963
13700  0.300963
13750  0.30071
13800  0.300574
13850  0.300512
13900  0.300512
13950  0.300442
14000  0.300262
14050  0.300262
14100  0.300262
14150  0.300164
14200  0.300079
14250  0.299937
14300  0.299838
14350  0.299608
14400  0.299614
14450  0.299614
14500  0.299614
14550  0.299614
14600  0.29947
14650  0.299378
14700  0.299292
14750  0.299208
14800  0.298933
14850  0.29873
14900  0.298578
14950  0.298461
15000  0.298405
15050  0.298172
15100  0.298172
15150  0.29815
15200  0.298055
15250  0.298055
15300  0.297972
15350  0.297751
15400  0.297664
15450  0.297664
15500  0.297287
15550  0.297273
15600  0.297056
15650  0.296685
15700  0.296685
15750  0.296685
15800  0.296634
15850  0.296479
15900  0.296479
15950  0.296455
16000  0.296352
16050  0.296352
16100  0.295927
16150  0.29576
16200  0.29576
16250  0.29576
16300  0.29576
16350  0.29576
16400  0.295724
16450  0.295415
16500  0.295272
16550  0.295233
16600  0.295233
16650  0.295233
16700  0.295212
16750  0.295017
16800  0.294993
16850  0.294993
16900  0.294993
16950  0.294846
17000  0.294846
17050  0.294765
17100  0.294765
17150  0.294753
17200  0.29467
17250  0.294613
17300  0.294273
17350  0.294273
17400  0.294138
17450  0.294138
17500  0.293789
17550  0.293789
17600  0.293738
17650  0.293483
17700  0.293483
17750  0.293375
17800  0.293254
17850  0.293111
17900  0.29306
17950  0.292976
18000  0.292906
18050  0.292851
18100  0.292841
18150  0.292822
18200  0.292535
18250  0.292535
18300  0.292077
18350  0.292077
18400  0.292077
18450  0.291722
18500  0.291446
18550  0.291418
18600  0.291342
18650  0.291125
18700  0.291125
18750  0.291125
18800  0.29072
18850  0.290665
18900  0.29047
18950  0.290241
19000  0.290167
19050  0.289976
19100  0.28988
19150  0.28988
19200  0.289831
19250  0.289806
19300  0.289731
19350  0.289731
19400  0.289731
19450  0.28969
19500  0.289645
19550  0.289645
19600  0.289518
19650  0.289454
19700  0.289453
19750  0.28934
19800  0.28934
19850  0.28934
19900  0.28934
19950  0.289276
20000  0.289226
20050  0.289091
20100  0.289064
20150  0.289064
20200  0.289064
20250  0.289054
20300  0.288996
20350  0.288936
20400  0.288936
20450  0.288791
20500  0.288727
20550  0.288439
20600  0.288354
20650  0.288384
20700  0.288354
20750  0.288354
20800  0.288287
20850  0.288287
20900  0.288287
20950  0.288287
21000  0.288014
21050  0.287853
21100  0.287853
21150  0.287751
21200  0.287741
21250  0.287718
21300  0.287718
21350  0.287714
21400  0.287714
21450  0.287714
21500  0.287714
21550  0.287714
21600  0.287714
21650  0.287714
21700  0.287686
21750  0.287678
21800  0.287446
21850  0.287236
21900  0.287236
21950  0.287236
22000  0.2872
22050  0.2872
22100  0.2872
22150  0.2872
22200  0.2872
22250  0.287035
22300  0.287035
22350  0.287035
22400  0.287035
22450  0.287029
22500  0.287029
22550  0.287029
22600  0.28676
22650  0.28676
22700  0.286725
22750  0.286725
22800  0.286725
22850  0.286619
22900  0.286619
22950  0.286619
23000  0.286619
23050  0.286619
23100  0.286619
23150  0.286418
23200  0.286418
23250  0.286418
23300  0.286418
23350  0.286418
23400  0.286418
23450  0.286386
23500  0.286328
23550  0.286328
23600  0.286328
23650  0.286328
23700  0.286328
23750  0.286297
23800  0.286297
23850  0.286297
23900  0.286219
23950  0.286219
24000  0.286219
24050  0.286033
24100  0.285956
24150  0.285914
24200  0.285914
24250  0.285914
24300  0.285914
24350  0.285774
24400  0.285489
24450  0.285489
24500  0.285489
24550  0.285489
24600  0.285489
24650  0.285489
24700  0.285489
24750  0.285411
24800  0.285411
24850  0.285411
24900  0.285411
24950  0.285411
25000  0.285411
25050  0.285358
25100  0.285358
25150  0.285358
25200  0.285358
25250  0.285119
25300  0.285119
25350  0.285119
25400  0.285119
25450  0.28499
25500  0.28499
25550  0.284977
25600  0.284977
25650  0.284977
25700  0.284977
25750  0.284977
25800  0.284977
25850  0.284977
25900  0.284865
25950  0.284865
26000  0.284843
26050  0.284843
26100  0.284778
26150  0.284657
26200  0.284613
26250  0.284613
26300  0.284613
26350  0.284613
26400  0.284613
26450  0.284613
26500  0.284613
26550  0.284613
26600  0.284613
26650  0.284613
26700  0.284369
26750  0.284342
26800  0.284342
26850  0.284338
26900  0.284286
26950  0.284286
27000  0.284286
27050  0.284286
27100  0.284286
27150  0.284286
27200  0.284095
27250  0.284022
27300  0.284022
27350  0.28387
27400  0.283788
27450  0.283788
27500  0.283788
27550  0.283578
27600  0.283578
27650  0.283578
27700  0.283578
27750  0.283578
27800  0.283578
27850  0.283578
27900  0.283578
27950  0.283578
28000  0.283483
28050  0.283483
28100  0.283483
28150  0.283454
28200  0.283454
28250  0.283454
28300  0.283399
28350  0.283298
28400  0.283298
28450  0.283005
28500  0.283005
28550  0.283005
28600  0.282989
28650  0.282989
28700  0.282764
28750  0.282728
28800  0.282728
28850  0.282728
28900  0.282728
28950  0.2826
29000  0.2826
29050  0.2826
29100  0.2826
29150  0.2826
29200  0.2826
29250  0.2826
29300  0.2826
29350  0.2826
29400  0.2826
29450  0.2826
29500  0.2826
29550  0.2826
29600  0.282493
29650  0.282493
29700  0.282425
29750  0.282425
29800  0.282425
29850  0.282425
29900  0.282009
29950  0.281917
30000  0.281793
30050  0.281754
30100  0.281693
30150  0.281693
30200  0.281693
30250  0.281693
30300  0.281575
30350  0.281429
30400  0.281429
30450  0.281429
30500  0.281429
30550  0.281429
30600  0.281429
30650  0.281429
30700  0.281429
30750  0.281429
30800  0.281429
30850  0.281429
30900  0.281429
30950  0.281429
31000  0.281429
31050  0.281429
31100  0.281386
31150  0.281386
31200  0.281354
31250  0.281354
31300  0.281354
31350  0.281328
31400  0.281328
31450  0.281328
31500  0.281328
31550  0.281328
31600  0.281328
31650  0.281328
31700  0.281248
31750  0.281248
31800  0.281248
31850  0.281248
31900  0.28123
31950  0.28123
32000  0.281101
32050  0.281074
32100  0.281074
32150  0.281074
32200  0.280885
32250  0.280865
32300  0.280865
32350  0.280865
32400  0.280865
32450  0.280847
32500  0.280847
32550  0.280847
32600  0.280847
32650  0.280731
32700  0.280731
32750  0.280731
32800  0.280731
32850  0.280731
32900  0.280731
32950  0.280698
33000  0.280698
33050  0.280698
33100  0.280698
33150  0.280698
33200  0.280698
33250  0.28064
33300  0.28064
33350  0.28064
33400  0.28064
33450  0.28055
33500  0.28055
33550  0.28055
33600  0.280496
33650  0.280456
33700  0.280456
33750  0.280456
33800  0.280456
33850  0.280456
33900  0.280456
33950  0.280456
34000  0.280456
34050  0.280456
34100  0.280456
34150  0.280401
34200  0.280359
34250  0.280359
34300  0.280359
34350  0.280287
34400  0.280287
34450  0.280249
34500  0.280201
34550  0.280201
34600  0.280201
34650  0.280201
34700  0.280201
34750  0.279914
34800  0.279914
34850  0.279914
34900  0.279816
34950  0.279767
35000  0.279691
35050  0.279691
35100  0.279691
35150  0.279691
35200  0.279691
35250  0.279682
35300  0.279621
35350  0.279621
35400  0.279621
35450  0.279621
35500  0.279621
35550  0.279621
35600  0.279621
35650  0.279621
35700  0.279621
35750  0.279449
35800  0.279359
35850  0.279359
35900  0.279359
35950  0.279359
36000  0.279359
36050  0.279359
36100  0.279359
36150  0.279359
36200  0.279359
36250  0.279336
36300  0.279336
36350  0.27911
36400  0.27911
36450  0.279033
36500  0.279028
36550  0.279028
36600  0.278891
36650  0.278891
36700  0.278891
36750  0.27881
36800  0.278743
36850  0.278692
36900  0.278692
36950  0.278692
37000  0.278692
37050  0.278692
37100  0.278692
37150  0.278692
37200  0.278692
37250  0.278692
37300  0.278692
37350  0.278692
37400  0.278673
37450  0.278673
37500  0.278616
37550  0.278616
37600  0.278616
37650  0.278616
37700  0.278616
37750  0.278487
37800  0.278437
37850  0.278437
37900  0.278285
37950  0.278218
38000  0.278218
38050  0.278218
38100  0.278147
38150  0.278117
38200  0.278084
38250  0.278084
38300  0.278084
38350  0.278084
38400  0.278084
38450  0.278084
38500  0.278084
38550  0.278084
38600  0.278084
38650  0.277852
38700  0.277852
38750  0.277698
38800  0.277698
38850  0.277698
38900  0.277698
38950  0.277698
39000  0.277698
39050  0.277698
39100  0.277607
39150  0.277607
39200  0.277557
39250  0.277524
39300  0.277524
39350  0.277423
39400  0.277423
39450  0.277423
39500  0.277423
39550  0.27731
39600  0.27731
39650  0.27731
39700  0.27731
39750  0.27731
39800  0.27723
39850  0.27723
39900  0.27723
39950  0.27723
40000  0.277194
40050  0.277194
40100  0.277194
40150  0.277194
40200  0.277192
40250  0.277185
40300  0.277143
40350  0.277143
40400  0.277143
40450  0.277143
40500  0.277016
40550  0.277016
40600  0.276983
40650  0.276983
40700  0.276983
40750  0.276968
40800  0.276968
40850  0.276968
40900  0.276968
40950  0.276968
41000  0.276889
41050  0.276889
41100  0.276889
41150  0.276889
41200  0.276889
41250  0.276889
41300  0.276889
41350  0.276889
41400  0.276889
41450  0.276889
41500  0.276829
41550  0.276829
41600  0.276829
41650  0.276829
41700  0.27672
41750  0.27672
41800  0.27672
41850  0.27672
41900  0.27672
41950  0.27672
42000  0.27672
42050  0.27672
42100  0.27672
42150  0.276688
42200  0.276688
42250  0.276688
42300  0.276688
42350  0.276688
42400  0.276688
42450  0.276688
42500  0.276688
42550  0.276577
42600  0.276526
42650  0.276526
42700  0.276503
42750  0.276503
42800  0.276432
42850  0.276432
42900  0.276432
42950  0.276432
43000  0.276407
43050  0.276407
43100  0.276407
43150  0.276407
43200  0.27637
43250  0.276344
43300  0.276344
43350  0.276222
43400  0.276222
43450  0.276222
43500  0.276222
43550  0.276222
43600  0.276189
43650  0.276189
43700  0.276189
43750  0.276189
43800  0.276189
43850  0.276189
43900  0.276189
43950  0.276189
44000  0.276189
44050  0.276189
44100  0.276189
44150  0.276189
44200  0.276088
44250  0.275973
44300  0.275973
44350  0.275973
44400  0.275973
44450  0.275852
44500  0.275852
44550  0.275852
44600  0.275852
44650  0.275852
44700  0.275852
44750  0.275852
44800  0.275852
44850  0.275852
44900  0.275852
44950  0.275852
45000  0.275852
45050  0.275852
45100  0.275852
45150  0.275852
45200  0.275852
45250  0.275822
45300  0.275806
45350  0.275762
45400  0.275694
45450  0.275694
45500  0.275694
45550  0.275694
45600  0.275671
45650  0.275671
45700  0.275474
45750  0.275474
45800  0.275474
45850  0.275474
45900  0.27536
45950  0.27536
46000  0.27536
46050  0.27536
46100  0.275345
46150  0.275345
46200  0.275142
46250  0.275054
46300  0.275044
46350  0.275044
46400  0.275044
46450  0.275044
46500  0.275044
46550  0.275044
46600  0.275044
46650  0.275044
46700  0.275044
46750  0.275044
46800  0.275044
46850  0.275044
46900  0.275044
46950  0.274993
47000  0.274913
47050  0.274804
47100  0.274804
47150  0.274804
47200  0.274804
47250  0.274757
47300  0.274757
47350  0.274757
47400  0.274757
47450  0.274757
47500  0.274757
47550  0.274757
47600  0.274749
47650  0.274749
47700  0.274749
47750  0.274749
47800  0.274749
47850  0.274699
47900  0.274699
47950  0.274699
48000  0.274577
48050  0.274577
48100  0.274577
48150  0.274521
48200  0.274521
48250  0.274521
48300  0.274521
48350  0.274521
48400  0.274521
48450  0.274521
48500  0.274521
48550  0.274521
48600  0.274521
48650  0.274521
48700  0.274521
48750  0.274521
48800  0.274521
48850  0.274521
48900  0.274447
48950  0.274447
49000  0.274389
49050  0.274389
49100  0.274389
49150  0.274371
49200  0.274371
49250  0.274371
49300  0.274371
49350  0.274371
49400  0.274371
49450  0.274371
49500  0.274341
49550  0.27434
49600  0.274238
49650  0.274169
49700  0.274169
49750  0.274169
49800  0.274169
49850  0.274169
49900  0.274169
49950  0.274169
50000  0.274119
50050  0.274065
50100  0.274065
50150  0.274065
50200  0.274065
50250  0.274065
50300  0.274065
50350  0.274065
50400  0.274065
50450  0.274065
50500  0.27395
50550  0.27395
50600  0.27395
50650  0.27395
50700  0.27395
50750  0.27395
50800  0.27395
50850  0.27395
50900  0.27395
50950  0.27395
51000  0.27395
51050  0.273523
51100  0.273523
51150  0.273523
51200  0.273523
51250  0.273523
51300  0.273523
51350  0.273523
51400  0.273456
51450  0.273456
51500  0.273456
51550  0.273456
51600  0.273456
51650  0.273456
51700  0.273456
51750  0.273456
51800  0.273456
51850  0.273456
51900  0.273456
51950  0.273456
52000  0.273456
52050  0.273456
52100  0.273456
52150  0.27327
52200  0.27327
52250  0.27327
52300  0.27327
52350  0.273241
52400  0.273241
52450  0.273241
52500  0.273241
52550  0.273241
52600  0.273241
52650  0.273241
52700  0.273241
52750  0.273147
52800  0.273147
52850  0.273147
52900  0.273147
52950  0.273147
53000  0.273147
53050  0.273147
53100  0.273147
53150  0.273082
53200  0.273055
53250  0.273055
53300  0.273055
53350  0.27305
53400  0.27305
53450  0.27305
53500  0.272959
53550  0.272959
53600  0.272959
53650  0.272959
53700  0.272919
53750  0.272919
53800  0.272902
53850  0.272902
53900  0.272902
53950  0.272902
54000  0.272902
54050  0.272902
54100  0.272902
54150  0.272822
54200  0.272822
54250  0.272822
54300  0.272822
54350  0.272822
54400  0.272822
54450  0.272822
54500  0.272822
54550  0.272822
54600  0.272822
54650  0.272822
54700  0.272624
54750  0.272624
54800  0.272624
54850  0.272576
54900  0.272576
54950  0.272576
55000  0.272576
55050  0.27251
55100  0.27251
55150  0.272408
55200  0.272408
55250  0.272408
55300  0.272408
55350  0.272408
55400  0.272408
55450  0.272408
55500  0.272408
55550  0.272408
55600  0.272408
55650  0.272408
55700  0.272408
55750  0.272408
55800  0.272349
55850  0.272349
55900  0.272349
55950  0.272349
56000  0.272349
56050  0.272349
56100  0.272317
56150  0.272317
56200  0.272317
56250  0.272317
56300  0.272317
56350  0.272277
56400  0.272227
56450  0.272227
56500  0.272227
56550  0.272195
56600  0.272195
56650  0.272195
56700  0.272195
56750  0.272195
56800  0.272195
56850  0.272195
56900  0.272195
56950  0.272195
57000  0.272195
57050  0.272195
57100  0.272195
57150  0.272195
57200  0.272195
57250  0.272195
57300  0.272195
57350  0.272195
57400  0.272195
57450  0.272195
57500  0.272195
57550  0.272195
57600  0.272195
57650  0.272195
57700  0.272195
57750  0.272195
57800  0.272195
57850  0.272125
57900  0.272125
57950  0.272046
58000  0.272046
58050  0.272046
58100  0.272046
58150  0.272046
58200  0.272046
58250  0.272046
58300  0.271975
58350  0.271947
58400  0.271947
58450  0.271947
58500  0.271947
58550  0.271947
58600  0.271947
58650  0.271947
58700  0.271947
58750  0.271947
58800  0.271947
58850  0.271812
58900  0.271812
58950  0.271812
59000  0.271812
59050  0.271812
59100  0.271812
59150  0.271812
59200  0.271812
59250  0.271812
59300  0.271812
59350  0.271812
59400  0.271812
59450  0.271812
59500  0.271812
59550  0.271812
59600  0.271812
59650  0.271812
59700  0.271792
59750  0.271792
59800  0.271792
59850  0.271792
59900  0.271792
59950  0.271792
60000  0.271792
60050  0.271792
60100  0.271792
60150  0.271779
60200  0.271779
60250  0.271779
60300  0.271779
60350  0.271779
60400  0.271743
60450  0.271743
60500  0.271588
60550  0.271588
60600  0.271588
60650  0.271588
60700  0.271588
60750  0.271588
60800  0.271588
60850  0.271588
60900  0.271588
60950  0.271588
61000  0.271588
61050  0.271588
61100  0.271561
61150  0.271561
61200  0.271499
61250  0.271499
61300  0.271499
61350  0.271499
61400  0.271499
61450  0.271499
61500  0.271499
61550  0.271476
61600  0.271326
61650  0.271326
61700  0.271326
61750  0.271326
61800  0.271326
61850  0.271326
61900  0.271326
61950  0.271326
62000  0.271326
62050  0.271326
62100  0.271326
62150  0.271307
62200  0.271307
62250  0.271283
62300  0.271283
62350  0.271283
62400  0.271283
62450  0.271283
62500  0.271283
62550  0.271283
62600  0.271283
62650  0.271283
62700  0.271283
62750  0.271283
62800  0.271283
62850  0.271283
62900  0.271283
62950  0.271283
63000  0.271283
63050  0.271283
63100  0.271283
63150  0.271215
63200  0.271215
63250  0.271215
63300  0.271215
63350  0.271215
63400  0.271215
63450  0.271215
63500  0.271215
63550  0.271215
63600  0.271215
63650  0.271215
63700  0.271215
63750  0.271215
63800  0.271215
63850  0.271215
63900  0.271215
63950  0.271215
64000  0.271215
64050  0.271215
64100  0.271215
64150  0.271215
64200  0.271215
64250  0.271215
64300  0.271215
64350  0.271215
64400  0.271215
64450  0.271215
64500  0.271215
64550  0.271215
64600  0.271215
64650  0.271215
64700  0.271215
64750  0.271207
64800  0.271156
64850  0.271156
64900  0.271156
64950  0.271156
65000  0.271022
65050  0.271022
65100  0.271022
65150  0.271022
65200  0.271022
65250  0.271022
65300  0.271022
65350  0.271022
65400  0.271022
65450  0.271022
65500  0.271022
65550  0.271022
65600  0.271022
65650  0.271022
65700  0.271022
65750  0.271022
65800  0.271022
65850  0.271022
65900  0.271022
65950  0.271022
66000  0.271022
66050  0.271022
66100  0.271022
66150  0.270968
66200  0.270968
66250  0.270968
66300  0.270968
66350  0.270968
66400  0.270968
66450  0.270968
66500  0.270968
66550  0.270968
66600  0.270968
66650  0.270968
66700  0.270968
66750  0.270968
66800  0.270968
66850  0.270968
66900  0.270968
66950  0.270968
67000  0.270968
67050  0.270968
67100  0.270968
67150  0.270968
67200  0.270968
67250  0.270968
67300  0.270968
67350  0.270968
67400  0.270968
67450  0.270968
67500  0.270885
67550  0.270885
67600  0.270823
67650  0.270823
67700  0.270823
67750  0.270815
67800  0.270815
67850  0.270815
67900  0.270815
67950  0.270815
68000  0.270815
68050  0.270815
68100  0.270796
68150  0.270796
68200  0.270796
68250  0.270796
68300  0.270796
68350  0.270796
68400  0.270796
68450  0.270796
68500  0.270796
68550  0.270796
68600  0.270796
68650  0.270796
68700  0.270796
68750  0.270796
68800  0.270796
68850  0.270796
68900  0.270796
68950  0.270796
69000  0.270783
69050  0.270783
69100  0.270783
69150  0.270783
69200  0.270783
69250  0.270783
69300  0.270783
69350  0.270783
69400  0.270783
69450  0.270783
69500  0.270783
69550  0.270783
69600  0.270783
69650  0.270666
69700  0.270666
69750  0.270666
69800  0.270666
69850  0.270666
69900  0.270666
69950  0.270666
70000  0.270659
70050  0.270659
70100  0.270659
70150  0.270659
70200  0.270659
70250  0.270659
70300  0.270659
70350  0.270659
70400  0.270659
70450  0.270506
70500  0.270506
70550  0.270506
70600  0.270506
70650  0.270487
70700  0.270487
70750  0.270487
70800  0.270487
70850  0.270487
70900  0.270487
70950  0.270487
71000  0.270487
71050  0.270487
71100  0.270487
71150  0.270487
71200  0.270487
71250  0.270487
71300  0.270487
71350  0.270487
71400  0.270487
71450  0.270487
71500  0.270487
71550  0.270487
71600  0.270487
71650  0.270487
71700  0.270487
71750  0.270487
71800  0.270487
71850  0.270487
71900  0.270487
71950  0.270487
72000  0.270487
72050  0.270487
72100  0.2704
72150  0.270326
72200  0.270317
72250  0.270317
72300  0.270317
72350  0.270317
72400  0.270317
72450  0.270317
72500  0.270317
72550  0.270317
72600  0.270317
72650  0.270317
72700  0.270317
72750  0.270317
72800  0.270317
72850  0.270317
72900  0.270317
72950  0.270317
73000  0.270317
73050  0.270317
73100  0.270317
73150  0.270317
73200  0.270268
73250  0.270268
73300  0.270268
73350  0.270268
73400  0.270191
73450  0.270191
73500  0.270191
73550  0.270191
73600  0.270191
73650  0.270183
73700  0.270183
73750  0.270183
73800  0.270183
73850  0.270183
73900  0.270183
73950  0.270183
74000  0.270183
74050  0.270183
74100  0.270121
74150  0.270121
74200  0.270121
74250  0.270121
74300  0.270121
74350  0.270121
74400  0.270121
74450  0.270121
74500  0.270121
74550  0.270121
74600  0.270121
74650  0.270121
74700  0.270121
74750  0.270121
74800  0.270121
74850  0.270121
74900  0.270121
74950  0.270121
75000  0.270121
75050  0.270121
75100  0.270121
75150  0.270121
75200  0.270121
75250  0.270121
75300  0.270121
75350  0.270121
75400  0.270121
75450  0.270121
75500  0.270121
75550  0.270121
75600  0.270121
75650  0.270121
75700  0.270121
75750  0.270121
75800  0.270121
75850  0.270121
75900  0.270121
75950  0.270121
76000  0.270121
76050  0.270121
76100  0.270121
76150  0.270004
76200  0.270004
76250  0.270004
76300  0.270004
76350  0.270004
76400  0.270004
76450  0.270004
76500  0.270004
76550  0.270004
76600  0.270004
76650  0.270004
76700  0.270004
76750  0.270004
76800  0.270004
76850  0.270004
76900  0.270004
76950  0.270004
77000  0.270004
77050  0.270004
77100  0.270004
77150  0.270004
77200  0.270004
77250  0.270004
77300  0.270004
77350  0.270004
77400  0.270004
77450  0.270004
77500  0.270004
77550  0.269982
77600  0.269982
77650  0.269982
77700  0.269982
77750  0.269982
77800  0.269936
77850  0.269936
77900  0.269936
77950  0.269936
78000  0.269936
78050  0.269823
78100  0.269823
78150  0.269823
78200  0.269823
78250  0.269823
78300  0.269798
78350  0.269798
78400  0.269798
78450  0.269798
78500  0.269798
78550  0.269798
78600  0.269798
78650  0.269798
78700  0.269798
78750  0.269798
78800  0.269798
78850  0.269798
78900  0.269798
78950  0.269798
79000  0.269798
79050  0.269798
79100  0.269798
79150  0.269798
79200  0.269798
79250  0.269798
79300  0.269798
79350  0.269798
79400  0.269798
79450  0.269798
79500  0.269798
79550  0.269798
79600  0.269798
79650  0.269798
79700  0.269798
79750  0.269798
79800  0.269798
79850  0.269798
79900  0.269798
79950  0.269798
80000  0.269758
80050  0.269758
80100  0.269758
80150  0.269758
80200  0.269758
80250  0.269758
80300  0.269758
80350  0.269758
80400  0.269758
80450  0.269758
80500  0.269758
80550  0.269758
80600  0.269758
80650  0.269758
80700  0.269758
80750  0.269758
80800  0.269758
80850  0.269758
80900  0.269758
80950  0.269758
81000  0.269758
81050  0.269758
81100  0.269758
81150  0.269758
81200  0.269758
81250  0.269758
81300  0.269758
81350  0.269758
81400  0.269758
81450  0.269758
81500  0.269758
81550  0.269758
81600  0.269758
81650  0.269758
81700  0.269758
81750  0.269758
81800  0.269758
81850  0.269758
81900  0.269758
81950  0.269758
82000  0.269758
82050  0.269758
82100  0.269601
82150  0.269601
82200  0.269601
82250  0.269601
82300  0.269601
82350  0.269601
82400  0.269601
82450  0.269601
82500  0.269567
82550  0.269567
82600  0.269567
82650  0.269567
82700  0.269567
82750  0.269567
82800  0.269567
82850  0.269567
82900  0.269567
82950  0.269567
83000  0.269567
83050  0.269567
83100  0.269567
83150  0.269501
83200  0.269501
83250  0.269501
83300  0.269501
83350  0.269501
83400  0.269501
83450  0.269501
83500  0.269501
83550  0.269501
83600  0.269501
83650  0.269501
83700  0.269343
83750  0.269343
83800  0.269343
83850  0.269343
83900  0.269343
83950  0.269343
84000  0.26932
84050  0.26932
84100  0.26932
84150  0.26932
84200  0.26932
84250  0.26932
84300  0.26932
84350  0.26932
84400  0.26932
84450  0.26932
84500  0.26932
84550  0.26932
84600  0.26932
84650  0.26932
84700  0.26932
84750  0.26932
84800  0.26932
84850  0.26932
84900  0.26932
84950  0.26932
85000  0.26932
85050  0.26932
85100  0.26932
85150  0.26932
85200  0.26932
85250  0.26931
85300  0.26931
85350  0.26931
85400  0.26931
85450  0.26931
85500  0.26931
85550  0.26931
85600  0.26931
85650  0.26931
85700  0.26931
85750  0.26931
85800  0.26931
85850  0.26931
85900  0.26931
85950  0.26931
86000  0.26931
86050  0.26931
86100  0.26931
86150  0.26931
86200  0.26931
86250  0.26931
86300  0.26931
86350  0.269128
86400  0.269128
86450  0.269128
86500  0.269128
86550  0.269101
86600  0.269101
86650  0.269101
86700  0.269101
86750  0.269101
86800  0.269101
86850  0.269101
86900  0.269101
86950  0.269101
87000  0.269101
87050  0.269101
87100  0.269101
87150  0.269101
87200  0.269101
87250  0.269101
87300  0.269101
87350  0.269101
87400  0.269101
87450  0.269101
87500  0.269071
87550  0.269071
87600  0.269071
87650  0.269071
87700  0.269071
87750  0.269071
87800  0.269071
87850  0.269071
87900  0.269071
87950  0.269071
88000  0.269071
88050  0.269071
88100  0.269071
88150  0.269071
88200  0.269071
88250  0.269071
88300  0.269071
88350  0.269071
88400  0.269054
88450  0.269054
88500  0.269054
88550  0.269054
88600  0.269054
88650  0.269054
88700  0.269054
88750  0.269054
88800  0.269054
88850  0.269054
88900  0.269054
88950  0.269054
89000  0.269054
89050  0.269054
89100  0.269054
89150  0.269054
89200  0.269054
89250  0.269054
89300  0.269054
89350  0.269054
89400  0.269054
89450  0.269054
89500  0.269054
89550  0.269054
89600  0.269054
89650  0.269054
89700  0.269054
89750  0.268975
89800  0.268975
89850  0.268975
89900  0.268975
89950  0.268975
90000  0.268975
90050  0.268975
90100  0.268975
90150  0.268975
90200  0.268975
90250  0.268975
90300  0.268975
90350  0.268975
90400  0.268975
90450  0.268975
90500  0.268975
90550  0.268975
90600  0.268975
90650  0.268975
90700  0.268975
90750  0.268975
90800  0.268975
90850  0.268975
90900  0.268975
90950  0.268975
91000  0.268975
91050  0.268975
91100  0.268975
91150  0.268916
91200  0.268916
91250  0.268916
91300  0.268916
91350  0.268916
91400  0.268916
91450  0.268916
91500  0.268916
91550  0.268916
91600  0.2689
91650  0.2689
91700  0.2689
91750  0.2689
91800  0.2689
91850  0.2689
91900  0.2689
91950  0.2689
92000  0.2689
92050  0.2689
92100  0.2689
92150  0.2689
92200  0.2689
92250  0.2689
92300  0.2689
92350  0.2689
92400  0.2689
92450  0.268898
92500  0.268898
92550  0.268898
92600  0.268898
92650  0.268832
92700  0.268832
92750  0.268832
92800  0.268832
92850  0.268832
92900  0.26874
92950  0.26874
93000  0.26874
93050  0.26874
93100  0.26874
93150  0.268714
93200  0.268714
93250  0.268714
93300  0.268714
93350  0.268695
93400  0.268695
93450  0.268695
93500  0.268695
93550  0.268695
93600  0.268695
93650  0.268695
93700  0.268695
93750  0.268695
93800  0.268695
93850  0.268695
93900  0.268695
93950  0.268695
94000  0.268695
94050  0.268695
94100  0.268695
94150  0.268695
94200  0.268695
94250  0.268695
94300  0.268695
94350  0.268695
94400  0.268695
94450  0.268695
94500  0.268695
94550  0.268695
94600  0.268695
94650  0.268695
94700  0.268695
94750  0.268695
94800  0.268695
94850  0.268619
94900  0.268619
94950  0.268619
95000  0.268619
95050  0.268619
95100  0.268619
95150  0.268619
95200  0.268619
95250  0.268619
95300  0.268619
95350  0.268596
95400  0.268524
95450  0.268524
95500  0.268462
95550  0.268462
95600  0.268462
95650  0.268462
95700  0.268462
95750  0.268462
95800  0.268462
95850  0.268462
95900  0.268462
95950  0.268462
96000  0.268462
96050  0.268462
96100  0.268462
96150  0.268462
96200  0.268462
96250  0.268401
96300  0.268401
96350  0.268401
96400  0.268401
96450  0.268401
96500  0.268401
96550  0.268365
96600  0.268365
96650  0.268365
96700  0.268365
96750  0.268365
96800  0.268365
96850  0.268365
96900  0.268365
96950  0.268365
97000  0.268365
97050  0.268365
97100  0.268365
97150  0.268365
97200  0.268365
97250  0.268365
97300  0.268365
97350  0.268365
97400  0.268365
97450  0.268365
97500  0.268365
97550  0.268365
97600  0.268365
97650  0.268365
97700  0.268365
97750  0.268365
97800  0.268365
97850  0.268365
97900  0.268365
97950  0.268365
98000  0.268365
98050  0.268365
98100  0.268365
98150  0.268365
98200  0.268365
98250  0.268365
98300  0.268365
98350  0.268365
98400  0.268365
98450  0.268252
98500  0.268252
98550  0.268252
98600  0.268252
98650  0.268252
98700  0.268252
98750  0.268111
98800  0.268111
98850  0.268111
98900  0.268068
98950  0.268068
99000  0.268056
99050  0.268056
99100  0.268056
99150  0.268056
99200  0.268056
99250  0.268056
99300  0.268056
99350  0.268056
99400  0.267995
99450  0.267995
99500  0.267995
99550  0.267995
99600  0.267995
99650  0.267995
99700  0.267995
99750  0.267995
99800  0.267995
99850  0.267995
99900  0.267995
99950  0.267995
100000  0.267995
100050  0.267995
100100  0.267995
100150  0.267995
100200  0.267995
100250  0.267995
100300  0.267995
100350  0.267995
100400  0.267995
100450  0.267995
100500  0.267995
100550  0.267995
100600  0.267995
100650  0.267995
100700  0.267995
100750  0.267995
100800  0.267995
100850  0.267995
100900  0.267995
100950  0.267995
101000  0.267995
101050  0.267995
101100  0.267995
101150  0.267995
101200  0.267995
101250  0.267995
101300  0.267995
101350  0.26794
101400  0.26794
101450  0.26794
101500  0.26794
101550  0.26794
101600  0.26794
101650  0.26794
101700  0.26794
101750  0.26794
101800  0.26794
101850  0.26794
101900  0.26794
101950  0.26794
102000  0.26794
102050  0.267898
102100  0.267898
102150  0.267898
102200  0.267898
102250  0.267898
102300  0.267898
102350  0.267898
102400  0.267898
102450  0.267898
102500  0.267898
102550  0.267702
102600  0.267702
102650  0.267702
102700  0.267702
102750  0.267702
102800  0.267702
102850  0.267702
102900  0.267702
102950  0.267702
103000  0.267702
103050  0.267702
103100  0.267702
103150  0.267648
103200  0.267648
103250  0.267648
103300  0.267648
103350  0.267648
103400  0.267648
103450  0.267648
103500  0.267648
103550  0.267648
103600  0.267648
103650  0.267648
103700  0.267648
103750  0.267648
103800  0.267648
103850  0.267648
103900  0.267648
103950  0.267648
104000  0.267648
104050  0.267648
104100  0.267648
104150  0.267648
104200  0.267648
104250  0.267648
104300  0.267626
104350  0.267626
104400  0.267626
104450  0.267626
104500  0.267626
104550  0.267626
104600  0.267626
104650  0.267626
104700  0.267626
104750  0.267626
104800  0.267626
104850  0.267626
104900  0.267626
104950  0.267626
105000  0.267626
105050  0.267626
105100  0.267626
105150  0.267626
105200  0.267626
105250  0.267626
105300  0.26762
105350  0.26762
105400  0.26762
105450  0.26762
105500  0.26762
105550  0.26762
105600  0.26762
105650  0.26762
105700  0.26762
105750  0.26762
105800  0.267607
105850  0.267607
105900  0.267312
105950  0.267312
106000  0.267312
106050  0.267312
106100  0.267312
106150  0.267312
106200  0.267312
106250  0.267312
106300  0.267312
106350  0.267312
106400  0.267312
106450  0.267312
106500  0.267312
106550  0.267312
106600  0.267312
106650  0.267312
106700  0.267312
106750  0.267312
106800  0.267312
106850  0.267312
106900  0.267312
106950  0.267312
107000  0.267312
107050  0.267312
107100  0.267312
107150  0.267312
107200  0.267312
107250  0.267312
107300  0.267312
107350  0.267312
107400  0.267312
107450  0.267312
107500  0.267312
107550  0.267312
107600  0.267312
107650  0.267312
107700  0.267312
107750  0.267312
107800  0.267312
107850  0.267312
107900  0.267312
107950  0.267312
108000  0.267312
108050  0.267312
108100  0.267312
108150  0.267312
108200  0.267312
108250  0.267312
108300  0.267312
108350  0.267312
108400  0.267312
108450  0.267312
108500  0.267312
108550  0.267312
108600  0.267312
108650  0.267312
108700  0.267312
108750  0.267312
108800  0.267312
108850  0.267312
108900  0.267303
108950  0.267303
109000  0.267303
109050  0.267303
109100  0.267303
109150  0.267303
109200  0.267303
109250  0.267303
109300  0.267303
109350  0.267303
109400  0.267303
109450  0.267303
109500  0.267303
109550  0.267295
109600  0.267295
109650  0.267295
109700  0.267295
109750  0.267295
109800  0.267295
109850  0.267295
109900  0.267295
109950  0.267295
110000  0.267269
110050  0.267269
110100  0.267269
110150  0.267269
110200  0.267269
110250  0.267269
110300  0.267269
110350  0.267269
110400  0.267269
110450  0.267269
110500  0.267269
110550  0.267269
110600  0.267269
110650  0.267269
110700  0.267269
110750  0.267269
110800  0.267269
110850  0.267269
110900  0.267269
110950  0.267269
111000  0.267269
111050  0.267246
111100  0.267246
111150  0.267246
111200  0.267246
111250  0.267246
111300  0.267246
111350  0.267246
111400  0.267246
111450  0.267246
111500  0.267246
111550  0.267246
111600  0.267246
111650  0.267246
111700  0.267246
111750  0.267246
111800  0.267246
111850  0.267246
111900  0.267246
111950  0.267246
112000  0.267246
112050  0.267246
112100  0.267246
112150  0.267246
112200  0.267246
112250  0.267246
112300  0.267246
112350  0.267246
112400  0.267223
112450  0.267223
112500  0.267223
112550  0.267223
112600  0.267223
112650  0.267223
112700  0.267223
112750  0.267223
112800  0.267223
112850  0.267223
112900  0.267223
112950  0.267223
113000  0.267223
113050  0.267223
113100  0.267223
113150  0.267223
113200  0.267223
113250  0.267223
113300  0.267223
113350  0.267223
113400  0.267223
113450  0.267223
113500  0.267223
113550  0.267223
113600  0.267223
113650  0.267223
113700  0.267223
113750  0.267223
113800  0.267223
113850  0.267223
113900  0.267223
113950  0.267223
114000  0.267223
114050  0.267223
114100  0.267223
114150  0.267223
114200  0.267223
114250  0.267223
114300  0.267223
114350  0.267223
114400  0.267223
114450  0.267223
114500  0.267223
114550  0.267203
114600  0.267203
114650  0.267203
114700  0.267203
114750  0.267203
114800  0.267203
114850  0.267203
114900  0.267203
114950  0.267203
115000  0.267203
115050  0.267203
115100  0.267203
115150  0.267203
115200  0.267203
115250  0.267203
115300  0.267203
115350  0.267203
115400  0.267203
115450  0.267203
115500  0.267203
115550  0.267203
115600  0.267177
115650  0.267177
115700  0.267177
115750  0.267177
115800  0.267177
115850  0.267177
115900  0.267177
115950  0.267177
116000  0.267177
116050  0.267015
116100  0.267015
116150  0.267015
116200  0.267015
116250  0.267015
116300  0.267015
116350  0.267015
116400  0.267015
116450  0.267015
116500  0.267015
116550  0.267015
116600  0.267015
116650  0.267015
116700  0.267015
116750  0.267015
116800  0.267015
116850  0.267015
116900  0.267
116950  0.267
117000  0.267
117050  0.267
117100  0.267
117150  0.267
117200  0.267
117250  0.267
117300  0.267
117350  0.267
117400  0.266965
117450  0.266965
117500  0.266965
117550  0.266965
117600  0.266965
117650  0.266965
117700  0.266965
117750  0.266965
117800  0.266965
117850  0.266965
117900  0.266948
117950  0.266948
118000  0.266948
118050  0.266948
118100  0.266948
118150  0.266948
118200  0.266948
118250  0.266948
118300  0.266948
118350  0.266948
118400  0.266944
118450  0.266944
118500  0.266944
118550  0.266944
118600  0.266944
118650  0.266944
118700  0.266944
118750  0.266944
118800  0.266944
118850  0.266944
118900  0.266944
118950  0.266944
119000  0.266944
119050  0.266944
119100  0.266933
119150  0.266833
119200  0.266833
119250  0.266833
119300  0.266833
119350  0.266833
119400  0.266833
119450  0.266833
119500  0.266833
119550  0.266833
119600  0.266833
119650  0.266833
119700  0.266736
119750  0.266686
119800  0.266686
119850  0.266686
119900  0.266686
119950  0.266686
120000  0.266686
120050  0.266686
120100  0.266686
120150  0.266686
120200  0.266686
120250  0.266594
120300  0.266594
120350  0.266594
120400  0.266594
120450  0.266594
120500  0.266594
120550  0.266594
120600  0.266594
120650  0.266594
120700  0.266594
120750  0.266592
120800  0.266592
120850  0.266592
120900  0.266592
120950  0.266592
121000  0.266592
121050  0.266592
121100  0.266592
121150  0.266592
121200  0.266592
121250  0.266592
121300  0.266592
121350  0.266592
121400  0.266592
121450  0.266592
121500  0.266592
121550  0.266514
121600  0.266514
121650  0.266514
121700  0.266514
121750  0.266514
121800  0.266456
