Step  Penalty
10  0.481283
20  0.481283
30  0.481283
40  0.481283
50  0.473192
60  0.47092
70  0.449174
80  0.437631
90  0.437631
100  0.43026
110  0.406628
120  0.406628
130  0.398924
140  0.38562
150  0.382065
160  0.378515
170  0.378515
180  0.356844
190  0.355519
200  0.355519
210  0.355519
220  0.346822
230  0.333246
240  0.333083
250  0.333083
260  0.322212
270  0.322212
280  0.322212
290  0.317118
300  0.305794
310  0.30164
320  0.296861
330  0.293461
340  0.28458
350  0.28458
360  0.283622
370  0.282176
380  0.279266
390  0.277088
400  0.275376
410  0.275376
420  0.275376
430  0.275376
440  0.275376
450  0.272734
460  0.271619
470  0.271619
480  0.268303
490  0.267803
500  0.258432
510  0.258432
520  0.258432
530  0.256526
540  0.256526
550  0.256526
560  0.256526
570  0.256526
580  0.256526
590  0.256526
600  0.256526
610  0.253441
620  0.253441
630  0.250424
640  0.250424
650  0.250424
660  0.250424
670  0.250424
680  0.250424
690  0.250424
700  0.250424
710  0.250424
720  0.250424
730  0.250424
740  0.250424
750  0.250424
760  0.250424
770  0.250424
780  0.250424
790  0.250424
800  0.250166
810  0.247673
820  0.247673
830  0.247673
840  0.247673
850  0.247673
860  0.247673
870  0.247673
880  0.247673
890  0.247673
900  0.247673
910  0.247673
920  0.247673
930  0.247673
940  0.242063
950  0.242063
960  0.242063
970  0.242063
980  0.242063
990  0.242063
1000  0.242063
1010  0.242063
1020  0.242063
1030  0.242063
1040  0.242063
1050  0.242063
1060  0.242063
1070  0.242063
1080  0.242063
1090  0.242063
1100  0.242063
1110  0.242063
1120  0.242063
1130  0.242063
1140  0.242063
1150  0.242063
1160  0.242063
1170  0.242063
1180  0.242063
1190  0.242063
1200  0.242063
1210  0.242063
1220  0.235264
1230  0.235264
1240  0.235264
1250  0.235264
1260  0.235264
1270  0.235264
1280  0.235264
1290  0.235264
1300  0.235264
1310  0.235264
1320  0.235264
1330  0.235264
1340  0.235264
1350  0.235264
1360  0.233233
1370  0.233233
1380  0.233233
1390  0.233233
1400  0.233233
1410  0.233233
1420  0.233233
1430  0.233233
1440  0.233233
1450  0.233233
1460  0.233233
1470  0.233233
1480  0.231128
1490  0.231128
1500  0.231128
1510  0.231128
1520  0.231128
1530  0.230987
1540  0.230987
1550  0.230987
1560  0.230987
1570  0.230987
1580  0.230987
1590  0.230987
1600  0.230987
1610  0.230987
1620  0.230987
1630  0.230987
1640  0.230987
1650  0.230987
1660  0.230987
1670  0.230941
1680  0.230941
1690  0.230941
1700  0.230941
1710  0.230941
1720  0.230941
1730  0.230941
1740  0.230941
1750  0.230941
1760  0.230941
1770  0.226267
1780  0.226267
1790  0.226267
1800  0.226267
1810  0.226267
1820  0.226267
1830  0.226267
1840  0.226267
1850  0.226267
1860  0.226267
1870  0.226267
1880  0.226267
1890  0.226267
1900  0.226267
1910  0.226267
1920  0.226267
1930  0.226267
1940  0.226267
1950  0.226267
1960  0.226267
1970  0.226267
1980  0.226267
1990  0.226267
2000  0.226267
2010  0.226267
2020  0.226267
2030  0.226267
2040  0.226267
2050  0.226267
2060  0.226267
2070  0.226267
2080  0.226267
2090  0.226267
2100  0.226267
2110  0.226267
2120  0.226267
2130  0.226267
2140  0.226267
2150  0.226267
2160  0.226267
2170  0.226267
2180  0.226267
2190  0.226267
2200  0.226267
2210  0.226267
2220  0.226267
2230  0.226267
2240  0.226267
2250  0.226267
2260  0.226267
2270  0.226267
2280  0.226267
2290  0.226267
2300  0.226267
2310  0.226267
2320  0.226267
2330  0.226267
2340  0.226267
2350  0.226267
2360  0.226267
2370  0.226267
2380  0.226267
2390  0.226267
2400  0.226267
2410  0.226267
2420  0.226267
2430  0.226267
2440  0.226267
2450  0.226267
2460  0.226267
2470  0.226267
2480  0.226267
2490  0.226267
2500  0.226267
2510  0.226267
2520  0.226267
2530  0.226267
2540  0.226267
2550  0.226267
2560  0.226267
2570  0.226267
2580  0.226267
2590  0.226267
2600  0.226267
2610  0.226267
2620  0.226267
2630  0.226267
2640  0.226267
2650  0.226267
2660  0.226267
2670  0.226267
2680  0.226267
2690  0.226267
2700  0.226267
2710  0.226267
2720  0.226267
2730  0.226267
2740  0.226267
2750  0.226267
2760  0.226267
2770  0.226267
2780  0.226267
2790  0.226267
2800  0.226267
2810  0.226267
2820  0.226267
2830  0.226267
2840  0.226267
2850  0.226267
2860  0.226267
2870  0.226267
2880  0.226267
2890  0.226267
2900  0.226267
2910  0.226267
2920  0.226267
2930  0.226267
2940  0.226267
2950  0.226267
2960  0.226267
2970  0.226267
2980  0.226267
2990  0.226267
3000  0.226267
3010  0.226267
3020  0.226267
3030  0.226267
3040  0.226267
3050  0.226267
3060  0.226267
3070  0.226267
3080  0.226267
3090  0.226267
3100  0.226267
3110  0.226267
3120  0.226267
3130  0.226267
3140  0.226267
3150  0.226267
3160  0.226267
3170  0.226267
3180  0.226267
3190  0.226267
3200  0.226267
3210  0.226267
3220  0.226267
3230  0.226267
3240  0.226267
3250  0.226267
3260  0.226267
3270  0.226267
3280  0.226267
3290  0.226267
3300  0.226267
3310  0.226267
3320  0.226267
3330  0.226267
3340  0.226267
3350  0.226267
3360  0.226267
3370  0.226267
3380  0.226267
3390  0.226267
3400  0.226267
3410  0.226267
3420  0.226267
3430  0.226267
3440  0.226267
3450  0.226267
3460  0.226267
3470  0.226267
3480  0.226267
3490  0.226267
3500  0.226267
3510  0.226267
3520  0.226267
3530  0.226267
3540  0.226267
3550  0.226267
3560  0.226267
3570  0.226267
3580  0.226267
3590  0.226267
3600  0.226267
3610  0.226267
3620  0.226267
3630  0.226267
3640  0.226267
3650  0.226267
3660  0.226267
3670  0.226267
3680  0.226267
3690  0.226267
3700  0.226247
3710  0.226247
3720  0.226247
3730  0.226247
3740  0.226247
3750  0.226247
3760  0.226247
3770  0.226247
3780  0.226247
3790  0.226247
3800  0.226247
3810  0.226247
3820  0.226247
3830  0.226247
3840  0.226247
3850  0.226247
3860  0.226247
3870  0.226247
3880  0.226247
3890  0.226247
3900  0.226247
3910  0.226247
3920  0.226247
3930  0.226247
3940  0.226247
3950  0.226247
3960  0.226247
3970  0.226247
3980  0.226247
3990  0.226247
4000  0.226247
4010  0.226247
4020  0.226247
4030  0.226247
4040  0.226247
4050  0.226247
4060  0.226247
4070  0.226247
4080  0.226247
4090  0.226247
4100  0.226247
4110  0.226247
4120  0.226247
4130  0.226247
4140  0.226247
4150  0.226247
4160  0.226247
4170  0.226247
4180  0.226247
4190  0.226247
4200  0.226247
4210  0.226247
4220  0.226247
4230  0.226247
4240  0.226247
4250  0.226247
4260  0.226247
4270  0.226247
4280  0.226247
4290  0.226247
4300  0.226247
4310  0.226247
4320  0.226247
4330  0.226247
4340  0.226247
4350  0.226247
4360  0.226247
4370  0.226247
4380  0.226247
4390  0.226247
4400  0.226247
4410  0.226247
4420  0.226247
4430  0.226247
4440  0.226247
4450  0.226247
4460  0.226247
4470  0.226247
4480  0.226247
4490  0.226247
4500  0.226247
4510  0.226247
4520  0.226247
4530  0.226247
4540  0.226247
4550  0.226247
4560  0.226247
4570  0.226247
4580  0.226247
4590  0.226247
4600  0.226247
4610  0.226247
4620  0.226247
4630  0.226247
4640  0.226247
4650  0.226247
4660  0.226247
4670  0.226247
4680  0.226247
4690  0.226247
4700  0.226247
4710  0.226247
4720  0.226247
4730  0.226247
4740  0.226247
4750  0.226247
4760  0.226247
4770  0.226247
4780  0.226247
4790  0.226247
4800  0.226247
4810  0.226247
4820  0.226247
4830  0.226247
4840  0.226247
4850  0.226247
4860  0.226247
4870  0.226247
4880  0.226247
4890  0.226247
4900  0.226247
4910  0.226247
4920  0.226247
4930  0.226247
4940  0.226247
4950  0.226247
4960  0.226247
4970  0.226247
4980  0.226247
4990  0.226247
5000  0.226247
5010  0.226247
5020  0.226247
5030  0.226247
5040  0.226247
5050  0.226247
5060  0.226247
5070  0.226247
5080  0.226247
5090  0.226247
5100  0.226247
5110  0.225941
5120  0.225941
5130  0.225941
5140  0.225941
5150  0.225941
5160  0.225941
5170  0.225941
5180  0.225941
5190  0.225941
5200  0.225941
5210  0.225941
5220  0.225941
5230  0.225941
5240  0.225941
5250  0.225941
5260  0.225941
5270  0.225941
5280  0.225941
5290  0.225941
5300  0.225941
5310  0.225941
5320  0.225941
5330  0.225941
5340  0.225941
5350  0.225941
5360  0.225941
5370  0.225941
5380  0.225941
5390  0.225941
5400  0.225941
5410  0.225941
5420  0.225941
5430  0.225941
5440  0.225941
5450  0.225941
5460  0.225941
5470  0.225941
5480  0.225941
5490  0.225941
5500  0.225941
5510  0.225941
5520  0.225941
5530  0.225941
5540  0.225941
5550  0.225941
5560  0.225941
5570  0.225941
5580  0.225941
5590  0.225941
5600  0.225941
5610  0.225941
5620  0.225941
5630  0.225941
5640  0.225941
5650  0.225941
5660  0.225941
5670  0.225941
5680  0.225941
5690  0.225941
5700  0.225941
5710  0.225941
5720  0.225941
5730  0.225941
5740  0.225941
5750  0.225941
5760  0.225941
5770  0.225941
5780  0.225941
5790  0.225941
5800  0.225941
5810  0.225941
5820  0.225941
5830  0.225941
5840  0.225941
5850  0.225941
5860  0.225941
5870  0.225941
5880  0.225941
5890  0.225941
5900  0.225941
5910  0.225941
5920  0.225941
5930  0.225941
5940  0.225941
5950  0.225941
5960  0.225941
5970  0.225941
5980  0.225941
5990  0.225941
6000  0.225941
6010  0.225941
6020  0.225941
6030  0.225941
6040  0.225941
6050  0.225941
6060  0.225941
6070  0.225941
6080  0.225941
6090  0.225941
6100  0.225941
6110  0.225941
6120  0.225941
6130  0.225941
6140  0.225941
6150  0.225941
6160  0.225941
6170  0.225941
6180  0.225941
6190  0.225941
6200  0.225941
6210  0.225941
6220  0.225941
6230  0.225941
6240  0.225941
6250  0.225941
6260  0.225941
6270  0.225941
6280  0.225941
6290  0.225941
6300  0.225941
6310  0.225941
6320  0.225941
6330  0.225941
6340  0.225941
6350  0.225941
6360  0.225941
6370  0.225941
6380  0.225941
6390  0.225941
6400  0.225941
6410  0.225941
6420  0.225941
6430  0.225941
6440  0.225941
6450  0.225941
6460  0.225941
6470  0.225941
6480  0.225941
6490  0.225941
6500  0.225941
6510  0.225941
6520  0.225941
6530  0.225941
6540  0.225941
6550  0.225941
6560  0.225941
6570  0.225941
6580  0.225941
6590  0.225941
6600  0.225941
6610  0.225941
6620  0.225941
6630  0.225941
6640  0.225941
6650  0.225941
6660  0.225941
6670  0.225941
6680  0.225941
6690  0.225941
6700  0.225941
6710  0.225941
6720  0.225941
6730  0.225941
6740  0.225941
6750  0.225941
6760  0.225941
6770  0.225941
6780  0.225941
6790  0.225941
6800  0.225941
6810  0.225941
6820  0.225941
6830  0.225941
6840  0.225941
6850  0.225941
6860  0.225941
6870  0.225941
6880  0.225941
6890  0.225941
6900  0.225941
6910  0.225941
6920  0.225941
6930  0.225941
6940  0.225941
6950  0.225941
6960  0.225941
6970  0.221175
6980  0.221175
6990  0.221175
7000  0.221175
7010  0.221175
7020  0.221175
7030  0.221175
7040  0.221175
7050  0.221175
7060  0.221175
7070  0.221175
7080  0.221175
7090  0.221175
7100  0.221175
7110  0.221175
7120  0.221175
7130  0.221175
7140  0.221175
7150  0.221175
7160  0.221175
7170  0.221175
7180  0.221175
7190  0.221175
7200  0.221175
7210  0.221175
7220  0.221175
7230  0.221175
7240  0.221175
7250  0.221175
7260  0.221175
7270  0.221175
7280  0.221175
7290  0.221175
7300  0.221175
7310  0.221175
7320  0.221175
7330  0.221175
7340  0.221175
7350  0.221175
7360  0.221175
7370  0.221175
7380  0.221175
7390  0.221175
7400  0.221175
7410  0.221175
7420  0.221175
7430  0.221175
7440  0.221175
7450  0.221175
7460  0.221175
7470  0.221175
7480  0.221175
7490  0.221175
7500  0.221175
7510  0.221175
7520  0.221175
7530  0.221175
7540  0.221175
7550  0.221175
7560  0.221175
7570  0.221175
7580  0.221175
7590  0.221175
7600  0.221175
7610  0.221175
7620  0.221175
7630  0.221175
7640  0.221175
7650  0.221175
7660  0.221175
7670  0.221175
7680  0.221175
7690  0.221175
7700  0.221175
7710  0.221175
7720  0.221175
7730  0.221175
7740  0.221175
7750  0.221175
7760  0.221175
7770  0.221175
7780  0.221175
7790  0.221175
7800  0.221175
7810  0.221175
7820  0.221175
7830  0.221175
7840  0.221175
7850  0.221175
7860  0.221175
7870  0.221175
7880  0.221175
7890  0.221175
7900  0.221175
7910  0.221175
7920  0.221175
7930  0.221175
7940  0.221175
7950  0.221175
7960  0.221175
7970  0.221175
7980  0.221175
7990  0.221175
8000  0.221175
8010  0.221175
8020  0.221175
8030  0.221175
8040  0.221175
8050  0.221175
8060  0.221175
8070  0.221175
8080  0.221175
8090  0.221175
8100  0.221175
8110  0.221175
8120  0.221175
8130  0.221175
8140  0.221175
8150  0.221175
8160  0.221175
8170  0.221175
8180  0.221175
8190  0.221175
8200  0.221175
8210  0.221175
8220  0.221175
8230  0.221175
8240  0.221175
8250  0.221175
8260  0.221175
8270  0.221175
8280  0.221175
8290  0.221175
8300  0.221175
8310  0.221175
8320  0.221175
8330  0.221175
8340  0.221175
8350  0.221175
8360  0.221175
8370  0.221175
8380  0.221175
8390  0.221175
8400  0.221175
8410  0.221175
8420  0.221175
8430  0.221175
8440  0.221175
8450  0.221175
8460  0.221175
8470  0.221175
8480  0.221175
8490  0.221175
8500  0.221175
8510  0.221175
8520  0.221175
8530  0.221175
8540  0.221175
8550  0.221175
8560  0.221175
8570  0.221175
8580  0.221175
8590  0.221175
8600  0.221175
8610  0.221175
8620  0.221175
8630  0.221175
8640  0.221175
8650  0.221175
8660  0.221175
8670  0.221175
8680  0.221175
8690  0.221175
8700  0.221175
8710  0.221175
8720  0.221175
8730  0.221175
8740  0.221175
8750  0.221175
8760  0.221175
8770  0.221175
8780  0.221175
8790  0.221175
8800  0.221175
8810  0.221175
8820  0.221175
8830  0.221175
8840  0.221175
8850  0.221175
8860  0.221175
8870  0.221175
8880  0.221175
8890  0.221175
8900  0.221175
8910  0.221175
8920  0.221175
8930  0.221175
8940  0.221175
8950  0.221175
8960  0.221175
8970  0.221175
8980  0.221175
8990  0.221175
9000  0.221175
9010  0.221175
9020  0.221175
9030  0.221175
9040  0.221175
9050  0.221175
9060  0.221175
9070  0.221175
9080  0.221175
9090  0.221175
9100  0.221175
9110  0.221175
9120  0.221175
9130  0.221175
9140  0.221175
9150  0.221175
9160  0.221175
9170  0.221175
9180  0.221175
9190  0.221175
9200  0.221175
9210  0.221175
9220  0.221175
9230  0.221175
9240  0.221175
9250  0.221175
9260  0.221175
9270  0.221175
9280  0.221175
9290  0.221175
9300  0.221175
9310  0.221175
9320  0.221175
9330  0.221175
9340  0.221175
9350  0.221175
9360  0.221175
9370  0.221175
9380  0.221175
9390  0.221175
9400  0.221175
9410  0.221175
9420  0.221175
9430  0.221175
9440  0.221175
9450  0.221175
9460  0.221175
9470  0.221175
9480  0.221175
9490  0.221175
9500  0.221175
9510  0.221175
9520  0.221175
9530  0.221175
9540  0.221175
9550  0.221175
9560  0.221175
9570  0.221175
9580  0.221175
9590  0.221175
9600  0.221175
9610  0.221175
9620  0.221175
9630  0.221175
9640  0.221175
9650  0.221175
9660  0.221175
9670  0.221175
9680  0.221175
9690  0.221175
9700  0.221175
9710  0.221175
9720  0.221175
9730  0.221175
9740  0.221175
9750  0.221175
9760  0.221175
9770  0.221175
9780  0.221175
9790  0.221175
9800  0.221175
9810  0.221175
9820  0.221175
9830  0.221175
9840  0.221175
9850  0.221175
9860  0.221175
9870  0.221175
9880  0.221175
9890  0.221175
9900  0.221175
9910  0.221175
9920  0.221175
9930  0.221175
9940  0.221175
9950  0.221175
9960  0.221175
9970  0.221175
9980  0.221175
9990  0.221175
10000  0.221175
10010  0.221175
10020  0.221175
10030  0.221175
10040  0.221175
10050  0.221175
10060  0.221175
10070  0.221175
10080  0.221175
10090  0.221175
10100  0.221175
10110  0.221175
10120  0.221175
10130  0.221175
10140  0.221175
10150  0.221175
10160  0.221175
10170  0.221175
10180  0.221175
10190  0.221175
10200  0.221175
10210  0.221175
10220  0.221175
10230  0.221175
10240  0.221175
10250  0.221175
10260  0.221175
10270  0.221175
10280  0.221175
10290  0.221175
10300  0.221175
10310  0.221175
10320  0.221175
10330  0.221175
10340  0.221175
10350  0.221175
10360  0.221175
10370  0.221175
10380  0.221175
10390  0.221175
10400  0.221175
10410  0.221175
10420  0.221175
10430  0.221175
10440  0.221175
10450  0.221175
10460  0.221175
10470  0.221175
10480  0.221175
10490  0.221175
10500  0.221175
10510  0.221175
10520  0.221175
10530  0.221175
10540  0.221175
10550  0.221175
10560  0.221175
10570  0.221175
10580  0.221175
10590  0.221175
10600  0.221175
10610  0.221175
10620  0.221175
10630  0.221175
10640  0.221175
10650  0.221175
10660  0.221175
10670  0.221175
10680  0.221175
10690  0.221175
10700  0.221175
10710  0.221175
10720  0.221175
10730  0.221175
10740  0.221175
10750  0.221175
10760  0.221175
10770  0.221175
10780  0.221175
10790  0.221175
10800  0.221175
10810  0.221175
10820  0.221175
10830  0.221175
10840  0.221175
10850  0.221175
10860  0.221175
10870  0.221175
10880  0.221175
10890  0.221175
10900  0.221175
10910  0.221175
10920  0.221175
10930  0.221175
10940  0.221175
10950  0.221175
10960  0.221175
10970  0.221175
10980  0.221175
10990  0.221175
11000  0.221175
11010  0.221175
11020  0.221175
11030  0.221175
11040  0.221175
11050  0.221175
11060  0.221175
11070  0.221175
11080  0.221175
11090  0.221175
11100  0.221175
11110  0.221175
11120  0.221175
11130  0.221175
11140  0.221175
11150  0.221175
11160  0.221175
11170  0.221175
11180  0.221175
11190  0.221175
11200  0.221175
11210  0.221175
11220  0.221175
11230  0.221175
11240  0.221175
11250  0.221175
11260  0.221175
11270  0.221175
11280  0.221175
11290  0.221175
11300  0.221175
11310  0.221175
11320  0.221175
11330  0.221175
11340  0.221175
11350  0.221175
11360  0.221175
11370  0.221175
11380  0.221175
11390  0.221175
11400  0.221175
11410  0.221175
11420  0.221175
11430  0.221175
11440  0.221175
11450  0.221175
11460  0.221175
11470  0.221175
11480  0.221175
11490  0.221175
11500  0.221175
11510  0.221175
11520  0.221175
11530  0.221175
11540  0.221175
11550  0.221175
11560  0.221175
11570  0.221175
11580  0.221175
11590  0.221175
11600  0.221175
11610  0.221175
11620  0.221175
11630  0.221175
11640  0.221175
11650  0.221175
11660  0.221175
11670  0.221175
11680  0.221175
11690  0.221175
11700  0.221175
11710  0.221175
11720  0.221175
11730  0.221175
11740  0.221175
11750  0.221175
11760  0.221175
11770  0.221175
11780  0.221175
11790  0.221175
11800  0.221175
11810  0.221175
11820  0.221175
11830  0.221175
11840  0.221175
11850  0.221175
11860  0.221175
11870  0.221175
11880  0.221175
11890  0.221175
11900  0.221175
11910  0.221175
11920  0.221175
11930  0.221175
11940  0.221175
11950  0.221175
11960  0.221175
11970  0.221175
11980  0.221175
11990  0.221175
12000  0.221175
12010  0.221175
12020  0.221175
12030  0.221175
12040  0.221175
12050  0.221175
12060  0.221175
12070  0.221175
12080  0.221175
12090  0.221175
12100  0.221175
12110  0.221175
12120  0.221175
12130  0.221175
12140  0.221175
12150  0.221175
12160  0.221175
12170  0.221175
12180  0.221175
12190  0.221175
12200  0.221175
12210  0.221175
12220  0.221175
12230  0.221175
12240  0.221175
12250  0.221175
12260  0.221175
12270  0.221175
12280  0.221175
12290  0.221175
12300  0.221175
12310  0.221175
12320  0.221175
12330  0.221175
12340  0.221175
12350  0.221175
12360  0.221175
12370  0.221175
12380  0.221175
12390  0.221175
12400  0.221175
12410  0.221175
12420  0.221175
12430  0.221175
12440  0.221175
12450  0.221175
12460  0.221175
12470  0.221175
12480  0.221175
12490  0.221175
12500  0.221175
12510  0.221175
12520  0.221175
12530  0.221175
12540  0.221175
12550  0.221175
12560  0.221175
12570  0.221175
12580  0.221175
12590  0.221175
12600  0.221175
12610  0.221175
12620  0.221175
12630  0.221175
12640  0.221175
12650  0.221175
12660  0.221175
12670  0.221175
12680  0.221175
12690  0.221175
12700  0.221175
12710  0.221175
12720  0.221175
12730  0.221175
12740  0.221175
12750  0.221175
12760  0.221175
12770  0.221175
12780  0.221175
12790  0.221175
12800  0.221175
12810  0.221175
12820  0.221175
12830  0.221175
12840  0.221175
12850  0.221175
12860  0.221175
12870  0.221175
12880  0.221175
12890  0.221175
12900  0.221175
12910  0.221175
12920  0.221175
12930  0.221175
12940  0.221175
12950  0.221175
12960  0.221175
12970  0.221175
12980  0.221175
12990  0.221175
13000  0.221175
13010  0.221175
13020  0.221175
13030  0.221175
13040  0.221175
13050  0.221175
13060  0.221175
13070  0.221175
13080  0.221175
13090  0.221175
13100  0.221175
13110  0.221175
13120  0.221175
13130  0.221175
13140  0.221175
13150  0.221175
13160  0.221175
13170  0.221175
13180  0.221175
13190  0.221175
13200  0.221175
13210  0.221175
13220  0.221175
13230  0.221175
13240  0.221175
13250  0.221175
13260  0.221175
13270  0.221175
13280  0.221175
13290  0.221175
13300  0.221175
13310  0.221175
13320  0.221175
13330  0.221175
13340  0.221175
13350  0.221175
13360  0.221175
13370  0.221175
13380  0.221175
13390  0.221175
13400  0.221175
13410  0.221175
13420  0.221175
13430  0.221175
13440  0.221175
13450  0.221175
13460  0.221175
13470  0.221175
13480  0.221175
13490  0.221175
13500  0.221175
13510  0.221175
13520  0.221175
13530  0.221175
13540  0.221175
13550  0.221175
13560  0.221175
13570  0.221175
13580  0.221175
13590  0.221175
13600  0.221175
13610  0.221175
13620  0.221175
13630  0.221175
13640  0.221175
13650  0.221175
13660  0.221175
13670  0.221175
13680  0.221175
13690  0.221175
13700  0.221175
13710  0.221175
13720  0.221175
13730  0.221175
13740  0.221175
13750  0.221175
13760  0.221175
13770  0.221175
13780  0.221175
13790  0.221175
13800  0.221175
13810  0.221175
13820  0.221175
13830  0.221175
13840  0.221175
13850  0.221175
13860  0.221175
13870  0.221175
13880  0.221175
13890  0.221175
13900  0.221175
13910  0.221175
13920  0.221175
13930  0.221175
13940  0.221175
13950  0.221175
13960  0.221175
13970  0.221175
13980  0.221175
13990  0.221175
14000  0.221175
14010  0.221175
14020  0.221175
14030  0.221175
14040  0.221175
14050  0.221175
14060  0.221175
14070  0.221175
14080  0.221175
14090  0.221175
14100  0.221175
14110  0.221175
14120  0.221175
14130  0.221175
14140  0.221175
14150  0.221175
14160  0.221175
14170  0.221175
14180  0.221175
14190  0.221175
14200  0.221175
14210  0.221175
14220  0.221175
14230  0.221175
14240  0.221175
14250  0.221175
14260  0.221175
14270  0.221175
14280  0.221175
14290  0.221175
14300  0.221175
14310  0.221175
14320  0.221175
14330  0.221175
14340  0.221175
14350  0.221175
14360  0.221175
14370  0.221175
14380  0.221175
14390  0.221175
14400  0.221175
14410  0.221175
14420  0.221175
14430  0.221175
14440  0.221175
14450  0.221175
14460  0.221175
14470  0.221175
14480  0.221175
14490  0.221175
14500  0.221175
14510  0.221175
14520  0.221175
14530  0.221175
14540  0.221175
14550  0.221175
14560  0.221175
14570  0.221175
14580  0.221175
14590  0.221175
14600  0.221175
14610  0.221175
14620  0.221175
14630  0.221175
14640  0.221175
14650  0.221175
14660  0.221175
14670  0.221175
14680  0.221175
14690  0.221175
14700  0.221175
14710  0.221175
14720  0.221175
14730  0.221175
14740  0.221175
14750  0.221175
14760  0.221175
14770  0.221175
14780  0.221175
14790  0.221175
14800  0.221175
14810  0.221175
14820  0.221175
14830  0.221175
14840  0.221175
14850  0.221175
14860  0.221175
14870  0.221175
14880  0.221175
14890  0.221175
14900  0.221175
14910  0.221175
14920  0.221175
14930  0.221175
14940  0.221175
14950  0.221175
14960  0.221175
14970  0.221175
14980  0.221175
14990  0.221175
15000  0.221175
15010  0.221175
15020  0.221175
15030  0.221175
15040  0.221175
15050  0.221175
15060  0.221175
15070  0.221175
15080  0.221175
15090  0.221175
15100  0.221175
15110  0.221175
15120  0.221175
15130  0.221175
15140  0.221175
15150  0.221175
15160  0.221175
15170  0.221175
15180  0.221175
15190  0.221175
15200  0.221175
15210  0.221175
15220  0.221175
15230  0.221175
15240  0.221175
15250  0.221175
15260  0.221175
15270  0.221175
15280  0.221175
15290  0.221175
15300  0.221175
15310  0.221175
15320  0.221175
15330  0.221175
15340  0.221175
15350  0.221175
15360  0.221175
15370  0.221175
15380  0.221175
15390  0.221175
15400  0.221175
15410  0.221175
15420  0.221175
15430  0.221175
15440  0.221175
15450  0.221175
15460  0.221175
15470  0.221175
15480  0.221175
15490  0.221175
15500  0.221175
15510  0.221175
15520  0.221175
15530  0.221175
15540  0.221175
15550  0.220251
15560  0.220251
15570  0.220251
15580  0.220251
15590  0.220251
15600  0.220251
15610  0.220251
15620  0.220251
15630  0.220251
15640  0.220251
15650  0.220251
15660  0.220251
15670  0.220251
15680  0.220251
15690  0.220251
15700  0.220251
15710  0.220251
15720  0.220251
15730  0.220251
15740  0.220251
15750  0.220251
15760  0.220251
15770  0.220251
15780  0.220251
15790  0.220251
15800  0.220251
15810  0.220251
15820  0.220251
15830  0.220251
15840  0.220251
15850  0.220251
15860  0.220251
15870  0.220251
15880  0.220251
15890  0.220251
15900  0.220251
15910  0.220251
15920  0.220251
15930  0.220251
15940  0.220251
15950  0.220251
15960  0.220251
15970  0.220251
15980  0.220251
15990  0.220251
16000  0.220251
16010  0.220251
16020  0.220251
16030  0.220251
16040  0.220251
16050  0.220251
16060  0.220251
16070  0.220251
16080  0.220251
16090  0.220251
16100  0.220251
16110  0.220251
16120  0.220251
16130  0.220251
16140  0.220251
16150  0.220251
16160  0.220251
16170  0.220251
16180  0.220251
16190  0.220251
16200  0.220251
16210  0.220251
16220  0.220251
16230  0.220251
16240  0.220251
16250  0.220251
16260  0.220251
16270  0.220251
16280  0.220251
16290  0.220251
16300  0.220251
16310  0.220251
16320  0.220251
16330  0.220251
16340  0.220251
16350  0.220251
16360  0.220251
16370  0.220251
16380  0.220251
16390  0.220251
16400  0.220251
16410  0.220251
16420  0.220251
16430  0.220251
16440  0.220251
16450  0.220251
16460  0.220251
16470  0.220251
16480  0.220251
16490  0.220251
16500  0.220251
16510  0.220251
16520  0.220251
16530  0.220251
16540  0.220251
16550  0.220251
16560  0.220251
16570  0.220251
16580  0.220251
16590  0.220251
16600  0.220251
16610  0.220251
16620  0.220251
16630  0.220251
16640  0.220251
16650  0.220251
16660  0.220251
16670  0.220251
16680  0.220251
16690  0.220251
16700  0.220251
16710  0.220251
16720  0.220251
16730  0.220251
16740  0.220251
16750  0.220251
16760  0.220251
16770  0.220251
16780  0.220251
16790  0.220251
16800  0.220251
16810  0.220251
16820  0.220251
16830  0.220251
16840  0.220251
16850  0.220251
16860  0.220251
16870  0.220251
16880  0.220251
16890  0.220251
16900  0.220251
16910  0.220251
16920  0.220251
16930  0.220251
16940  0.220251
16950  0.220251
16960  0.220251
16970  0.220251
16980  0.220251
16990  0.220251
17000  0.220251
17010  0.220251
17020  0.220251
17030  0.220251
17040  0.220251
17050  0.220251
17060  0.220251
17070  0.220251
17080  0.220251
17090  0.220251
17100  0.220251
17110  0.220251
17120  0.220251
17130  0.220251
17140  0.220251
17150  0.220251
17160  0.220251
17170  0.220251
17180  0.220251
17190  0.220251
17200  0.220251
17210  0.220251
17220  0.220251
17230  0.220251
17240  0.220251
17250  0.220251
17260  0.220251
17270  0.220251
17280  0.220251
17290  0.220251
17300  0.220251
17310  0.220251
17320  0.220251
17330  0.220251
17340  0.220251
17350  0.220251
17360  0.220251
17370  0.220251
17380  0.220251
17390  0.220251
17400  0.220251
17410  0.220251
17420  0.220251
17430  0.220251
17440  0.220251
17450  0.220251
17460  0.220251
17470  0.220251
17480  0.220251
17490  0.220251
17500  0.220251
17510  0.220251
17520  0.220251
17530  0.220251
17540  0.220251
17550  0.220251
17560  0.220251
17570  0.220251
17580  0.220251
17590  0.220251
17600  0.220251
17610  0.220251
17620  0.220251
17630  0.220251
17640  0.220251
17650  0.220251
17660  0.220251
17670  0.220251
17680  0.220251
17690  0.220251
17700  0.220251
17710  0.220251
17720  0.220251
17730  0.220251
17740  0.220251
17750  0.220251
17760  0.220251
17770  0.220251
17780  0.220251
17790  0.220251
17800  0.220251
17810  0.220251
17820  0.220251
17830  0.220251
17840  0.220251
17850  0.220251
17860  0.220251
17870  0.220251
17880  0.220251
17890  0.220251
17900  0.220251
17910  0.220251
17920  0.220251
17930  0.220251
17940  0.220251
17950  0.220251
17960  0.220251
17970  0.220251
17980  0.220251
17990  0.220251
18000  0.220251
18010  0.220251
18020  0.220251
18030  0.220251
18040  0.220251
18050  0.220251
18060  0.220251
18070  0.220251
18080  0.220251
18090  0.220251
18100  0.220251
18110  0.220251
18120  0.220251
18130  0.220251
18140  0.220251
18150  0.220251
18160  0.220251
18170  0.220251
18180  0.220251
18190  0.220251
18200  0.220251
18210  0.220251
18220  0.220251
18230  0.220251
18240  0.220251
18250  0.220251
18260  0.220251
18270  0.220251
18280  0.220251
18290  0.220251
18300  0.220251
18310  0.220251
18320  0.220251
18330  0.220251
18340  0.220251
18350  0.220251
18360  0.220251
18370  0.220251
18380  0.220251
18390  0.220251
18400  0.220251
18410  0.220251
18420  0.220251
18430  0.220251
18440  0.220251
18450  0.220251
18460  0.220251
18470  0.220251
18480  0.220251
18490  0.220251
18500  0.220251
18510  0.220251
18520  0.220251
18530  0.220251
18540  0.220251
18550  0.220251
18560  0.220251
18570  0.220251
18580  0.220251
18590  0.220251
18600  0.220251
18610  0.220251
18620  0.220251
18630  0.220251
18640  0.220251
18650  0.220251
18660  0.220251
18670  0.220251
18680  0.220251
18690  0.220251
18700  0.220251
18710  0.220251
18720  0.220251
18730  0.220251
18740  0.220251
18750  0.220251
18760  0.220251
18770  0.220251
18780  0.220251
18790  0.220251
18800  0.220251
18810  0.220251
18820  0.220251
18830  0.220251
18840  0.220251
18850  0.220251
18860  0.220251
18870  0.220251
18880  0.220251
18890  0.220251
18900  0.220251
18910  0.220251
18920  0.220251
18930  0.220251
18940  0.220251
18950  0.220251
18960  0.220251
18970  0.220251
18980  0.220251
18990  0.220251
19000  0.220251
19010  0.220251
19020  0.220251
19030  0.220251
19040  0.220251
19050  0.220251
19060  0.220251
19070  0.220251
19080  0.220251
19090  0.220251
19100  0.220251
19110  0.220251
19120  0.220251
19130  0.220251
19140  0.220251
19150  0.220251
19160  0.220251
19170  0.220251
19180  0.220251
19190  0.220251
19200  0.220251
19210  0.220251
19220  0.220251
19230  0.220251
19240  0.220251
19250  0.220251
19260  0.220251
19270  0.220251
19280  0.220251
19290  0.220251
19300  0.220251
19310  0.220251
19320  0.220251
19330  0.220251
19340  0.220251
19350  0.220251
19360  0.220251
19370  0.220251
19380  0.220251
19390  0.220251
19400  0.220251
19410  0.220251
19420  0.220251
19430  0.220251
19440  0.220251
19450  0.220251
19460  0.220251
19470  0.220251
19480  0.220251
19490  0.220251
19500  0.220251
19510  0.220251
19520  0.220251
19530  0.220251
19540  0.220251
19550  0.220251
19560  0.220251
19570  0.220251
19580  0.220251
19590  0.220251
19600  0.220251
19610  0.220251
19620  0.220251
19630  0.220251
19640  0.220251
19650  0.220251
19660  0.220251
19670  0.220251
19680  0.220251
19690  0.220251
19700  0.220251
19710  0.220251
19720  0.220251
19730  0.220251
19740  0.220251
19750  0.220251
19760  0.220251
19770  0.220251
19780  0.220251
19790  0.220251
19800  0.220251
19810  0.220251
19820  0.220251
19830  0.220251
19840  0.220251
19850  0.220251
19860  0.220251
19870  0.220251
19880  0.220251
19890  0.220251
19900  0.220251
19910  0.220251
19920  0.220251
19930  0.220251
19940  0.220251
19950  0.220251
19960  0.220251
19970  0.220251
19980  0.220251
19990  0.220251
20000  0.220251
20010  0.220251
20020  0.220251
20030  0.220251
20040  0.220251
20050  0.220251
20060  0.220251
20070  0.220251
20080  0.220251
20090  0.220251
20100  0.220251
20110  0.220251
20120  0.220251
20130  0.220251
20140  0.220251
20150  0.220251
20160  0.220251
20170  0.220251
20180  0.220251
20190  0.220251
20200  0.220251
20210  0.220251
20220  0.220251
20230  0.220251
20240  0.220251
20250  0.220251
20260  0.220251
20270  0.220251
20280  0.220251
20290  0.220251
20300  0.220251
20310  0.220251
20320  0.220251
20330  0.220251
20340  0.220251
20350  0.220251
20360  0.220251
20370  0.220251
20380  0.220251
20390  0.220251
20400  0.220251
20410  0.220251
20420  0.220251
20430  0.220251
20440  0.220251
20450  0.220251
20460  0.220251
20470  0.220251
20480  0.220251
20490  0.220251
20500  0.220251
20510  0.220251
20520  0.220251
20530  0.220251
20540  0.220251
20550  0.220251
20560  0.220251
20570  0.220251
20580  0.220251
20590  0.220251
20600  0.220251
20610  0.220251
20620  0.220251
20630  0.220251
20640  0.220251
20650  0.220251
20660  0.220251
20670  0.220251
20680  0.220251
20690  0.220251
20700  0.220251
20710  0.220251
20720  0.220251
20730  0.220251
20740  0.220251
20750  0.220251
20760  0.220251
20770  0.220251
20780  0.220251
20790  0.220251
20800  0.220251
20810  0.220251
20820  0.220251
20830  0.220251
20840  0.220251
20850  0.220251
20860  0.220251
20870  0.220251
20880  0.220251
20890  0.220251
20900  0.220251
20910  0.220251
20920  0.220251
20930  0.220251
20940  0.220251
20950  0.220251
20960  0.220251
20970  0.220251
20980  0.220251
20990  0.220251
21000  0.220251
21010  0.220251
21020  0.220251
21030  0.220251
21040  0.220251
21050  0.220251
21060  0.220251
21070  0.220251
21080  0.220251
21090  0.220251
21100  0.220251
21110  0.219408
21120  0.219408
21130  0.219408
21140  0.219408
21150  0.219408
21160  0.219408
21170  0.219408
21180  0.219408
21190  0.219408
21200  0.219408
21210  0.219408
21220  0.219408
21230  0.219408
21240  0.219408
21250  0.219408
21260  0.219408
21270  0.219408
21280  0.219408
21290  0.219408
21300  0.219408
21310  0.219408
21320  0.219408
21330  0.219408
21340  0.219408
21350  0.219408
21360  0.219408
21370  0.219408
21380  0.219408
21390  0.219408
21400  0.219408
21410  0.219408
21420  0.219408
21430  0.219408
21440  0.219408
21450  0.219408
21460  0.219408
21470  0.219408
21480  0.219408
21490  0.219408
21500  0.219408
21510  0.219408
21520  0.219408
21530  0.219408
21540  0.219408
21550  0.219408
21560  0.219408
21570  0.219408
21580  0.219408
21590  0.219408
21600  0.219408
21610  0.219408
21620  0.219408
21630  0.219408
21640  0.219408
21650  0.219408
21660  0.219408
21670  0.219408
21680  0.219408
21690  0.219408
21700  0.219408
21710  0.219408
21720  0.219408
21730  0.219408
21740  0.219408
21750  0.219408
21760  0.219408
21770  0.219408
21780  0.219408
21790  0.219408
21800  0.219408
21810  0.219408
21820  0.219408
21830  0.219408
21840  0.219408
21850  0.219408
21860  0.219408
21870  0.219408
21880  0.219408
21890  0.219408
21900  0.219408
21910  0.219408
21920  0.219408
21930  0.219408
21940  0.219408
21950  0.219408
21960  0.219408
21970  0.219408
21980  0.219408
21990  0.219408
22000  0.219408
22010  0.219408
22020  0.219408
22030  0.219408
22040  0.219408
22050  0.219408
22060  0.219408
22070  0.219408
22080  0.219408
22090  0.219408
22100  0.219408
22110  0.219408
22120  0.219408
22130  0.219408
22140  0.219408
22150  0.219408
22160  0.219408
22170  0.219408
22180  0.219408
22190  0.219408
22200  0.219408
22210  0.219408
22220  0.219408
22230  0.219408
22240  0.219408
22250  0.219408
22260  0.219408
22270  0.219408
22280  0.219408
22290  0.219408
22300  0.219408
22310  0.219408
22320  0.219408
22330  0.219408
22340  0.219408
22350  0.219408
22360  0.219408
22370  0.219408
22380  0.219408
22390  0.219408
22400  0.219408
22410  0.219408
22420  0.219408
22430  0.219408
22440  0.219408
22450  0.219408
22460  0.219408
22470  0.219408
22480  0.219408
22490  0.219408
22500  0.219408
22510  0.219408
22520  0.219408
22530  0.219408
22540  0.219408
22550  0.219408
22560  0.219408
22570  0.219408
22580  0.219408
22590  0.219408
22600  0.219408
22610  0.219408
22620  0.219408
22630  0.219408
22640  0.219408
22650  0.219408
22660  0.219408
22670  0.219408
22680  0.219408
22690  0.219408
22700  0.219408
22710  0.219408
22720  0.219408
22730  0.219408
22740  0.219408
22750  0.219408
22760  0.219408
22770  0.219408
22780  0.219408
22790  0.219408
22800  0.219408
22810  0.219408
22820  0.219408
22830  0.219408
22840  0.219408
22850  0.219408
22860  0.219408
22870  0.219408
22880  0.219408
22890  0.219408
22900  0.219408
22910  0.219408
22920  0.219408
22930  0.219408
22940  0.219408
22950  0.219408
22960  0.219408
22970  0.219408
22980  0.219408
22990  0.219408
23000  0.219408
23010  0.219408
23020  0.219408
23030  0.219408
23040  0.219408
23050  0.219408
23060  0.219408
23070  0.219408
23080  0.219408
23090  0.219408
23100  0.219408
23110  0.219408
23120  0.219408
23130  0.219408
23140  0.219408
23150  0.219408
23160  0.219408
23170  0.219408
23180  0.219408
23190  0.219408
23200  0.219408
23210  0.219408
23220  0.219408
23230  0.219408
23240  0.219408
23250  0.219408
23260  0.219408
23270  0.219408
23280  0.219408
23290  0.219408
23300  0.219408
23310  0.219408
23320  0.219408
23330  0.219408
23340  0.219408
23350  0.219408
23360  0.219408
23370  0.219408
23380  0.219408
23390  0.219408
23400  0.219408
23410  0.219408
23420  0.219408
23430  0.219408
23440  0.219408
23450  0.219408
23460  0.219408
23470  0.219408
23480  0.219408
23490  0.219408
23500  0.219408
23510  0.219408
23520  0.219408
23530  0.219408
23540  0.219408
23550  0.219408
23560  0.219408
23570  0.219408
23580  0.219408
23590  0.219408
23600  0.219408
23610  0.219408
23620  0.219408
23630  0.219408
23640  0.219408
23650  0.219408
23660  0.219408
23670  0.219408
23680  0.219408
23690  0.219408
23700  0.219408
23710  0.219408
23720  0.219408
23730  0.219408
23740  0.219408
23750  0.219408
23760  0.219408
23770  0.219408
23780  0.219408
23790  0.219408
23800  0.219408
23810  0.219408
23820  0.219408
23830  0.219408
23840  0.219408
23850  0.219408
23860  0.219408
23870  0.219408
23880  0.219408
23890  0.219408
23900  0.219408
23910  0.219408
23920  0.219408
23930  0.219408
23940  0.219408
23950  0.219408
23960  0.219408
23970  0.219408
23980  0.219408
23990  0.219408
24000  0.219408
24010  0.219408
24020  0.219408
24030  0.219408
24040  0.219408
24050  0.219408
24060  0.219408
24070  0.219408
24080  0.219408
24090  0.219408
24100  0.219408
24110  0.219408
24120  0.219408
24130  0.219408
24140  0.219408
24150  0.219408
24160  0.219408
24170  0.219408
24180  0.219408
24190  0.219408
24200  0.219408
24210  0.219408
24220  0.219408
24230  0.219408
24240  0.219408
24250  0.219408
24260  0.219408
24270  0.219408
24280  0.219408
24290  0.219408
24300  0.219408
24310  0.219408
24320  0.219408
24330  0.219408
24340  0.219408
24350  0.219408
24360  0.219408
24370  0.219408
24380  0.219408
24390  0.219408
24400  0.219408
24410  0.219408
24420  0.219408
24430  0.219408
24440  0.219408
24450  0.219408
24460  0.219408
24470  0.219408
24480  0.219408
24490  0.219408
24500  0.219408
24510  0.219408
24520  0.219408
24530  0.219408
24540  0.219408
24550  0.219408
24560  0.219408
24570  0.219408
24580  0.219408
24590  0.219408
24600  0.219408
24610  0.219408
24620  0.219408
24630  0.219408
24640  0.219408
24650  0.219408
24660  0.219408
24670  0.219408
24680  0.219408
24690  0.219408
24700  0.219408
24710  0.219408
24720  0.219408
24730  0.219408
24740  0.219408
24750  0.219408
24760  0.219408
24770  0.219408
24780  0.219408
24790  0.219408
24800  0.219408
24810  0.219408
24820  0.219408
24830  0.219408
24840  0.219408
24850  0.219408
24860  0.219408
24870  0.219408
24880  0.219408
24890  0.219408
24900  0.219408
24910  0.219408
24920  0.219408
24930  0.219408
24940  0.219408
24950  0.219408
24960  0.219408
24970  0.219408
24980  0.219408
24990  0.219408
25000  0.219408
25010  0.219408
25020  0.219408
25030  0.219408
25040  0.219408
25050  0.219408
25060  0.219408
25070  0.219408
25080  0.219408
25090  0.219408
25100  0.219408
25110  0.219408
25120  0.219408
25130  0.219408
25140  0.219408
25150  0.219408
25160  0.219408
25170  0.219408
25180  0.219408
25190  0.219408
25200  0.219408
25210  0.219408
25220  0.219408
25230  0.219408
25240  0.219408
25250  0.219408
25260  0.219408
25270  0.219408
25280  0.219408
25290  0.219408
25300  0.219408
25310  0.219408
25320  0.219408
25330  0.219408
25340  0.219408
25350  0.219408
25360  0.219408
25370  0.219408
25380  0.219408
25390  0.219408
25400  0.219408
25410  0.219408
25420  0.219408
25430  0.219408
25440  0.219408
25450  0.219408
25460  0.219408
25470  0.219408
25480  0.219408
25490  0.219408
25500  0.219408
25510  0.219408
25520  0.219408
25530  0.219408
25540  0.219408
25550  0.219408
25560  0.219408
25570  0.219408
25580  0.219408
25590  0.219408
25600  0.219408
25610  0.219408
25620  0.219408
25630  0.219408
25640  0.219408
25650  0.219408
25660  0.219408
25670  0.219408
25680  0.219408
25690  0.219408
25700  0.219408
25710  0.219408
25720  0.219408
25730  0.219408
25740  0.219408
25750  0.219408
25760  0.219408
25770  0.219408
25780  0.219408
25790  0.219408
25800  0.219408
25810  0.219408
25820  0.219408
25830  0.219408
25840  0.219408
25850  0.219408
25860  0.219408
25870  0.219408
25880  0.219408
25890  0.219408
25900  0.219408
25910  0.219408
25920  0.219408
25930  0.219408
25940  0.219408
25950  0.219408
25960  0.219408
25970  0.219408
25980  0.219408
25990  0.219408
26000  0.219408
26010  0.219408
26020  0.219408
26030  0.219408
26040  0.219408
26050  0.219408
26060  0.219408
26070  0.219408
26080  0.219408
26090  0.219408
26100  0.219408
26110  0.219408
26120  0.219408
26130  0.219408
26140  0.219408
26150  0.219408
26160  0.219408
26170  0.219408
26180  0.219408
26190  0.219408
26200  0.219408
26210  0.219408
26220  0.219408
26230  0.219408
26240  0.219408
26250  0.219408
26260  0.219408
26270  0.219408
26280  0.219408
26290  0.219408
26300  0.219408
26310  0.219408
26320  0.219408
26330  0.219408
26340  0.219408
26350  0.219408
26360  0.219408
26370  0.219408
26380  0.219408
26390  0.219408
26400  0.219408
26410  0.219408
26420  0.219408
26430  0.219408
26440  0.219408
26450  0.219408
26460  0.219408
26470  0.219408
26480  0.219408
26490  0.219408
26500  0.219408
26510  0.219408
26520  0.219408
26530  0.219408
26540  0.219408
26550  0.219408
26560  0.219408
26570  0.219408
26580  0.219408
26590  0.219408
26600  0.219408
26610  0.219408
26620  0.219408
26630  0.219408
26640  0.219408
26650  0.219408
26660  0.219408
26670  0.219408
26680  0.219408
26690  0.219408
26700  0.219408
26710  0.219408
26720  0.219408
26730  0.219408
26740  0.219408
26750  0.219408
26760  0.219408
26770  0.219408
26780  0.219408
26790  0.219408
26800  0.219408
26810  0.219408
26820  0.219408
26830  0.219408
26840  0.219408
26850  0.219408
26860  0.219408
26870  0.219408
26880  0.219408
26890  0.219408
26900  0.219408
26910  0.219408
26920  0.219408
26930  0.219408
26940  0.219408
26950  0.219408
26960  0.219408
26970  0.219408
26980  0.219408
26990  0.219408
27000  0.219408
27010  0.219408
27020  0.219408
27030  0.219408
27040  0.219408
27050  0.219408
27060  0.219408
27070  0.219408
27080  0.219408
27090  0.219408
27100  0.219408
27110  0.219408
27120  0.219408
27130  0.219408
27140  0.219408
27150  0.219408
27160  0.219408
27170  0.219408
27180  0.219408
27190  0.219408
27200  0.219408
27210  0.219408
27220  0.219408
27230  0.219408
27240  0.219408
27250  0.219408
27260  0.219408
27270  0.219408
27280  0.219408
27290  0.219408
27300  0.219408
27310  0.219408
27320  0.219408
27330  0.219408
27340  0.219408
27350  0.219408
27360  0.219408
27370  0.219408
27380  0.219408
27390  0.219408
27400  0.219408
27410  0.219408
27420  0.219408
27430  0.219408
27440  0.219408
27450  0.219408
27460  0.219408
27470  0.219408
27480  0.219408
27490  0.219408
27500  0.219408
27510  0.219408
27520  0.219408
27530  0.219408
27540  0.219408
27550  0.219408
27560  0.219408
27570  0.219408
27580  0.219408
27590  0.219408
27600  0.219408
27610  0.219408
27620  0.219408
27630  0.219408
27640  0.219408
27650  0.219408
27660  0.219408
27670  0.219408
27680  0.219408
27690  0.219408
27700  0.219408
27710  0.219408
27720  0.219408
27730  0.219408
27740  0.219408
27750  0.219408
27760  0.219408
27770  0.219408
27780  0.219408
27790  0.219408
27800  0.219408
27810  0.219408
27820  0.219408
27830  0.219408
27840  0.219408
27850  0.219408
27860  0.219408
27870  0.219408
27880  0.219408
27890  0.219408
27900  0.219408
27910  0.219408
27920  0.219408
27930  0.219408
27940  0.219408
27950  0.219408
27960  0.219408
27970  0.219408
27980  0.219408
27990  0.219408
28000  0.219408
28010  0.219408
28020  0.219408
28030  0.219408
28040  0.219408
28050  0.219408
28060  0.219408
28070  0.219408
28080  0.219408
28090  0.219408
28100  0.219408
28110  0.219408
28120  0.219408
28130  0.219408
28140  0.219408
28150  0.219408
28160  0.219408
28170  0.219408
28180  0.219408
28190  0.219408
28200  0.219408
28210  0.219408
28220  0.219408
28230  0.219408
28240  0.219408
28250  0.219408
28260  0.219408
28270  0.219408
28280  0.219408
28290  0.219408
28300  0.219408
28310  0.219408
28320  0.219408
28330  0.219408
28340  0.219408
28350  0.219408
28360  0.219408
28370  0.219408
28380  0.219408
28390  0.219408
28400  0.219408
28410  0.219408
28420  0.219408
28430  0.219408
28440  0.219408
28450  0.219408
28460  0.219408
28470  0.219408
28480  0.219408
28490  0.219408
28500  0.219408
28510  0.219408
28520  0.219408
28530  0.219408
28540  0.219408
28550  0.219408
28560  0.219408
28570  0.219408
28580  0.219408
28590  0.219408
28600  0.219408
28610  0.219408
28620  0.219408
28630  0.219408
28640  0.219408
28650  0.219408
28660  0.219408
28670  0.219408
28680  0.219408
28690  0.219408
28700  0.219408
28710  0.219408
28720  0.219408
28730  0.219408
28740  0.219408
28750  0.219408
28760  0.219408
28770  0.219408
28780  0.219408
28790  0.219408
28800  0.219408
28810  0.219408
28820  0.219408
28830  0.219408
28840  0.219408
28850  0.219408
28860  0.219408
28870  0.219408
28880  0.219408
28890  0.219408
28900  0.219408
28910  0.219408
28920  0.219408
28930  0.219408
28940  0.219408
28950  0.219408
28960  0.219408
28970  0.219408
28980  0.219408
28990  0.219408
29000  0.219408
29010  0.219408
29020  0.219408
29030  0.219408
29040  0.219408
29050  0.219408
29060  0.219408
29070  0.219408
29080  0.219408
29090  0.219408
29100  0.219408
29110  0.219408
29120  0.219408
29130  0.219408
29140  0.219408
29150  0.219408
29160  0.219408
29170  0.219408
29180  0.219408
29190  0.219408
29200  0.219408
29210  0.219408
29220  0.219408
29230  0.219408
29240  0.219408
29250  0.219408
29260  0.219408
29270  0.219408
29280  0.219408
29290  0.219408
29300  0.219408
29310  0.219408
29320  0.219408
29330  0.219408
29340  0.219408
29350  0.219408
29360  0.219408
29370  0.219408
29380  0.219408
29390  0.219408
29400  0.219408
29410  0.219408
29420  0.219408
29430  0.219408
29440  0.219408
29450  0.219408
29460  0.219408
29470  0.219408
29480  0.219408
29490  0.219408
29500  0.219408
29510  0.219408
29520  0.219408
29530  0.219408
29540  0.219408
29550  0.219408
29560  0.219408
29570  0.219408
29580  0.219408
29590  0.219408
29600  0.219408
29610  0.219408
29620  0.219408
29630  0.219408
29640  0.219408
29650  0.219408
29660  0.219408
29670  0.219408
29680  0.219408
29690  0.219408
29700  0.219408
29710  0.219408
29720  0.219408
29730  0.219408
29740  0.219408
29750  0.219408
29760  0.219408
29770  0.219408
29780  0.219408
29790  0.219408
29800  0.219408
29810  0.219408
29820  0.219408
29830  0.219408
29840  0.219408
29850  0.219408
29860  0.219408
29870  0.219408
29880  0.219408
29890  0.219408
29900  0.219408
29910  0.219408
29920  0.219408
29930  0.219408
29940  0.219408
29950  0.219408
29960  0.219408
29970  0.219408
29980  0.219408
29990  0.219408
30000  0.219408
30010  0.219408
