Step  Penalty
50  0.479912
100  0.479912
150  0.47799
200  0.473241
250  0.460017
300  0.446262
350  0.440283
400  0.416251
450  0.413373
500  0.413373
550  0.400469
600  0.400469
650  0.392291
700  0.382618
750  0.382618
800  0.373496
850  0.373342
900  0.359591
950  0.349203
1000  0.333848
1050  0.315332
1100  0.291827
1150  0.277049
1200  0.274859
1250  0.254208
1300  0.242507
1350  0.240784
1400  0.232135
1450  0.226181
1500  0.220507
1550  0.214914
1600  0.204829
1650  0.20057
1700  0.195182
1750  0.191685
1800  0.189718
1850  0.184194
1900  0.183569
1950  0.178899
2000  0.178839
2050  0.178839
2100  0.175479
2150  0.174697
2200  0.173975
2250  0.17394
2300  0.170786
2350  0.170786
2400  0.170634
2450  0.1685
2500  0.1685
2550  0.166746
2600  0.166746
2650  0.166746
2700  0.16382
2750  0.16382
2800  0.16382
2850  0.16382
2900  0.16382
2950  0.16382
3000  0.16382
3050  0.16382
3100  0.16382
3150  0.16382
3200  0.16382
3250  0.163248
3300  0.163248
3350  0.162027
3400  0.162027
3450  0.162027
3500  0.161852
3550  0.161844
3600  0.161498
3650  0.161498
3700  0.160876
3750  0.160118
3800  0.160118
3850  0.160118
3900  0.160118
3950  0.158994
4000  0.158994
4050  0.158994
4100  0.158994
4150  0.158994
4200  0.158994
4250  0.158994
4300  0.157558
4350  0.1573
4400  0.1573
4450  0.156913
4500  0.156913
4550  0.156913
4600  0.156913
4650  0.155821
4700  0.155821
4750  0.155821
4800  0.155821
4850  0.155821
4900  0.155821
4950  0.155669
5000  0.155669
5050  0.155669
5100  0.155229
5150  0.155229
5200  0.155229
5250  0.155229
5300  0.155229
5350  0.155229
5400  0.154938
5450  0.154938
5500  0.154938
5550  0.154938
5600  0.154938
5650  0.154938
5700  0.154938
5750  0.154938
5800  0.154938
5850  0.154938
5900  0.154938
5950  0.154938
6000  0.154938
6050  0.15436
6100  0.15436
6150  0.154309
6200  0.154309
6250  0.154309
6300  0.154309
6350  0.154309
6400  0.154186
6450  0.154186
6500  0.154186
6550  0.154186
6600  0.152704
6650  0.152704
6700  0.152704
6750  0.152704
6800  0.152704
6850  0.152704
6900  0.152704
6950  0.152704
7000  0.152704
7050  0.152704
7100  0.152704
7150  0.152704
7200  0.152704
7250  0.152704
7300  0.152704
7350  0.152704
7400  0.152704
7450  0.152704
7500  0.152216
7550  0.152216
7600  0.152216
7650  0.152216
7700  0.152216
7750  0.152216
7800  0.152216
7850  0.152216
7900  0.152216
7950  0.152216
8000  0.152216
8050  0.152216
8100  0.152216
8150  0.151825
8200  0.151825
8250  0.151825
8300  0.151825
8350  0.151825
8400  0.151008
8450  0.151008
8500  0.151008
8550  0.151008
8600  0.151008
8650  0.151008
8700  0.151008
8750  0.151008
8800  0.151008
8850  0.151008
8900  0.151008
8950  0.151008
9000  0.151008
9050  0.151008
9100  0.151008
9150  0.151008
9200  0.151008
9250  0.151008
9300  0.150871
9350  0.150871
9400  0.150871
9450  0.150871
9500  0.150871
9550  0.150871
9600  0.150871
9650  0.150871
9700  0.150871
9750  0.150871
9800  0.150871
9850  0.150871
9900  0.150871
9950  0.150871
10000  0.150736
10050  0.150736
10100  0.150736
10150  0.150736
10200  0.150736
10250  0.150736
10300  0.150484
10350  0.150484
10400  0.150484
10450  0.150484
10500  0.150402
10550  0.150402
10600  0.150402
10650  0.150402
10700  0.150402
10750  0.150402
10800  0.150402
10850  0.150402
10900  0.150402
10950  0.150402
11000  0.150402
11050  0.150402
11100  0.150402
11150  0.150402
11200  0.150402
11250  0.150402
11300  0.150402
11350  0.150402
11400  0.150402
11450  0.150402
11500  0.150402
11550  0.150402
11600  0.150402
11650  0.150402
11700  0.150402
11750  0.150402
11800  0.150265
11850  0.150265
11900  0.150265
11950  0.150265
12000  0.150265
12050  0.15016
12100  0.15016
12150  0.15016
12200  0.15016
12250  0.15016
12300  0.15016
12350  0.15016
12400  0.15016
12450  0.15016
12500  0.15016
12550  0.15016
12600  0.15016
12650  0.15016
12700  0.15016
12750  0.15016
12800  0.15016
12850  0.15016
12900  0.15016
12950  0.15016
13000  0.15016
13050  0.15016
13100  0.15016
13150  0.15016
13200  0.15016
13250  0.15016
13300  0.15016
13350  0.15016
13400  0.15016
13450  0.15016
13500  0.14998
13550  0.14998
13600  0.14998
13650  0.14998
13700  0.14998
13750  0.14998
13800  0.14998
13850  0.14998
13900  0.14998
13950  0.14998
14000  0.14998
14050  0.149876
14100  0.149876
14150  0.149876
14200  0.149876
14250  0.149876
14300  0.149876
14350  0.149876
14400  0.149876
14450  0.149876
14500  0.149876
14550  0.149876
14600  0.149876
14650  0.149876
14700  0.149876
14750  0.149876
14800  0.149876
14850  0.149876
14900  0.149876
14950  0.149876
15000  0.149876
15050  0.149876
15100  0.149876
15150  0.149876
15200  0.149876
15250  0.149876
15300  0.149876
15350  0.149876
15400  0.149876
15450  0.149876
15500  0.149807
15550  0.149807
15600  0.149807
15650  0.149807
15700  0.149807
15750  0.149807
15800  0.149807
15850  0.149807
15900  0.149807
15950  0.149807
16000  0.149807
16050  0.149807
16100  0.149807
16150  0.149807
16200  0.149807
16250  0.149807
16300  0.149807
16350  0.149671
16400  0.149671
16450  0.149671
16500  0.149671
16550  0.149414
16600  0.149414
16650  0.149414
16700  0.149414
16750  0.149414
16800  0.149414
16850  0.149414
16900  0.149414
16950  0.149414
17000  0.149414
17050  0.149414
17100  0.149414
17150  0.149414
17200  0.149414
17250  0.149365
17300  0.149365
17350  0.149365
17400  0.149365
17450  0.149365
17500  0.149365
17550  0.149365
17600  0.149365
17650  0.149365
17700  0.149365
17750  0.149365
17800  0.149365
17850  0.149365
17900  0.149365
17950  0.149365
18000  0.149365
18050  0.149365
18100  0.149365
18150  0.149365
18200  0.149365
18250  0.149365
18300  0.149365
18350  0.149365
18400  0.149365
18450  0.149365
18500  0.149365
18550  0.149365
18600  0.149365
18650  0.149365
18700  0.149365
18750  0.149365
18800  0.149365
18850  0.149365
18900  0.149365
18950  0.149365
19000  0.149365
19050  0.149365
19100  0.149365
19150  0.149365
19200  0.149365
19250  0.149365
19300  0.149365
19350  0.149365
19400  0.149365
19450  0.149365
19500  0.149365
19550  0.149365
19600  0.149365
19650  0.149365
19700  0.149365
19750  0.149365
19800  0.149365
19850  0.149365
19900  0.149365
19950  0.149365
20000  0.149365
20050  0.149365
20100  0.149365
20150  0.149365
20200  0.149365
20250  0.149365
20300  0.149365
20350  0.149365
20400  0.149365
20450  0.149365
20500  0.149365
20550  0.149365
20600  0.149365
20650  0.149365
20700  0.149365
20750  0.149365
20800  0.149365
20850  0.149365
20900  0.149365
20950  0.149365
21000  0.149365
21050  0.149346
21100  0.149346
21150  0.149346
21200  0.149346
21250  0.149346
21300  0.149346
21350  0.149346
21400  0.149346
21450  0.149346
21500  0.149346
21550  0.148423
21600  0.148423
21650  0.148423
21700  0.148423
21750  0.148423
21800  0.148423
21850  0.148423
21900  0.148423
21950  0.148423
22000  0.148423
22050  0.148423
22100  0.148423
22150  0.148423
22200  0.148423
22250  0.148423
22300  0.148423
22350  0.148423
22400  0.148423
22450  0.148423
22500  0.148423
22550  0.148423
22600  0.148423
22650  0.148423
22700  0.148423
22750  0.148423
22800  0.148423
22850  0.148423
22900  0.148423
22950  0.148423
23000  0.148423
23050  0.148423
23100  0.148423
23150  0.148423
23200  0.148423
23250  0.148423
23300  0.148423
23350  0.148423
23400  0.148423
23450  0.148423
23500  0.148423
23550  0.148423
23600  0.148423
23650  0.148423
23700  0.148423
23750  0.148423
23800  0.148423
23850  0.148423
23900  0.148423
23950  0.148423
24000  0.148423
24050  0.148298
24100  0.148298
24150  0.148298
24200  0.148298
24250  0.148298
24300  0.148298
24350  0.148298
24400  0.148298
24450  0.148298
24500  0.148298
24550  0.148298
24600  0.148298
24650  0.148298
24700  0.148298
24750  0.148298
24800  0.148298
24850  0.148298
24900  0.148298
24950  0.148298
25000  0.148298
25050  0.148298
25100  0.148298
25150  0.148298
25200  0.148298
25250  0.148298
25300  0.148298
25350  0.148298
25400  0.148298
25450  0.148298
25500  0.148298
25550  0.148298
25600  0.148298
25650  0.148298
25700  0.148298
25750  0.148298
25800  0.148298
25850  0.148298
25900  0.148298
25950  0.148298
26000  0.148298
26050  0.148043
26100  0.148043
26150  0.148043
26200  0.148043
26250  0.148043
26300  0.148043
26350  0.148043
26400  0.148043
26450  0.147695
26500  0.147695
26550  0.147695
26600  0.147695
26650  0.147695
26700  0.147695
26750  0.147695
26800  0.147493
26850  0.147493
26900  0.147493
26950  0.147493
27000  0.147493
27050  0.147493
27100  0.147105
27150  0.147105
27200  0.146944
27250  0.146466
27300  0.146466
27350  0.146466
27400  0.146466
27450  0.146127
27500  0.146127
27550  0.146127
27600  0.146127
27650  0.146127
27700  0.146127
27750  0.146127
27800  0.146127
27850  0.146127
27900  0.146127
27950  0.146127
28000  0.146127
28050  0.146127
28100  0.146127
28150  0.146127
28200  0.146127
28250  0.146127
28300  0.146127
28350  0.146127
28400  0.146127
28450  0.146127
28500  0.146127
28550  0.145971
28600  0.145971
28650  0.145971
28700  0.145971
28750  0.145971
28800  0.145971
28850  0.145971
28900  0.145971
28950  0.145971
29000  0.145971
29050  0.145971
29100  0.145971
29150  0.145971
29200  0.145971
29250  0.145971
29300  0.145971
29350  0.145971
29400  0.145971
29450  0.145971
29500  0.145971
29550  0.145971
29600  0.145705
29650  0.145705
29700  0.145705
29750  0.145705
29800  0.145705
29850  0.145705
29900  0.145705
29950  0.144886
30000  0.144886
30050  0.144886
30100  0.144886
30150  0.144886
30200  0.144886
30250  0.144886
30300  0.144886
30350  0.144886
30400  0.144886
30450  0.144886
30500  0.144886
30550  0.144886
30600  0.144886
30650  0.144886
30700  0.144886
30750  0.144886
30800  0.144886
30850  0.144886
30900  0.144886
30950  0.144886
31000  0.144886
31050  0.144886
31100  0.144886
31150  0.144886
31200  0.144886
31250  0.144886
31300  0.144886
31350  0.144886
31400  0.144886
31450  0.144886
31500  0.144886
31550  0.144886
31600  0.144886
31650  0.144886
31700  0.144886
31750  0.144886
31800  0.144886
31850  0.144886
31900  0.144886
31950  0.144886
32000  0.144886
32050  0.144886
32100  0.144886
32150  0.144886
32200  0.144886
32250  0.144886
32300  0.144886
32350  0.144886
32400  0.144886
32450  0.144886
32500  0.144886
32550  0.144886
32600  0.144886
32650  0.144886
32700  0.144886
32750  0.144886
32800  0.144886
32850  0.144886
32900  0.144886
32950  0.144886
33000  0.144886
33050  0.144886
33100  0.144886
33150  0.144886
33200  0.144886
33250  0.144886
33300  0.144886
33350  0.144886
33400  0.144886
33450  0.144886
33500  0.144886
33550  0.144886
33600  0.144886
33650  0.144886
33700  0.144886
33750  0.144886
33800  0.144886
33850  0.144886
33900  0.144886
33950  0.144886
34000  0.144886
34050  0.144886
34100  0.144886
34150  0.144886
34200  0.144886
34250  0.144886
34300  0.144886
34350  0.144886
34400  0.144886
34450  0.144886
34500  0.144886
34550  0.144886
34600  0.144886
34650  0.144886
34700  0.144886
34750  0.144886
34800  0.144886
34850  0.144886
34900  0.144878
34950  0.144878
35000  0.144878
35050  0.144878
35100  0.144878
35150  0.144878
35200  0.144878
35250  0.144878
35300  0.144878
35350  0.144878
35400  0.144878
35450  0.144878
35500  0.144878
35550  0.144878
35600  0.144878
35650  0.144878
35700  0.144878
35750  0.144878
35800  0.144878
35850  0.144878
35900  0.144878
35950  0.144878
36000  0.144878
36050  0.144878
36100  0.144878
36150  0.144878
36200  0.144878
36250  0.144878
36300  0.144878
36350  0.144547
36400  0.144547
36450  0.144547
36500  0.144547
36550  0.144547
36600  0.144547
36650  0.144547
36700  0.144547
36750  0.144547
36800  0.144547
36850  0.144547
36900  0.144547
36950  0.144547
37000  0.144547
37050  0.144547
37100  0.144547
37150  0.144547
37200  0.144547
37250  0.144547
37300  0.144547
37350  0.144547
37400  0.144547
37450  0.144498
37500  0.144498
37550  0.144498
37600  0.144498
37650  0.144498
37700  0.144498
37750  0.144498
37800  0.144498
37850  0.144498
37900  0.144498
37950  0.144498
38000  0.144498
38050  0.144498
38100  0.144498
38150  0.144498
38200  0.144498
38250  0.144498
38300  0.144498
38350  0.144498
38400  0.144498
38450  0.144498
38500  0.144498
38550  0.144498
38600  0.144498
38650  0.144498
38700  0.144498
38750  0.144498
38800  0.144498
38850  0.144498
38900  0.144498
38950  0.144498
39000  0.144498
39050  0.144498
39100  0.144498
39150  0.144498
39200  0.144498
39250  0.144498
39300  0.144498
39350  0.144498
39400  0.144498
39450  0.144498
39500  0.144398
39550  0.144398
39600  0.144398
39650  0.144398
39700  0.144398
39750  0.144398
39800  0.144398
39850  0.144398
39900  0.144398
39950  0.144398
40000  0.144398
40050  0.144398
40100  0.144398
40150  0.144398
40200  0.144398
40250  0.144398
40300  0.144398
40350  0.144315
40400  0.144315
40450  0.144315
40500  0.144315
40550  0.144315
40600  0.144315
40650  0.144315
40700  0.144315
40750  0.144315
40800  0.144315
40850  0.144315
40900  0.144315
40950  0.144315
41000  0.144315
41050  0.144315
41100  0.144315
41150  0.144315
41200  0.144315
41250  0.144315
41300  0.144315
41350  0.144315
41400  0.144315
41450  0.144315
41500  0.144315
41550  0.144315
41600  0.144315
41650  0.144315
41700  0.144315
41750  0.144315
41800  0.144315
41850  0.144315
41900  0.144315
41950  0.144315
42000  0.144315
42050  0.144315
42100  0.144315
42150  0.144315
42200  0.144315
42250  0.144315
42300  0.144315
42350  0.144315
42400  0.144315
42450  0.144315
42500  0.144315
42550  0.144315
42600  0.144315
42650  0.144315
42700  0.144315
42750  0.144315
42800  0.144315
42850  0.144315
42900  0.144315
42950  0.144315
43000  0.144315
43050  0.144315
43100  0.144315
43150  0.144315
43200  0.144315
43250  0.144315
43300  0.144315
43350  0.144315
43400  0.144315
43450  0.144315
43500  0.144315
43550  0.144315
43600  0.144315
43650  0.144315
43700  0.144315
43750  0.144315
43800  0.144315
43850  0.144315
43900  0.144315
43950  0.144315
44000  0.144315
44050  0.144315
44100  0.144315
44150  0.144315
44200  0.144315
44250  0.144315
44300  0.144315
44350  0.144315
44400  0.144315
44450  0.144315
44500  0.144315
44550  0.144315
44600  0.144315
44650  0.144315
44700  0.144315
44750  0.144315
44800  0.144315
44850  0.144315
44900  0.144315
44950  0.144315
45000  0.144315
45050  0.144315
45100  0.144315
45150  0.144315
45200  0.144315
45250  0.144315
45300  0.144315
45350  0.144315
45400  0.144315
45450  0.144315
45500  0.144315
45550  0.144315
45600  0.144315
45650  0.144315
45700  0.144315
45750  0.144315
45800  0.144315
45850  0.144315
45900  0.144315
45950  0.144315
46000  0.144315
46050  0.144315
46100  0.144315
46150  0.144315
46200  0.144315
46250  0.144315
46300  0.144315
46350  0.144315
46400  0.144315
46450  0.144315
46500  0.144315
46550  0.144315
46600  0.144315
46650  0.144315
46700  0.144315
46750  0.144315
46800  0.144315
46850  0.144315
46900  0.144315
46950  0.144315
47000  0.144315
47050  0.144315
47100  0.144315
47150  0.144315
47200  0.144315
47250  0.144315
47300  0.144315
47350  0.144315
47400  0.144315
47450  0.144315
47500  0.144315
47550  0.144315
47600  0.144315
47650  0.144118
47700  0.144118
47750  0.144118
47800  0.144118
47850  0.144118
47900  0.144118
47950  0.144118
48000  0.144118
48050  0.144118
48100  0.144118
48150  0.144118
48200  0.144118
48250  0.144118
48300  0.144118
48350  0.144118
48400  0.144118
48450  0.144118
48500  0.144118
48550  0.144118
48600  0.144118
48650  0.144118
48700  0.144118
48750  0.144118
48800  0.144118
48850  0.144118
48900  0.144118
48950  0.144118
49000  0.144118
49050  0.144118
49100  0.144118
49150  0.144118
49200  0.144118
49250  0.143808
49300  0.143808
49350  0.143808
49400  0.143808
49450  0.143808
49500  0.143808
49550  0.143808
49600  0.143808
49650  0.143808
49700  0.143808
49750  0.143808
49800  0.143808
49850  0.143808
49900  0.143808
49950  0.143808
50000  0.143808
50050  0.143808
50100  0.143808
50150  0.143808
50200  0.143808
50250  0.143808
50300  0.143808
50350  0.143808
50400  0.143808
50450  0.143808
50500  0.143808
50550  0.143808
50600  0.143808
50650  0.143808
50700  0.143808
50750  0.143808
50800  0.143765
50850  0.143765
50900  0.143765
50950  0.143765
51000  0.143765
51050  0.143765
51100  0.143765
51150  0.143765
51200  0.143765
51250  0.143765
51300  0.143765
51350  0.143765
51400  0.143765
51450  0.143765
51500  0.143765
51550  0.143765
51600  0.143765
51650  0.143765
51700  0.143765
51750  0.143765
51800  0.143765
51850  0.143765
51900  0.143765
51950  0.143765
52000  0.143765
52050  0.143765
52100  0.143765
52150  0.143765
52200  0.143765
52250  0.143765
52300  0.143765
52350  0.143765
52400  0.143765
52450  0.143765
52500  0.143765
52550  0.143765
52600  0.143765
52650  0.143765
52700  0.143765
52750  0.143765
52800  0.143765
52850  0.143765
52900  0.143765
52950  0.143765
53000  0.143765
53050  0.143765
53100  0.143765
53150  0.143765
53200  0.143765
53250  0.143765
53300  0.143765
53350  0.143765
53400  0.143765
53450  0.143765
53500  0.143765
53550  0.143765
53600  0.143765
53650  0.143765
53700  0.143765
53750  0.143765
53800  0.143765
53850  0.143765
53900  0.143765
53950  0.143765
54000  0.143765
54050  0.143765
54100  0.143765
54150  0.143765
54200  0.143765
54250  0.143765
54300  0.143765
54350  0.143765
54400  0.143765
54450  0.143765
54500  0.143765
54550  0.143765
54600  0.143765
54650  0.143765
54700  0.143765
54750  0.143765
54800  0.143765
54850  0.143765
54900  0.143765
54950  0.143765
55000  0.143765
55050  0.143765
55100  0.143765
55150  0.143765
55200  0.143765
55250  0.143765
55300  0.143765
55350  0.143765
55400  0.143765
55450  0.143765
55500  0.143765
55550  0.143765
55600  0.143765
55650  0.143765
55700  0.143414
55750  0.143414
55800  0.143414
55850  0.143414
55900  0.143414
55950  0.143414
56000  0.143414
56050  0.143414
56100  0.143414
56150  0.143414
56200  0.143414
56250  0.143414
56300  0.143414
56350  0.143414
56400  0.143414
56450  0.143414
56500  0.143414
56550  0.143414
56600  0.143414
56650  0.143414
56700  0.143414
56750  0.143414
56800  0.143414
56850  0.143414
56900  0.143414
56950  0.143414
57000  0.143414
57050  0.143414
57100  0.143414
57150  0.143414
57200  0.143414
57250  0.143414
57300  0.143414
57350  0.143414
57400  0.143414
57450  0.143414
57500  0.143414
57550  0.143414
57600  0.143414
57650  0.143414
57700  0.143414
57750  0.143414
57800  0.143414
57850  0.143414
57900  0.143414
57950  0.143414
58000  0.143414
58050  0.143414
58100  0.143414
58150  0.143414
58200  0.143414
58250  0.143414
58300  0.143414
58350  0.143414
58400  0.143414
58450  0.143414
58500  0.143414
58550  0.143414
58600  0.143414
58650  0.143414
58700  0.143414
58750  0.143414
58800  0.143414
58850  0.143414
58900  0.143414
58950  0.143414
59000  0.143414
59050  0.143414
59100  0.143414
59150  0.143414
59200  0.143414
59250  0.143414
59300  0.143414
59350  0.143414
59400  0.143414
59450  0.143414
59500  0.143414
59550  0.143414
59600  0.143414
59650  0.143414
59700  0.143414
59750  0.143414
59800  0.143414
59850  0.143414
59900  0.143414
59950  0.143414
60000  0.143414
60050  0.143414
60100  0.143414
60150  0.143414
60200  0.143414
60250  0.143414
60300  0.143414
60350  0.143414
60400  0.143414
60450  0.143414
60500  0.143414
60550  0.143414
60600  0.143414
60650  0.143414
60700  0.143414
60750  0.143414
60800  0.143414
60850  0.143414
60900  0.143414
60950  0.143414
61000  0.143414
61050  0.143414
61100  0.143414
61150  0.143414
61200  0.143414
61250  0.143414
61300  0.143414
61350  0.143414
61400  0.143414
61450  0.143414
61500  0.143414
61550  0.143414
61600  0.143414
61650  0.143414
61700  0.143414
61750  0.143414
61800  0.143414
61850  0.143414
61900  0.143414
61950  0.143414
62000  0.143414
62050  0.143414
62100  0.143414
62150  0.143414
62200  0.143414
62250  0.143414
62300  0.143414
62350  0.143414
62400  0.143414
62450  0.143414
62500  0.143414
62550  0.143414
62600  0.143414
62650  0.143414
62700  0.143414
62750  0.143414
62800  0.143414
62850  0.143414
62900  0.143414
62950  0.143414
63000  0.143414
63050  0.143414
63100  0.143414
63150  0.143414
63200  0.143414
63250  0.143414
63300  0.143414
63350  0.143414
63400  0.143414
63450  0.143414
63500  0.143414
63550  0.143414
63600  0.143414
63650  0.143414
63700  0.143414
63750  0.143414
63800  0.143414
63850  0.143414
63900  0.143414
63950  0.143414
64000  0.143414
64050  0.143414
64100  0.143414
64150  0.143414
64200  0.143414
64250  0.143414
64300  0.143414
64350  0.143414
64400  0.143414
64450  0.143414
64500  0.143414
64550  0.143414
64600  0.143414
64650  0.143414
64700  0.143414
64750  0.143414
64800  0.143414
64850  0.143414
64900  0.143414
64950  0.143414
65000  0.143414
65050  0.143414
65100  0.143414
65150  0.143414
65200  0.143414
65250  0.143414
65300  0.143414
65350  0.143414
65400  0.143414
65450  0.143414
65500  0.143414
65550  0.143414
65600  0.143414
65650  0.143414
65700  0.143414
65750  0.143414
65800  0.143414
65850  0.143414
65900  0.143414
65950  0.143414
66000  0.143414
66050  0.143414
66100  0.143414
66150  0.143414
66200  0.143414
66250  0.143414
66300  0.143414
66350  0.143414
66400  0.143414
66450  0.143414
66500  0.143414
66550  0.143414
66600  0.143339
66650  0.143339
66700  0.143339
66750  0.143339
66800  0.143339
66850  0.143339
66900  0.143339
66950  0.143339
67000  0.143339
67050  0.143339
67100  0.143339
67150  0.143339
67200  0.143339
67250  0.143339
67300  0.143339
67350  0.143339
67400  0.143339
67450  0.143339
67500  0.143339
67550  0.143339
67600  0.143339
67650  0.143339
67700  0.143339
67750  0.143339
67800  0.143339
67850  0.143339
67900  0.143339
67950  0.143339
68000  0.143339
68050  0.143339
68100  0.143339
68150  0.143339
68200  0.143339
68250  0.143339
68300  0.143339
68350  0.143339
68400  0.143339
68450  0.143339
68500  0.143339
68550  0.143339
68600  0.143339
68650  0.143262
68700  0.143262
68750  0.143262
68800  0.143262
68850  0.143197
68900  0.143197
68950  0.143197
69000  0.143197
69050  0.143197
69100  0.143197
69150  0.143197
69200  0.143197
69250  0.143197
69300  0.143197
69350  0.143197
69400  0.143197
69450  0.143197
69500  0.143197
69550  0.143197
69600  0.143197
69650  0.143197
69700  0.143197
69750  0.143197
69800  0.143197
69850  0.143197
69900  0.143197
69950  0.143197
70000  0.143197
70050  0.143197
70100  0.143197
70150  0.143197
70200  0.143197
70250  0.143197
70300  0.143197
70350  0.143197
70400  0.143197
70450  0.143197
70500  0.143197
70550  0.143197
70600  0.143197
70650  0.143197
70700  0.143197
70750  0.143197
70800  0.143197
70850  0.143197
70900  0.143197
70950  0.143197
71000  0.143197
71050  0.143197
71100  0.143197
71150  0.143197
71200  0.143197
71250  0.143197
71300  0.143197
71350  0.143197
71400  0.143197
71450  0.143197
71500  0.143197
71550  0.143197
71600  0.143197
71650  0.143197
71700  0.143197
71750  0.143197
71800  0.143197
71850  0.143197
71900  0.143197
71950  0.143197
72000  0.143197
72050  0.143197
72100  0.143197
72150  0.143197
72200  0.143197
72250  0.143197
72300  0.143197
72350  0.143197
72400  0.143197
72450  0.143197
72500  0.143197
72550  0.143197
72600  0.143197
72650  0.143197
72700  0.143197
72750  0.143197
72800  0.143197
72850  0.143197
72900  0.143197
72950  0.143197
73000  0.143197
73050  0.143197
73100  0.143197
73150  0.143197
73200  0.143197
73250  0.143197
73300  0.143197
73350  0.143197
73400  0.143197
73450  0.143197
73500  0.143197
73550  0.143197
73600  0.143197
73650  0.143197
73700  0.143197
73750  0.143197
73800  0.143197
73850  0.143197
73900  0.143197
73950  0.143197
74000  0.143197
74050  0.143197
74100  0.143197
74150  0.143197
74200  0.143197
74250  0.143197
74300  0.143197
74350  0.143197
74400  0.143197
74450  0.143197
74500  0.143197
74550  0.142843
74600  0.142843
74650  0.142843
74700  0.142843
74750  0.142843
74800  0.142843
74850  0.142843
74900  0.142843
74950  0.142843
75000  0.142843
75050  0.142843
75100  0.142843
75150  0.142843
75200  0.142843
75250  0.142843
75300  0.142843
75350  0.142843
75400  0.142843
75450  0.142843
75500  0.142843
75550  0.142843
75600  0.142843
75650  0.142843
75700  0.142843
75750  0.142843
75800  0.142843
75850  0.142843
75900  0.142843
75950  0.142843
76000  0.142843
76050  0.142843
76100  0.142843
76150  0.142843
76200  0.142843
76250  0.142843
76300  0.142843
76350  0.142843
76400  0.142843
76450  0.142843
76500  0.142843
76550  0.142843
76600  0.142843
76650  0.142843
76700  0.142843
76750  0.142843
76800  0.142843
76850  0.142843
76900  0.142843
76950  0.142843
77000  0.142843
77050  0.142843
77100  0.142843
77150  0.142843
77200  0.142016
77250  0.142016
77300  0.142016
77350  0.142016
77400  0.142016
77450  0.142016
77500  0.142016
77550  0.142016
77600  0.142016
77650  0.142016
77700  0.142016
77750  0.142016
77800  0.142016
77850  0.142016
77900  0.142016
77950  0.142016
78000  0.142016
78050  0.142016
78100  0.142016
78150  0.142016
78200  0.142016
78250  0.142016
78300  0.142016
78350  0.142016
78400  0.142016
78450  0.142016
78500  0.142016
78550  0.142016
78600  0.142016
78650  0.142016
78700  0.142016
78750  0.142016
78800  0.142016
78850  0.142016
78900  0.142016
78950  0.142016
79000  0.142016
79050  0.142016
79100  0.142016
79150  0.142016
79200  0.142016
79250  0.142016
79300  0.142016
79350  0.142016
79400  0.142016
79450  0.142016
79500  0.142016
79550  0.142016
79600  0.142016
79650  0.142016
79700  0.142016
79750  0.142016
79800  0.142016
79850  0.142016
79900  0.142016
79950  0.142016
80000  0.142016
80050  0.142016
80100  0.142016
80150  0.142016
80200  0.142016
80250  0.142016
80300  0.142016
80350  0.142016
80400  0.142016
80450  0.142016
80500  0.142016
80550  0.142016
80600  0.142016
80650  0.142016
80700  0.142016
80750  0.142016
80800  0.142016
80850  0.142016
80900  0.142016
80950  0.142016
81000  0.142016
81050  0.142016
81100  0.142016
81150  0.142016
81200  0.142016
81250  0.142016
81300  0.142016
81350  0.142016
81400  0.142016
81450  0.142016
81500  0.142016
81550  0.142016
81600  0.142016
81650  0.142016
81700  0.142016
81750  0.142016
81800  0.142016
81850  0.142016
81900  0.142016
81950  0.142016
82000  0.142016
82050  0.142016
82100  0.142016
82150  0.142016
82200  0.142016
82250  0.142016
82300  0.142016
82350  0.142016
82400  0.142016
82450  0.142016
82500  0.142016
82550  0.142016
82600  0.142016
82650  0.142016
82700  0.142016
82750  0.142016
82800  0.142016
82850  0.142016
82900  0.142016
82950  0.142016
83000  0.142016
83050  0.142016
83100  0.142016
83150  0.142016
83200  0.142016
83250  0.142016
83300  0.142016
83350  0.142016
83400  0.142016
83450  0.142016
83500  0.142016
83550  0.142016
83600  0.142016
83650  0.142016
83700  0.142016
83750  0.142016
83800  0.142016
83850  0.142016
83900  0.142016
83950  0.142016
84000  0.142016
84050  0.142016
84100  0.142016
84150  0.141894
84200  0.141894
84250  0.141894
84300  0.141894
84350  0.141894
84400  0.141894
84450  0.141894
84500  0.141894
84550  0.141894
84600  0.141894
84650  0.141894
84700  0.141894
84750  0.141894
84800  0.141894
84850  0.141894
84900  0.141894
84950  0.141894
85000  0.141894
85050  0.141894
85100  0.141894
85150  0.141894
85200  0.141894
85250  0.141894
85300  0.141894
85350  0.141894
85400  0.141894
85450  0.141894
85500  0.141894
85550  0.141894
85600  0.141894
85650  0.141894
85700  0.141894
85750  0.141894
85800  0.141894
85850  0.141894
85900  0.141894
85950  0.141894
86000  0.141894
86050  0.141894
86100  0.141894
86150  0.141894
86200  0.141894
86250  0.141894
86300  0.141894
86350  0.141894
86400  0.141894
86450  0.141894
86500  0.141894
86550  0.141894
86600  0.141894
86650  0.141894
86700  0.141894
86750  0.141894
86800  0.141894
86850  0.141894
86900  0.141894
86950  0.141894
87000  0.141894
87050  0.141894
87100  0.141894
87150  0.141894
87200  0.141894
87250  0.141894
87300  0.141894
87350  0.141894
87400  0.141894
87450  0.141894
87500  0.141894
87550  0.141894
87600  0.141894
87650  0.141894
87700  0.141894
87750  0.141894
87800  0.141894
87850  0.141894
87900  0.141894
87950  0.141894
88000  0.141894
88050  0.141894
88100  0.141894
88150  0.141894
88200  0.141894
88250  0.141894
88300  0.141894
88350  0.141894
88400  0.141894
88450  0.141894
88500  0.141894
88550  0.141894
88600  0.141894
88650  0.141894
88700  0.141894
88750  0.141894
88800  0.141894
88850  0.141894
88900  0.141894
88950  0.141894
89000  0.141894
89050  0.141894
89100  0.141894
89150  0.141894
89200  0.141894
89250  0.141894
89300  0.141894
89350  0.141894
89400  0.141894
89450  0.141894
89500  0.141894
89550  0.141894
89600  0.141894
89650  0.141894
89700  0.141894
89750  0.141894
89800  0.141894
89850  0.141894
89900  0.141894
89950  0.141894
90000  0.141894
90050  0.141894
90100  0.141894
90150  0.141894
90200  0.141894
90250  0.141894
90300  0.141894
90350  0.141894
90400  0.141894
90450  0.141894
90500  0.141894
90550  0.141894
90600  0.141894
90650  0.141894
90700  0.141894
90750  0.141894
90800  0.141894
90850  0.141894
90900  0.141894
90950  0.141894
91000  0.141894
91050  0.141894
91100  0.141894
91150  0.141894
91200  0.141894
91250  0.141894
91300  0.141894
91350  0.141894
91400  0.141894
91450  0.141894
91500  0.141894
91550  0.141894
91600  0.141894
91650  0.141894
91700  0.141894
91750  0.141894
91800  0.141894
91850  0.141894
91900  0.141894
91950  0.141894
92000  0.141894
92050  0.141894
92100  0.141894
92150  0.141894
92200  0.141894
92250  0.141894
92300  0.141894
92350  0.141894
92400  0.141894
92450  0.141894
92500  0.141894
92550  0.141894
92600  0.141894
92650  0.141894
92700  0.141894
92750  0.141894
92800  0.141894
92850  0.141857
92900  0.141857
92950  0.141857
93000  0.141857
93050  0.141857
93100  0.141857
93150  0.141857
93200  0.141857
93250  0.141857
93300  0.141857
93350  0.141857
93400  0.141857
93450  0.141857
93500  0.141857
93550  0.141857
93600  0.141857
93650  0.141857
93700  0.141857
93750  0.141857
93800  0.141857
93850  0.141857
93900  0.141857
93950  0.141857
94000  0.141857
94050  0.141857
94100  0.141857
94150  0.141857
94200  0.141857
94250  0.141857
94300  0.141857
94350  0.141857
94400  0.141857
94450  0.141857
94500  0.141857
94550  0.141857
94600  0.141857
94650  0.141857
94700  0.141857
94750  0.141857
94800  0.141857
94850  0.141857
94900  0.141857
94950  0.141857
95000  0.141857
95050  0.141857
95100  0.141857
95150  0.141857
95200  0.141857
95250  0.141857
95300  0.141857
95350  0.141857
95400  0.141857
95450  0.141857
95500  0.141857
95550  0.141857
95600  0.141857
95650  0.141857
95700  0.141857
95750  0.141857
95800  0.141857
95850  0.141857
95900  0.141857
95950  0.141857
96000  0.141857
96050  0.141857
96100  0.141857
96150  0.141857
96200  0.141857
96250  0.141857
96300  0.141857
96350  0.141857
96400  0.141857
96450  0.141857
96500  0.141857
96550  0.141857
96600  0.141857
96650  0.141857
96700  0.141857
96750  0.141857
96800  0.141857
96850  0.141857
96900  0.141857
96950  0.141857
97000  0.141857
97050  0.141857
97100  0.141857
97150  0.141857
97200  0.141857
97250  0.141857
97300  0.141857
97350  0.141791
97400  0.141791
97450  0.141791
97500  0.141791
97550  0.141791
97600  0.141791
97650  0.141791
97700  0.141791
97750  0.141791
97800  0.141791
97850  0.141791
97900  0.141791
97950  0.141791
98000  0.141791
98050  0.141791
98100  0.141791
98150  0.141791
98200  0.141791
98250  0.141791
98300  0.141791
98350  0.141791
98400  0.141791
98450  0.141791
98500  0.141791
98550  0.141791
98600  0.141791
98650  0.141791
98700  0.141791
98750  0.141791
98800  0.141791
98850  0.141791
98900  0.141791
98950  0.141791
99000  0.141791
99050  0.141791
99100  0.141791
99150  0.141791
99200  0.141791
99250  0.141791
99300  0.141791
99350  0.141791
99400  0.141791
99450  0.141791
99500  0.141791
99550  0.141791
99600  0.141791
99650  0.141791
99700  0.141791
99750  0.141791
99800  0.141791
99850  0.141791
99900  0.141791
99950  0.141791
100000  0.141791
100050  0.141791
100100  0.141791
100150  0.141791
100200  0.141791
100250  0.141791
100300  0.141791
100350  0.141791
100400  0.141791
100450  0.141791
100500  0.141791
100550  0.141791
100600  0.141791
100650  0.141791
100700  0.141791
100750  0.141791
100800  0.141791
100850  0.141791
100900  0.141791
100950  0.141791
101000  0.141791
101050  0.141791
101100  0.141791
101150  0.141791
101200  0.141791
101250  0.141791
101300  0.141791
101350  0.141791
101400  0.141791
101450  0.141791
101500  0.141791
101550  0.141791
101600  0.141791
101650  0.141791
101700  0.141791
101750  0.141791
101800  0.141791
101850  0.141791
101900  0.141791
101950  0.141791
102000  0.141791
102050  0.141791
102100  0.141791
102150  0.141791
102200  0.141791
102250  0.141791
102300  0.141791
102350  0.141791
102400  0.141791
102450  0.141791
102500  0.141791
102550  0.141791
102600  0.141791
102650  0.141791
102700  0.141791
102750  0.141791
102800  0.141791
102850  0.141791
102900  0.141791
102950  0.141791
103000  0.141791
103050  0.141791
103100  0.141791
103150  0.141791
103200  0.141791
103250  0.141791
103300  0.141791
103350  0.141791
103400  0.141791
103450  0.141791
103500  0.141791
103550  0.141791
103600  0.141791
103650  0.141791
103700  0.141791
103750  0.141791
103800  0.141791
103850  0.141791
103900  0.141791
103950  0.141791
104000  0.141791
104050  0.141791
104100  0.141791
104150  0.141791
104200  0.141791
104250  0.141791
104300  0.141791
104350  0.141791
104400  0.141791
104450  0.141791
104500  0.141791
104550  0.141791
104600  0.141791
104650  0.141791
104700  0.141791
104750  0.141791
104800  0.141791
104850  0.141791
104900  0.141791
104950  0.141791
105000  0.141791
105050  0.141791
105100  0.141791
105150  0.141791
105200  0.141791
105250  0.141791
105300  0.141791
105350  0.141791
105400  0.141791
105450  0.141791
105500  0.141791
105550  0.141791
105600  0.141791
105650  0.141791
105700  0.141791
105750  0.141791
105800  0.141791
105850  0.141791
105900  0.141791
105950  0.141791
106000  0.141791
106050  0.141791
106100  0.141791
106150  0.141791
106200  0.141791
106250  0.141791
106300  0.141791
106350  0.141791
106400  0.141791
106450  0.141791
106500  0.141791
106550  0.141791
106600  0.141791
106650  0.141791
106700  0.141791
106750  0.141791
106800  0.141791
106850  0.141791
106900  0.141791
106950  0.141791
107000  0.141791
107050  0.141791
107100  0.141791
107150  0.141791
107200  0.141791
107250  0.141791
107300  0.141791
107350  0.141791
107400  0.141791
107450  0.141791
107500  0.141791
107550  0.141791
107600  0.141791
107650  0.141791
107700  0.141791
107750  0.141791
107800  0.141791
107850  0.141791
107900  0.141791
107950  0.141791
108000  0.141303
108050  0.141303
108100  0.141303
108150  0.141303
108200  0.141303
108250  0.141303
108300  0.141303
108350  0.141303
108400  0.141303
108450  0.141303
108500  0.141303
108550  0.141303
108600  0.141303
108650  0.141303
108700  0.141303
108750  0.141303
108800  0.141303
108850  0.141303
108900  0.141303
108950  0.141303
109000  0.141303
109050  0.141303
109100  0.141303
109150  0.141303
109200  0.141303
109250  0.141303
109300  0.141303
109350  0.141303
109400  0.141303
109450  0.141303
109500  0.141303
109550  0.141303
109600  0.141303
109650  0.141303
109700  0.141303
109750  0.141303
109800  0.141303
109850  0.141303
109900  0.141303
109950  0.141303
110000  0.141303
110050  0.141303
110100  0.141303
110150  0.141303
110200  0.141303
110250  0.141303
110300  0.141303
110350  0.141303
110400  0.141303
110450  0.141303
110500  0.141303
110550  0.141303
110600  0.141303
110650  0.141303
110700  0.141303
110750  0.141303
110800  0.141303
110850  0.141303
110900  0.141303
110950  0.141303
111000  0.141303
111050  0.141303
111100  0.141303
111150  0.141303
111200  0.141303
111250  0.141303
111300  0.141303
111350  0.141303
111400  0.141303
111450  0.141303
111500  0.141303
111550  0.141303
111600  0.141303
111650  0.141303
111700  0.141303
111750  0.141303
111800  0.141303
111850  0.141303
111900  0.141303
111950  0.141303
112000  0.141303
112050  0.141303
112100  0.141303
112150  0.141303
112200  0.141303
112250  0.141303
112300  0.141303
112350  0.141303
112400  0.141303
112450  0.141303
112500  0.141303
112550  0.141303
112600  0.141303
112650  0.141303
112700  0.141303
112750  0.141303
112800  0.141303
112850  0.141303
112900  0.141303
112950  0.141303
113000  0.141303
113050  0.141303
113100  0.141303
113150  0.141303
113200  0.141303
113250  0.141303
113300  0.141303
113350  0.141303
113400  0.141303
113450  0.141303
113500  0.141303
113550  0.141303
113600  0.141303
113650  0.141303
113700  0.141303
113750  0.141303
113800  0.141303
113850  0.141303
113900  0.141303
113950  0.141303
114000  0.141303
114050  0.141303
114100  0.141303
114150  0.141303
114200  0.141303
114250  0.141303
114300  0.141303
114350  0.141303
114400  0.141303
114450  0.140719
114500  0.140719
114550  0.140719
114600  0.140719
114650  0.140719
114700  0.140719
114750  0.140719
114800  0.140719
114850  0.140719
114900  0.140719
114950  0.140719
115000  0.140719
115050  0.140719
115100  0.140719
115150  0.140719
115200  0.140719
115250  0.140719
115300  0.140719
115350  0.140719
115400  0.140719
115450  0.140719
115500  0.140719
115550  0.140719
115600  0.140719
115650  0.140719
115700  0.140719
115750  0.140719
115800  0.140719
115850  0.140719
115900  0.140719
115950  0.140719
116000  0.140719
116050  0.140719
116100  0.140719
116150  0.140719
116200  0.140719
116250  0.140719
116300  0.140719
116350  0.140719
116400  0.140719
116450  0.140719
116500  0.140719
116550  0.140719
116600  0.140719
116650  0.140719
116700  0.140719
116750  0.140719
116800  0.140719
116850  0.140719
116900  0.140719
116950  0.140719
117000  0.140719
117050  0.140719
117100  0.140719
117150  0.140719
117200  0.140719
117250  0.140719
117300  0.140719
117350  0.140719
117400  0.140719
117450  0.140719
117500  0.140719
117550  0.140719
117600  0.140719
117650  0.140719
117700  0.140719
117750  0.140719
117800  0.140719
117850  0.140719
117900  0.140719
117950  0.140719
118000  0.140719
118050  0.140719
118100  0.140619
118150  0.140619
118200  0.140619
118250  0.140619
118300  0.140619
118350  0.140619
118400  0.140619
118450  0.140619
118500  0.140619
118550  0.140619
118600  0.140619
118650  0.140619
118700  0.140619
118750  0.140619
118800  0.140619
118850  0.140619
118900  0.140619
118950  0.140619
119000  0.140619
119050  0.140619
119100  0.140619
119150  0.140619
119200  0.140619
119250  0.140619
119300  0.140619
119350  0.140619
119400  0.140619
119450  0.140619
119500  0.140619
119550  0.140619
119600  0.140619
119650  0.140619
119700  0.140619
119750  0.140619
119800  0.140619
119850  0.140619
119900  0.140619
119950  0.140619
120000  0.140619
120050  0.140619
120100  0.140619
120150  0.140619
120200  0.140619
120250  0.140619
120300  0.140619
120350  0.140619
120400  0.140619
120450  0.140619
120500  0.140619
120550  0.140619
120600  0.140619
120650  0.140619
120700  0.140619
120750  0.140619
120800  0.140619
120850  0.140619
120900  0.140619
120950  0.140619
121000  0.140619
121050  0.140619
121100  0.140619
121150  0.140619
121200  0.140619
121250  0.140619
121300  0.140619
121350  0.140619
121400  0.140619
121450  0.140619
121500  0.140619
121550  0.140619
121600  0.140619
121650  0.140619
121700  0.140619
121750  0.140619
121800  0.140619
121850  0.140619
121900  0.140619
121950  0.140619
122000  0.140619
122050  0.140619
122100  0.140619
122150  0.140619
122200  0.140619
122250  0.140619
122300  0.140619
122350  0.140619
122400  0.140619
122450  0.140619
122500  0.140619
122550  0.140619
122600  0.140619
122650  0.140619
122700  0.140619
122750  0.140619
122800  0.140619
122850  0.140619
122900  0.140619
122950  0.140619
123000  0.140619
123050  0.140619
123100  0.140619
123150  0.140619
123200  0.140619
123250  0.140619
123300  0.140619
123350  0.140619
123400  0.140619
123450  0.140619
123500  0.140619
123550  0.140619
123600  0.140619
123650  0.140619
123700  0.140619
123750  0.140619
123800  0.140619
123850  0.140619
123900  0.140619
123950  0.140619
124000  0.140619
124050  0.140619
124100  0.140619
124150  0.140619
124200  0.140619
124250  0.140619
124300  0.140619
124350  0.140619
124400  0.140619
124450  0.140619
124500  0.140619
124550  0.140619
124600  0.140619
124650  0.140619
124700  0.140619
124750  0.140619
124800  0.140619
124850  0.140619
124900  0.140619
124950  0.140619
125000  0.140619
125050  0.140619
125100  0.140619
125150  0.140619
125200  0.140619
125250  0.140619
125300  0.140619
125350  0.140619
125400  0.140619
125450  0.140619
125500  0.140619
125550  0.140619
125600  0.140619
125650  0.140619
125700  0.140619
125750  0.140619
125800  0.140619
125850  0.140619
125900  0.140619
125950  0.140619
126000  0.140619
126050  0.140619
126100  0.140619
126150  0.140619
126200  0.140619
126250  0.140619
126300  0.140619
126350  0.140619
126400  0.140619
126450  0.140619
126500  0.140619
126550  0.140619
126600  0.140619
126650  0.140619
126700  0.140619
126750  0.140619
126800  0.140619
126850  0.140619
126900  0.140619
126950  0.140619
127000  0.140619
127050  0.140619
127100  0.140619
127150  0.140619
127200  0.140619
127250  0.140619
127300  0.140619
127350  0.140619
127400  0.140619
127450  0.140619
127500  0.140619
127550  0.140619
127600  0.140619
127650  0.140619
127700  0.140619
127750  0.140619
127800  0.140619
127850  0.140619
127900  0.140619
127950  0.140619
128000  0.140619
128050  0.140619
128100  0.140619
128150  0.140619
128200  0.140619
128250  0.140619
128300  0.140619
128350  0.140619
128400  0.140579
128450  0.140579
128500  0.140579
128550  0.140579
128600  0.140579
128650  0.140579
128700  0.140579
128750  0.140579
128800  0.140579
128850  0.140579
128900  0.140579
128950  0.140579
129000  0.140579
129050  0.140579
129100  0.140579
129150  0.140579
129200  0.140579
129250  0.140579
129300  0.140579
129350  0.140579
129400  0.140579
129450  0.140579
129500  0.140579
129550  0.140579
129600  0.140579
129650  0.140579
129700  0.140579
129750  0.140579
129800  0.140579
129850  0.140579
129900  0.140579
129950  0.140579
130000  0.140579
130050  0.140579
130100  0.140579
130150  0.140579
130200  0.140579
130250  0.140579
130300  0.140579
130350  0.140579
130400  0.140579
130450  0.140579
130500  0.140579
130550  0.140579
130600  0.140579
130650  0.140579
130700  0.140579
130750  0.140579
130800  0.140579
130850  0.140579
130900  0.140579
130950  0.140579
131000  0.140579
131050  0.140579
131100  0.140579
131150  0.140579
131200  0.140579
131250  0.140579
131300  0.140579
131350  0.140579
131400  0.140579
131450  0.140579
131500  0.140579
131550  0.140579
131600  0.140579
131650  0.140579
131700  0.140579
131750  0.140579
131800  0.140579
131850  0.140579
131900  0.140579
131950  0.140579
132000  0.140579
132050  0.140579
132100  0.140579
132150  0.140579
132200  0.140579
132250  0.140579
132300  0.140579
132350  0.140579
132400  0.140579
132450  0.140579
132500  0.140579
132550  0.140579
132600  0.140579
132650  0.140579
132700  0.140579
132750  0.140579
132800  0.140579
132850  0.140579
132900  0.140579
132950  0.140579
133000  0.140579
133050  0.140579
133100  0.140579
133150  0.140579
133200  0.140579
133250  0.140579
133300  0.140579
133350  0.140579
133400  0.140579
133450  0.140579
133500  0.140579
133550  0.140579
133600  0.140579
133650  0.140325
133700  0.140325
133750  0.140325
133800  0.140325
133850  0.140325
133900  0.140325
133950  0.140325
134000  0.140325
134050  0.140325
134100  0.140325
134150  0.140325
134200  0.140325
134250  0.140325
134300  0.140325
134350  0.140325
134400  0.140325
134450  0.140325
134500  0.140325
134550  0.140325
134600  0.140325
134650  0.140325
134700  0.140325
134750  0.140325
134800  0.140325
134850  0.140325
134900  0.140325
134950  0.140325
135000  0.140325
135050  0.140325
135100  0.140325
135150  0.140325
135200  0.140325
135250  0.140325
135300  0.140325
135350  0.140325
135400  0.140325
135450  0.140325
135500  0.140325
135550  0.140325
135600  0.140325
135650  0.140325
135700  0.140325
135750  0.140325
135800  0.140325
135850  0.140325
135900  0.140325
135950  0.140325
136000  0.140325
136050  0.140325
136100  0.140325
136150  0.140325
136200  0.140325
136250  0.140325
136300  0.140325
136350  0.140325
136400  0.140325
136450  0.140325
136500  0.140325
136550  0.140325
136600  0.140325
136650  0.140325
136700  0.140325
136750  0.140325
136800  0.140325
136850  0.140325
136900  0.140325
136950  0.140325
137000  0.140325
137050  0.140325
137100  0.140325
137150  0.140325
137200  0.140325
137250  0.140325
137300  0.140325
137350  0.140325
137400  0.140325
137450  0.140325
137500  0.140325
137550  0.140325
137600  0.140325
137650  0.140325
137700  0.140325
137750  0.140325
137800  0.140325
137850  0.140325
137900  0.140325
137950  0.140325
138000  0.140325
138050  0.140325
138100  0.140325
138150  0.140325
138200  0.140325
138250  0.140325
138300  0.140325
138350  0.140325
138400  0.140325
138450  0.140325
138500  0.140325
138550  0.140325
138600  0.140325
138650  0.140325
138700  0.140325
138750  0.140325
138800  0.140325
138850  0.140325
138900  0.140168
138950  0.140168
139000  0.140168
139050  0.140168
139100  0.140168
139150  0.140168
139200  0.140168
139250  0.140168
139300  0.140168
139350  0.140168
139400  0.140168
139450  0.140168
139500  0.140168
139550  0.140168
139600  0.140168
139650  0.140168
139700  0.140168
139750  0.140168
139800  0.140168
139850  0.140168
139900  0.140168
139950  0.140168
140000  0.140168
140050  0.140168
140100  0.140168
140150  0.140168
140200  0.140168
140250  0.140168
140300  0.140168
140350  0.140168
140400  0.140168
140450  0.140168
140500  0.140168
140550  0.140168
