Step  Penalty
10  0.536548
20  0.532977
30  0.526973
40  0.524053
50  0.52283
60  0.520112
70  0.514586
80  0.51105
90  0.500289
100  0.490303
110  0.486309
120  0.483962
130  0.480129
140  0.47938
150  0.478946
160  0.478938
170  0.472473
180  0.469815
190  0.468033
200  0.467556
210  0.463267
220  0.463267
230  0.459501
240  0.459501
250  0.459501
260  0.458932
270  0.457627
280  0.457627
290  0.457585
300  0.457064
310  0.456934
320  0.456934
330  0.456889
340  0.456659
350  0.456285
360  0.455555
370  0.452804
380  0.452105
390  0.450951
400  0.45079
410  0.450479
420  0.449919
430  0.449919
440  0.449323
450  0.445743
460  0.44522
470  0.44522
480  0.443837
490  0.442128
500  0.43881
510  0.437862
520  0.436824
530  0.435812
540  0.433705
550  0.432425
560  0.428962
570  0.428684
580  0.428684
590  0.42743
600  0.425684
610  0.423838
620  0.423838
630  0.423838
640  0.422413
650  0.422413
660  0.421426
670  0.419162
680  0.41856
690  0.414992
700  0.41147
710  0.409223
720  0.409223
730  0.408045
740  0.408045
750  0.407307
760  0.406042
770  0.406042
780  0.405556
790  0.40514
800  0.404887
810  0.404637
820  0.40424
830  0.402459
840  0.402459
850  0.402459
860  0.401589
870  0.401589
880  0.398949
890  0.398377
900  0.398133
910  0.397966
920  0.396419
930  0.394801
940  0.394404
950  0.394404
960  0.394404
970  0.393146
980  0.392874
990  0.392766
1000  0.392766
1010  0.39252
1020  0.391267
1030  0.390196
1040  0.387569
1050  0.386596
1060  0.386596
1070  0.386596
1080  0.38653
1090  0.386132
1100  0.385071
1110  0.383788
1120  0.383788
1130  0.382519
1140  0.381612
1150  0.381612
1160  0.380915
1170  0.380915
1180  0.379496
1190  0.379017
1200  0.378821
1210  0.378821
1220  0.378821
1230  0.378821
1240  0.378635
1250  0.377749
1260  0.377749
1270  0.377063
1280  0.377063
1290  0.376561
1300  0.375143
1310  0.375143
1320  0.375143
1330  0.374945
1340  0.374729
1350  0.374456
1360  0.374456
1370  0.373842
1380  0.373842
1390  0.373736
1400  0.373736
1410  0.373717
1420  0.373717
1430  0.373717
1440  0.373717
1450  0.373717
1460  0.373461
1470  0.373408
1480  0.373408
1490  0.373408
1500  0.373408
1510  0.373408
1520  0.373408
1530  0.373408
1540  0.372593
1550  0.371661
1560  0.371661
1570  0.371661
1580  0.370538
1590  0.370538
1600  0.370538
1610  0.370092
1620  0.368838
1630  0.368838
1640  0.367832
1650  0.367568
1660  0.366879
1670  0.362929
1680  0.360632
1690  0.360416
1700  0.359312
1710  0.358914
1720  0.358914
1730  0.358144
1740  0.357126
1750  0.357126
1760  0.356457
1770  0.356457
1780  0.356457
1790  0.356457
1800  0.356457
1810  0.356206
1820  0.356206
1830  0.356206
1840  0.356137
1850  0.356137
1860  0.35602
1870  0.35602
1880  0.355989
1890  0.355989
1900  0.355989
1910  0.35538
1920  0.35538
1930  0.355337
1940  0.355253
1950  0.35523
1960  0.355175
1970  0.354784
1980  0.354784
1990  0.354151
2000  0.353778
2010  0.353778
2020  0.353138
2030  0.353138
2040  0.353138
2050  0.353138
2060  0.353138
2070  0.353138
2080  0.352482
2090  0.352482
2100  0.352482
2110  0.352482
2120  0.352482
2130  0.351624
2140  0.351624
2150  0.351624
2160  0.351624
2170  0.350902
2180  0.350902
2190  0.350347
2200  0.350296
2210  0.349229
2220  0.349229
2230  0.348601
2240  0.348478
2250  0.348478
2260  0.34847
2270  0.348317
2280  0.348317
2290  0.347872
2300  0.347872
2310  0.347872
2320  0.347872
2330  0.347872
2340  0.347872
2350  0.347722
2360  0.347722
2370  0.347722
2380  0.347722
2390  0.347722
2400  0.347722
2410  0.347722
2420  0.347722
2430  0.347722
2440  0.347722
2450  0.347722
2460  0.347722
2470  0.347722
2480  0.347593
2490  0.347279
2500  0.346659
2510  0.346659
2520  0.346659
2530  0.346659
2540  0.346338
2550  0.346338
2560  0.346338
2570  0.345161
2580  0.344757
2590  0.344757
2600  0.344427
2610  0.343936
2620  0.343674
2630  0.343198
2640  0.343198
2650  0.343198
2660  0.343198
2670  0.343198
2680  0.343123
2690  0.343123
2700  0.343123
2710  0.343123
2720  0.342845
2730  0.342845
2740  0.342659
2750  0.341905
2760  0.341905
2770  0.341905
2780  0.341792
2790  0.341792
2800  0.341792
2810  0.341792
2820  0.341792
2830  0.341792
2840  0.341792
2850  0.341792
2860  0.341792
2870  0.341792
2880  0.341792
2890  0.341792
2900  0.341001
2910  0.341001
2920  0.341001
2930  0.341001
2940  0.340889
2950  0.340889
2960  0.340889
2970  0.340889
2980  0.340889
2990  0.340889
3000  0.340253
3010  0.340253
3020  0.340253
3030  0.340253
3040  0.340253
3050  0.340253
3060  0.340129
3070  0.340129
3080  0.340129
3090  0.340129
3100  0.340129
3110  0.340129
3120  0.34009
3130  0.34009
3140  0.34009
3150  0.34009
3160  0.34009
3170  0.339454
3180  0.3393
3190  0.338516
3200  0.338516
3210  0.338516
3220  0.33825
3230  0.33825
3240  0.33825
3250  0.33825
3260  0.33825
3270  0.33825
3280  0.33825
3290  0.33825
3300  0.33825
3310  0.33825
3320  0.338032
3330  0.337986
3340  0.337986
3350  0.337986
3360  0.337986
3370  0.337728
3380  0.337728
3390  0.337728
3400  0.337728
3410  0.337728
3420  0.337728
3430  0.337728
3440  0.337549
3450  0.337549
3460  0.337549
3470  0.337549
3480  0.337549
3490  0.337549
3500  0.337549
3510  0.337281
3520  0.337281
3530  0.337281
3540  0.337103
3550  0.337103
3560  0.337103
3570  0.337103
3580  0.337103
3590  0.337103
3600  0.337103
3610  0.337103
3620  0.336321
3630  0.335568
3640  0.335568
3650  0.335568
3660  0.335389
3670  0.335389
3680  0.335389
3690  0.335389
3700  0.335389
3710  0.335389
3720  0.335389
3730  0.335389
3740  0.335389
3750  0.335389
3760  0.335389
3770  0.335389
3780  0.335389
3790  0.335389
3800  0.335389
3810  0.335389
3820  0.335389
3830  0.335389
3840  0.335311
3850  0.334575
3860  0.334575
3870  0.334575
3880  0.334575
3890  0.334575
3900  0.334575
3910  0.334575
3920  0.334575
3930  0.334575
3940  0.334575
3950  0.334575
3960  0.334575
3970  0.334575
3980  0.334575
3990  0.334575
4000  0.334575
4010  0.334575
4020  0.334575
4030  0.334575
4040  0.33413
4050  0.333215
4060  0.333215
4070  0.333215
4080  0.333167
4090  0.333167
4100  0.333167
4110  0.332839
4120  0.332839
4130  0.332839
4140  0.332839
4150  0.332839
4160  0.332839
4170  0.332839
4180  0.332839
4190  0.332839
4200  0.332737
4210  0.332737
4220  0.332737
4230  0.332737
4240  0.332737
4250  0.332189
4260  0.332189
4270  0.332189
4280  0.332096
4290  0.332096
4300  0.332096
4310  0.332096
4320  0.332096
4330  0.332096
4340  0.332096
4350  0.332096
4360  0.332096
4370  0.332096
4380  0.332096
4390  0.332096
4400  0.331952
4410  0.331855
4420  0.331855
4430  0.331855
4440  0.331855
4450  0.331855
4460  0.331855
4470  0.331855
4480  0.331855
4490  0.331855
4500  0.331855
4510  0.331855
4520  0.331855
4530  0.331855
4540  0.331769
4550  0.331769
4560  0.331769
4570  0.331769
4580  0.331656
4590  0.331656
4600  0.331331
4610  0.331331
4620  0.331331
4630  0.331331
4640  0.331331
4650  0.331331
4660  0.331331
4670  0.331331
4680  0.331331
4690  0.331331
4700  0.331322
4710  0.331322
4720  0.331322
4730  0.331322
4740  0.331322
4750  0.331322
4760  0.331322
4770  0.331322
4780  0.331322
4790  0.331322
4800  0.331322
4810  0.331322
4820  0.331322
4830  0.330754
4840  0.330754
4850  0.330754
4860  0.330754
4870  0.330754
4880  0.330754
4890  0.330754
4900  0.330754
4910  0.330754
4920  0.330754
4930  0.330754
4940  0.330754
4950  0.330754
4960  0.330754
4970  0.330754
4980  0.330754
4990  0.330754
5000  0.330754
5010  0.330421
5020  0.330421
5030  0.329916
5040  0.329916
5050  0.329916
5060  0.32976
5070  0.32976
5080  0.32976
5090  0.32976
5100  0.32976
5110  0.32976
5120  0.32976
5130  0.32976
5140  0.32976
5150  0.32976
5160  0.32976
5170  0.32976
5180  0.32976
5190  0.32976
5200  0.32976
5210  0.32976
5220  0.32976
5230  0.32976
5240  0.32976
5250  0.32976
5260  0.32976
5270  0.32976
5280  0.329503
5290  0.329503
5300  0.329503
5310  0.329503
5320  0.329181
5330  0.329181
5340  0.329181
5350  0.329181
5360  0.329181
5370  0.329181
5380  0.329181
5390  0.329181
5400  0.329008
5410  0.329008
5420  0.328871
5430  0.328871
5440  0.328871
5450  0.328871
5460  0.328871
5470  0.328871
5480  0.328871
5490  0.328871
5500  0.328871
5510  0.328871
5520  0.328871
5530  0.328871
5540  0.328871
5550  0.328871
5560  0.328871
5570  0.328871
5580  0.328871
5590  0.328871
5600  0.328871
5610  0.328871
5620  0.328871
5630  0.328871
5640  0.328871
5650  0.328871
5660  0.328871
5670  0.328871
5680  0.328871
5690  0.328871
5700  0.328871
5710  0.328871
5720  0.328871
5730  0.328871
5740  0.32808
5750  0.32808
5760  0.32808
5770  0.32808
5780  0.32808
5790  0.32808
5800  0.32808
5810  0.327828
5820  0.327828
5830  0.327828
5840  0.327828
5850  0.327828
5860  0.327828
5870  0.327828
5880  0.327828
5890  0.327731
5900  0.327111
5910  0.327111
5920  0.327111
5930  0.327111
5940  0.327111
5950  0.327111
5960  0.327111
5970  0.327111
5980  0.327111
5990  0.326792
6000  0.326792
6010  0.326612
6020  0.326354
6030  0.326354
6040  0.326221
6050  0.326221
6060  0.326221
6070  0.326221
6080  0.326221
6090  0.326221
6100  0.326191
6110  0.326191
6120  0.326191
6130  0.325843
6140  0.325074
6150  0.325074
6160  0.325074
6170  0.325074
6180  0.325074
6190  0.325074
6200  0.325074
6210  0.325074
6220  0.32506
6230  0.32506
6240  0.32506
6250  0.32506
6260  0.324995
6270  0.324835
6280  0.324835
6290  0.324835
6300  0.324835
6310  0.324835
6320  0.324835
6330  0.324835
6340  0.324835
6350  0.324835
6360  0.324835
6370  0.324835
6380  0.324835
6390  0.324835
6400  0.323931
6410  0.323931
6420  0.323931
6430  0.323931
6440  0.323931
6450  0.323931
6460  0.323931
6470  0.323931
6480  0.323931
6490  0.323931
6500  0.323931
6510  0.323931
6520  0.323931
6530  0.323931
6540  0.323931
6550  0.323931
6560  0.323931
6570  0.323931
6580  0.323591
6590  0.323591
6600  0.323591
6610  0.323511
6620  0.323511
6630  0.323511
6640  0.323511
6650  0.323511
6660  0.323511
6670  0.323511
6680  0.323511
6690  0.323436
6700  0.323436
6710  0.323436
6720  0.323436
6730  0.323436
6740  0.323125
6750  0.323125
6760  0.323125
6770  0.323125
6780  0.323125
6790  0.323125
6800  0.323125
6810  0.323125
6820  0.322652
6830  0.322652
6840  0.322652
6850  0.322652
6860  0.322652
6870  0.322652
6880  0.322331
6890  0.322331
6900  0.322331
6910  0.322331
6920  0.322331
6930  0.322331
6940  0.322331
6950  0.322331
6960  0.322331
6970  0.322331
6980  0.322331
6990  0.322331
7000  0.322331
7010  0.321871
7020  0.321871
7030  0.321871
7040  0.321871
7050  0.321871
7060  0.321871
7070  0.321374
7080  0.321374
7090  0.321315
7100  0.321315
7110  0.321315
7120  0.321315
7130  0.321315
7140  0.321315
7150  0.321315
7160  0.321315
7170  0.321315
7180  0.320767
7190  0.320503
7200  0.320096
7210  0.320096
7220  0.320096
7230  0.320096
7240  0.319828
7250  0.319828
7260  0.319828
7270  0.319828
7280  0.319828
7290  0.319828
7300  0.319601
7310  0.319601
7320  0.319601
7330  0.319601
7340  0.319601
7350  0.319601
7360  0.319601
7370  0.319601
7380  0.319179
7390  0.319179
7400  0.319179
7410  0.318348
7420  0.318269
7430  0.318269
7440  0.318269
7450  0.318269
7460  0.318269
7470  0.318269
7480  0.318269
7490  0.318269
7500  0.318269
7510  0.318269
7520  0.318269
7530  0.318269
7540  0.318269
7550  0.317763
7560  0.317763
7570  0.317763
7580  0.317763
7590  0.317763
7600  0.317763
7610  0.317763
7620  0.317763
7630  0.317763
7640  0.317763
7650  0.317763
7660  0.317357
7670  0.317357
7680  0.31627
7690  0.316029
7700  0.315927
7710  0.315711
7720  0.315411
7730  0.315126
7740  0.315126
7750  0.315118
7760  0.31497
7770  0.31497
7780  0.314754
7790  0.314396
7800  0.31437
7810  0.31437
7820  0.31437
7830  0.31437
7840  0.31437
7850  0.314276
7860  0.314276
7870  0.313836
7880  0.313836
7890  0.313836
7900  0.313836
7910  0.313836
7920  0.313723
7930  0.31365
7940  0.313128
7950  0.313128
7960  0.313128
7970  0.313128
7980  0.313128
7990  0.313128
8000  0.313128
8010  0.313128
8020  0.312991
8030  0.312799
8040  0.312799
8050  0.312799
8060  0.312799
8070  0.312799
8080  0.312799
8090  0.312799
8100  0.312799
8110  0.312795
8120  0.312652
8130  0.312652
8140  0.312652
8150  0.312652
8160  0.312652
8170  0.312652
8180  0.312652
8190  0.31241
8200  0.31241
8210  0.31241
8220  0.31241
8230  0.31241
8240  0.312306
8250  0.312265
8260  0.312265
8270  0.311866
8280  0.311866
8290  0.311866
8300  0.311866
8310  0.311866
8320  0.311866
8330  0.311866
8340  0.311008
8350  0.311008
8360  0.311008
8370  0.311008
8380  0.311008
8390  0.310936
8400  0.310936
8410  0.310936
8420  0.310936
8430  0.310936
8440  0.310936
8450  0.310936
8460  0.31028
8470  0.31028
8480  0.31025
8490  0.31025
8500  0.31025
8510  0.31025
8520  0.31022
8530  0.309892
8540  0.309255
8550  0.309255
8560  0.309093
8570  0.309093
8580  0.309093
8590  0.308679
8600  0.308679
8610  0.308679
8620  0.308679
8630  0.308336
8640  0.308301
8650  0.308301
8660  0.308301
8670  0.308301
8680  0.308301
8690  0.307769
8700  0.307769
8710  0.307769
8720  0.307769
8730  0.307754
8740  0.307754
8750  0.307754
8760  0.30765
8770  0.30765
8780  0.307524
8790  0.307524
8800  0.307524
8810  0.307524
8820  0.307524
8830  0.307524
8840  0.30713
8850  0.307082
8860  0.307082
8870  0.306983
8880  0.306709
8890  0.306709
8900  0.306611
8910  0.306611
8920  0.306611
8930  0.306611
8940  0.306611
8950  0.306611
8960  0.306611
8970  0.306611
8980  0.305852
8990  0.305852
9000  0.305852
9010  0.305852
9020  0.305668
9030  0.305668
9040  0.305668
9050  0.305668
9060  0.305668
9070  0.305662
9080  0.305662
9090  0.305662
9100  0.305662
9110  0.305662
9120  0.305662
9130  0.305498
9140  0.305498
9150  0.305498
9160  0.305498
9170  0.305498
9180  0.305498
9190  0.305498
9200  0.30547
9210  0.30547
9220  0.305466
9230  0.305466
9240  0.305466
9250  0.305466
9260  0.305466
9270  0.305466
9280  0.305466
9290  0.305466
9300  0.305466
9310  0.305466
9320  0.305466
9330  0.305466
9340  0.305466
9350  0.305466
9360  0.305466
9370  0.30524
9380  0.30524
9390  0.30524
9400  0.30524
9410  0.30524
9420  0.30524
9430  0.30524
9440  0.30524
9450  0.30524
9460  0.30524
9470  0.30524
9480  0.30524
9490  0.30524
9500  0.30524
9510  0.30524
9520  0.30524
9530  0.30524
9540  0.30524
9550  0.30524
9560  0.30524
9570  0.30524
9580  0.30524
9590  0.30524
9600  0.30524
9610  0.30524
9620  0.30524
9630  0.30524
9640  0.30524
9650  0.30524
9660  0.30524
9670  0.30524
9680  0.30524
9690  0.30524
9700  0.30524
9710  0.30524
9720  0.30524
9730  0.30524
9740  0.30524
9750  0.30524
9760  0.30524
9770  0.30524
9780  0.304604
9790  0.304361
9800  0.304248
9810  0.304248
9820  0.304248
9830  0.304248
9840  0.304248
9850  0.304248
9860  0.304248
9870  0.304248
9880  0.304057
9890  0.304057
9900  0.304057
9910  0.303833
9920  0.303833
9930  0.303833
9940  0.303833
9950  0.303833
9960  0.303833
9970  0.303833
9980  0.303833
9990  0.303583
10000  0.303507
10010  0.303507
10020  0.303507
10030  0.303507
10040  0.303507
10050  0.303507
10060  0.303507
10070  0.303507
10080  0.303507
10090  0.303507
10100  0.303507
10110  0.303507
10120  0.303507
10130  0.303507
10140  0.303507
10150  0.303507
10160  0.303507
10170  0.303507
10180  0.303507
10190  0.303507
10200  0.303507
10210  0.303507
10220  0.303507
10230  0.303507
10240  0.30269
10250  0.30269
10260  0.30269
10270  0.30269
10280  0.30269
10290  0.30269
10300  0.30269
10310  0.30269
10320  0.30269
10330  0.30269
10340  0.30269
10350  0.30269
10360  0.30269
10370  0.30269
10380  0.30269
10390  0.30269
10400  0.30269
10410  0.30269
10420  0.30269
10430  0.30269
10440  0.30269
10450  0.30269
10460  0.30269
10470  0.30269
10480  0.301951
10490  0.301951
10500  0.301951
10510  0.301943
10520  0.301943
10530  0.301943
10540  0.301943
10550  0.301943
10560  0.301943
10570  0.301943
10580  0.301943
10590  0.301837
10600  0.301837
10610  0.301837
10620  0.301837
10630  0.301837
10640  0.301837
10650  0.301513
10660  0.301513
10670  0.301513
10680  0.301189
10690  0.301189
10700  0.301189
10710  0.301189
10720  0.300827
10730  0.300527
10740  0.300527
10750  0.300527
10760  0.300176
10770  0.300176
10780  0.300176
10790  0.300176
10800  0.300176
10810  0.300176
10820  0.300176
10830  0.300176
10840  0.300176
10850  0.300176
10860  0.300176
10870  0.300176
10880  0.300176
10890  0.300176
10900  0.300176
10910  0.300176
10920  0.300176
10930  0.300176
10940  0.300176
10950  0.300176
10960  0.30015
10970  0.30015
10980  0.30015
10990  0.30015
11000  0.30015
11010  0.30015
11020  0.300125
11030  0.300125
11040  0.300125
11050  0.300125
11060  0.300125
11070  0.300125
11080  0.300112
11090  0.300112
11100  0.300112
11110  0.300112
11120  0.300112
11130  0.300112
11140  0.300112
11150  0.300112
11160  0.300112
11170  0.300112
11180  0.300112
11190  0.300112
11200  0.300112
11210  0.300112
11220  0.300069
11230  0.300069
11240  0.300069
11250  0.300069
11260  0.300069
11270  0.300069
11280  0.300069
11290  0.300069
11300  0.300069
11310  0.300069
11320  0.300069
11330  0.300069
11340  0.300069
11350  0.300069
11360  0.300069
11370  0.300069
11380  0.300069
11390  0.300069
11400  0.300069
11410  0.300069
11420  0.300069
11430  0.300069
11440  0.300069
11450  0.299991
11460  0.299991
11470  0.299991
11480  0.299991
11490  0.299991
11500  0.299991
11510  0.299991
11520  0.299991
11530  0.299991
11540  0.299991
11550  0.299991
11560  0.299888
11570  0.299888
11580  0.299888
11590  0.299888
11600  0.299888
11610  0.299888
11620  0.299888
11630  0.299888
11640  0.299888
11650  0.299888
11660  0.299888
11670  0.299888
11680  0.299888
11690  0.299861
11700  0.299861
11710  0.299861
11720  0.299861
11730  0.299861
11740  0.299861
11750  0.299861
11760  0.299702
11770  0.299702
11780  0.299702
11790  0.299702
11800  0.299702
11810  0.299702
11820  0.299702
11830  0.299702
11840  0.299702
11850  0.299702
11860  0.299702
11870  0.299702
11880  0.299508
11890  0.299508
11900  0.299508
11910  0.299508
11920  0.299508
11930  0.299508
11940  0.299508
11950  0.299508
11960  0.299508
11970  0.299508
11980  0.299508
11990  0.299508
12000  0.299508
12010  0.299508
12020  0.299508
12030  0.299508
12040  0.299508
12050  0.299508
12060  0.299508
12070  0.299508
12080  0.299508
12090  0.299508
12100  0.299421
12110  0.299421
12120  0.299421
12130  0.299421
12140  0.299421
12150  0.299421
12160  0.298863
12170  0.29884
12180  0.29884
12190  0.29884
12200  0.29884
12210  0.29884
12220  0.29884
12230  0.29884
12240  0.29884
12250  0.29884
12260  0.29884
12270  0.29884
12280  0.29884
12290  0.29884
12300  0.29884
12310  0.29884
12320  0.29884
12330  0.29884
12340  0.29884
12350  0.29884
12360  0.29884
12370  0.29884
12380  0.29884
12390  0.29884
12400  0.298519
12410  0.298519
12420  0.298519
12430  0.298519
12440  0.298519
12450  0.298519
12460  0.298519
12470  0.298519
12480  0.298057
12490  0.298057
12500  0.298057
12510  0.298057
12520  0.298057
12530  0.298057
12540  0.298018
12550  0.298018
12560  0.298018
12570  0.298018
12580  0.297796
12590  0.297796
12600  0.297796
12610  0.297796
12620  0.296947
12630  0.296947
12640  0.296947
12650  0.296947
12660  0.296447
12670  0.296447
12680  0.296447
12690  0.296447
12700  0.296447
12710  0.296447
12720  0.296447
12730  0.296447
12740  0.295965
12750  0.295965
12760  0.295918
12770  0.295918
12780  0.295653
12790  0.295653
12800  0.295653
12810  0.294638
12820  0.294633
12830  0.294633
12840  0.294633
12850  0.294633
12860  0.294633
12870  0.294445
12880  0.293705
12890  0.293476
12900  0.293476
12910  0.293476
12920  0.293476
12930  0.293476
12940  0.293476
12950  0.293476
12960  0.293476
12970  0.293476
12980  0.293476
12990  0.293476
13000  0.293329
13010  0.293332
13020  0.293291
13030  0.293284
13040  0.293284
13050  0.293174
13060  0.293142
13070  0.293142
13080  0.293142
13090  0.293142
13100  0.293142
13110  0.293142
13120  0.293142
13130  0.293142
13140  0.292705
13150  0.292705
13160  0.292705
13170  0.292644
13180  0.292644
13190  0.292644
13200  0.292644
13210  0.292644
13220  0.292561
13230  0.292561
13240  0.292561
13250  0.292561
13260  0.292561
13270  0.292561
13280  0.292561
13290  0.292561
13300  0.292561
13310  0.292561
13320  0.29198
13330  0.29198
13340  0.291587
13350  0.291587
13360  0.291587
13370  0.291587
13380  0.291538
13390  0.29111
13400  0.290877
13410  0.290769
13420  0.290769
13430  0.290769
13440  0.290769
13450  0.290732
13460  0.290732
13470  0.290732
13480  0.290732
13490  0.290732
13500  0.290732
13510  0.290732
13520  0.290427
13530  0.290284
13540  0.290284
13550  0.290284
13560  0.290284
13570  0.290284
13580  0.290284
13590  0.290166
13600  0.290166
13610  0.290166
13620  0.290166
13630  0.290166
13640  0.290166
13650  0.290042
13660  0.290042
13670  0.290042
13680  0.290042
13690  0.290042
13700  0.290042
13710  0.290042
13720  0.290042
13730  0.290042
13740  0.290042
13750  0.290042
13760  0.290042
13770  0.290042
13780  0.290042
13790  0.290042
13800  0.290042
13810  0.290042
13820  0.290042
13830  0.290042
13840  0.290042
13850  0.28965
13860  0.28965
13870  0.28965
13880  0.28965
13890  0.28965
13900  0.28965
13910  0.28965
13920  0.289501
13930  0.289501
13940  0.289501
13950  0.289501
13960  0.289501
13970  0.289501
13980  0.289501
13990  0.289501
14000  0.289375
14010  0.289375
14020  0.289375
14030  0.289375
14040  0.289375
14050  0.289375
14060  0.289375
14070  0.289375
14080  0.289375
14090  0.289375
14100  0.289375
14110  0.289375
14120  0.28864
14130  0.28864
14140  0.288592
14150  0.288509
14160  0.288351
14170  0.288351
14180  0.288351
14190  0.288351
14200  0.288351
14210  0.288351
14220  0.288351
14230  0.288351
14240  0.288351
14250  0.288351
14260  0.288351
14270  0.288351
14280  0.288351
14290  0.288351
14300  0.288351
14310  0.288351
14320  0.288351
14330  0.288351
14340  0.288268
14350  0.288268
14360  0.288268
14370  0.288268
14380  0.288268
14390  0.287954
14400  0.287954
14410  0.287954
14420  0.287954
14430  0.287954
14440  0.287846
14450  0.287846
14460  0.287846
14470  0.287846
14480  0.287846
14490  0.287846
14500  0.287846
14510  0.287846
14520  0.287846
14530  0.287846
14540  0.287846
14550  0.287846
14560  0.287846
14570  0.287734
14580  0.287734
14590  0.287734
14600  0.287734
14610  0.287365
14620  0.287365
14630  0.287365
14640  0.287365
14650  0.287365
14660  0.287365
14670  0.287365
14680  0.287365
14690  0.287365
14700  0.287365
14710  0.287365
14720  0.287365
14730  0.287365
14740  0.287365
14750  0.287121
14760  0.287121
14770  0.287121
14780  0.286972
14790  0.286972
14800  0.286972
14810  0.286972
14820  0.28677
14830  0.28677
14840  0.28677
14850  0.28677
14860  0.28677
14870  0.28677
14880  0.28677
14890  0.286308
14900  0.286308
14910  0.286308
14920  0.286308
14930  0.286308
14940  0.286308
14950  0.286308
14960  0.286308
14970  0.286308
14980  0.286308
14990  0.286308
15000  0.285619
15010  0.285619
15020  0.285619
15030  0.285619
15040  0.285619
15050  0.285619
15060  0.285619
15070  0.285619
15080  0.285619
15090  0.285619
15100  0.285619
15110  0.285619
15120  0.285194
15130  0.285194
15140  0.285194
15150  0.285194
15160  0.285194
15170  0.285194
15180  0.285194
15190  0.285194
15200  0.285194
15210  0.285194
15220  0.285194
15230  0.285194
15240  0.285194
15250  0.285194
15260  0.285194
15270  0.285194
15280  0.284972
15290  0.284972
15300  0.284972
15310  0.284818
15320  0.284818
15330  0.284818
15340  0.284818
15350  0.284818
15360  0.284818
15370  0.284818
15380  0.284818
15390  0.284818
15400  0.28419
15410  0.28419
15420  0.28419
15430  0.28419
15440  0.28419
15450  0.28419
15460  0.283815
15470  0.283723
15480  0.283723
15490  0.283633
15500  0.283633
15510  0.283633
15520  0.283633
15530  0.283633
15540  0.283633
15550  0.283633
15560  0.283473
15570  0.283473
15580  0.283473
15590  0.283473
15600  0.283473
15610  0.283473
15620  0.283473
15630  0.283473
15640  0.283473
15650  0.283473
15660  0.283473
15670  0.283473
15680  0.283473
15690  0.283473
15700  0.283473
15710  0.283473
15720  0.283473
15730  0.283473
15740  0.283473
15750  0.283473
15760  0.283473
15770  0.283233
15780  0.283233
15790  0.283233
15800  0.283233
15810  0.282799
15820  0.282799
15830  0.282799
15840  0.282799
15850  0.282799
15860  0.282799
15870  0.282799
15880  0.282799
15890  0.282799
15900  0.282799
15910  0.282799
15920  0.282799
15930  0.282799
15940  0.282799
15950  0.282775
15960  0.282775
15970  0.282775
15980  0.282775
15990  0.282775
16000  0.282775
16010  0.282775
16020  0.282775
16030  0.282775
16040  0.282775
16050  0.282775
16060  0.282653
16070  0.282653
16080  0.282653
16090  0.282653
16100  0.282653
16110  0.282653
16120  0.282653
16130  0.282653
16140  0.282653
16150  0.282653
16160  0.282653
16170  0.282653
16180  0.282653
16190  0.282653
16200  0.282653
16210  0.282653
16220  0.282653
16230  0.282653
16240  0.282653
16250  0.282653
16260  0.282653
16270  0.282653
16280  0.282653
16290  0.282653
16300  0.282653
16310  0.282653
16320  0.282653
16330  0.282653
16340  0.282653
16350  0.282653
16360  0.282653
16370  0.282653
16380  0.282653
16390  0.282653
16400  0.282653
16410  0.282653
16420  0.282653
16430  0.282653
16440  0.282653
16450  0.282653
16460  0.282653
16470  0.282653
16480  0.282653
16490  0.282653
16500  0.282653
16510  0.282653
16520  0.282653
16530  0.282653
16540  0.282653
16550  0.282653
16560  0.282653
16570  0.282653
16580  0.282653
16590  0.282653
16600  0.282653
16610  0.282653
16620  0.282653
16630  0.282653
16640  0.282653
16650  0.282653
16660  0.282653
16670  0.282653
16680  0.282653
16690  0.282653
16700  0.282653
16710  0.282653
16720  0.282653
16730  0.282653
16740  0.282653
16750  0.282653
16760  0.282653
16770  0.282653
16780  0.282653
16790  0.282653
16800  0.282653
16810  0.282653
16820  0.282653
16830  0.282653
16840  0.28221
16850  0.28221
16860  0.28221
16870  0.281762
16880  0.281762
16890  0.281762
16900  0.281762
16910  0.281762
16920  0.281762
16930  0.281762
16940  0.281762
16950  0.281762
16960  0.281762
16970  0.281762
16980  0.281317
16990  0.281317
17000  0.28126
17010  0.28126
17020  0.28126
17030  0.28126
17040  0.28126
17050  0.28126
17060  0.28126
17070  0.28126
17080  0.28126
17090  0.28126
17100  0.28126
17110  0.281066
17120  0.281066
17130  0.281066
17140  0.281066
17150  0.281066
17160  0.281066
17170  0.281066
17180  0.281066
17190  0.281066
17200  0.281066
17210  0.280682
17220  0.280682
17230  0.280682
17240  0.280184
17250  0.280184
17260  0.280184
17270  0.280184
17280  0.280184
17290  0.280184
17300  0.280184
17310  0.280184
17320  0.280052
17330  0.280052
17340  0.280052
17350  0.280052
17360  0.280052
17370  0.280052
17380  0.280052
17390  0.280052
17400  0.280052
17410  0.280052
17420  0.280052
17430  0.280052
17440  0.280052
17450  0.280052
17460  0.280052
17470  0.280052
17480  0.280052
17490  0.280052
17500  0.280052
17510  0.280052
17520  0.280052
17530  0.280052
17540  0.280052
17550  0.280052
17560  0.280052
17570  0.280052
17580  0.280052
17590  0.280052
17600  0.279993
17610  0.279993
17620  0.279993
17630  0.279993
17640  0.279993
17650  0.279993
17660  0.279993
17670  0.279964
17680  0.279964
17690  0.279964
17700  0.279964
17710  0.279964
17720  0.279964
17730  0.279964
17740  0.279964
17750  0.279964
17760  0.279964
17770  0.279964
17780  0.279964
17790  0.279964
17800  0.279964
17810  0.279964
17820  0.279964
17830  0.279964
17840  0.279964
17850  0.279964
17860  0.279964
17870  0.279502
17880  0.279502
17890  0.279502
17900  0.279502
17910  0.279502
17920  0.279502
17930  0.279502
17940  0.279502
17950  0.279502
17960  0.279502
17970  0.279502
17980  0.279502
17990  0.279502
18000  0.279502
18010  0.279502
18020  0.279502
18030  0.279502
18040  0.279502
18050  0.279502
18060  0.279502
18070  0.27944
18080  0.27944
18090  0.27944
18100  0.27944
18110  0.27944
18120  0.27944
18130  0.27944
18140  0.27944
18150  0.27944
18160  0.27944
18170  0.27944
18180  0.27944
18190  0.27944
18200  0.27944
18210  0.27944
18220  0.27944
18230  0.27944
18240  0.27944
18250  0.27944
18260  0.27944
18270  0.27944
18280  0.27944
18290  0.27944
18300  0.27944
18310  0.27944
18320  0.27944
18330  0.279055
18340  0.279055
18350  0.279055
18360  0.279055
18370  0.278842
18380  0.278842
18390  0.278842
18400  0.278842
18410  0.278842
18420  0.278842
18430  0.278647
18440  0.278647
18450  0.278647
18460  0.27858
18470  0.27858
18480  0.27858
18490  0.27858
18500  0.278548
18510  0.278548
18520  0.278548
18530  0.278548
18540  0.278493
18550  0.278493
18560  0.278493
18570  0.278493
18580  0.278279
18590  0.278279
18600  0.278279
18610  0.278279
18620  0.277812
18630  0.277812
18640  0.277812
18650  0.277812
18660  0.277812
18670  0.277812
18680  0.277812
18690  0.277812
18700  0.277812
18710  0.277812
18720  0.277812
18730  0.277812
18740  0.277812
18750  0.277812
18760  0.277812
18770  0.277812
18780  0.277812
18790  0.277812
18800  0.277812
18810  0.277812
18820  0.277812
18830  0.277812
18840  0.277812
18850  0.277812
18860  0.277812
18870  0.277812
18880  0.277812
18890  0.277812
18900  0.277812
18910  0.277812
18920  0.277812
18930  0.277812
18940  0.277812
18950  0.277812
18960  0.277812
18970  0.277812
18980  0.277812
18990  0.277812
19000  0.277812
19010  0.277812
19020  0.277812
19030  0.277812
19040  0.277812
19050  0.277812
19060  0.277812
19070  0.277812
19080  0.277812
19090  0.277812
19100  0.277812
19110  0.277812
19120  0.277812
19130  0.277812
19140  0.277812
19150  0.277812
19160  0.277429
19170  0.277429
19180  0.277429
19190  0.277429
19200  0.277429
19210  0.277429
19220  0.277429
19230  0.277429
19240  0.277429
19250  0.277429
19260  0.277429
19270  0.277429
19280  0.277429
19290  0.277429
19300  0.277429
19310  0.277429
19320  0.277429
19330  0.277196
19340  0.277196
19350  0.277196
19360  0.277196
19370  0.277196
19380  0.277196
19390  0.277196
19400  0.277196
19410  0.277196
19420  0.277196
19430  0.277196
19440  0.277196
19450  0.277196
19460  0.277196
19470  0.277196
19480  0.277196
19490  0.277196
19500  0.277196
19510  0.277196
19520  0.277196
19530  0.277196
19540  0.277196
19550  0.277196
19560  0.277196
19570  0.277196
19580  0.277196
19590  0.277196
19600  0.277196
19610  0.277196
19620  0.277196
19630  0.277196
19640  0.277196
19650  0.277196
19660  0.277196
19670  0.277196
19680  0.277196
19690  0.277196
19700  0.277196
19710  0.277196
19720  0.277196
19730  0.277196
19740  0.277196
19750  0.277196
19760  0.277196
19770  0.277196
19780  0.277196
19790  0.277196
19800  0.277196
19810  0.277196
19820  0.277196
19830  0.277196
19840  0.277196
19850  0.277196
19860  0.277196
19870  0.277196
19880  0.277196
19890  0.277196
19900  0.277196
19910  0.277196
19920  0.277196
19930  0.277196
19940  0.277196
19950  0.277196
19960  0.277196
19970  0.277196
19980  0.277196
19990  0.277196
20000  0.277196
20010  0.277196
20020  0.277196
20030  0.277196
20040  0.277196
20050  0.277196
20060  0.277196
20070  0.277196
20080  0.277196
20090  0.277196
20100  0.277196
20110  0.277196
20120  0.277196
20130  0.277196
20140  0.276873
20150  0.276873
20160  0.276873
20170  0.276873
20180  0.276873
20190  0.276873
20200  0.276873
20210  0.276372
20220  0.276372
20230  0.276372
20240  0.276372
20250  0.276085
20260  0.276085
20270  0.276085
20280  0.276085
20290  0.276085
20300  0.276085
20310  0.275853
20320  0.275853
20330  0.275853
20340  0.275853
20350  0.275853
20360  0.275853
20370  0.275853
20380  0.275853
20390  0.275853
20400  0.275853
20410  0.275528
20420  0.275528
20430  0.275528
20440  0.275528
20450  0.275528
20460  0.275528
20470  0.275528
20480  0.275528
20490  0.275528
20500  0.275528
20510  0.275528
20520  0.275528
20530  0.275172
20540  0.275172
20550  0.275172
20560  0.275172
20570  0.275172
20580  0.275172
20590  0.275172
20600  0.275172
20610  0.275172
20620  0.275172
20630  0.275172
20640  0.275172
20650  0.275172
20660  0.275106
20670  0.275106
20680  0.275106
20690  0.275106
20700  0.275106
20710  0.275106
20720  0.275106
20730  0.275106
20740  0.275106
20750  0.275106
20760  0.275106
20770  0.275106
20780  0.274834
20790  0.274834
20800  0.274834
20810  0.274834
20820  0.274698
20830  0.274698
20840  0.274698
20850  0.274698
20860  0.274698
20870  0.274698
20880  0.274698
20890  0.274698
20900  0.274698
20910  0.274698
20920  0.274698
20930  0.274513
20940  0.274513
20950  0.274513
20960  0.274513
20970  0.274513
20980  0.274513
20990  0.274513
21000  0.274513
21010  0.274513
21020  0.274513
21030  0.274513
21040  0.274513
21050  0.274513
21060  0.274513
21070  0.274513
21080  0.274513
21090  0.274513
21100  0.274513
21110  0.274513
21120  0.274513
21130  0.274304
21140  0.274304
21150  0.274304
21160  0.274304
21170  0.274304
21180  0.274304
21190  0.274304
21200  0.274304
21210  0.274304
21220  0.274304
21230  0.274304
21240  0.274304
21250  0.274304
21260  0.274304
21270  0.274304
21280  0.274304
21290  0.274304
21300  0.274304
21310  0.274304
21320  0.274304
21330  0.274304
21340  0.274304
21350  0.274304
21360  0.274304
21370  0.274304
21380  0.274304
21390  0.274046
21400  0.274046
21410  0.274046
21420  0.274046
21430  0.274046
21440  0.274046
21450  0.274046
21460  0.274046
21470  0.274046
21480  0.274046
21490  0.274046
21500  0.274046
21510  0.274046
21520  0.274046
21530  0.274046
21540  0.274046
21550  0.274046
21560  0.274046
21570  0.274046
21580  0.274046
21590  0.274046
21600  0.274046
21610  0.274046
21620  0.274046
21630  0.274046
21640  0.274046
21650  0.274046
21660  0.274046
21670  0.273833
21680  0.273833
21690  0.273833
21700  0.273833
21710  0.273725
21720  0.273725
21730  0.273725
21740  0.273725
21750  0.273725
21760  0.273725
21770  0.273725
21780  0.273725
21790  0.273725
21800  0.273725
21810  0.273725
21820  0.273725
21830  0.273725
21840  0.273725
21850  0.273725
21860  0.273725
21870  0.273725
21880  0.273725
21890  0.273725
21900  0.273725
21910  0.273725
21920  0.273725
21930  0.273725
21940  0.273725
21950  0.273725
21960  0.273725
21970  0.273725
21980  0.273725
21990  0.273725
22000  0.273725
22010  0.273529
22020  0.273529
22030  0.273529
22040  0.273529
22050  0.273529
22060  0.273529
22070  0.273529
22080  0.273529
22090  0.273246
22100  0.273246
22110  0.273246
22120  0.273209
22130  0.273209
22140  0.273209
22150  0.27307
22160  0.27307
22170  0.27307
22180  0.27307
22190  0.273043
22200  0.273043
22210  0.273043
22220  0.273043
22230  0.273043
22240  0.273043
22250  0.273043
22260  0.273043
22270  0.272584
22280  0.272584
22290  0.27224
22300  0.27224
22310  0.27224
22320  0.27224
22330  0.272091
22340  0.271865
22350  0.271865
22360  0.271865
22370  0.271865
22380  0.271865
22390  0.271865
22400  0.271153
22410  0.271153
22420  0.271153
22430  0.271153
22440  0.271153
22450  0.271153
22460  0.271153
22470  0.270436
22480  0.270436
22490  0.270436
22500  0.270436
22510  0.270436
22520  0.270436
22530  0.270436
22540  0.270436
22550  0.270436
22560  0.270436
22570  0.270436
22580  0.269676
22590  0.269676
22600  0.269676
22610  0.269676
22620  0.269676
22630  0.269676
22640  0.269676
22650  0.269676
22660  0.269676
22670  0.269656
22680  0.269455
22690  0.269455
22700  0.269455
22710  0.269455
22720  0.269455
22730  0.268683
22740  0.268572
22750  0.268572
22760  0.268572
22770  0.268572
22780  0.268572
22790  0.268572
22800  0.268572
22810  0.268572
22820  0.268572
22830  0.268572
22840  0.268429
22850  0.268431
22860  0.268431
22870  0.268431
22880  0.268239
22890  0.268239
22900  0.268239
22910  0.268239
22920  0.268239
22930  0.268239
22940  0.268239
22950  0.268239
22960  0.268239
22970  0.268239
22980  0.268239
22990  0.268239
23000  0.268239
23010  0.268239
23020  0.268207
23030  0.268207
23040  0.268207
23050  0.268207
23060  0.268207
23070  0.268207
23080  0.268207
23090  0.268202
23100  0.268202
23110  0.268202
23120  0.268202
23130  0.268153
23140  0.268153
23150  0.268153
23160  0.268153
23170  0.268153
23180  0.268153
23190  0.268153
23200  0.268153
23210  0.268153
23220  0.267821
23230  0.267821
23240  0.267821
23250  0.267821
23260  0.267821
23270  0.267705
23280  0.267705
23290  0.267705
23300  0.267534
23310  0.267534
23320  0.267534
23330  0.267534
23340  0.26753
23350  0.26753
23360  0.26753
23370  0.26753
23380  0.26753
23390  0.26753
23400  0.267137
23410  0.267137
23420  0.267137
23430  0.267137
23440  0.267137
23450  0.267137
23460  0.267137
23470  0.267103
23480  0.267103
23490  0.267103
23500  0.267103
23510  0.267103
23520  0.267103
23530  0.267103
23540  0.267103
23550  0.267103
23560  0.267103
23570  0.267072
23580  0.267072
23590  0.267072
23600  0.267072
23610  0.267072
23620  0.267072
23630  0.266411
23640  0.26638
23650  0.26638
23660  0.26638
23670  0.26638
23680  0.26638
23690  0.26638
23700  0.26638
23710  0.26638
23720  0.26638
23730  0.26638
23740  0.26638
23750  0.26638
23760  0.26638
23770  0.26638
23780  0.26638
23790  0.26638
23800  0.26638
23810  0.26636
23820  0.26636
23830  0.26636
23840  0.26636
23850  0.26636
23860  0.26636
23870  0.26636
23880  0.26636
23890  0.26636
23900  0.26636
23910  0.26636
23920  0.26636
23930  0.26636
23940  0.266278
23950  0.266278
23960  0.266278
23970  0.266278
23980  0.266278
23990  0.266278
24000  0.266278
24010  0.266233
24020  0.266233
24030  0.266233
24040  0.266233
24050  0.266233
24060  0.266233
24070  0.266233
24080  0.266233
24090  0.266233
24100  0.266233
24110  0.266233
24120  0.266233
24130  0.266233
24140  0.266233
24150  0.266233
24160  0.266233
24170  0.266233
24180  0.266233
24190  0.266233
24200  0.266233
24210  0.266233
24220  0.266233
24230  0.266233
24240  0.266233
24250  0.266233
24260  0.266233
24270  0.266233
24280  0.266233
24290  0.266233
24300  0.266233
24310  0.266233
24320  0.266233
24330  0.266233
24340  0.266233
24350  0.266233
24360  0.266233
24370  0.266233
24380  0.266233
24390  0.266233
24400  0.266233
24410  0.266233
24420  0.266233
24430  0.266233
24440  0.266233
24450  0.266233
24460  0.266233
24470  0.266233
24480  0.266233
24490  0.266233
24500  0.266233
24510  0.266116
24520  0.266116
24530  0.266116
24540  0.266116
24550  0.266116
24560  0.266116
24570  0.266116
24580  0.266116
24590  0.266116
24600  0.266116
24610  0.266116
24620  0.266116
24630  0.266116
24640  0.266116
24650  0.266116
24660  0.266116
24670  0.266116
24680  0.266116
24690  0.266116
24700  0.266116
24710  0.266116
24720  0.266116
24730  0.266116
24740  0.266116
24750  0.266116
24760  0.266116
24770  0.266116
24780  0.266116
24790  0.266116
24800  0.266116
24810  0.265802
24820  0.265802
24830  0.265802
24840  0.265802
24850  0.265802
24860  0.265802
24870  0.265802
24880  0.265802
24890  0.265802
24900  0.265802
24910  0.265802
24920  0.265405
24930  0.265405
24940  0.265405
24950  0.265405
24960  0.265405
24970  0.265405
24980  0.265405
24990  0.265405
25000  0.265405
25010  0.265405
25020  0.265405
25030  0.265405
25040  0.265405
25050  0.265176
25060  0.265176
25070  0.265176
25080  0.265176
25090  0.265176
25100  0.265176
25110  0.265176
25120  0.265176
25130  0.265176
25140  0.265176
25150  0.265176
25160  0.265176
25170  0.264829
25180  0.264829
25190  0.264829
25200  0.264829
25210  0.264829
25220  0.264829
25230  0.264829
25240  0.264829
25250  0.264829
25260  0.264829
25270  0.264829
25280  0.264829
25290  0.264829
25300  0.264829
25310  0.264829
25320  0.264829
25330  0.264829
25340  0.264829
25350  0.264829
25360  0.264829
25370  0.264829
25380  0.264829
25390  0.264696
25400  0.264696
25410  0.264696
25420  0.264696
25430  0.264696
25440  0.264696
25450  0.264696
25460  0.264696
25470  0.264696
25480  0.264696
25490  0.264696
25500  0.264696
25510  0.264696
25520  0.264696
25530  0.264696
25540  0.264696
25550  0.264696
25560  0.264696
25570  0.264696
25580  0.264696
25590  0.264696
25600  0.264696
25610  0.264696
25620  0.264696
25630  0.264696
25640  0.264696
25650  0.264696
25660  0.264696
25670  0.264696
25680  0.264696
25690  0.264696
25700  0.264696
25710  0.264696
25720  0.264696
25730  0.264696
25740  0.264696
25750  0.264696
25760  0.264696
25770  0.264696
25780  0.264696
25790  0.264696
25800  0.264696
25810  0.264696
25820  0.264696
25830  0.264691
25840  0.264691
25850  0.264691
25860  0.264691
25870  0.264691
25880  0.264691
25890  0.264691
25900  0.264691
25910  0.264691
25920  0.264691
25930  0.264691
25940  0.264691
25950  0.264691
25960  0.264691
25970  0.264691
25980  0.264691
25990  0.264691
26000  0.264691
26010  0.264691
26020  0.264691
26030  0.264691
26040  0.264691
26050  0.264691
26060  0.264691
26070  0.264691
26080  0.264691
26090  0.264691
26100  0.264691
26110  0.264691
26120  0.264691
26130  0.264691
26140  0.264691
26150  0.264691
26160  0.264691
26170  0.264691
26180  0.264691
26190  0.264691
26200  0.264691
26210  0.264691
26220  0.264691
26230  0.264691
26240  0.264691
26250  0.264691
26260  0.264691
26270  0.264691
26280  0.264691
26290  0.264691
26300  0.264691
26310  0.264691
26320  0.264691
26330  0.264691
26340  0.264691
26350  0.264691
26360  0.264691
26370  0.264691
26380  0.264691
26390  0.264691
26400  0.264691
26410  0.264691
26420  0.264691
26430  0.264691
26440  0.264691
26450  0.264691
26460  0.264691
26470  0.264691
26480  0.264691
26490  0.264691
26500  0.264691
26510  0.264691
26520  0.264691
26530  0.264691
26540  0.264691
26550  0.264691
26560  0.264691
26570  0.264691
26580  0.264691
26590  0.264691
26600  0.264691
26610  0.264691
26620  0.264691
26630  0.264691
26640  0.264691
26650  0.264691
26660  0.264691
26670  0.264691
26680  0.264691
26690  0.264691
26700  0.264691
26710  0.264691
26720  0.264691
26730  0.264691
26740  0.264098
26750  0.264098
26760  0.264098
26770  0.264098
26780  0.264098
26790  0.264098
26800  0.264098
26810  0.263843
26820  0.263843
26830  0.263843
26840  0.263843
26850  0.263843
26860  0.263843
26870  0.263843
26880  0.263843
26890  0.263843
26900  0.263843
26910  0.263843
26920  0.263843
26930  0.263843
26940  0.263843
26950  0.263843
26960  0.263843
26970  0.263843
26980  0.263843
26990  0.263843
27000  0.263843
27010  0.263843
27020  0.263843
27030  0.263843
27040  0.263843
27050  0.263843
27060  0.263843
27070  0.263843
27080  0.263843
27090  0.263485
27100  0.263485
27110  0.263485
27120  0.263485
27130  0.263485
27140  0.263485
27150  0.263485
27160  0.263485
27170  0.263485
27180  0.263485
27190  0.263485
27200  0.263485
27210  0.263485
27220  0.263485
27230  0.263485
27240  0.263485
27250  0.263485
27260  0.263485
27270  0.263485
27280  0.263485
27290  0.263485
27300  0.263485
27310  0.263485
27320  0.263485
27330  0.263485
27340  0.263485
27350  0.263485
27360  0.263485
27370  0.263485
27380  0.263485
27390  0.263485
27400  0.263485
27410  0.263485
27420  0.263485
27430  0.263485
27440  0.263485
27450  0.263485
27460  0.263179
27470  0.263179
27480  0.263179
27490  0.263179
27500  0.262627
27510  0.262627
27520  0.262627
27530  0.262627
27540  0.262586
27550  0.262586
27560  0.262586
27570  0.262586
27580  0.262586
27590  0.262586
27600  0.262586
27610  0.262586
27620  0.262586
27630  0.262586
27640  0.262586
27650  0.262586
27660  0.262586
27670  0.262526
27680  0.262526
27690  0.262526
27700  0.261566
27710  0.261088
27720  0.261088
27730  0.261088
27740  0.261088
27750  0.261088
27760  0.261088
27770  0.261088
27780  0.261088
27790  0.261088
27800  0.261088
27810  0.261088
27820  0.261088
27830  0.261088
27840  0.261088
27850  0.261088
27860  0.261088
27870  0.261088
27880  0.261088
27890  0.261088
27900  0.260767
27910  0.260767
27920  0.260767
27930  0.260431
27940  0.260431
27950  0.260431
27960  0.260431
27970  0.260431
27980  0.260431
27990  0.260431
28000  0.260431
28010  0.260431
28020  0.260431
28030  0.260431
28040  0.260431
28050  0.260431
28060  0.260431
28070  0.260431
28080  0.260431
28090  0.260431
28100  0.260431
28110  0.259914
28120  0.259914
28130  0.259914
28140  0.259914
28150  0.259914
28160  0.259396
28170  0.259396
28180  0.259345
28190  0.259345
28200  0.259254
28210  0.259254
28220  0.259254
28230  0.259254
28240  0.259254
28250  0.259254
28260  0.259254
28270  0.259254
28280  0.259254
28290  0.259254
28300  0.259254
28310  0.259254
28320  0.259254
28330  0.259254
28340  0.259254
28350  0.259236
28360  0.259236
28370  0.259236
28380  0.259211
28390  0.25897
28400  0.258959
28410  0.258878
28420  0.258878
28430  0.258498
28440  0.258498
28450  0.258498
28460  0.258498
28470  0.258498
28480  0.258498
28490  0.258498
28500  0.258498
28510  0.258498
28520  0.258498
28530  0.258498
28540  0.258451
28550  0.258451
28560  0.258451
28570  0.258451
28580  0.258451
28590  0.258451
28600  0.258451
28610  0.258451
28620  0.258451
28630  0.258451
28640  0.258451
28650  0.258451
28660  0.258451
28670  0.258451
28680  0.258266
28690  0.258266
28700  0.258266
28710  0.258266
28720  0.258266
28730  0.258266
28740  0.258266
28750  0.258266
28760  0.258266
28770  0.258266
28780  0.258241
28790  0.258241
28800  0.258241
28810  0.258241
28820  0.258241
28830  0.258241
28840  0.258241
28850  0.258241
28860  0.258241
28870  0.258241
28880  0.258241
28890  0.258227
28900  0.258227
28910  0.258227
28920  0.258227
28930  0.258227
28940  0.258227
28950  0.258227
28960  0.258227
28970  0.258227
28980  0.258227
28990  0.258227
29000  0.258082
29010  0.258082
29020  0.258082
29030  0.258082
29040  0.258082
29050  0.258082
29060  0.257747
29070  0.257747
29080  0.257747
29090  0.257747
29100  0.257747
29110  0.257747
29120  0.257747
29130  0.257747
29140  0.257353
29150  0.257353
29160  0.257353
29170  0.257353
29180  0.257353
29190  0.257353
29200  0.257353
29210  0.257353
29220  0.257353
29230  0.257353
29240  0.257353
29250  0.257353
29260  0.257353
29270  0.257353
29280  0.257353
29290  0.257353
29300  0.257353
29310  0.257353
29320  0.257353
29330  0.257353
29340  0.257353
29350  0.257353
29360  0.257353
29370  0.257353
29380  0.257265
29390  0.257265
29400  0.257265
29410  0.257265
29420  0.257265
29430  0.257265
29440  0.257265
29450  0.257265
29460  0.257265
29470  0.257265
29480  0.257244
29490  0.257244
29500  0.257244
29510  0.257244
29520  0.257244
29530  0.257244
29540  0.257244
29550  0.257244
29560  0.257244
29570  0.257244
29580  0.257244
29590  0.257244
29600  0.257244
29610  0.257244
29620  0.257244
29630  0.25699
29640  0.25699
29650  0.256755
29660  0.256755
29670  0.256755
29680  0.256755
29690  0.256707
29700  0.256707
29710  0.256707
29720  0.256707
29730  0.256707
29740  0.256707
29750  0.256707
29760  0.256707
29770  0.256707
29780  0.256707
29790  0.256491
29800  0.256491
29810  0.256491
29820  0.256491
29830  0.256491
29840  0.256275
29850  0.256275
29860  0.256275
29870  0.256025
29880  0.256025
29890  0.256025
29900  0.256025
29910  0.256025
29920  0.256025
29930  0.256025
29940  0.256025
29950  0.256025
29960  0.256025
29970  0.256025
29980  0.256025
29990  0.256025
30000  0.256025
30010  0.256025
