Step  Penalty
32  0.560549
64  0.543479
96  0.537906
128  0.537685
160  0.533893
192  0.533893
224  0.531403
256  0.530126
288  0.524546
320  0.516237
352  0.508621
384  0.475068
416  0.423579
448  0.386764
480  0.359912
512  0.33872
544  0.321812
576  0.306643
608  0.293759
640  0.288499
672  0.280342
704  0.276404
736  0.271822
768  0.268298
800  0.264868
832  0.260529
864  0.25814
896  0.256261
928  0.255105
960  0.254165
992  0.253197
1024  0.252353
1056  0.251589
1088  0.25107
1120  0.250832
1152  0.250384
1184  0.249876
1216  0.249235
1248  0.249155
1280  0.248933
1312  0.248933
1344  0.248791
1376  0.248395
1408  0.248395
1440  0.248316
1472  0.248128
1504  0.247958
1536  0.247875
1568  0.247798
1600  0.247724
1632  0.247724
1664  0.247459
1696  0.247459
1728  0.247432
1760  0.247169
1792  0.247114
1824  0.246801
1856  0.246801
1888  0.246673
1920  0.246691
1952  0.246682
1984  0.246563
2016  0.246505
2048  0.246394
2080  0.246313
2112  0.246206
2144  0.246064
2176  0.245876
2208  0.245844
2240  0.245712
2272  0.245424
2304  0.245332
2336  0.245232
2368  0.245198
2400  0.245198
2432  0.245119
2464  0.245076
2496  0.245076
2528  0.245076
2560  0.245076
2592  0.245076
2624  0.245069
2656  0.244992
2688  0.244634
2720  0.244335
2752  0.244334
2784  0.244305
2816  0.244305
2848  0.244305
2880  0.244305
2912  0.244148
2944  0.244148
2976  0.244148
3008  0.244062
3040  0.243967
3072  0.243946
3104  0.243946
3136  0.243856
3168  0.243834
3200  0.243778
3232  0.243675
3264  0.243675
3296  0.243675
3328  0.243618
3360  0.243604
3392  0.243603
3424  0.243518
3456  0.243518
3488  0.243518
3520  0.243456
3552  0.243412
3584  0.2433
3616  0.243238
3648  0.243238
3680  0.243238
3712  0.243238
3744  0.243152
3776  0.243152
3808  0.243152
3840  0.243146
3872  0.243146
3904  0.243073
3936  0.243073
3968  0.243073
4000  0.243073
4032  0.243073
4064  0.242888
4096  0.242888
4128  0.242831
4160  0.242616
4192  0.242616
4224  0.242616
4256  0.242616
4288  0.242616
4320  0.242616
4352  0.242616
4384  0.242616
4416  0.242616
4448  0.242563
4480  0.242558
4512  0.242558
4544  0.24247
4576  0.24247
4608  0.242271
4640  0.242271
4672  0.242296
4704  0.242296
4736  0.242271
4768  0.242271
4800  0.242271
4832  0.242271
4864  0.242228
4896  0.242228
4928  0.242228
4960  0.242191
4992  0.242176
5024  0.242176
5056  0.242176
5088  0.242176
5120  0.242176
5152  0.242176
5184  0.24212
5216  0.24212
5248  0.242104
5280  0.242091
5312  0.242091
5344  0.242091
5376  0.241987
5408  0.241922
5440  0.241922
5472  0.241922
5504  0.241825
5536  0.241578
5568  0.241578
5600  0.241566
5632  0.241566
5664  0.241566
5696  0.241566
5728  0.241566
5760  0.241522
5792  0.241522
5824  0.241522
5856  0.241522
5888  0.241522
5920  0.241522
5952  0.241492
5984  0.241492
6016  0.241492
6048  0.241484
6080  0.24146
6112  0.24146
6144  0.24146
6176  0.24146
6208  0.24143
6240  0.24143
6272  0.24143
6304  0.24143
6336  0.24143
6368  0.24143
6400  0.24143
6432  0.241369
6464  0.241369
6496  0.241369
6528  0.241369
6560  0.241369
6592  0.241206
6624  0.241206
6656  0.241206
6688  0.241206
6720  0.241206
6752  0.241206
6784  0.241206
6816  0.241206
6848  0.241206
6880  0.241206
6912  0.241206
6944  0.241206
6976  0.241206
7008  0.241056
7040  0.241056
7072  0.241056
7104  0.241056
7136  0.241056
7168  0.241056
7200  0.241056
7232  0.241056
7264  0.241056
7296  0.241056
7328  0.241056
7360  0.241056
7392  0.241056
7424  0.241056
7456  0.241056
7488  0.241056
7520  0.241008
7552  0.241008
7584  0.241008
7616  0.241008
7648  0.241008
7680  0.241008
7712  0.241008
7744  0.241008
7776  0.241008
7808  0.241008
7840  0.241008
7872  0.241008
7904  0.241008
7936  0.241008
7968  0.241008
8000  0.241002
8032  0.241002
8064  0.241002
8096  0.241002
8128  0.241002
8160  0.241002
8192  0.241002
8224  0.241002
8256  0.241002
8288  0.241002
8320  0.241002
8352  0.241002
8384  0.241002
8416  0.241002
8448  0.240958
8480  0.240958
8512  0.240958
8544  0.240958
8576  0.240932
8608  0.240932
8640  0.240932
8672  0.240932
8704  0.240932
8736  0.240932
8768  0.240932
8800  0.240932
8832  0.240932
8864  0.240932
8896  0.240932
8928  0.240932
8960  0.240932
8992  0.240932
9024  0.240932
9056  0.240932
9088  0.240932
9120  0.240932
9152  0.240932
9184  0.240932
9216  0.240932
9248  0.240932
9280  0.240932
9312  0.240932
9344  0.240932
9376  0.240932
9408  0.240932
9440  0.240932
9472  0.240932
9504  0.240932
9536  0.240932
9568  0.240932
9600  0.240932
9632  0.240932
9664  0.240932
9696  0.240932
9728  0.240932
9760  0.240844
9792  0.240844
9824  0.240844
9856  0.240844
9888  0.240844
9920  0.240671
9952  0.240671
9984  0.240671
10016  0.240671
10048  0.240671
10080  0.240671
10112  0.240671
10144  0.240671
10176  0.240671
10208  0.240671
10240  0.240671
10272  0.240652
10304  0.240652
10336  0.240652
10368  0.240652
10400  0.240652
10432  0.240652
10464  0.240652
10496  0.240652
10528  0.240652
10560  0.240652
10592  0.240652
10624  0.240652
10656  0.240652
10688  0.240652
10720  0.240652
10752  0.240652
10784  0.240652
10816  0.240652
10848  0.240652
10880  0.240652
10912  0.240614
10944  0.240614
10976  0.240614
11008  0.240614
11040  0.240505
11072  0.240505
11104  0.240505
11136  0.240505
11168  0.240505
11200  0.240505
11232  0.240505
11264  0.240505
11296  0.240505
11328  0.240505
11360  0.240505
11392  0.240505
11424  0.240505
11456  0.240505
11488  0.240472
11520  0.240472
11552  0.240432
11584  0.240432
11616  0.240432
11648  0.240432
11680  0.240432
11712  0.240432
11744  0.240432
11776  0.240432
11808  0.240418
11840  0.240418
11872  0.240418
11904  0.240295
11936  0.240295
11968  0.240295
12000  0.240295
12032  0.240295
12064  0.240295
12096  0.240295
12128  0.240276
12160  0.240276
12192  0.240276
12224  0.240276
12256  0.240276
12288  0.240276
12320  0.240276
12352  0.240276
12384  0.240276
12416  0.240203
12448  0.240105
12480  0.240105
12512  0.240105
12544  0.240105
12576  0.240105
12608  0.240105
12640  0.240105
12672  0.240105
12704  0.240105
12736  0.240105
12768  0.240105
12800  0.240105
12832  0.240105
12864  0.240105
12896  0.240105
12928  0.240105
12960  0.240105
12992  0.240105
13024  0.240105
13056  0.240105
13088  0.240105
13120  0.240105
13152  0.240105
13184  0.240105
13216  0.240105
13248  0.240105
13280  0.240055
13312  0.240027
13344  0.239967
13376  0.239967
13408  0.239967
13440  0.239967
13472  0.239967
13504  0.239967
13536  0.239967
13568  0.239801
13600  0.239801
13632  0.239801
13664  0.239801
13696  0.239801
13728  0.239801
13760  0.239801
13792  0.239801
13824  0.239801
13856  0.239801
13888  0.239801
13920  0.239801
13952  0.239801
13984  0.239801
14016  0.239801
14048  0.239801
14080  0.239566
14112  0.239566
14144  0.239566
14176  0.239566
14208  0.239566
14240  0.239566
14272  0.239566
14304  0.239566
14336  0.239566
14368  0.239566
14400  0.239566
14432  0.239566
14464  0.239566
14496  0.239566
14528  0.239566
14560  0.239566
14592  0.239566
14624  0.239566
14656  0.239566
14688  0.239566
14720  0.239566
14752  0.239243
14784  0.239173
14816  0.239173
14848  0.239173
14880  0.239173
14912  0.239173
14944  0.239173
14976  0.239173
15008  0.239173
15040  0.239173
15072  0.239173
15104  0.239173
15136  0.239173
15168  0.239173
15200  0.239173
15232  0.239173
15264  0.239173
15296  0.239173
15328  0.239173
15360  0.239173
15392  0.239173
15424  0.239173
15456  0.239173
15488  0.239173
15520  0.239173
15552  0.239173
15584  0.239173
15616  0.239173
15648  0.239173
15680  0.239173
15712  0.239173
15744  0.239173
15776  0.239173
15808  0.239109
15840  0.239109
15872  0.239109
15904  0.239109
15936  0.239109
15968  0.239109
16000  0.239109
16032  0.239109
16064  0.239109
16096  0.239109
16128  0.239109
16160  0.239109
16192  0.239109
16224  0.239109
16256  0.239109
16288  0.239109
16320  0.239109
16352  0.239109
16384  0.239109
16416  0.239109
16448  0.239088
16480  0.239088
16512  0.239088
16544  0.239088
16576  0.239088
16608  0.239088
16640  0.239088
16672  0.239088
16704  0.239088
16736  0.239088
16768  0.239088
16800  0.239088
16832  0.239088
16864  0.239088
16896  0.239088
16928  0.239088
16960  0.239088
16992  0.239088
17024  0.239088
17056  0.239088
17088  0.239088
17120  0.239088
17152  0.239088
17184  0.239088
17216  0.239088
17248  0.239088
17280  0.239088
17312  0.239088
17344  0.239088
17376  0.239088
17408  0.239088
17440  0.239088
17472  0.239088
17504  0.239088
17536  0.239088
17568  0.239088
17600  0.239088
17632  0.239088
17664  0.239088
17696  0.239088
17728  0.239055
17760  0.239055
17792  0.239055
17824  0.239055
17856  0.239055
17888  0.239055
17920  0.239055
17952  0.239055
17984  0.239055
18016  0.239055
18048  0.239055
18080  0.239055
18112  0.239055
18144  0.239052
18176  0.239052
18208  0.239052
18240  0.239052
18272  0.239052
18304  0.239052
18336  0.239052
18368  0.239052
18400  0.239052
18432  0.239052
18464  0.239052
18496  0.239052
18528  0.239052
18560  0.239052
18592  0.239052
18624  0.239052
18656  0.239052
18688  0.239052
18720  0.239052
18752  0.239052
18784  0.239052
18816  0.239052
18848  0.239052
18880  0.239052
18912  0.239052
18944  0.239052
18976  0.239052
19008  0.239052
19040  0.239052
19072  0.239052
19104  0.239052
19136  0.239052
19168  0.239052
19200  0.239052
19232  0.239052
19264  0.239052
19296  0.239052
19328  0.239052
19360  0.239052
19392  0.239052
19424  0.239052
19456  0.239052
19488  0.239052
19520  0.239052
19552  0.239052
19584  0.239052
19616  0.239052
19648  0.239052
19680  0.239052
19712  0.238944
19744  0.238876
19776  0.238876
19808  0.238876
19840  0.238876
19872  0.238876
19904  0.238876
19936  0.238876
19968  0.238876
20000  0.238876
20032  0.238876
20064  0.238876
20096  0.238876
20128  0.238876
20160  0.238876
20192  0.238876
20224  0.238876
20256  0.238857
20288  0.238857
20320  0.238857
20352  0.238857
20384  0.238857
20416  0.238857
20448  0.238857
20480  0.238857
20512  0.238857
20544  0.238857
20576  0.238857
20608  0.238857
20640  0.238857
20672  0.238857
20704  0.238857
20736  0.238857
20768  0.238857
20800  0.238857
20832  0.238857
20864  0.238857
20896  0.238857
20928  0.238857
20960  0.238857
20992  0.238857
21024  0.238857
21056  0.238857
21088  0.238857
21120  0.238857
21152  0.238857
21184  0.238857
21216  0.238857
21248  0.238857
21280  0.238857
21312  0.238857
21344  0.238857
21376  0.238857
21408  0.238857
21440  0.238857
21472  0.238857
21504  0.238857
21536  0.238857
21568  0.238857
21600  0.238793
21632  0.238793
21664  0.238793
21696  0.238793
21728  0.238793
21760  0.238793
21792  0.238793
21824  0.238793
21856  0.238793
21888  0.238793
21920  0.238793
21952  0.238793
21984  0.238793
22016  0.238793
22048  0.238793
22080  0.238793
22112  0.238793
22144  0.238793
22176  0.238793
22208  0.238793
22240  0.238793
22272  0.238793
22304  0.238793
22336  0.238793
22368  0.238793
22400  0.238793
22432  0.238793
22464  0.238793
22496  0.238793
22528  0.238793
22560  0.238793
22592  0.238793
22624  0.238793
22656  0.238793
22688  0.238793
22720  0.238793
22752  0.238793
22784  0.238793
22816  0.238793
22848  0.238793
22880  0.238749
22912  0.238749
22944  0.238749
22976  0.238715
23008  0.238715
23040  0.238715
23072  0.238715
23104  0.238715
23136  0.238715
23168  0.238715
23200  0.238715
23232  0.238715
23264  0.238715
23296  0.238715
23328  0.238715
23360  0.238715
23392  0.238715
23424  0.238715
23456  0.238715
23488  0.238715
23520  0.238715
23552  0.238715
23584  0.238715
23616  0.238715
23648  0.238715
23680  0.238715
23712  0.238715
23744  0.238715
23776  0.238715
23808  0.238715
23840  0.238715
23872  0.238715
23904  0.238715
23936  0.238715
23968  0.238715
24000  0.238715
24032  0.238715
24064  0.238715
24096  0.238715
24128  0.238715
24160  0.238715
24192  0.238715
24224  0.238715
24256  0.238715
24288  0.238675
24320  0.238675
24352  0.238675
24384  0.238675
24416  0.238675
24448  0.238675
24480  0.238675
24512  0.238675
24544  0.238675
24576  0.238675
24608  0.238675
24640  0.238675
24672  0.238629
24704  0.238629
24736  0.238629
24768  0.238629
24800  0.238629
24832  0.238629
24864  0.238629
24896  0.238629
24928  0.238629
24960  0.238629
24992  0.238629
25024  0.238629
25056  0.238629
25088  0.238629
25120  0.238629
25152  0.238629
25184  0.238629
25216  0.238629
25248  0.238629
25280  0.238629
25312  0.238629
25344  0.238629
25376  0.238629
25408  0.238629
25440  0.238629
25472  0.238629
25504  0.238629
25536  0.238629
25568  0.238629
25600  0.238629
25632  0.238629
25664  0.238629
25696  0.238629
25728  0.238629
25760  0.238629
25792  0.238629
25824  0.238629
25856  0.238629
25888  0.238629
25920  0.238629
25952  0.238629
25984  0.238629
26016  0.238629
26048  0.238629
26080  0.238629
26112  0.238629
26144  0.238629
26176  0.238629
26208  0.238629
26240  0.238629
26272  0.238629
26304  0.238629
26336  0.238629
26368  0.238629
26400  0.238629
26432  0.238629
26464  0.238629
26496  0.238629
26528  0.238629
26560  0.238629
26592  0.238629
26624  0.238629
26656  0.238629
26688  0.238565
26720  0.238565
26752  0.238565
26784  0.238565
26816  0.238565
26848  0.238565
26880  0.238565
26912  0.238565
26944  0.238565
26976  0.238565
27008  0.238565
27040  0.238565
27072  0.238565
27104  0.238565
27136  0.238565
27168  0.238565
27200  0.238565
27232  0.238565
27264  0.238565
27296  0.238565
27328  0.238565
27360  0.238565
27392  0.238565
27424  0.238565
27456  0.238565
27488  0.238565
27520  0.238565
27552  0.238565
27584  0.238565
27616  0.238565
27648  0.238565
27680  0.238565
27712  0.238565
27744  0.238565
27776  0.238565
27808  0.238565
27840  0.238565
27872  0.238565
27904  0.238565
27936  0.238565
27968  0.238565
28000  0.238565
28032  0.238565
28064  0.238565
28096  0.238565
28128  0.238565
28160  0.238565
28192  0.238565
28224  0.238565
28256  0.238565
28288  0.238565
28320  0.238565
28352  0.238565
28384  0.238565
28416  0.238565
28448  0.238565
28480  0.238565
28512  0.238565
28544  0.238565
28576  0.238548
28608  0.238548
28640  0.238548
28672  0.238548
28704  0.238548
28736  0.238548
28768  0.238548
28800  0.238548
28832  0.238548
28864  0.238548
28896  0.238548
28928  0.238548
28960  0.238548
28992  0.238548
29024  0.238548
29056  0.238548
29088  0.238548
29120  0.238548
29152  0.238441
29184  0.238441
29216  0.238441
29248  0.238441
29280  0.238441
29312  0.238441
29344  0.238441
29376  0.238441
29408  0.238441
29440  0.238441
29472  0.238441
29504  0.238441
29536  0.238441
29568  0.238441
29600  0.238441
29632  0.238441
29664  0.238441
29696  0.238441
29728  0.238441
29760  0.238441
29792  0.238441
29824  0.238441
29856  0.238441
29888  0.238441
29920  0.238441
29952  0.238441
29984  0.238441
30016  0.238441
30048  0.238441
30080  0.238441
30112  0.238441
30144  0.238441
30176  0.238441
30208  0.238441
30240  0.238441
30272  0.238441
30304  0.238441
30336  0.238441
30368  0.238441
30400  0.238441
30432  0.238441
30464  0.238441
30496  0.238441
30528  0.238441
30560  0.238441
30592  0.238441
30624  0.238441
30656  0.238441
30688  0.238441
30720  0.238441
30752  0.238441
30784  0.238441
30816  0.238441
30848  0.238441
30880  0.238441
30912  0.238441
30944  0.238441
30976  0.238441
31008  0.238441
31040  0.238441
31072  0.238441
31104  0.238441
31136  0.238441
31168  0.238441
31200  0.238441
31232  0.238441
31264  0.238441
31296  0.238441
31328  0.238441
31360  0.238441
31392  0.238441
31424  0.238441
31456  0.238441
31488  0.238441
31520  0.238441
31552  0.238441
31584  0.238399
31616  0.238399
31648  0.238399
31680  0.238399
31712  0.238399
31744  0.238399
31776  0.238399
31808  0.238399
31840  0.238399
31872  0.238399
31904  0.238399
31936  0.238399
31968  0.238399
32000  0.238399
32032  0.238399
32064  0.238399
32096  0.238399
32128  0.238399
32160  0.238399
32192  0.238399
32224  0.238399
32256  0.238399
32288  0.238399
32320  0.238399
32352  0.238399
32384  0.238399
32416  0.238399
32448  0.238399
32480  0.238399
32512  0.238399
32544  0.238399
32576  0.238399
32608  0.238399
32640  0.238399
32672  0.238399
32704  0.238399
32736  0.238399
32768  0.238399
32800  0.238399
32832  0.238399
32864  0.238399
32896  0.238399
32928  0.238399
32960  0.238399
32992  0.238399
33024  0.238399
33056  0.238399
33088  0.238399
33120  0.238399
33152  0.238399
33184  0.238399
33216  0.238399
33248  0.238399
33280  0.238399
33312  0.238399
33344  0.238399
33376  0.238399
33408  0.238399
33440  0.238399
33472  0.238399
33504  0.238399
33536  0.238399
33568  0.238399
33600  0.238399
33632  0.238399
33664  0.238399
33696  0.238399
33728  0.238399
33760  0.238399
33792  0.238399
33824  0.238399
33856  0.238399
33888  0.238399
33920  0.238399
33952  0.238399
33984  0.238399
34016  0.238399
34048  0.238373
34080  0.238373
34112  0.238373
34144  0.238373
34176  0.238373
34208  0.238373
34240  0.238373
34272  0.238373
34304  0.238373
34336  0.238373
34368  0.238373
34400  0.238373
34432  0.238373
34464  0.238373
34496  0.238373
34528  0.238373
34560  0.238373
34592  0.238373
34624  0.238373
34656  0.238373
34688  0.238373
34720  0.238373
34752  0.238373
34784  0.238373
34816  0.238373
34848  0.238373
34880  0.238373
34912  0.238373
34944  0.238373
34976  0.238373
35008  0.238373
35040  0.238373
35072  0.238373
35104  0.238373
35136  0.238373
35168  0.238373
35200  0.238373
35232  0.238373
35264  0.238373
35296  0.238373
35328  0.238373
35360  0.238373
35392  0.238373
35424  0.238373
35456  0.238373
35488  0.238373
35520  0.238373
35552  0.238373
35584  0.238373
35616  0.238373
35648  0.238373
35680  0.238373
35712  0.238373
35744  0.238373
35776  0.238373
35808  0.238373
35840  0.238373
35872  0.238373
35904  0.238373
35936  0.238373
35968  0.238373
36000  0.238373
36032  0.238293
36064  0.238293
36096  0.238293
36128  0.238293
36160  0.238293
36192  0.238293
36224  0.238293
36256  0.238293
36288  0.238293
36320  0.238293
36352  0.238293
36384  0.238293
36416  0.238293
36448  0.238293
36480  0.238293
36512  0.238293
36544  0.238293
36576  0.238293
36608  0.238293
36640  0.238293
36672  0.238293
36704  0.238293
36736  0.238293
36768  0.238293
36800  0.238293
36832  0.238293
36864  0.238293
36896  0.238293
36928  0.238293
36960  0.238293
36992  0.238293
37024  0.238293
37056  0.238293
37088  0.238293
37120  0.238293
37152  0.238293
37184  0.238293
37216  0.238293
37248  0.238293
37280  0.238293
37312  0.238293
37344  0.238293
37376  0.238293
37408  0.238293
37440  0.238293
37472  0.238293
37504  0.238293
37536  0.238293
37568  0.238293
37600  0.238293
37632  0.238293
37664  0.238293
37696  0.238293
37728  0.238293
37760  0.238293
37792  0.238293
37824  0.238293
37856  0.238293
37888  0.238293
37920  0.238293
37952  0.238293
37984  0.238293
38016  0.238293
38048  0.238293
38080  0.238293
38112  0.238293
38144  0.238293
38176  0.238293
38208  0.238293
38240  0.238293
38272  0.238293
38304  0.238293
38336  0.238293
38368  0.238293
38400  0.238293
38432  0.238293
38464  0.238293
38496  0.238293
38528  0.238293
38560  0.238293
38592  0.238293
38624  0.238282
38656  0.238282
38688  0.238282
38720  0.238282
38752  0.238282
38784  0.238282
38816  0.238282
38848  0.238282
38880  0.238282
38912  0.238282
38944  0.238282
38976  0.238282
39008  0.238274
39040  0.238274
39072  0.238274
39104  0.238274
39136  0.238274
39168  0.238274
39200  0.238274
39232  0.238274
39264  0.238274
39296  0.238274
39328  0.238274
39360  0.238274
39392  0.238274
39424  0.238274
39456  0.238274
39488  0.238274
39520  0.238274
39552  0.238274
39584  0.238274
39616  0.238274
39648  0.238274
39680  0.238274
39712  0.238274
39744  0.238274
39776  0.238274
39808  0.238274
39840  0.238274
39872  0.238274
39904  0.238274
39936  0.238274
39968  0.238274
40000  0.238274
40032  0.238274
40064  0.238274
40096  0.238274
40128  0.238274
40160  0.238274
40192  0.238206
40224  0.238206
40256  0.238206
40288  0.238206
40320  0.238206
40352  0.238206
40384  0.238206
40416  0.238206
40448  0.238206
40480  0.238206
40512  0.238206
40544  0.238206
40576  0.238206
40608  0.238206
40640  0.238206
40672  0.238206
40704  0.238206
40736  0.238206
40768  0.238206
40800  0.238206
40832  0.238206
40864  0.238206
40896  0.238206
40928  0.238206
40960  0.238206
40992  0.238206
41024  0.238206
41056  0.238206
41088  0.238206
41120  0.238206
41152  0.238206
41184  0.238206
41216  0.238206
41248  0.238206
41280  0.238206
41312  0.238206
41344  0.238206
41376  0.238206
41408  0.238206
41440  0.238206
41472  0.238206
41504  0.238206
41536  0.238206
41568  0.238206
41600  0.238206
41632  0.238206
41664  0.238206
41696  0.238206
41728  0.238206
41760  0.238206
41792  0.238206
41824  0.238206
41856  0.238206
41888  0.238206
41920  0.238206
41952  0.238206
41984  0.238206
42016  0.238206
42048  0.238206
42080  0.238206
42112  0.238206
42144  0.238206
42176  0.238206
42208  0.238206
42240  0.238206
42272  0.238206
42304  0.238206
42336  0.238206
42368  0.238206
42400  0.238206
42432  0.238206
42464  0.238206
42496  0.238206
42528  0.238206
42560  0.238206
42592  0.238206
42624  0.238206
42656  0.238206
42688  0.238206
42720  0.238206
42752  0.238206
42784  0.238206
42816  0.238206
42848  0.238206
42880  0.238206
42912  0.238206
42944  0.238206
42976  0.238206
43008  0.238206
43040  0.238142
43072  0.238142
43104  0.238142
43136  0.238142
43168  0.238142
43200  0.238142
43232  0.238142
43264  0.238142
43296  0.238142
43328  0.238142
43360  0.238142
43392  0.238142
43424  0.238142
43456  0.238142
43488  0.238142
43520  0.238142
43552  0.238142
43584  0.238142
43616  0.238142
43648  0.238142
43680  0.238142
43712  0.238142
43744  0.238142
43776  0.238142
43808  0.238142
43840  0.238142
43872  0.238142
43904  0.238142
43936  0.238142
43968  0.238142
44000  0.238142
44032  0.238142
44064  0.238142
44096  0.238142
44128  0.238142
44160  0.238142
44192  0.238142
44224  0.238142
44256  0.238142
44288  0.238142
44320  0.238142
44352  0.238142
44384  0.238142
44416  0.238142
44448  0.238142
44480  0.238142
44512  0.238142
44544  0.238142
44576  0.238142
44608  0.238142
44640  0.238142
44672  0.238142
44704  0.238142
44736  0.238142
44768  0.238142
44800  0.238142
44832  0.238142
44864  0.238142
44896  0.238142
44928  0.238142
44960  0.238142
44992  0.238142
45024  0.238142
45056  0.238142
45088  0.238142
45120  0.238142
45152  0.238142
45184  0.238142
45216  0.238142
45248  0.238142
45280  0.238142
45312  0.238142
45344  0.238142
45376  0.238142
45408  0.238142
45440  0.238142
45472  0.238142
45504  0.238142
45536  0.238142
45568  0.238142
45600  0.238142
45632  0.238142
45664  0.238142
45696  0.238142
45728  0.238142
45760  0.238142
45792  0.238142
45824  0.238142
45856  0.238142
45888  0.238142
45920  0.238142
45952  0.238142
45984  0.238142
46016  0.238142
46048  0.238142
46080  0.238142
46112  0.238142
46144  0.238142
46176  0.238142
46208  0.238142
46240  0.238142
46272  0.238142
46304  0.238142
46336  0.238142
46368  0.238142
46400  0.238142
46432  0.238142
46464  0.238142
46496  0.238142
46528  0.238142
46560  0.238136
46592  0.238136
46624  0.238136
46656  0.238136
46688  0.238136
46720  0.238136
46752  0.238136
46784  0.238136
46816  0.238136
46848  0.238136
46880  0.238136
46912  0.238136
46944  0.238136
46976  0.238136
47008  0.238136
47040  0.238136
47072  0.238136
47104  0.238136
47136  0.238136
47168  0.238136
47200  0.238136
47232  0.238136
47264  0.238136
47296  0.238136
47328  0.238136
47360  0.238136
47392  0.238136
47424  0.238136
47456  0.238136
47488  0.238136
47520  0.238136
47552  0.238136
47584  0.238136
47616  0.238136
47648  0.238136
47680  0.238136
47712  0.238136
47744  0.238136
47776  0.238136
47808  0.238136
47840  0.238136
47872  0.238136
47904  0.238136
47936  0.238136
47968  0.238136
48000  0.238136
48032  0.238136
48064  0.238136
48096  0.238136
48128  0.238136
48160  0.238136
48192  0.238136
48224  0.238136
48256  0.238136
48288  0.238136
48320  0.238136
48352  0.238136
48384  0.238136
48416  0.238136
48448  0.238136
48480  0.238136
48512  0.238136
48544  0.238136
48576  0.238136
48608  0.238136
48640  0.238136
48672  0.238136
48704  0.238136
48736  0.238136
48768  0.238136
48800  0.238136
48832  0.238136
48864  0.238136
48896  0.238136
48928  0.238136
48960  0.238136
48992  0.238136
49024  0.238136
49056  0.238136
49088  0.238136
49120  0.238136
49152  0.238136
49184  0.238136
49216  0.238136
49248  0.238136
49280  0.238136
49312  0.238136
49344  0.238136
49376  0.238136
49408  0.238062
49440  0.238062
49472  0.238062
49504  0.238062
49536  0.238062
49568  0.238062
49600  0.238062
49632  0.238062
49664  0.238062
49696  0.238062
49728  0.238062
49760  0.238062
49792  0.238062
49824  0.238062
49856  0.238062
49888  0.238062
49920  0.238062
49952  0.238062
49984  0.238062
50016  0.238062
50048  0.238062
50080  0.238062
50112  0.238062
50144  0.238062
50176  0.238062
50208  0.238062
50240  0.238062
50272  0.238062
50304  0.238062
50336  0.238062
50368  0.238062
50400  0.238062
50432  0.238062
50464  0.238062
50496  0.238062
50528  0.238062
50560  0.238062
50592  0.238062
50624  0.238062
50656  0.238062
50688  0.238062
50720  0.238062
50752  0.238062
50784  0.238062
50816  0.238062
50848  0.238062
50880  0.238062
50912  0.238062
50944  0.238062
50976  0.238062
51008  0.238062
51040  0.238062
51072  0.238062
51104  0.238062
51136  0.238062
51168  0.238062
51200  0.238062
51232  0.238062
51264  0.238062
51296  0.238062
51328  0.238062
51360  0.238062
51392  0.238062
51424  0.238062
51456  0.238062
51488  0.238062
51520  0.238062
51552  0.238062
51584  0.238062
51616  0.238062
51648  0.238062
51680  0.238062
51712  0.238062
51744  0.238062
51776  0.238062
51808  0.238062
51840  0.238062
51872  0.238062
51904  0.238062
51936  0.238062
51968  0.238062
52000  0.238062
52032  0.238062
52064  0.238062
52096  0.238062
52128  0.238062
52160  0.238062
52192  0.238062
52224  0.238062
52256  0.238062
52288  0.238062
52320  0.238062
52352  0.238062
52384  0.238062
52416  0.238062
52448  0.238062
52480  0.238062
52512  0.238062
52544  0.238062
52576  0.238062
52608  0.238062
52640  0.238062
52672  0.238062
52704  0.238062
52736  0.238062
52768  0.238062
52800  0.238062
52832  0.238062
52864  0.238062
52896  0.238062
52928  0.238062
52960  0.238062
52992  0.238062
53024  0.238062
53056  0.238062
53088  0.238062
53120  0.238062
53152  0.238062
53184  0.238062
53216  0.238062
53248  0.238062
53280  0.238062
53312  0.238062
53344  0.238062
53376  0.238062
53408  0.238062
53440  0.238062
53472  0.238062
53504  0.238062
53536  0.238062
53568  0.238062
53600  0.238062
53632  0.238062
53664  0.238062
53696  0.238062
53728  0.238062
53760  0.238062
53792  0.238062
53824  0.238062
53856  0.238062
53888  0.238062
53920  0.238062
53952  0.238062
53984  0.238062
54016  0.238062
54048  0.238062
54080  0.238062
54112  0.238062
54144  0.238062
54176  0.238062
54208  0.238062
54240  0.238062
54272  0.238062
54304  0.238062
54336  0.238062
54368  0.238062
54400  0.238062
54432  0.238062
54464  0.238062
54496  0.238062
54528  0.238062
54560  0.238062
54592  0.238062
54624  0.238062
54656  0.238062
54688  0.238062
54720  0.238062
54752  0.238062
54784  0.238062
54816  0.238062
54848  0.238062
54880  0.238062
54912  0.238062
54944  0.238062
54976  0.238062
55008  0.238062
55040  0.238062
55072  0.238062
55104  0.238062
55136  0.238062
55168  0.238062
55200  0.238062
55232  0.238062
55264  0.238062
55296  0.238062
55328  0.238062
55360  0.238062
55392  0.238062
55424  0.238062
55456  0.238062
55488  0.238062
55520  0.238062
55552  0.238062
55584  0.238062
55616  0.238062
55648  0.238062
55680  0.238062
55712  0.238062
55744  0.238062
55776  0.238062
55808  0.238062
55840  0.238062
55872  0.238062
55904  0.238062
55936  0.238062
55968  0.238062
56000  0.238062
56032  0.238062
56064  0.238062
56096  0.238062
56128  0.238062
56160  0.238062
56192  0.238062
56224  0.238062
56256  0.238062
56288  0.238062
56320  0.238062
56352  0.238062
56384  0.238062
56416  0.238062
56448  0.238062
56480  0.23797
56512  0.23797
56544  0.23797
56576  0.23797
56608  0.23797
56640  0.23797
56672  0.23797
56704  0.23797
56736  0.23797
56768  0.23797
56800  0.23797
56832  0.23797
56864  0.23797
56896  0.23797
56928  0.23797
56960  0.23797
56992  0.23797
57024  0.23797
57056  0.23797
57088  0.23797
57120  0.23797
57152  0.23797
57184  0.23797
57216  0.23797
57248  0.23797
57280  0.23797
57312  0.23797
57344  0.237908
57376  0.237908
57408  0.237908
57440  0.237908
57472  0.237908
57504  0.237908
57536  0.237908
57568  0.237908
57600  0.237908
57632  0.237908
57664  0.237908
57696  0.237908
57728  0.237908
57760  0.237908
57792  0.237908
57824  0.237908
57856  0.237908
57888  0.237908
57920  0.237908
57952  0.237908
57984  0.237908
58016  0.237908
58048  0.237908
58080  0.237908
58112  0.237908
58144  0.237908
58176  0.237908
58208  0.237908
58240  0.237908
58272  0.237908
58304  0.237908
58336  0.237908
58368  0.237908
58400  0.237908
58432  0.237908
58464  0.237908
58496  0.237908
58528  0.237908
58560  0.237908
58592  0.237908
58624  0.237908
58656  0.237908
58688  0.237908
58720  0.237908
58752  0.237908
58784  0.237908
58816  0.237908
58848  0.237908
58880  0.237908
58912  0.237908
58944  0.237908
58976  0.237908
59008  0.237908
59040  0.237908
59072  0.237908
59104  0.237908
59136  0.237852
59168  0.237852
59200  0.237852
59232  0.237852
59264  0.237852
59296  0.237852
59328  0.237852
59360  0.237852
59392  0.237852
59424  0.237852
59456  0.237852
59488  0.237852
59520  0.237852
59552  0.237852
59584  0.237852
59616  0.237852
59648  0.237852
59680  0.237852
59712  0.237852
59744  0.237852
59776  0.237852
59808  0.237852
59840  0.237852
59872  0.237852
59904  0.237852
59936  0.237852
59968  0.237852
60000  0.237852
60032  0.237852
60064  0.237852
60096  0.237852
60128  0.237852
60160  0.237852
60192  0.237852
60224  0.237852
60256  0.237852
60288  0.237852
60320  0.237852
60352  0.237852
60384  0.237852
60416  0.237852
60448  0.237852
60480  0.237852
60512  0.237852
60544  0.237852
60576  0.237852
60608  0.237852
60640  0.237852
60672  0.237852
60704  0.237852
60736  0.237852
60768  0.237852
60800  0.237852
60832  0.237852
60864  0.237852
60896  0.237852
60928  0.237852
60960  0.237852
60992  0.237852
61024  0.237852
61056  0.237852
61088  0.237852
61120  0.237852
61152  0.237852
61184  0.237852
61216  0.237852
61248  0.237852
61280  0.237852
61312  0.237852
61344  0.237852
61376  0.237852
61408  0.237852
61440  0.237852
61472  0.237852
61504  0.237852
61536  0.237852
61568  0.237852
61600  0.237852
61632  0.237852
61664  0.237852
61696  0.237852
61728  0.237852
61760  0.237852
61792  0.237852
61824  0.237852
61856  0.237852
61888  0.237852
61920  0.237852
61952  0.237852
61984  0.237852
62016  0.237852
62048  0.237852
62080  0.237852
62112  0.237852
62144  0.237852
62176  0.237852
62208  0.237852
62240  0.237852
62272  0.237852
62304  0.237852
62336  0.237852
62368  0.237852
62400  0.237852
62432  0.237852
62464  0.237852
62496  0.237852
62528  0.237852
62560  0.237852
62592  0.237852
62624  0.237852
62656  0.237852
62688  0.237852
62720  0.237852
62752  0.237852
62784  0.237852
62816  0.237852
62848  0.237852
62880  0.237852
62912  0.237852
62944  0.237852
62976  0.237852
63008  0.237852
63040  0.237852
63072  0.237852
63104  0.237852
63136  0.237852
63168  0.237852
63200  0.237852
63232  0.237852
63264  0.237852
63296  0.237852
63328  0.237852
63360  0.237852
63392  0.237852
63424  0.237852
63456  0.237852
63488  0.237852
63520  0.237852
63552  0.237852
63584  0.237852
63616  0.237852
63648  0.237852
63680  0.237852
63712  0.237852
63744  0.237852
63776  0.237852
63808  0.237852
63840  0.237852
63872  0.237852
63904  0.237852
63936  0.237852
63968  0.237852
64000  0.237852
64032  0.237852
64064  0.237852
64096  0.237852
64128  0.237852
64160  0.237852
64192  0.237852
64224  0.237852
64256  0.237852
64288  0.237852
64320  0.237852
64352  0.237852
64384  0.237852
64416  0.237852
64448  0.237852
64480  0.237852
64512  0.237852
64544  0.237852
64576  0.237852
64608  0.237852
64640  0.237852
64672  0.237852
64704  0.237852
64736  0.237852
64768  0.237852
64800  0.237852
64832  0.237852
64864  0.237852
64896  0.237852
64928  0.237852
64960  0.237852
64992  0.237852
65024  0.237852
65056  0.237852
65088  0.237852
65120  0.237852
65152  0.237852
65184  0.237852
65216  0.237852
65248  0.237852
65280  0.237852
65312  0.237852
65344  0.237852
65376  0.237852
65408  0.237852
65440  0.237852
65472  0.237852
65504  0.237852
65536  0.237852
65568  0.237852
65600  0.237852
65632  0.237852
65664  0.237852
65696  0.237852
65728  0.237852
65760  0.237852
65792  0.237852
65824  0.237852
65856  0.237852
65888  0.237852
65920  0.237852
65952  0.237852
65984  0.237852
66016  0.237852
66048  0.237852
66080  0.237852
66112  0.237852
66144  0.237852
66176  0.237852
66208  0.237852
66240  0.237852
66272  0.237852
66304  0.237852
66336  0.237852
66368  0.237852
66400  0.237852
66432  0.237852
66464  0.237852
66496  0.237852
66528  0.237852
66560  0.237852
66592  0.237852
66624  0.237852
66656  0.237852
66688  0.237852
66720  0.237852
66752  0.237852
66784  0.237852
66816  0.237852
66848  0.237852
66880  0.237852
66912  0.237852
66944  0.237852
66976  0.237852
67008  0.237852
67040  0.237852
67072  0.237852
67104  0.237852
67136  0.237852
67168  0.237852
67200  0.237852
67232  0.237852
67264  0.237852
67296  0.237852
67328  0.237852
67360  0.237852
67392  0.237852
67424  0.237852
67456  0.237852
67488  0.237852
67520  0.237852
67552  0.237852
67584  0.237852
67616  0.237852
67648  0.237852
67680  0.237852
67712  0.237852
67744  0.237852
67776  0.237852
67808  0.237852
67840  0.237852
67872  0.237852
67904  0.237852
67936  0.237852
67968  0.237852
68000  0.237852
68032  0.237824
68064  0.237824
68096  0.237824
68128  0.237824
68160  0.237824
68192  0.237824
68224  0.237824
68256  0.237824
68288  0.237824
68320  0.237824
68352  0.237824
68384  0.237824
68416  0.237824
68448  0.237824
68480  0.237824
68512  0.237824
68544  0.237824
68576  0.237824
68608  0.237824
68640  0.237824
68672  0.237824
68704  0.237824
68736  0.237824
68768  0.237824
68800  0.237824
68832  0.237824
68864  0.237824
68896  0.237824
68928  0.237824
68960  0.237824
68992  0.237824
69024  0.237824
69056  0.237824
69088  0.237824
69120  0.237824
69152  0.237824
69184  0.237824
69216  0.237824
69248  0.237824
69280  0.237824
69312  0.237824
69344  0.237824
69376  0.237824
69408  0.237824
69440  0.237824
69472  0.237824
69504  0.237824
69536  0.237824
69568  0.237824
69600  0.237824
69632  0.237824
69664  0.237824
69696  0.237824
69728  0.237824
69760  0.237824
69792  0.237824
69824  0.237824
69856  0.237824
69888  0.237824
69920  0.237824
69952  0.237824
69984  0.237824
70016  0.237824
70048  0.237824
70080  0.237824
70112  0.237824
70144  0.237824
70176  0.237824
70208  0.237824
70240  0.237824
70272  0.237824
70304  0.237824
70336  0.237824
70368  0.237824
70400  0.237824
70432  0.237824
70464  0.237824
70496  0.237824
