Step  Penalty
10  0.538081
20  0.519294
30  0.507384
40  0.476486
50  0.438755
60  0.407208
70  0.377767
80  0.349352
90  0.332117
100  0.314802
110  0.300135
120  0.288794
130  0.28207
140  0.273248
150  0.268484
160  0.265401
170  0.259026
180  0.254259
190  0.252081
200  0.249393
210  0.248294
220  0.246591
230  0.243921
240  0.242702
250  0.241877
260  0.241591
270  0.241291
280  0.24104
290  0.240864
300  0.240394
310  0.240394
320  0.240394
330  0.240394
340  0.240394
350  0.240302
360  0.239964
370  0.239964
380  0.239964
390  0.239964
400  0.239964
410  0.239963
420  0.239963
430  0.239963
440  0.239963
450  0.239963
460  0.239792
470  0.239792
480  0.239792
490  0.239792
500  0.239792
510  0.239792
520  0.239792
530  0.239792
540  0.239792
550  0.239532
560  0.239532
570  0.239532
580  0.239532
590  0.239532
600  0.239371
610  0.239371
620  0.239371
630  0.239371
640  0.239371
650  0.239371
660  0.239176
670  0.239176
680  0.239176
690  0.239176
700  0.239092
710  0.239092
720  0.239092
730  0.23906
740  0.23906
750  0.23906
760  0.23906
770  0.23906
780  0.23906
790  0.23906
800  0.23906
810  0.23906
820  0.23906
830  0.23906
840  0.23906
850  0.23906
860  0.239051
870  0.239051
880  0.239051
890  0.239051
900  0.239051
910  0.239051
920  0.239051
930  0.239051
940  0.239051
950  0.23903
960  0.23903
970  0.23903
980  0.238938
990  0.238938
1000  0.238938
1010  0.238938
1020  0.238938
1030  0.238938
1040  0.238938
1050  0.238938
1060  0.238938
1070  0.238938
1080  0.238938
1090  0.238938
1100  0.238938
1110  0.238938
1120  0.238938
1130  0.238938
1140  0.238938
1150  0.238938
1160  0.238938
1170  0.238938
1180  0.238938
1190  0.238938
1200  0.238938
1210  0.238938
1220  0.238938
1230  0.238938
1240  0.238938
1250  0.238938
1260  0.238938
1270  0.238938
1280  0.238938
1290  0.238938
1300  0.238938
1310  0.238938
1320  0.238938
1330  0.238938
1340  0.238938
1350  0.238938
1360  0.238938
1370  0.238938
1380  0.238938
1390  0.238938
1400  0.238938
1410  0.238768
1420  0.238768
1430  0.238716
1440  0.238716
1450  0.238716
1460  0.238716
1470  0.238716
1480  0.238716
1490  0.238716
1500  0.238716
1510  0.238624
1520  0.238624
1530  0.238624
1540  0.238624
1550  0.238624
1560  0.238624
1570  0.238624
1580  0.238624
1590  0.238624
1600  0.238624
1610  0.238624
1620  0.238624
1630  0.238624
1640  0.238624
1650  0.238624
1660  0.238624
1670  0.238624
1680  0.238624
1690  0.23849
1700  0.23849
1710  0.23849
1720  0.23849
1730  0.23849
1740  0.23849
1750  0.23849
1760  0.23849
1770  0.23849
1780  0.23849
1790  0.23849
1800  0.23849
1810  0.238475
1820  0.238475
1830  0.238475
1840  0.238475
1850  0.238475
1860  0.238475
1870  0.238475
1880  0.238475
1890  0.238475
1900  0.238475
1910  0.238475
1920  0.238475
1930  0.238475
1940  0.238475
1950  0.238419
1960  0.238419
1970  0.238419
1980  0.238419
1990  0.238419
2000  0.238419
2010  0.238419
2020  0.238419
2030  0.238419
2040  0.238419
2050  0.238419
2060  0.238419
2070  0.238419
2080  0.238419
2090  0.238419
2100  0.238419
2110  0.238419
2120  0.238419
2130  0.238419
2140  0.238419
2150  0.238419
2160  0.238419
2170  0.238419
2180  0.238419
2190  0.238419
2200  0.23824
2210  0.23824
2220  0.23824
2230  0.23824
2240  0.23824
2250  0.23824
2260  0.23824
2270  0.23824
2280  0.23824
2290  0.23824
2300  0.23824
2310  0.23824
2320  0.23824
2330  0.23824
2340  0.23824
2350  0.23824
2360  0.23824
2370  0.23824
2380  0.23824
2390  0.23824
2400  0.23824
2410  0.23824
2420  0.23824
2430  0.23824
2440  0.23824
2450  0.23824
2460  0.23824
2470  0.23824
2480  0.23824
2490  0.23824
2500  0.23824
2510  0.23824
2520  0.23824
2530  0.23824
2540  0.23824
2550  0.23824
2560  0.23824
2570  0.23824
2580  0.23824
2590  0.23824
2600  0.23824
2610  0.23824
2620  0.23824
2630  0.23824
2640  0.23824
2650  0.23824
2660  0.23824
2670  0.23824
2680  0.23824
2690  0.23824
2700  0.23824
2710  0.23824
2720  0.23824
2730  0.23824
2740  0.23824
2750  0.23824
2760  0.23824
2770  0.23824
2780  0.238224
2790  0.238224
2800  0.238224
2810  0.238224
2820  0.238224
2830  0.238224
2840  0.238224
2850  0.238224
2860  0.238224
2870  0.238224
2880  0.238224
2890  0.238224
2900  0.238224
2910  0.238224
2920  0.238208
2930  0.238208
2940  0.238208
2950  0.238208
2960  0.238208
2970  0.238208
2980  0.238208
2990  0.238208
3000  0.238208
3010  0.238208
3020  0.238208
3030  0.238208
3040  0.238208
3050  0.238208
3060  0.238208
3070  0.238208
3080  0.238208
3090  0.238208
3100  0.238208
3110  0.238208
3120  0.238208
3130  0.238208
3140  0.238208
3150  0.238208
3160  0.238208
3170  0.238208
3180  0.238208
3190  0.238208
3200  0.238208
3210  0.238208
3220  0.238208
3230  0.238208
3240  0.237918
3250  0.237918
3260  0.237918
3270  0.237918
3280  0.237918
3290  0.237918
3300  0.237918
3310  0.237918
3320  0.237918
3330  0.237918
3340  0.237918
3350  0.237918
3360  0.237918
3370  0.237918
3380  0.237918
3390  0.237918
3400  0.237918
3410  0.237918
3420  0.237918
3430  0.237918
3440  0.237918
3450  0.237918
3460  0.237918
3470  0.237918
3480  0.237918
3490  0.237918
3500  0.237918
3510  0.237918
3520  0.237918
3530  0.237918
3540  0.237918
3550  0.237918
3560  0.237918
3570  0.237918
3580  0.237918
3590  0.237918
3600  0.237918
3610  0.237918
3620  0.237918
3630  0.237918
3640  0.237918
3650  0.237918
3660  0.237918
3670  0.237918
3680  0.237918
3690  0.237918
3700  0.237918
3710  0.237918
3720  0.237918
3730  0.237918
3740  0.237918
3750  0.237918
3760  0.237918
3770  0.237918
3780  0.237918
3790  0.237918
3800  0.237918
3810  0.237918
3820  0.237918
3830  0.237918
3840  0.237918
3850  0.237918
3860  0.237918
3870  0.237918
3880  0.237918
3890  0.237918
3900  0.237918
3910  0.237918
3920  0.237918
3930  0.237918
3940  0.237918
3950  0.237918
3960  0.237918
3970  0.237918
3980  0.237918
3990  0.237918
4000  0.237918
4010  0.237918
4020  0.237918
4030  0.237918
4040  0.237918
4050  0.237918
4060  0.237918
4070  0.237918
4080  0.237918
4090  0.237918
4100  0.237918
4110  0.237918
4120  0.237918
4130  0.237918
4140  0.237918
4150  0.237918
4160  0.237918
4170  0.237918
4180  0.237918
4190  0.237918
4200  0.237918
4210  0.237918
4220  0.237918
4230  0.237918
4240  0.237918
4250  0.237918
4260  0.237918
4270  0.237918
4280  0.237918
4290  0.237918
4300  0.237918
4310  0.237918
4320  0.237918
4330  0.237918
4340  0.237918
4350  0.237918
4360  0.237918
4370  0.237918
4380  0.237843
4390  0.237843
4400  0.237843
4410  0.237843
4420  0.237843
4430  0.237843
4440  0.237843
4450  0.237843
4460  0.237843
4470  0.237843
4480  0.237843
4490  0.237843
4500  0.237843
4510  0.237843
4520  0.237843
4530  0.237843
4540  0.237843
4550  0.237843
4560  0.237843
4570  0.237843
4580  0.237843
4590  0.237843
4600  0.237843
4610  0.237843
4620  0.237843
4630  0.237843
4640  0.237843
4650  0.237843
4660  0.237843
4670  0.237843
4680  0.237843
4690  0.237843
4700  0.237843
4710  0.237843
4720  0.237843
4730  0.237843
4740  0.237843
4750  0.237843
4760  0.237843
4770  0.237843
4780  0.237843
4790  0.237843
4800  0.237843
4810  0.237843
4820  0.237843
4830  0.237843
4840  0.237843
4850  0.237843
4860  0.237843
4870  0.237843
4880  0.237617
4890  0.237617
4900  0.237617
4910  0.237394
4920  0.237394
4930  0.237394
4940  0.237394
4950  0.237394
4960  0.237394
4970  0.237394
4980  0.237394
4990  0.237394
5000  0.237394
5010  0.237394
5020  0.237394
5030  0.237394
5040  0.237394
5050  0.237394
5060  0.237394
5070  0.237394
5080  0.237394
5090  0.237394
5100  0.237394
5110  0.237394
5120  0.237394
5130  0.237394
5140  0.237394
5150  0.237394
5160  0.237394
5170  0.237394
5180  0.237394
5190  0.237394
5200  0.237394
5210  0.237394
5220  0.237394
5230  0.237394
5240  0.237394
5250  0.237394
5260  0.237394
5270  0.237394
5280  0.237394
5290  0.237394
5300  0.237394
5310  0.237394
5320  0.237394
5330  0.237394
5340  0.237394
5350  0.237394
5360  0.237394
5370  0.237394
5380  0.237394
5390  0.237394
5400  0.237394
5410  0.237394
5420  0.237394
5430  0.237394
5440  0.237394
5450  0.237394
5460  0.237394
5470  0.237394
5480  0.237394
5490  0.237394
5500  0.237394
5510  0.237394
5520  0.237394
5530  0.237394
5540  0.237394
5550  0.237394
5560  0.237394
5570  0.237394
5580  0.237394
5590  0.237394
5600  0.237394
5610  0.237394
5620  0.237401
5630  0.237401
5640  0.237401
5650  0.237401
5660  0.237401
5670  0.237401
5680  0.237401
5690  0.237401
5700  0.237401
5710  0.237401
5720  0.237401
5730  0.237393
5740  0.237393
5750  0.237393
5760  0.237393
5770  0.237393
5780  0.237393
5790  0.237393
5800  0.237393
5810  0.237393
5820  0.237393
5830  0.237393
5840  0.237393
5850  0.237393
5860  0.237393
5870  0.237393
5880  0.237393
5890  0.237393
5900  0.237393
5910  0.237393
5920  0.237393
5930  0.237393
5940  0.237393
5950  0.237393
5960  0.237393
5970  0.237393
5980  0.237393
5990  0.237393
6000  0.237393
6010  0.237393
6020  0.237393
6030  0.237393
6040  0.237393
6050  0.237393
6060  0.237393
6070  0.237393
6080  0.237393
6090  0.237393
6100  0.237393
6110  0.237393
6120  0.237393
6130  0.237393
6140  0.237393
6150  0.237393
6160  0.237393
6170  0.237393
6180  0.237393
6190  0.237393
6200  0.237393
6210  0.237393
6220  0.237393
6230  0.237393
6240  0.237393
6250  0.237393
6260  0.237393
6270  0.237393
6280  0.237393
6290  0.237393
6300  0.237393
6310  0.237393
6320  0.237393
6330  0.237393
6340  0.237393
6350  0.237393
6360  0.237393
6370  0.237393
6380  0.237393
6390  0.237393
6400  0.237393
6410  0.237393
6420  0.237393
6430  0.237393
6440  0.237393
6450  0.237393
6460  0.237393
6470  0.237393
6480  0.237393
6490  0.237393
6500  0.237393
6510  0.237393
6520  0.237393
6530  0.237393
6540  0.237393
6550  0.237393
6560  0.237393
6570  0.237393
6580  0.237393
6590  0.237393
6600  0.237393
6610  0.237393
6620  0.237393
6630  0.237393
6640  0.237393
6650  0.237393
6660  0.237393
6670  0.237393
6680  0.237393
6690  0.237393
6700  0.237393
6710  0.237393
6720  0.237393
6730  0.237393
6740  0.237393
6750  0.237393
6760  0.237393
6770  0.237393
6780  0.237393
6790  0.237393
6800  0.237393
6810  0.237393
6820  0.237393
6830  0.237381
6840  0.237381
6850  0.237381
6860  0.237381
6870  0.237381
6880  0.237381
6890  0.237381
6900  0.237381
6910  0.237381
6920  0.237381
6930  0.237381
6940  0.237381
6950  0.237381
6960  0.237381
6970  0.237381
6980  0.237381
6990  0.237312
7000  0.237312
7010  0.237312
7020  0.237312
7030  0.237312
7040  0.237312
7050  0.237312
7060  0.237312
7070  0.237312
7080  0.237312
7090  0.237312
7100  0.237312
7110  0.237312
7120  0.237312
7130  0.237312
7140  0.237312
7150  0.237312
7160  0.237312
7170  0.237312
7180  0.237312
7190  0.237312
7200  0.237312
7210  0.237312
7220  0.237312
7230  0.237312
7240  0.237312
7250  0.237312
7260  0.237312
7270  0.237312
7280  0.237312
7290  0.237312
7300  0.237312
7310  0.237312
7320  0.237312
7330  0.237312
7340  0.237312
7350  0.237312
7360  0.237312
7370  0.237312
7380  0.237312
7390  0.237312
7400  0.237312
7410  0.237312
7420  0.237312
7430  0.237312
7440  0.237312
7450  0.237312
7460  0.237312
7470  0.237312
7480  0.237289
7490  0.237289
7500  0.237289
7510  0.237289
7520  0.237289
7530  0.237289
7540  0.237289
7550  0.237289
7560  0.237289
7570  0.237289
7580  0.237289
7590  0.237289
7600  0.237289
7610  0.237289
7620  0.237289
7630  0.237289
7640  0.237289
7650  0.237289
7660  0.237289
7670  0.237289
7680  0.237289
7690  0.237289
7700  0.237289
7710  0.237289
7720  0.237289
7730  0.237289
7740  0.237289
7750  0.237289
7760  0.237289
7770  0.237289
7780  0.237289
7790  0.237289
7800  0.237289
7810  0.237289
7820  0.237289
7830  0.237289
7840  0.237289
7850  0.237289
7860  0.237289
7870  0.237289
7880  0.237289
7890  0.237289
7900  0.237289
7910  0.237289
7920  0.237289
7930  0.237289
7940  0.237289
7950  0.237289
7960  0.237289
7970  0.237289
7980  0.237289
7990  0.237289
8000  0.237289
8010  0.237289
8020  0.237289
8030  0.237289
8040  0.237289
8050  0.237289
8060  0.237289
8070  0.237289
8080  0.237289
8090  0.237289
8100  0.237289
8110  0.237289
8120  0.237289
8130  0.237289
8140  0.237289
8150  0.237289
8160  0.237289
8170  0.237289
8180  0.237289
8190  0.237289
8200  0.237289
8210  0.237289
8220  0.237289
8230  0.237289
8240  0.237289
8250  0.237289
8260  0.237289
8270  0.237289
8280  0.237289
8290  0.237289
8300  0.237289
8310  0.237289
8320  0.237289
8330  0.237289
8340  0.237289
8350  0.237289
8360  0.237289
8370  0.237289
8380  0.237289
8390  0.237289
8400  0.237289
8410  0.237289
8420  0.237289
8430  0.237289
8440  0.237289
8450  0.237289
8460  0.237289
8470  0.237289
8480  0.237289
8490  0.237289
8500  0.237289
8510  0.237289
8520  0.237289
8530  0.237289
8540  0.237289
8550  0.237289
8560  0.237289
8570  0.237289
8580  0.237289
8590  0.237289
8600  0.237289
8610  0.237289
8620  0.237289
8630  0.237289
8640  0.237289
8650  0.237289
8660  0.237289
8670  0.237289
8680  0.237289
8690  0.237289
8700  0.237289
8710  0.237289
8720  0.237289
8730  0.237284
8740  0.237284
8750  0.237284
8760  0.237284
8770  0.237284
8780  0.237284
8790  0.237284
8800  0.237284
8810  0.237284
8820  0.237284
8830  0.237284
8840  0.237284
8850  0.237284
8860  0.237284
8870  0.237284
8880  0.237284
8890  0.237284
8900  0.237284
8910  0.237284
8920  0.237284
8930  0.237284
8940  0.237284
8950  0.237284
8960  0.237284
8970  0.237284
8980  0.237284
8990  0.237284
9000  0.237284
9010  0.237284
9020  0.237284
9030  0.237284
9040  0.237284
9050  0.237284
9060  0.237284
9070  0.237284
9080  0.237284
9090  0.237284
9100  0.237284
9110  0.237284
9120  0.237284
9130  0.237284
9140  0.237284
9150  0.237284
9160  0.237284
9170  0.237284
9180  0.237284
9190  0.237284
9200  0.237284
9210  0.237284
9220  0.237284
9230  0.237284
9240  0.237284
9250  0.237284
9260  0.237284
9270  0.237284
9280  0.237284
9290  0.237284
9300  0.237284
9310  0.237269
9320  0.237269
9330  0.237269
9340  0.237269
9350  0.237269
9360  0.237269
9370  0.237269
9380  0.237269
9390  0.237269
9400  0.237269
9410  0.237269
9420  0.237269
9430  0.237269
9440  0.237269
9450  0.237269
9460  0.237269
9470  0.237269
9480  0.237269
9490  0.237269
9500  0.237269
9510  0.237269
9520  0.237269
9530  0.237269
9540  0.237269
9550  0.237269
9560  0.237269
9570  0.237269
9580  0.237269
9590  0.237269
9600  0.237269
9610  0.237269
9620  0.237269
9630  0.237269
9640  0.237269
9650  0.237269
9660  0.237269
9670  0.237269
9680  0.237269
9690  0.237269
9700  0.237269
9710  0.237269
9720  0.237269
9730  0.237269
9740  0.237269
9750  0.237269
9760  0.237269
9770  0.237269
9780  0.237269
9790  0.237269
9800  0.237269
9810  0.237269
9820  0.237269
9830  0.237269
9840  0.237269
9850  0.237269
9860  0.237269
9870  0.237269
9880  0.237269
9890  0.237269
9900  0.237269
9910  0.237269
9920  0.237269
9930  0.237269
9940  0.237269
9950  0.237269
9960  0.237269
9970  0.237269
9980  0.237269
9990  0.237269
10000  0.237269
10010  0.237269
10020  0.237269
10030  0.237269
10040  0.237269
10050  0.237269
10060  0.237269
10070  0.237269
10080  0.237269
10090  0.237269
10100  0.237269
10110  0.237269
10120  0.237269
10130  0.237269
10140  0.237269
10150  0.237269
10160  0.237269
10170  0.237269
10180  0.237269
10190  0.237269
10200  0.237269
10210  0.237269
10220  0.237269
10230  0.237269
10240  0.237269
10250  0.237269
10260  0.237269
10270  0.237269
10280  0.237269
10290  0.237269
10300  0.237269
10310  0.237269
10320  0.237269
10330  0.237269
10340  0.237269
10350  0.237269
10360  0.237269
10370  0.237269
10380  0.237269
10390  0.237269
10400  0.237269
10410  0.237269
10420  0.237269
10430  0.237269
10440  0.237269
10450  0.237269
10460  0.237269
10470  0.237269
10480  0.237269
10490  0.237269
10500  0.237269
10510  0.237269
10520  0.237269
10530  0.237269
10540  0.237269
10550  0.237269
10560  0.237269
10570  0.237269
10580  0.237269
10590  0.237269
10600  0.237269
10610  0.237269
10620  0.237269
10630  0.237269
10640  0.237269
10650  0.237269
10660  0.237269
10670  0.237269
10680  0.237269
10690  0.237269
10700  0.237269
10710  0.237269
10720  0.237269
10730  0.237269
10740  0.237269
10750  0.237269
10760  0.237269
10770  0.237269
10780  0.237269
10790  0.237269
10800  0.237269
10810  0.237269
10820  0.237269
10830  0.237269
10840  0.237269
10850  0.237269
10860  0.237269
10870  0.237269
10880  0.237269
10890  0.237269
10900  0.237269
10910  0.237269
10920  0.237269
10930  0.237269
10940  0.237269
10950  0.237269
10960  0.237269
10970  0.237269
10980  0.237269
10990  0.237269
11000  0.237269
11010  0.237269
11020  0.237269
11030  0.237269
11040  0.237269
11050  0.237269
11060  0.237269
11070  0.237269
11080  0.237269
11090  0.237269
11100  0.237269
11110  0.237269
11120  0.237269
11130  0.237269
11140  0.237269
11150  0.237269
11160  0.237269
11170  0.237269
11180  0.237269
11190  0.237269
11200  0.237269
11210  0.237269
11220  0.237269
11230  0.237269
11240  0.237269
11250  0.237269
11260  0.237269
11270  0.237269
11280  0.237269
11290  0.237269
11300  0.237269
11310  0.237269
11320  0.237269
11330  0.237269
11340  0.237269
11350  0.237269
11360  0.237269
11370  0.237269
11380  0.237269
11390  0.237269
11400  0.237269
11410  0.237269
11420  0.237269
11430  0.237269
11440  0.237269
11450  0.237269
11460  0.237269
11470  0.237269
11480  0.237269
11490  0.237269
11500  0.237269
11510  0.237269
11520  0.237269
11530  0.237269
11540  0.237269
11550  0.237269
11560  0.237269
11570  0.237269
11580  0.237269
11590  0.237269
11600  0.237269
11610  0.237269
11620  0.237269
11630  0.237269
11640  0.237269
11650  0.237269
11660  0.237269
11670  0.237269
11680  0.237269
11690  0.237269
11700  0.237269
11710  0.237269
11720  0.237269
11730  0.237269
11740  0.237269
11750  0.237269
11760  0.237269
11770  0.237269
11780  0.237269
11790  0.237269
11800  0.237269
11810  0.237269
11820  0.237269
11830  0.237269
11840  0.237269
11850  0.237269
11860  0.237269
11870  0.237269
11880  0.237269
11890  0.237269
11900  0.237269
11910  0.237269
11920  0.237269
11930  0.237269
11940  0.237269
11950  0.237269
11960  0.237269
11970  0.237269
11980  0.237269
11990  0.237269
12000  0.237269
12010  0.237269
12020  0.237269
12030  0.237269
12040  0.237269
12050  0.237269
12060  0.237269
12070  0.237269
12080  0.237269
12090  0.237269
12100  0.237269
12110  0.237269
12120  0.237269
12130  0.237269
12140  0.237269
12150  0.237269
12160  0.237269
12170  0.237269
12180  0.237269
12190  0.237269
12200  0.237269
12210  0.237269
12220  0.237269
12230  0.237269
12240  0.237269
12250  0.237269
12260  0.237269
12270  0.237269
12280  0.237269
12290  0.237269
12300  0.237269
12310  0.237269
12320  0.237269
12330  0.237269
12340  0.237269
12350  0.237269
12360  0.237269
12370  0.237269
12380  0.237269
12390  0.237269
12400  0.237269
12410  0.237269
12420  0.237269
12430  0.237269
12440  0.237269
12450  0.237269
12460  0.237269
12470  0.237269
12480  0.237269
12490  0.237269
12500  0.237269
12510  0.237269
12520  0.237269
12530  0.237269
12540  0.237269
12550  0.237269
12560  0.237269
12570  0.237269
12580  0.237269
12590  0.237269
12600  0.237269
12610  0.237269
12620  0.237269
12630  0.237269
12640  0.237269
12650  0.237269
12660  0.237269
12670  0.237269
12680  0.237269
12690  0.237269
12700  0.237269
12710  0.237269
12720  0.237269
12730  0.237269
12740  0.237269
12750  0.237269
12760  0.237269
12770  0.237269
12780  0.237269
12790  0.237269
12800  0.237269
12810  0.237269
12820  0.237269
12830  0.237269
12840  0.237269
12850  0.237269
12860  0.237269
12870  0.237269
12880  0.237269
12890  0.237269
12900  0.237269
12910  0.237088
12920  0.237088
12930  0.237088
12940  0.237088
12950  0.237088
12960  0.237088
12970  0.237088
12980  0.237088
12990  0.237088
13000  0.237088
13010  0.237088
13020  0.237088
13030  0.237088
13040  0.237088
13050  0.237088
13060  0.237088
13070  0.237088
13080  0.237088
13090  0.237088
13100  0.237088
13110  0.237088
13120  0.237088
13130  0.237088
13140  0.237088
13150  0.237088
13160  0.237088
13170  0.237088
13180  0.237088
13190  0.237088
13200  0.237088
13210  0.237088
13220  0.237088
13230  0.237088
13240  0.237088
13250  0.237088
13260  0.237088
13270  0.237088
13280  0.237088
13290  0.237088
13300  0.237088
13310  0.237088
13320  0.237088
13330  0.237088
13340  0.237088
13350  0.237088
13360  0.237088
13370  0.237088
13380  0.237088
13390  0.237088
13400  0.237088
13410  0.237088
13420  0.237088
13430  0.237088
13440  0.237015
13450  0.237015
13460  0.237015
13470  0.237015
13480  0.237015
13490  0.237015
13500  0.237015
13510  0.237015
13520  0.237015
13530  0.237015
13540  0.237015
13550  0.237015
13560  0.237015
13570  0.237015
13580  0.237015
13590  0.237015
13600  0.237015
13610  0.237015
13620  0.237015
13630  0.237015
13640  0.237015
13650  0.237015
13660  0.237015
13670  0.237015
13680  0.237015
13690  0.237015
13700  0.237015
13710  0.237015
13720  0.237015
13730  0.237015
13740  0.237015
13750  0.237015
13760  0.237015
13770  0.237015
13780  0.237015
13790  0.237015
13800  0.237015
13810  0.237015
13820  0.237015
13830  0.237015
13840  0.237015
13850  0.237015
13860  0.237015
13870  0.237015
13880  0.237015
13890  0.237015
13900  0.237015
13910  0.237015
13920  0.237015
13930  0.237015
13940  0.237015
13950  0.237015
13960  0.237015
13970  0.237015
13980  0.237015
13990  0.237015
14000  0.237015
14010  0.237015
14020  0.237015
14030  0.237015
14040  0.237015
14050  0.237015
14060  0.237015
14070  0.237015
14080  0.237015
14090  0.237015
14100  0.237015
14110  0.237015
14120  0.237015
14130  0.237015
14140  0.237015
14150  0.237015
14160  0.237015
14170  0.237015
14180  0.237015
14190  0.237015
14200  0.237015
14210  0.237015
14220  0.237015
14230  0.237015
14240  0.237015
14250  0.237015
14260  0.237015
14270  0.237015
14280  0.237015
14290  0.237015
14300  0.237015
14310  0.237015
14320  0.237015
14330  0.237015
14340  0.237015
14350  0.237015
14360  0.237015
14370  0.237015
14380  0.237015
14390  0.237015
14400  0.237015
14410  0.237015
14420  0.237015
14430  0.237015
14440  0.237015
14450  0.237015
14460  0.237015
14470  0.237015
14480  0.237015
14490  0.237015
14500  0.237015
14510  0.237015
14520  0.237015
14530  0.237015
14540  0.237015
14550  0.237015
14560  0.237015
14570  0.237015
14580  0.237015
14590  0.237015
14600  0.237015
14610  0.237015
14620  0.237015
14630  0.237015
14640  0.237004
14650  0.237004
14660  0.237004
14670  0.237004
14680  0.237004
14690  0.237004
14700  0.237004
14710  0.237004
14720  0.237004
14730  0.237004
14740  0.237004
14750  0.237004
14760  0.236897
14770  0.236897
14780  0.236897
14790  0.236897
14800  0.236897
14810  0.236897
14820  0.236897
14830  0.236897
14840  0.236897
14850  0.236897
14860  0.236897
14870  0.236897
14880  0.236897
14890  0.236897
14900  0.236897
14910  0.236897
14920  0.236897
14930  0.236897
14940  0.236897
14950  0.236897
14960  0.236897
14970  0.236897
14980  0.236897
14990  0.236897
15000  0.236897
15010  0.236897
15020  0.236897
15030  0.236897
15040  0.236897
15050  0.236897
15060  0.236897
15070  0.236897
15080  0.236897
15090  0.236897
15100  0.236897
15110  0.236897
15120  0.236897
15130  0.236897
15140  0.236897
15150  0.236897
15160  0.236897
15170  0.236897
15180  0.236897
15190  0.236897
15200  0.236897
15210  0.236897
15220  0.236897
15230  0.236897
15240  0.236897
15250  0.236897
15260  0.236897
15270  0.236897
15280  0.236897
15290  0.236897
15300  0.236897
15310  0.236897
15320  0.236897
15330  0.236897
15340  0.236897
15350  0.236897
15360  0.236897
15370  0.236897
15380  0.236897
15390  0.236897
15400  0.236897
15410  0.236897
15420  0.236897
15430  0.236897
15440  0.236897
15450  0.236897
15460  0.236897
15470  0.236897
15480  0.236897
15490  0.236897
15500  0.236897
15510  0.236897
15520  0.236897
15530  0.236897
15540  0.236897
15550  0.236897
15560  0.236897
15570  0.236897
15580  0.236897
15590  0.236897
15600  0.236897
15610  0.236897
15620  0.236897
15630  0.236897
15640  0.236897
15650  0.236897
15660  0.236897
15670  0.236897
15680  0.236897
15690  0.236897
15700  0.236897
15710  0.236897
15720  0.236897
15730  0.236897
15740  0.236897
15750  0.236897
15760  0.236897
15770  0.236897
15780  0.236897
15790  0.236897
15800  0.236897
15810  0.236897
15820  0.236897
15830  0.236897
15840  0.236897
15850  0.236897
15860  0.236897
15870  0.236897
15880  0.236897
15890  0.236897
15900  0.236897
15910  0.236897
15920  0.236897
15930  0.236897
15940  0.236897
15950  0.236897
15960  0.236897
15970  0.236897
15980  0.236897
15990  0.236897
16000  0.236897
16010  0.236897
16020  0.236897
16030  0.236897
16040  0.236897
16050  0.236897
16060  0.236643
16070  0.236643
16080  0.236643
16090  0.236643
16100  0.236643
16110  0.236643
16120  0.236643
16130  0.236643
16140  0.236643
16150  0.236643
16160  0.236643
16170  0.236643
16180  0.236643
16190  0.236643
16200  0.236643
16210  0.236643
16220  0.236643
16230  0.236643
16240  0.236643
16250  0.236643
16260  0.236643
16270  0.236643
16280  0.236643
16290  0.236643
16300  0.236643
16310  0.236643
16320  0.236643
16330  0.236643
16340  0.236643
16350  0.236643
16360  0.236643
16370  0.236643
16380  0.236643
16390  0.236643
16400  0.236643
16410  0.236643
16420  0.236643
16430  0.236643
16440  0.236643
16450  0.236643
16460  0.236643
16470  0.236643
16480  0.236643
16490  0.236643
16500  0.236643
16510  0.236643
16520  0.236643
16530  0.236643
16540  0.236643
16550  0.236643
16560  0.236643
16570  0.236643
16580  0.236643
16590  0.236643
16600  0.236643
16610  0.236643
16620  0.236643
16630  0.236643
16640  0.236643
16650  0.236643
16660  0.236643
16670  0.236643
16680  0.236643
16690  0.236643
16700  0.236643
16710  0.236643
16720  0.236643
16730  0.236643
16740  0.236643
16750  0.236643
16760  0.236643
16770  0.236643
16780  0.236643
16790  0.236643
16800  0.236643
16810  0.236643
16820  0.236643
16830  0.236643
16840  0.236643
16850  0.236643
16860  0.236643
16870  0.236643
16880  0.236643
16890  0.236643
16900  0.236643
16910  0.236643
16920  0.236643
16930  0.236643
16940  0.236643
16950  0.236643
16960  0.236643
16970  0.236643
16980  0.236643
16990  0.236643
17000  0.236643
17010  0.236643
17020  0.236643
17030  0.236643
17040  0.236643
17050  0.236643
17060  0.236643
17070  0.236643
17080  0.236643
17090  0.236643
17100  0.236643
17110  0.236643
17120  0.236643
17130  0.236643
17140  0.236643
17150  0.236643
17160  0.236643
17170  0.236643
17180  0.236643
17190  0.236643
17200  0.236643
17210  0.236643
17220  0.236643
17230  0.236643
17240  0.236643
17250  0.236643
17260  0.236643
17270  0.236643
17280  0.236643
17290  0.236643
17300  0.236643
17310  0.236643
17320  0.236643
17330  0.236643
17340  0.236643
17350  0.236643
17360  0.236643
17370  0.236643
17380  0.236643
17390  0.236643
17400  0.236643
17410  0.236643
17420  0.236643
17430  0.236643
17440  0.236643
17450  0.236643
17460  0.236643
17470  0.236643
17480  0.236643
17490  0.236643
17500  0.236643
17510  0.236643
17520  0.236643
17530  0.236643
17540  0.236643
17550  0.236643
17560  0.236643
17570  0.236643
17580  0.236643
17590  0.236643
17600  0.236643
17610  0.236643
17620  0.236643
17630  0.236643
17640  0.236643
17650  0.236643
17660  0.236643
17670  0.236643
17680  0.236643
17690  0.236643
17700  0.236643
17710  0.236643
17720  0.236643
17730  0.236643
17740  0.236643
17750  0.236643
17760  0.236643
17770  0.236643
17780  0.236643
17790  0.236643
17800  0.236643
17810  0.236643
17820  0.236643
17830  0.236643
17840  0.236643
17850  0.236643
17860  0.236643
17870  0.236643
17880  0.236643
17890  0.236643
17900  0.236643
17910  0.236643
17920  0.236643
17930  0.236643
17940  0.236643
17950  0.236643
17960  0.236643
17970  0.236643
17980  0.236643
17990  0.236643
18000  0.236643
18010  0.236643
18020  0.236643
18030  0.236643
18040  0.236643
18050  0.236643
18060  0.236643
18070  0.236643
18080  0.236643
18090  0.236643
18100  0.236643
18110  0.236643
18120  0.236643
18130  0.236643
18140  0.236643
18150  0.236643
18160  0.236643
18170  0.236643
18180  0.236643
18190  0.236643
18200  0.236643
18210  0.236643
18220  0.236643
18230  0.236643
18240  0.236643
18250  0.236643
18260  0.236643
18270  0.236643
18280  0.236643
18290  0.236643
18300  0.236643
18310  0.236643
18320  0.236643
18330  0.236643
18340  0.236643
18350  0.236643
18360  0.236643
18370  0.236643
18380  0.236643
18390  0.236643
18400  0.236643
18410  0.236643
18420  0.236643
18430  0.236643
18440  0.236643
18450  0.236643
18460  0.236643
18470  0.236643
18480  0.236643
18490  0.236643
18500  0.236643
18510  0.236643
18520  0.236643
18530  0.236643
18540  0.236643
18550  0.236643
18560  0.236643
18570  0.236643
18580  0.236643
18590  0.236643
18600  0.236643
18610  0.236643
18620  0.236643
18630  0.236643
18640  0.236643
18650  0.236643
18660  0.236643
18670  0.236643
18680  0.236643
18690  0.236643
18700  0.236643
18710  0.236643
18720  0.236643
18730  0.236643
18740  0.236643
18750  0.236643
18760  0.236643
18770  0.236643
18780  0.236643
18790  0.236643
18800  0.236643
18810  0.236643
18820  0.236643
18830  0.236643
18840  0.236643
18850  0.236643
18860  0.236643
18870  0.236643
18880  0.236643
18890  0.236643
18900  0.236643
18910  0.236643
18920  0.236643
18930  0.236643
18940  0.236643
18950  0.236643
18960  0.236643
18970  0.236643
18980  0.236643
18990  0.236643
19000  0.236643
19010  0.236643
19020  0.236643
19030  0.236643
19040  0.236643
19050  0.236643
19060  0.236643
19070  0.236643
19080  0.236643
19090  0.236643
19100  0.236643
19110  0.236643
19120  0.236643
19130  0.236643
19140  0.236643
19150  0.236643
19160  0.236643
19170  0.236643
19180  0.236643
19190  0.236643
19200  0.236643
19210  0.236643
19220  0.236643
19230  0.236643
19240  0.236643
19250  0.236643
19260  0.236643
19270  0.236643
19280  0.236643
19290  0.236643
19300  0.236643
19310  0.236643
19320  0.236643
19330  0.236643
19340  0.236643
19350  0.236643
19360  0.236643
19370  0.236643
19380  0.236643
19390  0.236643
19400  0.236643
19410  0.236643
19420  0.236643
19430  0.236643
19440  0.236643
19450  0.236643
19460  0.236643
19470  0.236643
19480  0.236643
19490  0.236643
19500  0.236643
19510  0.236643
19520  0.236643
19530  0.236643
19540  0.236643
19550  0.236643
19560  0.236643
19570  0.236643
19580  0.236643
19590  0.236643
19600  0.236643
19610  0.236643
19620  0.236643
19630  0.236643
19640  0.236643
19650  0.236643
19660  0.236643
19670  0.236643
19680  0.236643
19690  0.236643
19700  0.236643
19710  0.236643
19720  0.236643
19730  0.236643
19740  0.236643
19750  0.236643
19760  0.236643
19770  0.236643
19780  0.236643
19790  0.236643
19800  0.236643
19810  0.236643
19820  0.236643
19830  0.236643
19840  0.236643
19850  0.236643
19860  0.236643
19870  0.236643
19880  0.236643
19890  0.236643
19900  0.236643
19910  0.236643
19920  0.236643
19930  0.236643
19940  0.236643
19950  0.236643
19960  0.236643
19970  0.236643
19980  0.236643
19990  0.236643
20000  0.236643
20010  0.236643
20020  0.236643
20030  0.236643
20040  0.236643
20050  0.236643
20060  0.236643
20070  0.236643
20080  0.236643
20090  0.236643
20100  0.236643
20110  0.236643
20120  0.236643
20130  0.236643
20140  0.236643
20150  0.236643
20160  0.236643
20170  0.236643
20180  0.236643
20190  0.236643
20200  0.236643
20210  0.236643
20220  0.236643
20230  0.236643
20240  0.236643
20250  0.236643
20260  0.236643
20270  0.236643
20280  0.236643
20290  0.236643
20300  0.236643
20310  0.236643
20320  0.236643
20330  0.236643
20340  0.236643
20350  0.236643
20360  0.236643
20370  0.236643
20380  0.236643
20390  0.236643
20400  0.236643
20410  0.236643
20420  0.236643
20430  0.236643
20440  0.236643
20450  0.236643
20460  0.236643
20470  0.236643
20480  0.236643
20490  0.236643
20500  0.236643
20510  0.236643
20520  0.236643
20530  0.236643
20540  0.236643
20550  0.236643
20560  0.236643
20570  0.236643
20580  0.236643
20590  0.236643
20600  0.236643
20610  0.236643
20620  0.236643
20630  0.236643
20640  0.236643
20650  0.236643
20660  0.236643
20670  0.236643
20680  0.236643
20690  0.236643
20700  0.236643
20710  0.236643
20720  0.236643
20730  0.236643
20740  0.236643
20750  0.236643
20760  0.236582
20770  0.236582
20780  0.236582
20790  0.236582
20800  0.236582
20810  0.236582
20820  0.236582
20830  0.236582
20840  0.236582
20850  0.236582
20860  0.236582
20870  0.236582
20880  0.236582
20890  0.236582
20900  0.236582
20910  0.236582
20920  0.236582
20930  0.236582
20940  0.236582
20950  0.236582
20960  0.236582
20970  0.236582
20980  0.236519
20990  0.236519
21000  0.236519
21010  0.236519
21020  0.236519
21030  0.236519
21040  0.236519
21050  0.236519
21060  0.236519
21070  0.236519
21080  0.236519
21090  0.236519
21100  0.236519
21110  0.236519
21120  0.236519
21130  0.236519
21140  0.236519
21150  0.236519
21160  0.236519
21170  0.236519
21180  0.236519
21190  0.236519
21200  0.236519
21210  0.236519
21220  0.236519
21230  0.236519
21240  0.236519
21250  0.236519
21260  0.236519
21270  0.236519
21280  0.236519
21290  0.236519
21300  0.236519
21310  0.236519
21320  0.236519
21330  0.236519
21340  0.236519
21350  0.236519
21360  0.236519
21370  0.236519
21380  0.236519
21390  0.236519
21400  0.236519
21410  0.236519
21420  0.236519
21430  0.236519
21440  0.236519
21450  0.236519
21460  0.236519
21470  0.236519
21480  0.236519
21490  0.236519
21500  0.236519
21510  0.236519
21520  0.236519
21530  0.236519
21540  0.236519
21550  0.236519
21560  0.236519
21570  0.236519
21580  0.236519
21590  0.236519
21600  0.236519
21610  0.236519
21620  0.236519
21630  0.236519
21640  0.236519
21650  0.236519
21660  0.236519
21670  0.236519
21680  0.236519
21690  0.236519
21700  0.236519
21710  0.236519
21720  0.236519
21730  0.236519
21740  0.236519
21750  0.236519
21760  0.236519
21770  0.236519
21780  0.236519
21790  0.236519
21800  0.236519
21810  0.236519
21820  0.236519
21830  0.236519
21840  0.236519
21850  0.236519
21860  0.236519
21870  0.236519
21880  0.236519
21890  0.236519
21900  0.236519
21910  0.236519
21920  0.236519
21930  0.236519
21940  0.236519
21950  0.236519
21960  0.236519
21970  0.236519
21980  0.236519
21990  0.236519
22000  0.236519
22010  0.236519
22020  0.236519
22030  0.236519
22040  0.236519
22050  0.236519
22060  0.236519
22070  0.236519
22080  0.236519
22090  0.236519
22100  0.236519
22110  0.236519
22120  0.236519
22130  0.236519
22140  0.236519
22150  0.236218
22160  0.236218
22170  0.236218
22180  0.236218
22190  0.236218
22200  0.236218
22210  0.236218
22220  0.236218
22230  0.236218
22240  0.236218
22250  0.236218
22260  0.236218
22270  0.236218
22280  0.236218
22290  0.236218
22300  0.236218
22310  0.236218
22320  0.236218
22330  0.236218
22340  0.236218
22350  0.236218
22360  0.236218
22370  0.236218
22380  0.236218
22390  0.236218
22400  0.236218
22410  0.236218
22420  0.236218
22430  0.236218
22440  0.236218
22450  0.236218
22460  0.236218
22470  0.236218
22480  0.236218
22490  0.236218
22500  0.236218
22510  0.236218
22520  0.236218
22530  0.236218
22540  0.236218
22550  0.236218
22560  0.236218
22570  0.236218
22580  0.236218
22590  0.236218
22600  0.236218
22610  0.236218
22620  0.236218
22630  0.236218
22640  0.236218
22650  0.236218
22660  0.236218
22670  0.236218
22680  0.236218
22690  0.236218
22700  0.236218
22710  0.236218
22720  0.236218
22730  0.236218
22740  0.236218
22750  0.236218
22760  0.236218
22770  0.236218
22780  0.236218
22790  0.236218
22800  0.236218
22810  0.236218
22820  0.236218
22830  0.236218
22840  0.236218
22850  0.236218
22860  0.236218
22870  0.236218
22880  0.236218
22890  0.236218
22900  0.236218
22910  0.236218
22920  0.236218
22930  0.236218
22940  0.236218
22950  0.236218
22960  0.236218
22970  0.236218
22980  0.236218
22990  0.236218
23000  0.236218
23010  0.236218
23020  0.236218
23030  0.236218
23040  0.236218
23050  0.236218
23060  0.236218
23070  0.236218
23080  0.236218
23090  0.236218
23100  0.236218
23110  0.236218
23120  0.236218
23130  0.236218
23140  0.236218
23150  0.236218
23160  0.236218
23170  0.236218
23180  0.236218
23190  0.236218
23200  0.236218
23210  0.236218
23220  0.236218
23230  0.236218
23240  0.236218
23250  0.236218
23260  0.236218
23270  0.236218
23280  0.236218
23290  0.236218
23300  0.236218
23310  0.236218
23320  0.236218
23330  0.236218
23340  0.236218
23350  0.236218
23360  0.236218
23370  0.236218
23380  0.236218
23390  0.236218
23400  0.236218
23410  0.236218
23420  0.236218
23430  0.236218
23440  0.236218
23450  0.236218
23460  0.236218
23470  0.236218
23480  0.236218
23490  0.236218
23500  0.236218
23510  0.236218
23520  0.236218
23530  0.236218
23540  0.236218
23550  0.236218
23560  0.236218
23570  0.236218
23580  0.236218
23590  0.236218
23600  0.236218
23610  0.236218
23620  0.236218
23630  0.236218
23640  0.236218
23650  0.236218
23660  0.236218
23670  0.236218
23680  0.236218
23690  0.236218
23700  0.236218
23710  0.236218
23720  0.236218
23730  0.236218
23740  0.236218
23750  0.236218
23760  0.236218
23770  0.236218
23780  0.236218
23790  0.236218
23800  0.236218
23810  0.236218
23820  0.236218
23830  0.236218
23840  0.236218
23850  0.236218
23860  0.236218
23870  0.236218
23880  0.236218
23890  0.236218
23900  0.236218
23910  0.236218
23920  0.236218
23930  0.236218
23940  0.236218
23950  0.236218
23960  0.236218
23970  0.236218
23980  0.236218
23990  0.236218
24000  0.236218
24010  0.236218
24020  0.236218
24030  0.236218
24040  0.236218
24050  0.236218
24060  0.236218
24070  0.236218
24080  0.236218
24090  0.236218
24100  0.236218
24110  0.236218
24120  0.236218
24130  0.236218
24140  0.236218
24150  0.236218
24160  0.236218
24170  0.236218
24180  0.236218
24190  0.236218
24200  0.236218
24210  0.236218
24220  0.236218
24230  0.236218
24240  0.236218
24250  0.236218
24260  0.236218
24270  0.236218
24280  0.236218
24290  0.236173
24300  0.236173
24310  0.236173
24320  0.236173
24330  0.236173
24340  0.236173
24350  0.236173
24360  0.236173
24370  0.236173
24380  0.236173
24390  0.236173
24400  0.236173
24410  0.236173
24420  0.236173
24430  0.236173
24440  0.236173
24450  0.236173
24460  0.236173
24470  0.236173
24480  0.236173
24490  0.236173
24500  0.236173
24510  0.236173
24520  0.236173
24530  0.236173
24540  0.236173
24550  0.236173
24560  0.236173
24570  0.236173
24580  0.236173
24590  0.236173
24600  0.236173
24610  0.236173
24620  0.236173
24630  0.236173
24640  0.236173
24650  0.236173
24660  0.236173
24670  0.236173
24680  0.236173
24690  0.236173
24700  0.236173
24710  0.236173
24720  0.236173
24730  0.236173
24740  0.236173
24750  0.236173
24760  0.236173
24770  0.236173
24780  0.236173
24790  0.236173
24800  0.236173
24810  0.236173
24820  0.236173
24830  0.236173
24840  0.236173
24850  0.236173
24860  0.236173
24870  0.236173
24880  0.236173
24890  0.236173
24900  0.236173
24910  0.236173
24920  0.236173
24930  0.236173
24940  0.236173
24950  0.236173
24960  0.236173
24970  0.236173
24980  0.236173
24990  0.236173
25000  0.236173
25010  0.236173
25020  0.236173
25030  0.236173
25040  0.236173
25050  0.236173
25060  0.236173
25070  0.236173
25080  0.236173
25090  0.236173
25100  0.236173
25110  0.236173
25120  0.236173
25130  0.236173
25140  0.236173
25150  0.236173
25160  0.236173
25170  0.236173
25180  0.236173
25190  0.236173
25200  0.236173
25210  0.236173
25220  0.236173
25230  0.236173
25240  0.236173
25250  0.236173
25260  0.236173
25270  0.236173
25280  0.236173
25290  0.236173
25300  0.236173
25310  0.236173
25320  0.236173
25330  0.236173
25340  0.236173
25350  0.236173
25360  0.236173
25370  0.236173
25380  0.236173
25390  0.236173
25400  0.236173
25410  0.236173
25420  0.236173
25430  0.236173
25440  0.236173
25450  0.236173
25460  0.236173
25470  0.236173
25480  0.236173
25490  0.236173
25500  0.236173
25510  0.236173
25520  0.236173
25530  0.236173
25540  0.236173
25550  0.236173
25560  0.236173
25570  0.236173
25580  0.236173
25590  0.236173
25600  0.236173
25610  0.236173
25620  0.236173
25630  0.236173
25640  0.236173
25650  0.236173
25660  0.236173
25670  0.236173
25680  0.236173
25690  0.236173
25700  0.236173
25710  0.236173
25720  0.236173
25730  0.236173
25740  0.236173
25750  0.236173
25760  0.236173
25770  0.236173
25780  0.236173
25790  0.236173
25800  0.236173
25810  0.236173
25820  0.236173
25830  0.236173
25840  0.236173
25850  0.236173
25860  0.236173
25870  0.236173
25880  0.236173
25890  0.236173
25900  0.236173
25910  0.236173
25920  0.236173
25930  0.236173
25940  0.236173
25950  0.236173
25960  0.236173
25970  0.236173
25980  0.236173
25990  0.236173
26000  0.236173
26010  0.236173
26020  0.236173
26030  0.236173
26040  0.236173
26050  0.236173
26060  0.236173
26070  0.236173
26080  0.236173
26090  0.236173
26100  0.236173
26110  0.236173
26120  0.236173
26130  0.236173
26140  0.236173
26150  0.236173
26160  0.236173
26170  0.236173
26180  0.236173
26190  0.236173
26200  0.236173
26210  0.236173
26220  0.236173
26230  0.236173
26240  0.236173
26250  0.236173
26260  0.236173
26270  0.236173
26280  0.236173
26290  0.236173
26300  0.236173
26310  0.236173
26320  0.236173
26330  0.236173
26340  0.236173
26350  0.236173
26360  0.236173
26370  0.236173
26380  0.236173
26390  0.236173
26400  0.236173
26410  0.236173
26420  0.236173
26430  0.236173
26440  0.236173
26450  0.236173
26460  0.236173
26470  0.236173
26480  0.236173
26490  0.236173
26500  0.236173
26510  0.236173
26520  0.236173
26530  0.236173
26540  0.236173
26550  0.236173
26560  0.236173
26570  0.236173
26580  0.236173
26590  0.236173
26600  0.236173
26610  0.236173
26620  0.236173
26630  0.236173
26640  0.236173
26650  0.236173
26660  0.236173
26670  0.236173
26680  0.236173
26690  0.236173
26700  0.236173
26710  0.236173
26720  0.236173
26730  0.236173
26740  0.236173
26750  0.236173
26760  0.236173
26770  0.236173
26780  0.236173
26790  0.236173
26800  0.236173
26810  0.236173
26820  0.236173
26830  0.236173
26840  0.236173
26850  0.236173
26860  0.236173
26870  0.236173
26880  0.236173
26890  0.236173
26900  0.236173
26910  0.236173
26920  0.236173
26930  0.236173
26940  0.236173
26950  0.236173
26960  0.236173
26970  0.236173
26980  0.236173
26990  0.236173
27000  0.236173
27010  0.236173
27020  0.236173
27030  0.236173
27040  0.236173
27050  0.236173
27060  0.236173
27070  0.236173
27080  0.236173
27090  0.236173
27100  0.236173
27110  0.236173
27120  0.236173
27130  0.236173
27140  0.236173
27150  0.236173
27160  0.236173
27170  0.236173
27180  0.236173
27190  0.236173
27200  0.236173
27210  0.236173
27220  0.236173
27230  0.236173
27240  0.236173
27250  0.236173
27260  0.236173
27270  0.236173
27280  0.236173
27290  0.236173
27300  0.236173
27310  0.236173
27320  0.236173
27330  0.236173
27340  0.236173
27350  0.236173
27360  0.236173
27370  0.236173
27380  0.236173
27390  0.236173
27400  0.236173
27410  0.236173
27420  0.236173
27430  0.236173
27440  0.236173
27450  0.236173
27460  0.236173
27470  0.236173
27480  0.236173
27490  0.236173
27500  0.236173
27510  0.236173
27520  0.236173
27530  0.236173
27540  0.236173
27550  0.236173
27560  0.236173
27570  0.236173
27580  0.236173
27590  0.236173
27600  0.236173
27610  0.236173
27620  0.236173
27630  0.236173
27640  0.236173
27650  0.236173
27660  0.236173
27670  0.236173
27680  0.236173
27690  0.236173
27700  0.236173
27710  0.236173
27720  0.236173
27730  0.236173
27740  0.236173
27750  0.236173
27760  0.236173
27770  0.236173
27780  0.236173
27790  0.236173
27800  0.236173
27810  0.236173
27820  0.236173
27830  0.236173
27840  0.236173
27850  0.236173
27860  0.236173
27870  0.236173
27880  0.236173
27890  0.236173
27900  0.236173
27910  0.236173
27920  0.236173
27930  0.236173
27940  0.236173
27950  0.236173
27960  0.236173
27970  0.236173
27980  0.236173
27990  0.236173
28000  0.236173
28010  0.236173
28020  0.236173
28030  0.236173
28040  0.236173
28050  0.236173
28060  0.236173
28070  0.236173
28080  0.236173
28090  0.236173
28100  0.236173
28110  0.236173
28120  0.236173
28130  0.236173
28140  0.236173
28150  0.236173
28160  0.236173
28170  0.236173
28180  0.236173
28190  0.236173
28200  0.236173
28210  0.236173
28220  0.236173
28230  0.236173
28240  0.236173
28250  0.236173
28260  0.236173
28270  0.236173
28280  0.236173
28290  0.236173
28300  0.236173
28310  0.236173
28320  0.236173
28330  0.236173
28340  0.236173
28350  0.236173
28360  0.236173
28370  0.236173
28380  0.236173
28390  0.236173
28400  0.236173
28410  0.236173
28420  0.236173
28430  0.236173
28440  0.236173
28450  0.236173
28460  0.236173
28470  0.236173
28480  0.236173
28490  0.236173
28500  0.236173
28510  0.236173
28520  0.236173
28530  0.236173
28540  0.236173
28550  0.236173
28560  0.236173
28570  0.236173
28580  0.236173
28590  0.236173
28600  0.236173
28610  0.236173
28620  0.236173
28630  0.236173
28640  0.236173
28650  0.236173
28660  0.236173
28670  0.236173
28680  0.236173
28690  0.236173
28700  0.236173
28710  0.236173
28720  0.236173
28730  0.236173
28740  0.236173
28750  0.236173
28760  0.236173
28770  0.236173
28780  0.236173
28790  0.236173
28800  0.236173
28810  0.236173
28820  0.236173
28830  0.236173
28840  0.236173
28850  0.236173
28860  0.236173
28870  0.236173
28880  0.236173
28890  0.236173
28900  0.236173
28910  0.236173
28920  0.236173
28930  0.236173
28940  0.236173
28950  0.236173
28960  0.236173
28970  0.236173
28980  0.236173
28990  0.236173
29000  0.236173
29010  0.236173
29020  0.236173
29030  0.236173
29040  0.236173
29050  0.236173
29060  0.236173
29070  0.236173
29080  0.236173
29090  0.236173
29100  0.236173
29110  0.236173
29120  0.236173
29130  0.236173
29140  0.235908
29150  0.235908
29160  0.235908
29170  0.235908
29180  0.235908
29190  0.235908
29200  0.235908
29210  0.235908
29220  0.235908
29230  0.235908
29240  0.235908
29250  0.235908
29260  0.235908
29270  0.235908
29280  0.235908
29290  0.235908
29300  0.235908
29310  0.235908
29320  0.235908
29330  0.235908
29340  0.235908
29350  0.235908
29360  0.235908
29370  0.235908
29380  0.235908
29390  0.235908
29400  0.235908
29410  0.235908
29420  0.235908
29430  0.235908
29440  0.235908
29450  0.235908
29460  0.235908
29470  0.235908
29480  0.235908
29490  0.235908
29500  0.235908
29510  0.235908
29520  0.235908
29530  0.235908
29540  0.235908
29550  0.235908
29560  0.235908
29570  0.235908
29580  0.235908
29590  0.235908
29600  0.235908
29610  0.235908
29620  0.235908
29630  0.235908
29640  0.235908
29650  0.235908
29660  0.235908
29670  0.235908
29680  0.235908
29690  0.235908
29700  0.235908
29710  0.235908
29720  0.235908
29730  0.235908
29740  0.235908
29750  0.235908
29760  0.235908
29770  0.235908
29780  0.235908
29790  0.235908
29800  0.235908
29810  0.235908
29820  0.235908
29830  0.235908
29840  0.235908
29850  0.235908
29860  0.235908
29870  0.235908
29880  0.235908
29890  0.235908
29900  0.235908
29910  0.235908
29920  0.235908
29930  0.235908
29940  0.235908
29950  0.235908
29960  0.235908
29970  0.235908
29980  0.235908
29990  0.235908
30000  0.235908
30010  0.235908
