Step  Penalty
32  0.558804
64  0.529143
96  0.51401
128  0.505358
160  0.497872
192  0.48879
224  0.478279
256  0.470123
288  0.462431
320  0.456838
352  0.444624
384  0.440027
416  0.433632
448  0.427462
480  0.42077
512  0.414267
544  0.408536
576  0.403766
608  0.398988
640  0.394004
672  0.390724
704  0.386051
736  0.383177
768  0.37842
800  0.370825
832  0.367974
864  0.365214
896  0.360367
928  0.358588
960  0.356479
992  0.35401
1024  0.350028
1056  0.347574
1088  0.343153
1120  0.340121
1152  0.337419
1184  0.334363
1216  0.330776
1248  0.328667
1280  0.325645
1312  0.324579
1344  0.320066
1376  0.317736
1408  0.317361
1440  0.316515
1472  0.314328
1504  0.309396
1536  0.307825
1568  0.306592
1600  0.304603
1632  0.302671
1664  0.300908
1696  0.299379
1728  0.298005
1760  0.296682
1792  0.294951
1824  0.294814
1856  0.294507
1888  0.294222
1920  0.293579
1952  0.292878
1984  0.291022
2016  0.290062
2048  0.28976
2080  0.289244
2112  0.289092
2144  0.288488
2176  0.288012
2208  0.287706
2240  0.287336
2272  0.286922
2304  0.286728
2336  0.286012
2368  0.285158
2400  0.283871
2432  0.283402
2464  0.282386
2496  0.281039
2528  0.279802
2560  0.278917
2592  0.278192
2624  0.275866
2656  0.275132
2688  0.274445
2720  0.273505
2752  0.272558
2784  0.271766
2816  0.271322
2848  0.27073
2880  0.270379
2912  0.269985
2944  0.269291
2976  0.269128
3008  0.268925
3040  0.268504
3072  0.268194
3104  0.267575
3136  0.267219
3168  0.267219
3200  0.266872
3232  0.266672
3264  0.266543
3296  0.265212
3328  0.264747
3360  0.264398
3392  0.264143
3424  0.264031
3456  0.263869
3488  0.263717
3520  0.263705
3552  0.263193
3584  0.262463
3616  0.262312
3648  0.262229
3680  0.262066
3712  0.261893
3744  0.261819
3776  0.261233
3808  0.261176
3840  0.260289
3872  0.260085
3904  0.259955
3936  0.259582
3968  0.259523
4000  0.25884
4032  0.258456
4064  0.257748
4096  0.257594
4128  0.257425
4160  0.25681
4192  0.256139
4224  0.255984
4256  0.255651
4288  0.255421
4320  0.255357
4352  0.254897
4384  0.254649
4416  0.254205
4448  0.253286
4480  0.252739
4512  0.252595
4544  0.252483
4576  0.252416
4608  0.252196
4640  0.251512
4672  0.251512
4704  0.250847
4736  0.250632
4768  0.250145
4800  0.250041
4832  0.249808
4864  0.24948
4896  0.248409
4928  0.247996
4960  0.247996
4992  0.247904
5024  0.247904
5056  0.247077
5088  0.246927
5120  0.246927
5152  0.246844
5184  0.24677
5216  0.246636
5248  0.246383
5280  0.24635
5312  0.246072
5344  0.245365
5376  0.245266
5408  0.245266
5440  0.245197
5472  0.244798
5504  0.244715
5536  0.244448
5568  0.244256
5600  0.244161
5632  0.24398
5664  0.243234
5696  0.24321
5728  0.24282
5760  0.242449
5792  0.242406
5824  0.242406
5856  0.242357
5888  0.242357
5920  0.241738
5952  0.241738
5984  0.241523
6016  0.241523
6048  0.241523
6080  0.241413
6112  0.241413
6144  0.241276
6176  0.241276
6208  0.241276
6240  0.240934
6272  0.240623
6304  0.240623
6336  0.240485
6368  0.240485
6400  0.240485
6432  0.240333
6464  0.240333
6496  0.240333
6528  0.240333
6560  0.240333
6592  0.240333
6624  0.240333
6656  0.240333
6688  0.240253
6720  0.240253
6752  0.240211
6784  0.240211
6816  0.240073
6848  0.240073
6880  0.239702
6912  0.239563
6944  0.239563
6976  0.239563
7008  0.23954
7040  0.239256
7072  0.239217
7104  0.239217
7136  0.239176
7168  0.239176
7200  0.239176
7232  0.239176
7264  0.239139
7296  0.239083
7328  0.239083
7360  0.238728
7392  0.238584
7424  0.238522
7456  0.238515
7488  0.238515
7520  0.238515
7552  0.238515
7584  0.23836
7616  0.23836
7648  0.23836
7680  0.23836
7712  0.23836
7744  0.23836
7776  0.238334
7808  0.238334
7840  0.238202
7872  0.238094
7904  0.238094
7936  0.238049
7968  0.238049
8000  0.238016
8032  0.237895
8064  0.237868
8096  0.237847
8128  0.237847
8160  0.237847
8192  0.237204
8224  0.237204
8256  0.236993
8288  0.236993
8320  0.23682
8352  0.236677
8384  0.236677
8416  0.236492
8448  0.236492
8480  0.236471
8512  0.236471
8544  0.236471
8576  0.236471
8608  0.236471
8640  0.236306
8672  0.236306
8704  0.236306
8736  0.236253
8768  0.236252
8800  0.236252
8832  0.236252
8864  0.236252
8896  0.236252
8928  0.236252
8960  0.236252
8992  0.236252
9024  0.23614
9056  0.236032
9088  0.236032
9120  0.236032
9152  0.236008
9184  0.236008
9216  0.236008
9248  0.236008
9280  0.236008
9312  0.236008
9344  0.235914
9376  0.235914
9408  0.235885
9440  0.235885
9472  0.235878
9504  0.235878
9536  0.235878
9568  0.235815
9600  0.235815
9632  0.235815
9664  0.235815
9696  0.235686
9728  0.235686
9760  0.235686
9792  0.235686
9824  0.235686
9856  0.235686
9888  0.235686
9920  0.23562
9952  0.235575
9984  0.235575
10016  0.235575
10048  0.235575
10080  0.235575
10112  0.235486
10144  0.235486
10176  0.235448
10208  0.235325
10240  0.235117
10272  0.235041
10304  0.235041
10336  0.235041
10368  0.235041
10400  0.235041
10432  0.234812
10464  0.234789
10496  0.234789
10528  0.234753
10560  0.234753
10592  0.234407
10624  0.234407
10656  0.234369
10688  0.234236
10720  0.234232
10752  0.234044
10784  0.234044
10816  0.234044
10848  0.234025
10880  0.234025
10912  0.234025
10944  0.234025
10976  0.234025
11008  0.233919
11040  0.233919
11072  0.233919
11104  0.233619
11136  0.233591
11168  0.233373
11200  0.233373
11232  0.233373
11264  0.233325
11296  0.233325
11328  0.233325
11360  0.233325
11392  0.233312
11424  0.233242
11456  0.233242
11488  0.233242
11520  0.232987
11552  0.232987
11584  0.232884
11616  0.232884
11648  0.232863
11680  0.232863
11712  0.232863
11744  0.232591
11776  0.232591
11808  0.232591
11840  0.232591
11872  0.232502
11904  0.232465
11936  0.232465
11968  0.232403
12000  0.232403
12032  0.232048
12064  0.232033
12096  0.231935
12128  0.231935
12160  0.231935
12192  0.231935
12224  0.231935
12256  0.231935
12288  0.231935
12320  0.231935
12352  0.231935
12384  0.231879
12416  0.231813
12448  0.231813
12480  0.231813
12512  0.231813
12544  0.231807
12576  0.231678
12608  0.231678
12640  0.231678
12672  0.231678
12704  0.231483
12736  0.231483
12768  0.231483
12800  0.231406
12832  0.231406
12864  0.231406
12896  0.231406
12928  0.231399
12960  0.231399
12992  0.231337
13024  0.231337
13056  0.231271
13088  0.231271
13120  0.231271
13152  0.231271
13184  0.231271
13216  0.231271
13248  0.231271
13280  0.231132
13312  0.231132
13344  0.231132
13376  0.231132
13408  0.2311
13440  0.2311
13472  0.2311
13504  0.2311
13536  0.2311
13568  0.2311
13600  0.2311
13632  0.2311
13664  0.2311
13696  0.2311
13728  0.230887
13760  0.230887
13792  0.230887
13824  0.23088
13856  0.23088
13888  0.230866
13920  0.230742
13952  0.23069
13984  0.23069
14016  0.23069
14048  0.23069
14080  0.23069
14112  0.230676
14144  0.230676
14176  0.230676
14208  0.230676
14240  0.230656
14272  0.230527
14304  0.230527
14336  0.230527
14368  0.230446
14400  0.230446
14432  0.230446
14464  0.230446
14496  0.230446
14528  0.230446
14560  0.230446
14592  0.230446
14624  0.230446
14656  0.230446
14688  0.230446
14720  0.230422
14752  0.230422
14784  0.230422
14816  0.230422
14848  0.230422
14880  0.230422
14912  0.230422
14944  0.230422
14976  0.230422
15008  0.230422
15040  0.230422
15072  0.230422
15104  0.230422
15136  0.230422
15168  0.230422
15200  0.230422
15232  0.230422
15264  0.230422
15296  0.230422
15328  0.230422
15360  0.230422
15392  0.230422
15424  0.230422
15456  0.230417
15488  0.230417
15520  0.230417
15552  0.230417
15584  0.230417
15616  0.230417
15648  0.230417
15680  0.23031
15712  0.230312
15744  0.230312
15776  0.230312
15808  0.230312
15840  0.230312
15872  0.230312
15904  0.230312
15936  0.230312
15968  0.230312
16000  0.230312
16032  0.230312
16064  0.230312
16096  0.230312
16128  0.230312
16160  0.230312
16192  0.230312
16224  0.230312
16256  0.230228
16288  0.230053
16320  0.230053
16352  0.230053
16384  0.230053
16416  0.230053
16448  0.229976
16480  0.229976
16512  0.229976
16544  0.229998
16576  0.229998
16608  0.229998
16640  0.229998
16672  0.229998
16704  0.229998
16736  0.229998
16768  0.229998
16800  0.229998
16832  0.22993
16864  0.229903
16896  0.229903
16928  0.229903
16960  0.229903
16992  0.229903
17024  0.229903
17056  0.229776
17088  0.229776
17120  0.229776
17152  0.229776
17184  0.229776
17216  0.229776
17248  0.229776
17280  0.229734
17312  0.229734
17344  0.229734
17376  0.229696
17408  0.229696
17440  0.229696
17472  0.229696
17504  0.229696
17536  0.229696
17568  0.229696
17600  0.229617
17632  0.229587
17664  0.229587
17696  0.229587
17728  0.229587
17760  0.229522
17792  0.229522
17824  0.229522
17856  0.229522
17888  0.229522
17920  0.229522
17952  0.229522
17984  0.229522
18016  0.229522
18048  0.229522
18080  0.229522
18112  0.229522
18144  0.229522
18176  0.229491
18208  0.229344
18240  0.229344
18272  0.229344
18304  0.229344
18336  0.229344
18368  0.229344
18400  0.229344
18432  0.229344
18464  0.229344
18496  0.229351
18528  0.229351
18560  0.229351
18592  0.229351
18624  0.229351
18656  0.229351
18688  0.229351
18720  0.229351
18752  0.229351
18784  0.229351
18816  0.229351
18848  0.229351
18880  0.229351
18912  0.229333
18944  0.229333
18976  0.229333
19008  0.229333
19040  0.229285
19072  0.229285
19104  0.229285
19136  0.229285
19168  0.229285
19200  0.229285
19232  0.229285
19264  0.229285
19296  0.229285
19328  0.229285
19360  0.229285
19392  0.229285
19424  0.229285
19456  0.229285
19488  0.229285
19520  0.229285
19552  0.229285
19584  0.229285
19616  0.229285
19648  0.229285
19680  0.229285
19712  0.229285
19744  0.229285
19776  0.229285
19808  0.229285
19840  0.229285
19872  0.229285
19904  0.229285
19936  0.229285
19968  0.229285
20000  0.229285
20032  0.229285
20064  0.229285
20096  0.229285
20128  0.229285
20160  0.229285
20192  0.229285
20224  0.229134
20256  0.229077
20288  0.229077
20320  0.229077
20352  0.229077
20384  0.229077
20416  0.229077
20448  0.229077
20480  0.229077
20512  0.229077
20544  0.229077
20576  0.229077
20608  0.229077
20640  0.228954
20672  0.228954
20704  0.228954
20736  0.228954
20768  0.228858
20800  0.228858
20832  0.228858
20864  0.228858
20896  0.228858
20928  0.228858
20960  0.228858
20992  0.228858
21024  0.228858
21056  0.228858
21088  0.228858
21120  0.228858
21152  0.228825
21184  0.228825
21216  0.228825
21248  0.228825
21280  0.228825
21312  0.228825
21344  0.228825
21376  0.228825
21408  0.228825
21440  0.228825
21472  0.228825
21504  0.228825
21536  0.228825
21568  0.228708
21600  0.228708
21632  0.228708
21664  0.228708
21696  0.228708
21728  0.228708
21760  0.228708
21792  0.228708
21824  0.228708
21856  0.228708
21888  0.228624
21920  0.228624
21952  0.228624
21984  0.228624
22016  0.228624
22048  0.228624
22080  0.228621
22112  0.228621
22144  0.228621
22176  0.228621
22208  0.228621
22240  0.228621
22272  0.228621
22304  0.228621
22336  0.228621
22368  0.228621
22400  0.228621
22432  0.228621
22464  0.228621
22496  0.228621
22528  0.228621
22560  0.228621
22592  0.228621
22624  0.228621
22656  0.228621
22688  0.228621
22720  0.228578
22752  0.228578
22784  0.228539
22816  0.228539
22848  0.228539
22880  0.228539
22912  0.228439
22944  0.228439
22976  0.228439
23008  0.228439
23040  0.228439
23072  0.228439
23104  0.228439
23136  0.228439
23168  0.228439
23200  0.228122
23232  0.228122
23264  0.228122
23296  0.228122
23328  0.228122
23360  0.228122
23392  0.228122
23424  0.228122
23456  0.228122
23488  0.228122
23520  0.228076
23552  0.228076
23584  0.228076
23616  0.228076
23648  0.228076
23680  0.228076
23712  0.228076
23744  0.227953
23776  0.227953
23808  0.227953
23840  0.227953
23872  0.227953
23904  0.227953
23936  0.227953
23968  0.227953
24000  0.227953
24032  0.227913
24064  0.227913
24096  0.227913
24128  0.227913
24160  0.227913
24192  0.227913
24224  0.227913
24256  0.227913
24288  0.227913
24320  0.227913
24352  0.227913
24384  0.227913
24416  0.227913
24448  0.227913
24480  0.227913
24512  0.227913
24544  0.227913
24576  0.227913
24608  0.227913
24640  0.227913
24672  0.227913
24704  0.227913
24736  0.227913
24768  0.227913
24800  0.227913
24832  0.227913
24864  0.227913
24896  0.227913
24928  0.227913
24960  0.227913
24992  0.227913
25024  0.227913
25056  0.227913
25088  0.227913
25120  0.227913
25152  0.227913
25184  0.227913
25216  0.227913
25248  0.227913
25280  0.227913
25312  0.227913
25344  0.227913
25376  0.227913
25408  0.227913
25440  0.227913
25472  0.227913
25504  0.227913
25536  0.227913
25568  0.227913
25600  0.227913
25632  0.227913
25664  0.227913
25696  0.227913
25728  0.227913
25760  0.227913
25792  0.227913
25824  0.227913
25856  0.227913
25888  0.227913
25920  0.227913
25952  0.227855
25984  0.227855
26016  0.227855
26048  0.227855
26080  0.227855
26112  0.227855
26144  0.227855
26176  0.227855
26208  0.227855
26240  0.227855
26272  0.227855
26304  0.227855
26336  0.227855
26368  0.227855
26400  0.227855
26432  0.227855
26464  0.227855
26496  0.227855
26528  0.227855
26560  0.227855
26592  0.227855
26624  0.227855
26656  0.227855
26688  0.227783
26720  0.227783
26752  0.227783
26784  0.227783
26816  0.227783
26848  0.227783
26880  0.227783
26912  0.227783
26944  0.227783
26976  0.227783
27008  0.227783
27040  0.227783
27072  0.227783
27104  0.227783
27136  0.227783
27168  0.227783
27200  0.227783
27232  0.227783
27264  0.227783
27296  0.227783
27328  0.227783
27360  0.227783
27392  0.227783
27424  0.227783
27456  0.227783
27488  0.227783
27520  0.227783
27552  0.227783
27584  0.227783
27616  0.227783
27648  0.227783
27680  0.227783
27712  0.227783
27744  0.227783
27776  0.227783
27808  0.227783
27840  0.227768
27872  0.227768
27904  0.227768
27936  0.227768
27968  0.227768
28000  0.227768
28032  0.227768
28064  0.227768
28096  0.227768
28128  0.227768
28160  0.227768
28192  0.227768
28224  0.227768
28256  0.227768
28288  0.227768
28320  0.227768
28352  0.227768
28384  0.227768
28416  0.227768
28448  0.227768
28480  0.227768
28512  0.227768
28544  0.227768
28576  0.227768
28608  0.227768
28640  0.227768
28672  0.227768
28704  0.227768
28736  0.227768
28768  0.227768
28800  0.227768
28832  0.227768
28864  0.227768
28896  0.227768
28928  0.227768
28960  0.227768
28992  0.227768
29024  0.227768
29056  0.227768
29088  0.227768
29120  0.227768
29152  0.227756
29184  0.227756
29216  0.227756
29248  0.227756
29280  0.227756
29312  0.227756
29344  0.227756
29376  0.227756
29408  0.227756
29440  0.227756
29472  0.227756
29504  0.227756
29536  0.227756
29568  0.227756
29600  0.227756
29632  0.227756
29664  0.227756
29696  0.227756
29728  0.227756
29760  0.227756
29792  0.227756
29824  0.227756
29856  0.227756
29888  0.227756
29920  0.227756
29952  0.227756
29984  0.227756
30016  0.227756
30048  0.227756
30080  0.227756
30112  0.227756
30144  0.227756
30176  0.227756
30208  0.227756
30240  0.227756
30272  0.227756
30304  0.227756
30336  0.227756
30368  0.227756
30400  0.227756
30432  0.227756
30464  0.227756
30496  0.227756
30528  0.227756
30560  0.227756
30592  0.227756
30624  0.227756
30656  0.227756
30688  0.227756
30720  0.227756
30752  0.227756
30784  0.227756
30816  0.227756
30848  0.227756
30880  0.227756
30912  0.227756
30944  0.227756
30976  0.227756
31008  0.227756
31040  0.227756
31072  0.227756
31104  0.227756
31136  0.227756
31168  0.227756
31200  0.227756
31232  0.227756
31264  0.227756
31296  0.227756
31328  0.227756
31360  0.227756
31392  0.227756
31424  0.227756
31456  0.227756
31488  0.227756
31520  0.227756
31552  0.227756
31584  0.227756
31616  0.227756
31648  0.227754
31680  0.227754
31712  0.227754
31744  0.227754
31776  0.227754
31808  0.227754
31840  0.227754
31872  0.227754
31904  0.227754
31936  0.227754
31968  0.227754
32000  0.227754
32032  0.227754
32064  0.227754
32096  0.227754
32128  0.227754
32160  0.227754
32192  0.227754
32224  0.227754
32256  0.227754
32288  0.227754
32320  0.227754
32352  0.227754
32384  0.227754
32416  0.227754
32448  0.227754
32480  0.227754
32512  0.227754
32544  0.227694
32576  0.227694
32608  0.227694
32640  0.227694
32672  0.227614
32704  0.227614
32736  0.227614
32768  0.227614
32800  0.227614
32832  0.227614
32864  0.227614
32896  0.227614
32928  0.227614
32960  0.227614
32992  0.227614
33024  0.227614
33056  0.227614
33088  0.227614
33120  0.22763
33152  0.22763
33184  0.22763
33216  0.22763
33248  0.22763
33280  0.22763
33312  0.22763
33344  0.22763
33376  0.22763
33408  0.22763
33440  0.22763
33472  0.227553
33504  0.227553
33536  0.227553
33568  0.227553
33600  0.227553
33632  0.227553
33664  0.227553
33696  0.227553
33728  0.227553
33760  0.227553
33792  0.227553
33824  0.227553
33856  0.227553
33888  0.227553
33920  0.227553
33952  0.227474
33984  0.227474
34016  0.227474
34048  0.227474
34080  0.227474
34112  0.227474
34144  0.227474
34176  0.227474
34208  0.227474
34240  0.227474
34272  0.227474
34304  0.227474
34336  0.227474
34368  0.227474
34400  0.227474
34432  0.227415
34464  0.227415
34496  0.227415
34528  0.227415
34560  0.227415
34592  0.227415
34624  0.227415
34656  0.227415
34688  0.227415
34720  0.227415
34752  0.227415
34784  0.227415
34816  0.227415
34848  0.227415
34880  0.227415
34912  0.227415
34944  0.227415
34976  0.227415
35008  0.227415
35040  0.227415
35072  0.227415
35104  0.227415
35136  0.227415
35168  0.227415
35200  0.227415
35232  0.227415
35264  0.227415
35296  0.227415
35328  0.227415
35360  0.227415
35392  0.227415
35424  0.227415
35456  0.227415
35488  0.227415
35520  0.227415
35552  0.227415
35584  0.227263
35616  0.227263
35648  0.227263
35680  0.227263
35712  0.227263
35744  0.227263
35776  0.227263
35808  0.227242
35840  0.227242
35872  0.227242
35904  0.227242
35936  0.227242
35968  0.227242
36000  0.227242
36032  0.227242
36064  0.227242
36096  0.227242
36128  0.227242
36160  0.227242
36192  0.227242
36224  0.227242
36256  0.227242
36288  0.227143
36320  0.227143
36352  0.227143
36384  0.227143
36416  0.227143
36448  0.227143
36480  0.227106
36512  0.227105
36544  0.227105
36576  0.227105
36608  0.227105
36640  0.227105
36672  0.227105
36704  0.227105
36736  0.227105
36768  0.227105
36800  0.227105
36832  0.227105
36864  0.227105
36896  0.227105
36928  0.227075
36960  0.227075
36992  0.227075
37024  0.227075
37056  0.227075
37088  0.227075
37120  0.227075
37152  0.227075
37184  0.227075
37216  0.227075
37248  0.227075
37280  0.227075
37312  0.227075
37344  0.227075
37376  0.227075
37408  0.227075
37440  0.227075
37472  0.227075
37504  0.227075
37536  0.227075
37568  0.227058
37600  0.227058
37632  0.227058
37664  0.227058
37696  0.227058
37728  0.227058
37760  0.227058
37792  0.227058
37824  0.227058
37856  0.227058
37888  0.227058
37920  0.227058
37952  0.227058
37984  0.227058
38016  0.227058
38048  0.227058
38080  0.227019
38112  0.227019
38144  0.227019
38176  0.227019
38208  0.227019
38240  0.227019
38272  0.227019
38304  0.227019
38336  0.227019
38368  0.227019
38400  0.227019
38432  0.227019
38464  0.227019
38496  0.226977
38528  0.226977
38560  0.226977
38592  0.226977
38624  0.226977
38656  0.226977
38688  0.226977
38720  0.226977
38752  0.226977
38784  0.226977
38816  0.226977
38848  0.226977
38880  0.226977
38912  0.226918
38944  0.226918
38976  0.226918
39008  0.226918
39040  0.226918
39072  0.226918
39104  0.226918
39136  0.226918
39168  0.226918
39200  0.226918
39232  0.226918
39264  0.226918
39296  0.226918
39328  0.226918
39360  0.226918
39392  0.226918
39424  0.226918
39456  0.226918
39488  0.226918
39520  0.226918
39552  0.226918
39584  0.226918
39616  0.226918
39648  0.226918
39680  0.226918
39712  0.226918
39744  0.226918
39776  0.226918
39808  0.226918
39840  0.226918
39872  0.226918
39904  0.226918
39936  0.226918
39968  0.226918
40000  0.226918
40032  0.226918
40064  0.226918
40096  0.226918
40128  0.226918
40160  0.226918
40192  0.226918
40224  0.226918
40256  0.226918
40288  0.226918
40320  0.226918
40352  0.226918
40384  0.226918
40416  0.226918
40448  0.226918
40480  0.226918
40512  0.226918
40544  0.226918
40576  0.226918
40608  0.226918
40640  0.226918
40672  0.226918
40704  0.226918
40736  0.226918
40768  0.226918
40800  0.226918
40832  0.226918
40864  0.226918
40896  0.226918
40928  0.226918
40960  0.226918
40992  0.226918
41024  0.226918
41056  0.226918
41088  0.226918
41120  0.226918
41152  0.226918
41184  0.226918
41216  0.226918
41248  0.226918
41280  0.226918
41312  0.226918
41344  0.226918
41376  0.226918
41408  0.226918
41440  0.226918
41472  0.226918
41504  0.226918
41536  0.226918
41568  0.226918
41600  0.226918
41632  0.226918
41664  0.226918
41696  0.226918
41728  0.226918
41760  0.226918
41792  0.226918
41824  0.226918
41856  0.226918
41888  0.226918
41920  0.226918
41952  0.226918
41984  0.226918
42016  0.226918
42048  0.226918
42080  0.226918
42112  0.226918
42144  0.226918
42176  0.226918
42208  0.226918
42240  0.226918
42272  0.226918
42304  0.226918
42336  0.226889
42368  0.226889
42400  0.226889
42432  0.226889
42464  0.226889
42496  0.226889
42528  0.226889
42560  0.226889
42592  0.226889
42624  0.226889
42656  0.226868
42688  0.226838
42720  0.226838
42752  0.226838
42784  0.226838
42816  0.226838
42848  0.226838
42880  0.226838
42912  0.226838
42944  0.226838
42976  0.226838
43008  0.226838
43040  0.226838
43072  0.226782
43104  0.226782
43136  0.226782
43168  0.226782
43200  0.226782
43232  0.226782
43264  0.226782
43296  0.226782
43328  0.226782
43360  0.226782
43392  0.226782
43424  0.226782
43456  0.226782
43488  0.226782
43520  0.226782
43552  0.226782
43584  0.226782
43616  0.226782
43648  0.226782
43680  0.226782
43712  0.226782
43744  0.226782
43776  0.226782
43808  0.226782
43840  0.226782
43872  0.226782
43904  0.226782
43936  0.226782
43968  0.226782
44000  0.226782
44032  0.226782
44064  0.226782
44096  0.226782
44128  0.226782
44160  0.226782
44192  0.226782
44224  0.226782
44256  0.226782
44288  0.226782
44320  0.226782
44352  0.226782
44384  0.226782
44416  0.226743
44448  0.226743
44480  0.226743
44512  0.226743
44544  0.226743
44576  0.226743
44608  0.226743
44640  0.226743
44672  0.226743
44704  0.226743
44736  0.226743
44768  0.226743
44800  0.226743
44832  0.226743
44864  0.226743
44896  0.226743
44928  0.226743
44960  0.226743
44992  0.226743
45024  0.226743
45056  0.226743
45088  0.226743
45120  0.226743
45152  0.226743
45184  0.226743
45216  0.226743
45248  0.226743
45280  0.226743
45312  0.226743
45344  0.226743
45376  0.226743
45408  0.226743
45440  0.226743
45472  0.226743
45504  0.226743
45536  0.226743
45568  0.226743
45600  0.226743
45632  0.226743
45664  0.226743
45696  0.226743
45728  0.226743
45760  0.226743
45792  0.226743
45824  0.226743
45856  0.226667
45888  0.226667
45920  0.226667
45952  0.226667
45984  0.226667
46016  0.226667
46048  0.226667
46080  0.226667
46112  0.226667
46144  0.226667
46176  0.226667
46208  0.226667
46240  0.226667
46272  0.226667
46304  0.226667
46336  0.226667
46368  0.226667
46400  0.226667
46432  0.226667
46464  0.226667
46496  0.226667
46528  0.226667
46560  0.226667
46592  0.226667
46624  0.226667
46656  0.226516
46688  0.226516
46720  0.226516
46752  0.226516
46784  0.226516
46816  0.226516
46848  0.226516
46880  0.226516
46912  0.226516
46944  0.226516
46976  0.226516
47008  0.226516
47040  0.226516
47072  0.2265
47104  0.2265
47136  0.2265
47168  0.2265
47200  0.2265
47232  0.2265
47264  0.2265
47296  0.2265
47328  0.2265
47360  0.2265
47392  0.2265
47424  0.2265
47456  0.2265
47488  0.2265
47520  0.2265
47552  0.2265
47584  0.2265
47616  0.2265
47648  0.2265
47680  0.2265
47712  0.2265
47744  0.2265
47776  0.2265
47808  0.2265
47840  0.2265
47872  0.2265
47904  0.2265
47936  0.2265
47968  0.2265
48000  0.2265
48032  0.2265
48064  0.2265
48096  0.2265
48128  0.2265
48160  0.2265
48192  0.2265
48224  0.2265
48256  0.2265
48288  0.2265
48320  0.2265
48352  0.2265
48384  0.2265
48416  0.2265
48448  0.2265
48480  0.2265
48512  0.2265
48544  0.2265
48576  0.2265
48608  0.2265
48640  0.2265
48672  0.2265
48704  0.226426
48736  0.226426
48768  0.226426
48800  0.226426
48832  0.226426
48864  0.226426
48896  0.226426
48928  0.226426
48960  0.226426
48992  0.226426
49024  0.226426
49056  0.226426
49088  0.226426
49120  0.226426
49152  0.226426
49184  0.226426
49216  0.226426
49248  0.226426
49280  0.226426
49312  0.226426
49344  0.226426
49376  0.226426
49408  0.226426
49440  0.226426
49472  0.226426
49504  0.226426
49536  0.226426
49568  0.226426
49600  0.226426
49632  0.226426
49664  0.226395
49696  0.226395
49728  0.226395
49760  0.226395
49792  0.226395
49824  0.226395
49856  0.226395
49888  0.226395
49920  0.226395
49952  0.226395
49984  0.226395
50016  0.226377
50048  0.226377
50080  0.226377
50112  0.226377
50144  0.226377
50176  0.226377
50208  0.226377
50240  0.226377
50272  0.226377
50304  0.226377
50336  0.226377
50368  0.226377
50400  0.226377
50432  0.226339
50464  0.226339
50496  0.226339
50528  0.226339
50560  0.226339
50592  0.226339
50624  0.226339
50656  0.226339
50688  0.226339
50720  0.226339
50752  0.226339
50784  0.226339
50816  0.226339
50848  0.226339
50880  0.226339
50912  0.226339
50944  0.226339
50976  0.226339
51008  0.226339
51040  0.226308
51072  0.226308
51104  0.226308
51136  0.226308
51168  0.226308
51200  0.226308
51232  0.226308
51264  0.226308
51296  0.226308
51328  0.226308
51360  0.226308
51392  0.226308
51424  0.226308
51456  0.226308
51488  0.226308
51520  0.226308
51552  0.226308
51584  0.226308
51616  0.226308
51648  0.226308
51680  0.226308
51712  0.226308
51744  0.226308
51776  0.226308
51808  0.226308
51840  0.226308
51872  0.226308
51904  0.226308
51936  0.226308
51968  0.226308
52000  0.226308
52032  0.226308
52064  0.226308
52096  0.226308
52128  0.226308
52160  0.226308
52192  0.226308
52224  0.226308
52256  0.226308
52288  0.226308
52320  0.226308
52352  0.226308
52384  0.226308
52416  0.22619
52448  0.22619
52480  0.22619
52512  0.22619
52544  0.226135
52576  0.226135
52608  0.226135
52640  0.226135
52672  0.226135
52704  0.226135
52736  0.226135
52768  0.226135
52800  0.226135
52832  0.226135
52864  0.226135
52896  0.226135
52928  0.226135
52960  0.226135
52992  0.226135
53024  0.226135
53056  0.226135
53088  0.226135
53120  0.226135
53152  0.226135
53184  0.226135
53216  0.226135
53248  0.226135
53280  0.226135
53312  0.226135
53344  0.226135
53376  0.226135
53408  0.226135
53440  0.226135
53472  0.226135
53504  0.226135
53536  0.226135
53568  0.226135
53600  0.225995
53632  0.225995
53664  0.225995
53696  0.225995
53728  0.225995
53760  0.225995
53792  0.225995
53824  0.225995
53856  0.225995
53888  0.225995
53920  0.225995
53952  0.225995
53984  0.225995
54016  0.225995
54048  0.225995
54080  0.225995
54112  0.225995
54144  0.225995
54176  0.225995
54208  0.225995
54240  0.225995
54272  0.225995
54304  0.225995
54336  0.225995
54368  0.225995
54400  0.225995
54432  0.225995
54464  0.225995
54496  0.225995
54528  0.225995
54560  0.225995
54592  0.225995
54624  0.225995
54656  0.225995
54688  0.225995
54720  0.225995
54752  0.225995
54784  0.225995
54816  0.225995
54848  0.225995
54880  0.225995
54912  0.225995
54944  0.225995
54976  0.225995
55008  0.225941
55040  0.225941
55072  0.225941
55104  0.225941
55136  0.225941
55168  0.225941
55200  0.225941
55232  0.225941
55264  0.225941
55296  0.225941
55328  0.225941
55360  0.225941
55392  0.225941
55424  0.225941
55456  0.225756
55488  0.225756
55520  0.225756
55552  0.225756
55584  0.225756
55616  0.225756
55648  0.225756
55680  0.225756
55712  0.225756
55744  0.225756
55776  0.225756
55808  0.225756
55840  0.225756
55872  0.225756
55904  0.225756
55936  0.225756
55968  0.225756
56000  0.225756
56032  0.225756
56064  0.225756
56096  0.225756
56128  0.225756
56160  0.225756
56192  0.225756
56224  0.225756
56256  0.225756
56288  0.225756
56320  0.225756
56352  0.225756
56384  0.225756
56416  0.225756
56448  0.225756
56480  0.225756
56512  0.225756
56544  0.225756
56576  0.225756
56608  0.225756
56640  0.225756
56672  0.225756
56704  0.225756
56736  0.225756
56768  0.225756
56800  0.225756
56832  0.225756
56864  0.225756
56896  0.225756
56928  0.225756
56960  0.225756
56992  0.225756
57024  0.225756
57056  0.225756
57088  0.225756
57120  0.225756
57152  0.225756
57184  0.225756
57216  0.225756
57248  0.225756
57280  0.225756
57312  0.225756
57344  0.225756
57376  0.225756
57408  0.225756
57440  0.225756
57472  0.225756
57504  0.225756
57536  0.225756
57568  0.225756
57600  0.225528
57632  0.225528
57664  0.225528
57696  0.225528
57728  0.225528
57760  0.225528
57792  0.225528
57824  0.225528
57856  0.225528
57888  0.225528
57920  0.225528
57952  0.225528
57984  0.225528
58016  0.225528
58048  0.225528
58080  0.225528
58112  0.225528
58144  0.225528
58176  0.225528
58208  0.225528
58240  0.225528
58272  0.225528
58304  0.225528
58336  0.225528
58368  0.225528
58400  0.225528
58432  0.225528
58464  0.225528
58496  0.225528
58528  0.225528
58560  0.225528
58592  0.225528
58624  0.225528
58656  0.225528
58688  0.225528
58720  0.225528
58752  0.225528
58784  0.225528
58816  0.225528
58848  0.225528
58880  0.225528
58912  0.225528
58944  0.225528
58976  0.225528
59008  0.225528
59040  0.225528
59072  0.225528
59104  0.225528
59136  0.225528
59168  0.225528
59200  0.225528
59232  0.225528
59264  0.225528
59296  0.225528
59328  0.225528
59360  0.225528
59392  0.225528
59424  0.225528
59456  0.225528
59488  0.225528
59520  0.225528
59552  0.225528
59584  0.225528
59616  0.225528
59648  0.225528
59680  0.225528
59712  0.225528
59744  0.225528
59776  0.225528
59808  0.225528
59840  0.225528
59872  0.225528
59904  0.22552
59936  0.22552
59968  0.22552
60000  0.22552
60032  0.22552
60064  0.22552
60096  0.22552
60128  0.22552
60160  0.22552
60192  0.22552
60224  0.22552
60256  0.22552
60288  0.22552
60320  0.22552
60352  0.22552
60384  0.22552
60416  0.22552
60448  0.225439
60480  0.225439
60512  0.225439
60544  0.225439
60576  0.225439
60608  0.225439
60640  0.225439
60672  0.225439
60704  0.225439
60736  0.225439
60768  0.225439
60800  0.225439
60832  0.225439
60864  0.225439
60896  0.225439
60928  0.225439
60960  0.225439
60992  0.225439
61024  0.225439
61056  0.225439
61088  0.225439
61120  0.225439
61152  0.225439
61184  0.225439
61216  0.225439
61248  0.225439
61280  0.225439
61312  0.225439
61344  0.225439
61376  0.225439
61408  0.225439
61440  0.225439
61472  0.225439
61504  0.225439
61536  0.225439
61568  0.225439
61600  0.225439
61632  0.225439
61664  0.225439
61696  0.225439
61728  0.225439
61760  0.225439
61792  0.225439
61824  0.225439
61856  0.225439
61888  0.225439
61920  0.225439
61952  0.225439
61984  0.225439
62016  0.225439
62048  0.225439
62080  0.225439
62112  0.225439
62144  0.225439
62176  0.225439
62208  0.225439
62240  0.225439
62272  0.225439
62304  0.225439
62336  0.225439
62368  0.225439
62400  0.225439
62432  0.225439
62464  0.225439
62496  0.225439
62528  0.225439
62560  0.225439
62592  0.225439
62624  0.225439
62656  0.225439
62688  0.225439
62720  0.225439
62752  0.225439
62784  0.225439
62816  0.225439
62848  0.225439
62880  0.225439
62912  0.225439
62944  0.225439
62976  0.225439
63008  0.225439
63040  0.225439
63072  0.225439
63104  0.225439
63136  0.225439
63168  0.225439
63200  0.225439
63232  0.225439
63264  0.225439
63296  0.225439
63328  0.225439
63360  0.225439
63392  0.225439
63424  0.225439
63456  0.225439
63488  0.225439
63520  0.225439
63552  0.225439
63584  0.225439
63616  0.225439
63648  0.225439
63680  0.225439
63712  0.225439
63744  0.225439
63776  0.225439
63808  0.225439
63840  0.225439
63872  0.225379
63904  0.225379
63936  0.225379
63968  0.225379
64000  0.225379
64032  0.225379
64064  0.225379
64096  0.225379
64128  0.225379
64160  0.225379
64192  0.225379
64224  0.225379
64256  0.225379
64288  0.225379
64320  0.225379
64352  0.225379
64384  0.225379
64416  0.225379
64448  0.225379
64480  0.225379
64512  0.225319
64544  0.225319
64576  0.225319
64608  0.225319
64640  0.225319
64672  0.225319
64704  0.225319
64736  0.225319
64768  0.225319
64800  0.225319
64832  0.225319
64864  0.225319
64896  0.225319
64928  0.225319
64960  0.225319
64992  0.225319
65024  0.225319
65056  0.225319
65088  0.225319
65120  0.225319
65152  0.225319
65184  0.225319
65216  0.225319
65248  0.225319
65280  0.225319
65312  0.225319
65344  0.225319
65376  0.225409
65408  0.225409
65440  0.225409
65472  0.225409
65504  0.225409
65536  0.225409
65568  0.225409
65600  0.225409
65632  0.225409
65664  0.225409
65696  0.225409
65728  0.225409
65760  0.225409
65792  0.225409
65824  0.225409
65856  0.225409
65888  0.225409
65920  0.225409
65952  0.225409
65984  0.225409
66016  0.225409
66048  0.225409
66080  0.225409
66112  0.225409
66144  0.225409
66176  0.225409
66208  0.225409
66240  0.225409
66272  0.225409
66304  0.225409
66336  0.225409
66368  0.225409
66400  0.225409
66432  0.225409
66464  0.225409
66496  0.225409
66528  0.225409
66560  0.225409
66592  0.225409
66624  0.225409
66656  0.225409
66688  0.225409
66720  0.225409
66752  0.225409
66784  0.225409
66816  0.225409
66848  0.225409
66880  0.225409
66912  0.225409
66944  0.225409
66976  0.225409
67008  0.225409
67040  0.225409
67072  0.225409
67104  0.225409
67136  0.225409
67168  0.225294
67200  0.225294
67232  0.225294
67264  0.225294
67296  0.225294
67328  0.225294
67360  0.225294
67392  0.225294
67424  0.225294
67456  0.225294
67488  0.225294
67520  0.225294
67552  0.225294
67584  0.225294
67616  0.225294
67648  0.225294
67680  0.225294
67712  0.225294
67744  0.225294
67776  0.225294
67808  0.225294
67840  0.225294
67872  0.225294
67904  0.225294
67936  0.225294
67968  0.225294
68000  0.225294
68032  0.225294
68064  0.225294
68096  0.225294
68128  0.225294
68160  0.225294
68192  0.225294
68224  0.225294
68256  0.225294
68288  0.225294
68320  0.225294
68352  0.225294
68384  0.225215
68416  0.225215
68448  0.225215
68480  0.225215
68512  0.225215
68544  0.225215
68576  0.225215
68608  0.225215
68640  0.225215
68672  0.225215
68704  0.225215
68736  0.225215
68768  0.225215
68800  0.225215
68832  0.225215
68864  0.225215
68896  0.225215
68928  0.225215
68960  0.225215
68992  0.225215
69024  0.225215
69056  0.225215
69088  0.225215
69120  0.225215
69152  0.225215
69184  0.225215
69216  0.225215
69248  0.225215
69280  0.225215
69312  0.225215
69344  0.225215
69376  0.225215
69408  0.225215
69440  0.225215
69472  0.225215
69504  0.225215
69536  0.225215
69568  0.225215
69600  0.225215
69632  0.225215
69664  0.225215
69696  0.225215
69728  0.225215
69760  0.225215
69792  0.225215
69824  0.225215
69856  0.225215
69888  0.225215
69920  0.225215
69952  0.225167
69984  0.225167
70016  0.225167
70048  0.225167
70080  0.225167
70112  0.225167
70144  0.225167
70176  0.225167
70208  0.225167
70240  0.225167
70272  0.225167
70304  0.225167
70336  0.225167
70368  0.225167
70400  0.225167
70432  0.225167
70464  0.225167
70496  0.225167
70528  0.225167
70560  0.225167
70592  0.225167
70624  0.225167
70656  0.225167
70688  0.225167
70720  0.225167
70752  0.225167
70784  0.225167
70816  0.225167
70848  0.225167
70880  0.225167
70912  0.225167
70944  0.225167
70976  0.225167
71008  0.225167
71040  0.225167
71072  0.225167
71104  0.225167
71136  0.225167
71168  0.225167
71200  0.225167
71232  0.225167
71264  0.225167
71296  0.225167
71328  0.225167
71360  0.225167
71392  0.225167
71424  0.225167
71456  0.225167
71488  0.225167
71520  0.225167
71552  0.225167
71584  0.225167
71616  0.225167
71648  0.225167
71680  0.225167
71712  0.225167
71744  0.225167
71776  0.225167
71808  0.225167
71840  0.225167
71872  0.225167
71904  0.225167
71936  0.225167
71968  0.225167
72000  0.225167
72032  0.225167
72064  0.225167
72096  0.225167
72128  0.225167
72160  0.225167
72192  0.225167
72224  0.225167
72256  0.225069
72288  0.225069
72320  0.225069
72352  0.225069
72384  0.225069
72416  0.225069
72448  0.225069
72480  0.225069
72512  0.225069
72544  0.225069
72576  0.225069
72608  0.225069
72640  0.225069
72672  0.225069
72704  0.225069
72736  0.225069
72768  0.225069
72800  0.225069
72832  0.225069
72864  0.225069
72896  0.225069
72928  0.225069
72960  0.225069
72992  0.225069
73024  0.225069
73056  0.225069
73088  0.225069
73120  0.225069
73152  0.225069
73184  0.225069
73216  0.225069
73248  0.225069
73280  0.225069
73312  0.225069
73344  0.225069
73376  0.225069
73408  0.225069
73440  0.225069
73472  0.225069
73504  0.225069
73536  0.225069
73568  0.225069
73600  0.225069
73632  0.225069
73664  0.225069
73696  0.225069
73728  0.225069
73760  0.225069
73792  0.225069
73824  0.225069
73856  0.225069
73888  0.225069
73920  0.225069
73952  0.225069
73984  0.225069
74016  0.225069
74048  0.225069
74080  0.225069
74112  0.225069
74144  0.225069
74176  0.225069
74208  0.225069
74240  0.225069
74272  0.225069
74304  0.225069
74336  0.225069
74368  0.225069
74400  0.225069
74432  0.225069
74464  0.225069
74496  0.225069
74528  0.225069
74560  0.225069
74592  0.225069
74624  0.225069
74656  0.225069
74688  0.225069
74720  0.225069
74752  0.225069
74784  0.225069
74816  0.225069
74848  0.225069
74880  0.225069
74912  0.224968
74944  0.224968
74976  0.224968
75008  0.224968
75040  0.224968
75072  0.224968
75104  0.224968
75136  0.224968
75168  0.224968
75200  0.224968
75232  0.224968
75264  0.224968
75296  0.224968
75328  0.224968
75360  0.224968
75392  0.224968
75424  0.224968
75456  0.224968
75488  0.224968
75520  0.224968
75552  0.224968
75584  0.224968
75616  0.224968
75648  0.224968
75680  0.224968
75712  0.224968
75744  0.224968
75776  0.224968
75808  0.224968
75840  0.224968
75872  0.224968
75904  0.224968
75936  0.224968
75968  0.224968
76000  0.224968
76032  0.224968
76064  0.224968
76096  0.224968
76128  0.224968
76160  0.224968
76192  0.224968
76224  0.224968
76256  0.224968
76288  0.224968
76320  0.224968
76352  0.224968
76384  0.224968
76416  0.224968
76448  0.224968
76480  0.224968
76512  0.224968
76544  0.224968
76576  0.224968
76608  0.224968
76640  0.224968
76672  0.224968
76704  0.224968
76736  0.224968
76768  0.224968
76800  0.224968
76832  0.224968
76864  0.224968
76896  0.224968
76928  0.224968
76960  0.224968
76992  0.224968
77024  0.224968
77056  0.224968
77088  0.224968
77120  0.224968
77152  0.224968
77184  0.224968
77216  0.224968
77248  0.224968
77280  0.224968
77312  0.224968
77344  0.224968
77376  0.224968
77408  0.224968
77440  0.224968
77472  0.224968
77504  0.224968
77536  0.224968
77568  0.224968
77600  0.224968
77632  0.224968
77664  0.224968
77696  0.224968
77728  0.224968
77760  0.224968
77792  0.224968
77824  0.224968
77856  0.224968
77888  0.224968
77920  0.224968
77952  0.224968
77984  0.224968
78016  0.224968
78048  0.224968
78080  0.224968
78112  0.224968
78144  0.224968
78176  0.224968
78208  0.224968
78240  0.224968
78272  0.224968
78304  0.224968
78336  0.224968
78368  0.224968
78400  0.224968
78432  0.224968
78464  0.224968
78496  0.224968
78528  0.224968
78560  0.224968
78592  0.224968
78624  0.224968
78656  0.224968
78688  0.224968
78720  0.224968
78752  0.224968
78784  0.224968
78816  0.224968
78848  0.224968
78880  0.224968
78912  0.224968
78944  0.224968
78976  0.224968
79008  0.224968
79040  0.224968
79072  0.224968
79104  0.224968
79136  0.224968
79168  0.224968
79200  0.224968
79232  0.224968
79264  0.224968
79296  0.224968
79328  0.224968
79360  0.224968
79392  0.224968
79424  0.224968
79456  0.224968
79488  0.224968
79520  0.224968
79552  0.224968
79584  0.224968
79616  0.224968
79648  0.224968
79680  0.224968
79712  0.224968
79744  0.224968
79776  0.224968
79808  0.224968
79840  0.224968
79872  0.224968
79904  0.224968
79936  0.224968
79968  0.224968
80000  0.224968
80032  0.224968
80064  0.224968
80096  0.224968
80128  0.224968
80160  0.224968
80192  0.224968
80224  0.224968
80256  0.224968
80288  0.224968
80320  0.224968
80352  0.224968
80384  0.224968
80416  0.224968
80448  0.224968
80480  0.224968
80512  0.224968
80544  0.224968
80576  0.224968
80608  0.224968
80640  0.224968
80672  0.224968
80704  0.224968
80736  0.224968
80768  0.224968
80800  0.224968
80832  0.224968
80864  0.224968
80896  0.224968
80928  0.224968
80960  0.224968
80992  0.224968
81024  0.224968
81056  0.224968
81088  0.224968
81120  0.224968
81152  0.224968
81184  0.224968
81216  0.224968
81248  0.224968
81280  0.224968
81312  0.224968
81344  0.224968
81376  0.224968
81408  0.224968
81440  0.224968
81472  0.224968
81504  0.224968
81536  0.224968
81568  0.224968
81600  0.224968
81632  0.224968
81664  0.224968
81696  0.224968
81728  0.224968
81760  0.224968
81792  0.224968
81824  0.224968
81856  0.224968
81888  0.224968
81920  0.224968
81952  0.224944
81984  0.224944
82016  0.224944
82048  0.224944
82080  0.224944
82112  0.224944
82144  0.224944
82176  0.224944
82208  0.224944
82240  0.224944
82272  0.224944
82304  0.224944
82336  0.224944
82368  0.224944
82400  0.224944
82432  0.224944
82464  0.224944
82496  0.224825
82528  0.224825
82560  0.224825
82592  0.224825
82624  0.224825
82656  0.224825
82688  0.224825
82720  0.224825
82752  0.224825
82784  0.224825
82816  0.224825
82848  0.224825
82880  0.224825
82912  0.224825
82944  0.224825
82976  0.224825
83008  0.224825
83040  0.224825
83072  0.224825
83104  0.224825
83136  0.224825
83168  0.224825
83200  0.224825
83232  0.224825
83264  0.224825
83296  0.224825
83328  0.224825
83360  0.224825
83392  0.224825
83424  0.224825
83456  0.224825
83488  0.224825
83520  0.224825
83552  0.224825
83584  0.224825
83616  0.224825
83648  0.224825
83680  0.224825
83712  0.224825
83744  0.224825
83776  0.224825
83808  0.224825
83840  0.224825
83872  0.224825
83904  0.224825
83936  0.224825
83968  0.224825
84000  0.224825
84032  0.224825
84064  0.224825
84096  0.224825
84128  0.224825
84160  0.224825
84192  0.224825
84224  0.224825
84256  0.224825
84288  0.224825
84320  0.224825
84352  0.224825
84384  0.224825
84416  0.224825
84448  0.224825
84480  0.224825
84512  0.224825
84544  0.224825
84576  0.224825
84608  0.224825
84640  0.224825
84672  0.224825
84704  0.224825
84736  0.224825
84768  0.224825
84800  0.224825
84832  0.224825
84864  0.224825
84896  0.224825
84928  0.224825
84960  0.224825
84992  0.224825
85024  0.224825
85056  0.224825
85088  0.224825
85120  0.224825
85152  0.224825
85184  0.224825
85216  0.224825
85248  0.224825
85280  0.224825
85312  0.224825
85344  0.224825
85376  0.224825
85408  0.224825
85440  0.224825
85472  0.224825
85504  0.224825
85536  0.224825
85568  0.224825
85600  0.224825
85632  0.224825
85664  0.224825
85696  0.224825
85728  0.224825
85760  0.224825
85792  0.224825
85824  0.224825
85856  0.224825
85888  0.224825
85920  0.224825
85952  0.224825
85984  0.224825
86016  0.224825
86048  0.224825
86080  0.224825
86112  0.224825
86144  0.224825
86176  0.224825
86208  0.224825
86240  0.224825
86272  0.224825
86304  0.224825
86336  0.224825
86368  0.224825
86400  0.224825
86432  0.224825
86464  0.224825
86496  0.224825
86528  0.224825
86560  0.224825
86592  0.224825
86624  0.224825
86656  0.224825
86688  0.224825
86720  0.224825
86752  0.224825
86784  0.224825
86816  0.224825
86848  0.224825
86880  0.224825
86912  0.224825
86944  0.224825
86976  0.224825
87008  0.224825
87040  0.224825
87072  0.224825
87104  0.224825
87136  0.224825
87168  0.224825
87200  0.224825
87232  0.224825
87264  0.224825
87296  0.224825
87328  0.224825
87360  0.224825
87392  0.224825
87424  0.224825
87456  0.224825
87488  0.224825
87520  0.224825
87552  0.224825
87584  0.224825
87616  0.224825
87648  0.224825
87680  0.224825
87712  0.224825
87744  0.224825
87776  0.224825
87808  0.224825
87840  0.224825
87872  0.224825
87904  0.224825
87936  0.224825
87968  0.224825
88000  0.224825
88032  0.224825
88064  0.224825
88096  0.224825
88128  0.224825
88160  0.224775
88192  0.224775
88224  0.224775
88256  0.224775
88288  0.224775
88320  0.224775
88352  0.224775
88384  0.224775
88416  0.224775
88448  0.224775
88480  0.224775
88512  0.224775
88544  0.224775
88576  0.22471
88608  0.22471
88640  0.22471
88672  0.22471
88704  0.22471
88736  0.22471
88768  0.22471
88800  0.224592
88832  0.224592
88864  0.224592
88896  0.224592
88928  0.224592
88960  0.224592
88992  0.224592
89024  0.224592
89056  0.224592
89088  0.224592
89120  0.224592
89152  0.224592
89184  0.224592
89216  0.224592
89248  0.224592
89280  0.224592
89312  0.224592
89344  0.224592
89376  0.224592
89408  0.224592
89440  0.224592
89472  0.224592
89504  0.224592
89536  0.224592
89568  0.224592
89600  0.224592
89632  0.224592
89664  0.224592
89696  0.224592
89728  0.224592
89760  0.224592
89792  0.224592
89824  0.224592
89856  0.224592
89888  0.224592
89920  0.224592
89952  0.224592
89984  0.224592
90016  0.224592
90048  0.224592
90080  0.224592
90112  0.224592
90144  0.224592
90176  0.224592
90208  0.224592
90240  0.224592
90272  0.224592
90304  0.224592
90336  0.224592
90368  0.224592
90400  0.224592
90432  0.224592
90464  0.224592
90496  0.224592
90528  0.224592
90560  0.224592
90592  0.224592
90624  0.224592
90656  0.224592
90688  0.224397
90720  0.224397
90752  0.224397
90784  0.224397
90816  0.224397
90848  0.224397
90880  0.224397
90912  0.224397
90944  0.224397
90976  0.224397
91008  0.224397
91040  0.224397
91072  0.224397
91104  0.224397
91136  0.224397
91168  0.224397
91200  0.224397
91232  0.224397
91264  0.224397
91296  0.224397
91328  0.224397
91360  0.224397
91392  0.224397
91424  0.224397
91456  0.224397
91488  0.224397
91520  0.224397
91552  0.224397
91584  0.224397
91616  0.224397
91648  0.224397
91680  0.224397
91712  0.224328
91744  0.224328
91776  0.224328
91808  0.224328
91840  0.224328
91872  0.224328
91904  0.224328
91936  0.224328
91968  0.224328
92000  0.224328
92032  0.224328
92064  0.224328
92096  0.224328
92128  0.224328
92160  0.224328
92192  0.224328
92224  0.224328
92256  0.224328
92288  0.224328
92320  0.224328
92352  0.224328
92384  0.224328
92416  0.224328
92448  0.224328
92480  0.224328
92512  0.224328
92544  0.224328
92576  0.224328
92608  0.224328
92640  0.224328
92672  0.224328
92704  0.224328
92736  0.224328
92768  0.224328
92800  0.224328
92832  0.224328
92864  0.224328
92896  0.224328
92928  0.224328
92960  0.224328
92992  0.224328
93024  0.224328
93056  0.224328
93088  0.224328
93120  0.224328
93152  0.224328
93184  0.224328
93216  0.224328
93248  0.224328
93280  0.224328
93312  0.224328
93344  0.224328
93376  0.224328
93408  0.224328
93440  0.224328
93472  0.224328
93504  0.224328
93536  0.224328
93568  0.224328
93600  0.224328
93632  0.224328
93664  0.224328
93696  0.224328
93728  0.224328
93760  0.224328
93792  0.224328
93824  0.224328
93856  0.224328
93888  0.224328
93920  0.224328
93952  0.224328
93984  0.224328
94016  0.224328
94048  0.224328
94080  0.224328
94112  0.224306
94144  0.224306
94176  0.224306
94208  0.224306
94240  0.224306
94272  0.224306
94304  0.224306
94336  0.224306
94368  0.224306
94400  0.224306
94432  0.224306
94464  0.224306
94496  0.224306
94528  0.224306
94560  0.224306
94592  0.224306
94624  0.224277
94656  0.224277
94688  0.224277
94720  0.224277
94752  0.224277
94784  0.224277
94816  0.224277
94848  0.224277
94880  0.224277
94912  0.224277
94944  0.224277
94976  0.224277
95008  0.224277
95040  0.224277
95072  0.224277
95104  0.224277
95136  0.224277
95168  0.224277
95200  0.224277
95232  0.224277
95264  0.224277
95296  0.224277
95328  0.224277
95360  0.224277
95392  0.224277
95424  0.224277
95456  0.224277
95488  0.224277
95520  0.224277
95552  0.224277
95584  0.224277
95616  0.224277
95648  0.224277
95680  0.224277
95712  0.224277
95744  0.224277
95776  0.224277
95808  0.224277
95840  0.224277
95872  0.224277
95904  0.224277
95936  0.224277
95968  0.224277
96000  0.224277
96032  0.224277
