Step  Penalty
10  0.506725
20  0.506725
30  0.505162
40  0.493653
50  0.493653
60  0.482695
70  0.478613
80  0.478613
90  0.464083
100  0.459744
110  0.441748
120  0.441748
130  0.430522
140  0.419542
150  0.403446
160  0.403446
170  0.399199
180  0.382598
190  0.382598
200  0.377225
210  0.371883
220  0.369286
230  0.369286
240  0.362598
250  0.348609
260  0.348609
270  0.348609
280  0.341038
290  0.336368
300  0.336368
310  0.333513
320  0.326032
330  0.32479
340  0.313482
350  0.306708
360  0.303145
370  0.301996
380  0.2982
390  0.286017
400  0.282116
410  0.279528
420  0.279528
430  0.275643
440  0.27514
450  0.27514
460  0.27514
470  0.271036
480  0.269159
490  0.26465
500  0.2596
510  0.256523
520  0.256523
530  0.256523
540  0.25246
550  0.250308
560  0.246974
570  0.246974
580  0.246974
590  0.245529
600  0.244906
610  0.243969
620  0.242756
630  0.238681
640  0.238681
650  0.238681
660  0.238681
670  0.238653
680  0.238653
690  0.237347
700  0.237171
710  0.232663
720  0.23214
730  0.23214
740  0.227548
750  0.227548
760  0.227548
770  0.227548
780  0.227407
790  0.227407
800  0.226139
810  0.22476
820  0.220571
830  0.220571
840  0.220571
850  0.220571
860  0.220571
870  0.220571
880  0.219702
890  0.219702
900  0.219702
910  0.219702
920  0.219702
930  0.219104
940  0.218867
950  0.218867
960  0.218867
970  0.218867
980  0.218867
990  0.218867
1000  0.218867
1010  0.218867
1020  0.218867
1030  0.218867
1040  0.217655
1050  0.214952
1060  0.214952
1070  0.214952
1080  0.214952
1090  0.214952
1100  0.214952
1110  0.214952
1120  0.214588
1130  0.21309
1140  0.21309
1150  0.21309
1160  0.21219
1170  0.21079
1180  0.21079
1190  0.21079
1200  0.21079
1210  0.20897
1220  0.20897
1230  0.20897
1240  0.20897
1250  0.20897
1260  0.20897
1270  0.20897
1280  0.20714
1290  0.206829
1300  0.206829
1310  0.206829
1320  0.206829
1330  0.206829
1340  0.206829
1350  0.206829
1360  0.206829
1370  0.206829
1380  0.206829
1390  0.206829
1400  0.206829
1410  0.206829
1420  0.206829
1430  0.206829
1440  0.206829
1450  0.206829
1460  0.205442
1470  0.205442
1480  0.205442
1490  0.205442
1500  0.205442
1510  0.205442
1520  0.205442
1530  0.205442
1540  0.205442
1550  0.204853
1560  0.204853
1570  0.204853
1580  0.204853
1590  0.204853
1600  0.204853
1610  0.204853
1620  0.204853
1630  0.204853
1640  0.204853
1650  0.204853
1660  0.204853
1670  0.204853
1680  0.204853
1690  0.204853
1700  0.204853
1710  0.204853
1720  0.204853
1730  0.20262
1740  0.20262
1750  0.20262
1760  0.20262
1770  0.20262
1780  0.20262
1790  0.20262
1800  0.20262
1810  0.20262
1820  0.20262
1830  0.20262
1840  0.20262
1850  0.20262
1860  0.20262
1870  0.20262
1880  0.20262
1890  0.20262
1900  0.20262
1910  0.20262
1920  0.20262
1930  0.20262
1940  0.20262
1950  0.20262
1960  0.20262
1970  0.20262
1980  0.20262
1990  0.20262
2000  0.20262
2010  0.20262
2020  0.20262
2030  0.20262
2040  0.20262
2050  0.20262
2060  0.20262
2070  0.20262
2080  0.20262
2090  0.20262
2100  0.20262
2110  0.20262
2120  0.20262
2130  0.20262
2140  0.20262
2150  0.20262
2160  0.20262
2170  0.20262
2180  0.20262
2190  0.20262
2200  0.20262
2210  0.20262
2220  0.20262
2230  0.20262
2240  0.20262
2250  0.202027
2260  0.202027
2270  0.202027
2280  0.202027
2290  0.202027
2300  0.202027
2310  0.202027
2320  0.200829
2330  0.200204
2340  0.200204
2350  0.200204
2360  0.198147
2370  0.198147
2380  0.198147
2390  0.198147
2400  0.198147
2410  0.198147
2420  0.198147
2430  0.198147
2440  0.198147
2450  0.198147
2460  0.198147
2470  0.198147
2480  0.198147
2490  0.198147
2500  0.198147
2510  0.198147
2520  0.197775
2530  0.197775
2540  0.197775
2550  0.197775
2560  0.197775
2570  0.197775
2580  0.197775
2590  0.197775
2600  0.197695
2610  0.197601
2620  0.197601
2630  0.197601
2640  0.197601
2650  0.197601
2660  0.197601
2670  0.197601
2680  0.197601
2690  0.197601
2700  0.197601
2710  0.193439
2720  0.193439
2730  0.193439
2740  0.193439
2750  0.193439
2760  0.193439
2770  0.193439
2780  0.193439
2790  0.193439
2800  0.193439
2810  0.193439
2820  0.193439
2830  0.193439
2840  0.193439
2850  0.193439
2860  0.193439
2870  0.193439
2880  0.193439
2890  0.193439
2900  0.193439
2910  0.193439
2920  0.193439
2930  0.193439
2940  0.193439
2950  0.193439
2960  0.193439
2970  0.193439
2980  0.193439
2990  0.193439
3000  0.193439
3010  0.193439
3020  0.193439
3030  0.193439
3040  0.193439
3050  0.193439
3060  0.193439
3070  0.193439
3080  0.193439
3090  0.193439
3100  0.193439
3110  0.193439
3120  0.193439
3130  0.193439
3140  0.193439
3150  0.193439
3160  0.193439
3170  0.193439
3180  0.193439
3190  0.193439
3200  0.193439
3210  0.193439
3220  0.193439
3230  0.193439
3240  0.193439
3250  0.193439
3260  0.193439
3270  0.193439
3280  0.193439
3290  0.193439
3300  0.193439
3310  0.193439
3320  0.193439
3330  0.193439
3340  0.193439
3350  0.193439
3360  0.193439
3370  0.193439
3380  0.193439
3390  0.193439
3400  0.193439
3410  0.193439
3420  0.193439
3430  0.193439
3440  0.193439
3450  0.193439
3460  0.193439
3470  0.193439
3480  0.193439
3490  0.193439
3500  0.193439
3510  0.193439
3520  0.193439
3530  0.193439
3540  0.193439
3550  0.193439
3560  0.193439
3570  0.193439
3580  0.193439
3590  0.193439
3600  0.193439
3610  0.193439
3620  0.193439
3630  0.193439
3640  0.193439
3650  0.193439
3660  0.193439
3670  0.193439
3680  0.193439
3690  0.193439
3700  0.193439
3710  0.193439
3720  0.193439
3730  0.193439
3740  0.193439
3750  0.193439
3760  0.193439
3770  0.193439
3780  0.193439
3790  0.193439
3800  0.193439
3810  0.193439
3820  0.193439
3830  0.193439
3840  0.193439
3850  0.193439
3860  0.193439
3870  0.193439
3880  0.193183
3890  0.193183
3900  0.193183
3910  0.193183
3920  0.193183
3930  0.193183
3940  0.193183
3950  0.193183
3960  0.193183
3970  0.19309
3980  0.19309
3990  0.19309
4000  0.19309
4010  0.19309
4020  0.19309
4030  0.19309
4040  0.19309
4050  0.19309
4060  0.19309
4070  0.19309
4080  0.192851
4090  0.192851
4100  0.192851
4110  0.192851
4120  0.192851
4130  0.192851
4140  0.192851
4150  0.192851
4160  0.192851
4170  0.192851
4180  0.192851
4190  0.192851
4200  0.192851
4210  0.192851
4220  0.192851
4230  0.192851
4240  0.192851
4250  0.192851
4260  0.192851
4270  0.192851
4280  0.192851
4290  0.192851
4300  0.192851
4310  0.192851
4320  0.192851
4330  0.192851
4340  0.192851
4350  0.192851
4360  0.192851
4370  0.192851
4380  0.192851
4390  0.192851
4400  0.192851
4410  0.192851
4420  0.192851
4430  0.192851
4440  0.192851
4450  0.192851
4460  0.192851
4470  0.192851
4480  0.192851
4490  0.192851
4500  0.192851
4510  0.192851
4520  0.192851
4530  0.192851
4540  0.192851
4550  0.192851
4560  0.192851
4570  0.192851
4580  0.192563
4590  0.192563
4600  0.190536
4610  0.190536
4620  0.190536
4630  0.190536
4640  0.190536
4650  0.190536
4660  0.190536
4670  0.190536
4680  0.190536
4690  0.190536
4700  0.190536
4710  0.190536
4720  0.190536
4730  0.190536
4740  0.190536
4750  0.190536
4760  0.190536
4770  0.190536
4780  0.190536
4790  0.190536
4800  0.190536
4810  0.190536
4820  0.190536
4830  0.190536
4840  0.190536
4850  0.190536
4860  0.190536
4870  0.190536
4880  0.190536
4890  0.190536
4900  0.190536
4910  0.190536
4920  0.190536
4930  0.190536
4940  0.190536
4950  0.190536
4960  0.190536
4970  0.190536
4980  0.190536
4990  0.189473
5000  0.189473
5010  0.189473
5020  0.189473
5030  0.189473
5040  0.189473
5050  0.189473
5060  0.189473
5070  0.18927
5080  0.18927
5090  0.18927
5100  0.18927
5110  0.18927
5120  0.18927
5130  0.18927
5140  0.18927
5150  0.18927
5160  0.18927
5170  0.18927
5180  0.188549
5190  0.188549
5200  0.188549
5210  0.188549
5220  0.188549
5230  0.188549
5240  0.188549
5250  0.188549
5260  0.188227
5270  0.188227
5280  0.188227
5290  0.188227
5300  0.188227
5310  0.188227
5320  0.188227
5330  0.188227
5340  0.188227
5350  0.188227
5360  0.188227
5370  0.188227
5380  0.188227
5390  0.188227
5400  0.187908
5410  0.187908
5420  0.187908
5430  0.18718
5440  0.18718
5450  0.18718
5460  0.186232
5470  0.186232
5480  0.186232
5490  0.184824
5500  0.184824
5510  0.184824
5520  0.184824
5530  0.184824
5540  0.184824
5550  0.184824
5560  0.184824
5570  0.184824
5580  0.184824
5590  0.184824
5600  0.184824
5610  0.184824
5620  0.184824
5630  0.184824
5640  0.184824
5650  0.184824
5660  0.184824
5670  0.184824
5680  0.184824
5690  0.184824
5700  0.184824
5710  0.184824
5720  0.184824
5730  0.184824
5740  0.184824
5750  0.184824
5760  0.184824
5770  0.184824
5780  0.184824
5790  0.184824
5800  0.184824
5810  0.184824
5820  0.184824
5830  0.184824
5840  0.184824
5850  0.184824
5860  0.184824
5870  0.184824
5880  0.184824
5890  0.184824
5900  0.184824
5910  0.184824
5920  0.184824
5930  0.184824
5940  0.184824
5950  0.184824
5960  0.184824
5970  0.184824
5980  0.184824
5990  0.184824
6000  0.184824
6010  0.184824
6020  0.184824
6030  0.184824
6040  0.184824
6050  0.184824
6060  0.184824
6070  0.184824
6080  0.184824
6090  0.184824
6100  0.184824
6110  0.184824
6120  0.184824
6130  0.184824
6140  0.184824
6150  0.184824
6160  0.184824
6170  0.184824
6180  0.184824
6190  0.184824
6200  0.184824
6210  0.184096
6220  0.184096
6230  0.184096
6240  0.184096
6250  0.184096
6260  0.184096
6270  0.183382
6280  0.183382
6290  0.183382
6300  0.183382
6310  0.183382
6320  0.183382
6330  0.183382
6340  0.183382
6350  0.183382
6360  0.183382
6370  0.183382
6380  0.183382
6390  0.183382
6400  0.183382
6410  0.183382
6420  0.183382
6430  0.183382
6440  0.183382
6450  0.183382
6460  0.183382
6470  0.183382
6480  0.183382
6490  0.183382
6500  0.183382
6510  0.183382
6520  0.183382
6530  0.183382
6540  0.183382
6550  0.183382
6560  0.183382
6570  0.183382
6580  0.183382
6590  0.183382
6600  0.183382
6610  0.183382
6620  0.183382
6630  0.183382
6640  0.183382
6650  0.183382
6660  0.183382
6670  0.183382
6680  0.183382
6690  0.183382
6700  0.183382
6710  0.183382
6720  0.183382
6730  0.183382
6740  0.183382
6750  0.183382
6760  0.183382
6770  0.18333
6780  0.18333
6790  0.18333
6800  0.18333
6810  0.18333
6820  0.18333
6830  0.18333
6840  0.18333
6850  0.18333
6860  0.18333
6870  0.18333
6880  0.18333
6890  0.18333
6900  0.18333
6910  0.18333
6920  0.18333
6930  0.18333
6940  0.18333
6950  0.18333
6960  0.18333
6970  0.18333
6980  0.18333
6990  0.18333
7000  0.18333
7010  0.18333
7020  0.18333
7030  0.18333
7040  0.18333
7050  0.182859
7060  0.182859
7070  0.182859
7080  0.182859
7090  0.182859
7100  0.182859
7110  0.182859
7120  0.182859
7130  0.182859
7140  0.182859
7150  0.182859
7160  0.182859
7170  0.182859
7180  0.182859
7190  0.182831
7200  0.181035
7210  0.181035
7220  0.181035
7230  0.181035
7240  0.181035
7250  0.181035
7260  0.181035
7270  0.181035
7280  0.181035
7290  0.181035
7300  0.181035
7310  0.181035
7320  0.181035
7330  0.181035
7340  0.181035
7350  0.181035
7360  0.181035
7370  0.181035
7380  0.181035
7390  0.181035
7400  0.181035
7410  0.181035
7420  0.181035
7430  0.181035
7440  0.181035
7450  0.181035
7460  0.181035
7470  0.181035
7480  0.181035
7490  0.181035
7500  0.181035
7510  0.181035
7520  0.181035
7530  0.181035
7540  0.181035
7550  0.181035
7560  0.181035
7570  0.181035
7580  0.181035
7590  0.181035
7600  0.181035
7610  0.181035
7620  0.181035
7630  0.181035
7640  0.181035
7650  0.181035
7660  0.180083
7670  0.180083
7680  0.180083
7690  0.180083
7700  0.180083
7710  0.180083
7720  0.180083
7730  0.180083
7740  0.180083
7750  0.180083
7760  0.180083
7770  0.180083
7780  0.180083
7790  0.180083
7800  0.180083
7810  0.180083
7820  0.180083
7830  0.180083
7840  0.180083
7850  0.180083
7860  0.180083
7870  0.180083
7880  0.180083
7890  0.180083
7900  0.180083
7910  0.180083
7920  0.180083
7930  0.180083
7940  0.180083
7950  0.180083
7960  0.180083
7970  0.180083
7980  0.180083
7990  0.180083
8000  0.180083
8010  0.180083
8020  0.180083
8030  0.180083
8040  0.180083
8050  0.180083
8060  0.180083
8070  0.180083
8080  0.180083
8090  0.180083
8100  0.180083
8110  0.180083
8120  0.180083
8130  0.180083
8140  0.180083
8150  0.180083
8160  0.180083
8170  0.180083
8180  0.180083
8190  0.180083
8200  0.180083
8210  0.180083
8220  0.180083
8230  0.180083
8240  0.180083
8250  0.180083
8260  0.180083
8270  0.180083
8280  0.180083
8290  0.180083
8300  0.180083
8310  0.180083
8320  0.180083
8330  0.180083
8340  0.180083
8350  0.180083
8360  0.180083
8370  0.180083
8380  0.180083
8390  0.180083
8400  0.180083
8410  0.180083
8420  0.180083
8430  0.180083
8440  0.180083
8450  0.180083
8460  0.180083
8470  0.180083
8480  0.180079
8490  0.180079
8500  0.180079
8510  0.180079
8520  0.180079
8530  0.180079
8540  0.180079
8550  0.180079
8560  0.180079
8570  0.180079
8580  0.180079
8590  0.180079
8600  0.180079
8610  0.180079
8620  0.180079
8630  0.180079
8640  0.180079
8650  0.180079
8660  0.180079
8670  0.180079
8680  0.180079
8690  0.180079
8700  0.180079
8710  0.180079
8720  0.180079
8730  0.180051
8740  0.180051
8750  0.17769
8760  0.17769
8770  0.17769
8780  0.17769
8790  0.17769
8800  0.17769
8810  0.17769
8820  0.17769
8830  0.17769
8840  0.17769
8850  0.17769
8860  0.17769
8870  0.17769
8880  0.17769
8890  0.17769
8900  0.17769
8910  0.17769
8920  0.17769
8930  0.17769
8940  0.17769
8950  0.17769
8960  0.17769
8970  0.17769
8980  0.17769
8990  0.17769
9000  0.17769
9010  0.17769
9020  0.17769
9030  0.17769
9040  0.17769
9050  0.17769
9060  0.17769
9070  0.17769
9080  0.17769
9090  0.17769
9100  0.17769
9110  0.17769
9120  0.17769
9130  0.17769
9140  0.17769
9150  0.17769
9160  0.17769
9170  0.17769
9180  0.17769
9190  0.17769
9200  0.17769
9210  0.17769
9220  0.17742
9230  0.17742
9240  0.17742
9250  0.17742
9260  0.17742
9270  0.17742
9280  0.17742
9290  0.17742
9300  0.17742
9310  0.17742
9320  0.17742
9330  0.17742
9340  0.17742
9350  0.17742
9360  0.17742
9370  0.17742
9380  0.17742
9390  0.17742
9400  0.17742
9410  0.17742
9420  0.17742
9430  0.17742
9440  0.17742
9450  0.17742
9460  0.17742
9470  0.17742
9480  0.17742
9490  0.17742
9500  0.17742
9510  0.17742
9520  0.17742
9530  0.17742
9540  0.17742
9550  0.17742
9560  0.17742
9570  0.17742
9580  0.17742
9590  0.17742
9600  0.17742
9610  0.17742
9620  0.17742
9630  0.17742
9640  0.17742
9650  0.17742
9660  0.17742
9670  0.17742
9680  0.17742
9690  0.17742
9700  0.17742
9710  0.17742
9720  0.17742
9730  0.17742
9740  0.17742
9750  0.17742
9760  0.17742
9770  0.17742
9780  0.17742
9790  0.17742
9800  0.17742
9810  0.17742
9820  0.17742
9830  0.17742
9840  0.17742
9850  0.17742
9860  0.17742
9870  0.17742
9880  0.17742
9890  0.17742
9900  0.17742
9910  0.17742
9920  0.17742
9930  0.17742
9940  0.17742
9950  0.17742
9960  0.17742
9970  0.17742
9980  0.17742
9990  0.17742
10000  0.17742
10010  0.17742
10020  0.17742
10030  0.17742
10040  0.176576
10050  0.176576
10060  0.176576
10070  0.176576
10080  0.176576
10090  0.176576
10100  0.176576
10110  0.176576
10120  0.176576
10130  0.176576
10140  0.176576
10150  0.176576
10160  0.176576
10170  0.176576
10180  0.176576
10190  0.176576
10200  0.176576
10210  0.176576
10220  0.176576
10230  0.176576
10240  0.176576
10250  0.176576
10260  0.176576
10270  0.176576
10280  0.176576
10290  0.176576
10300  0.176576
10310  0.176576
10320  0.176576
10330  0.176576
10340  0.176576
10350  0.176576
10360  0.176576
10370  0.176576
10380  0.176576
10390  0.176576
10400  0.176576
10410  0.176576
10420  0.176576
10430  0.176576
10440  0.176576
10450  0.176576
10460  0.176576
10470  0.176576
10480  0.176576
10490  0.176576
10500  0.176576
10510  0.176576
10520  0.176576
10530  0.176576
10540  0.176576
10550  0.176576
10560  0.176576
10570  0.176576
10580  0.176576
10590  0.176576
10600  0.176393
10610  0.176393
10620  0.176393
10630  0.176393
10640  0.176393
10650  0.176393
10660  0.176393
10670  0.176393
10680  0.176393
10690  0.176393
10700  0.176393
10710  0.176393
10720  0.176393
10730  0.176393
10740  0.176393
10750  0.176393
10760  0.176393
10770  0.176393
10780  0.176393
10790  0.176393
10800  0.176393
10810  0.176393
10820  0.176393
10830  0.176393
10840  0.176393
10850  0.176393
10860  0.176393
10870  0.176393
10880  0.176393
10890  0.176393
10900  0.176393
10910  0.176393
10920  0.176393
10930  0.176393
10940  0.176393
10950  0.176393
10960  0.176393
10970  0.176393
10980  0.176393
10990  0.176393
11000  0.176393
11010  0.176393
11020  0.176393
11030  0.176393
11040  0.176393
11050  0.176393
11060  0.176393
11070  0.176393
11080  0.176393
11090  0.176393
11100  0.176393
11110  0.176393
11120  0.176393
11130  0.176393
11140  0.176393
11150  0.176393
11160  0.176393
11170  0.176393
11180  0.176393
11190  0.176393
11200  0.176393
11210  0.176393
11220  0.176393
11230  0.176393
11240  0.176393
11250  0.176393
11260  0.176393
11270  0.176393
11280  0.176393
11290  0.176393
11300  0.176393
11310  0.176393
11320  0.176393
11330  0.176393
11340  0.176393
11350  0.176393
11360  0.176393
11370  0.176393
11380  0.176393
11390  0.176393
11400  0.176393
11410  0.176393
11420  0.176393
11430  0.176393
11440  0.176393
11450  0.176393
11460  0.176393
11470  0.176393
11480  0.176393
11490  0.176393
11500  0.176393
11510  0.176393
11520  0.176393
11530  0.176393
11540  0.176393
11550  0.176393
11560  0.176393
11570  0.176393
11580  0.176393
11590  0.176393
11600  0.176393
11610  0.176393
11620  0.176393
11630  0.176393
11640  0.176393
11650  0.176393
11660  0.176393
11670  0.176393
11680  0.176393
11690  0.176393
11700  0.176393
11710  0.176393
11720  0.176393
11730  0.176393
11740  0.176393
11750  0.176393
11760  0.176393
11770  0.176393
11780  0.176393
11790  0.176393
11800  0.176393
11810  0.176393
11820  0.176393
11830  0.176393
11840  0.176393
11850  0.176393
11860  0.176393
11870  0.176393
11880  0.176393
11890  0.176393
11900  0.176393
11910  0.176393
11920  0.176393
11930  0.176393
11940  0.176393
11950  0.176393
11960  0.176393
11970  0.176393
11980  0.176393
11990  0.176393
12000  0.176393
12010  0.176393
12020  0.176393
12030  0.176393
12040  0.176393
12050  0.176393
12060  0.176393
12070  0.176393
12080  0.176393
12090  0.176393
12100  0.176393
12110  0.176393
12120  0.176393
12130  0.176393
12140  0.176393
12150  0.176393
12160  0.176393
12170  0.176393
12180  0.176393
12190  0.176393
12200  0.176393
12210  0.176393
12220  0.176393
12230  0.176393
12240  0.176393
12250  0.176393
12260  0.176393
12270  0.176393
12280  0.176393
12290  0.176393
12300  0.176393
12310  0.176393
12320  0.176393
12330  0.176393
12340  0.176393
12350  0.176393
12360  0.176393
12370  0.176393
12380  0.176393
12390  0.176393
12400  0.176393
12410  0.176393
12420  0.176393
12430  0.176393
12440  0.176393
12450  0.176393
12460  0.176393
12470  0.176393
12480  0.176393
12490  0.176393
12500  0.176393
12510  0.176393
12520  0.176393
12530  0.176393
12540  0.176393
12550  0.176393
12560  0.176393
12570  0.176393
12580  0.176393
12590  0.176393
12600  0.176393
12610  0.176393
12620  0.176393
12630  0.176393
12640  0.176393
12650  0.176393
12660  0.176393
12670  0.176393
12680  0.176393
12690  0.176393
12700  0.176393
12710  0.176393
12720  0.176393
12730  0.176393
12740  0.176393
12750  0.176393
12760  0.176393
12770  0.176393
12780  0.176393
12790  0.176393
12800  0.176393
12810  0.176393
12820  0.176393
12830  0.176393
12840  0.176393
12850  0.176393
12860  0.176393
12870  0.176393
12880  0.176393
12890  0.176393
12900  0.176393
12910  0.176393
12920  0.176393
12930  0.176393
12940  0.176393
12950  0.176393
12960  0.176393
12970  0.176393
12980  0.176393
12990  0.176393
13000  0.176393
13010  0.176393
13020  0.176393
13030  0.176393
13040  0.176393
13050  0.176393
13060  0.176393
13070  0.176393
13080  0.176393
13090  0.176393
13100  0.176393
13110  0.176393
13120  0.176393
13130  0.176393
13140  0.176393
13150  0.176393
13160  0.176393
13170  0.176393
13180  0.176393
13190  0.176393
13200  0.176393
13210  0.176393
13220  0.176393
13230  0.176393
13240  0.176393
13250  0.176393
13260  0.176393
13270  0.176393
13280  0.176393
13290  0.176393
13300  0.176393
13310  0.176393
13320  0.176393
13330  0.176393
13340  0.176393
13350  0.176393
13360  0.176393
13370  0.176393
13380  0.176393
13390  0.176393
13400  0.176393
13410  0.176393
13420  0.176393
13430  0.176393
13440  0.176393
13450  0.176393
13460  0.176393
13470  0.176393
13480  0.176393
13490  0.176393
13500  0.176393
13510  0.176393
13520  0.176393
13530  0.176393
13540  0.176393
13550  0.176393
13560  0.176393
13570  0.176393
13580  0.176393
13590  0.176393
13600  0.176393
13610  0.176393
13620  0.176393
13630  0.176393
13640  0.176393
13650  0.176393
13660  0.176393
13670  0.176393
13680  0.176393
13690  0.176393
13700  0.176393
13710  0.176393
13720  0.176393
13730  0.176393
13740  0.176393
13750  0.176393
13760  0.176393
13770  0.176393
13780  0.176393
13790  0.176393
13800  0.176393
13810  0.176393
13820  0.176393
13830  0.176393
13840  0.176393
13850  0.176393
13860  0.176393
13870  0.176393
13880  0.176393
13890  0.176393
13900  0.176393
13910  0.176393
13920  0.176393
13930  0.176393
13940  0.176393
13950  0.176393
13960  0.176393
13970  0.176393
13980  0.176393
13990  0.176393
14000  0.176393
14010  0.176393
14020  0.176393
14030  0.176393
14040  0.176393
14050  0.176393
14060  0.176393
14070  0.176393
14080  0.176393
14090  0.176393
14100  0.176393
14110  0.176393
14120  0.176393
14130  0.176393
14140  0.176393
14150  0.176393
14160  0.176393
14170  0.176393
14180  0.176393
14190  0.176393
14200  0.176393
14210  0.176393
14220  0.176393
14230  0.176393
14240  0.176393
14250  0.176393
14260  0.176393
14270  0.176393
14280  0.176393
14290  0.176393
14300  0.176393
14310  0.176393
14320  0.176393
14330  0.176393
14340  0.176393
14350  0.176393
14360  0.176393
14370  0.176393
14380  0.176393
14390  0.176393
14400  0.176393
14410  0.176393
14420  0.176393
14430  0.176393
14440  0.176393
14450  0.176393
14460  0.176393
14470  0.176393
14480  0.176393
14490  0.176393
14500  0.176393
14510  0.176393
14520  0.176393
14530  0.176393
14540  0.176393
14550  0.176393
14560  0.176393
14570  0.176393
14580  0.176393
14590  0.176393
14600  0.176393
14610  0.176393
14620  0.176393
14630  0.176393
14640  0.176393
14650  0.176393
14660  0.176393
14670  0.176393
14680  0.176393
14690  0.176393
14700  0.176393
14710  0.176393
14720  0.176393
14730  0.176393
14740  0.176393
14750  0.176393
14760  0.176393
14770  0.176393
14780  0.176393
14790  0.176393
14800  0.176393
14810  0.176393
14820  0.176393
14830  0.176393
14840  0.176393
14850  0.176393
14860  0.176393
14870  0.176393
14880  0.176393
14890  0.176393
14900  0.176393
14910  0.176393
14920  0.176393
14930  0.176393
14940  0.176393
14950  0.176393
14960  0.176393
14970  0.176393
14980  0.176393
14990  0.176393
15000  0.176393
15010  0.176393
15020  0.176393
15030  0.176393
15040  0.176393
15050  0.176393
15060  0.176393
15070  0.176393
15080  0.176393
15090  0.176393
15100  0.176393
15110  0.176393
15120  0.176393
15130  0.176393
15140  0.176393
15150  0.176393
15160  0.176393
15170  0.176393
15180  0.176393
15190  0.176261
15200  0.176261
15210  0.176261
15220  0.176261
15230  0.176261
15240  0.176261
15250  0.176261
15260  0.176261
15270  0.176261
15280  0.176261
15290  0.176261
15300  0.176261
15310  0.176261
15320  0.176261
15330  0.176261
15340  0.176261
15350  0.176261
15360  0.176261
15370  0.176261
15380  0.176261
15390  0.176261
15400  0.176261
15410  0.176261
15420  0.176261
15430  0.176261
15440  0.176261
15450  0.176261
15460  0.176261
15470  0.176261
15480  0.176261
15490  0.176261
15500  0.176261
15510  0.176261
15520  0.176261
15530  0.176261
15540  0.176261
15550  0.176261
15560  0.176261
15570  0.176261
15580  0.176261
15590  0.176261
15600  0.176261
15610  0.176261
15620  0.176261
15630  0.176261
15640  0.176261
15650  0.176261
15660  0.176261
15670  0.176261
15680  0.176261
15690  0.176261
15700  0.176261
15710  0.176261
15720  0.176261
15730  0.176261
15740  0.176261
15750  0.176261
15760  0.176261
15770  0.176261
15780  0.176261
15790  0.176261
15800  0.176261
15810  0.176261
15820  0.176261
15830  0.176261
15840  0.176261
15850  0.176261
15860  0.176261
15870  0.176261
15880  0.176261
15890  0.176261
15900  0.176261
15910  0.176261
15920  0.176261
15930  0.176261
15940  0.176261
15950  0.176261
15960  0.176261
15970  0.176261
15980  0.176261
15990  0.176261
16000  0.176261
16010  0.176261
16020  0.176261
16030  0.176261
16040  0.176261
16050  0.176261
16060  0.176261
16070  0.176261
16080  0.176261
16090  0.176261
16100  0.176261
16110  0.176261
16120  0.176261
16130  0.176261
16140  0.176261
16150  0.176261
16160  0.176261
16170  0.176261
16180  0.176261
16190  0.176261
16200  0.176261
16210  0.176261
16220  0.176261
16230  0.176261
16240  0.176261
16250  0.176261
16260  0.176261
16270  0.176261
16280  0.176261
16290  0.176261
16300  0.176261
16310  0.176261
16320  0.176261
16330  0.176261
16340  0.176261
16350  0.176261
16360  0.176261
16370  0.176261
16380  0.176261
16390  0.176261
16400  0.176261
16410  0.176261
16420  0.176261
16430  0.176261
16440  0.176261
16450  0.174463
16460  0.174463
16470  0.174463
16480  0.174463
16490  0.174463
16500  0.174463
16510  0.174463
16520  0.174463
16530  0.174463
16540  0.174463
16550  0.174463
16560  0.174463
16570  0.174463
16580  0.174463
16590  0.174463
16600  0.174463
16610  0.174463
16620  0.174463
16630  0.174463
16640  0.174463
16650  0.174463
16660  0.174463
16670  0.174463
16680  0.174463
16690  0.174463
16700  0.174463
16710  0.174463
16720  0.174463
16730  0.174463
16740  0.174463
16750  0.174463
16760  0.174463
16770  0.174463
16780  0.174463
16790  0.174463
16800  0.174463
16810  0.174463
16820  0.174463
16830  0.174463
16840  0.174463
16850  0.174463
16860  0.174463
16870  0.174463
16880  0.174463
16890  0.174463
16900  0.174463
16910  0.174463
16920  0.174463
16930  0.174463
16940  0.174463
16950  0.174463
16960  0.174463
16970  0.174463
16980  0.174463
16990  0.174463
17000  0.174463
17010  0.174463
17020  0.174463
17030  0.174463
17040  0.174463
17050  0.174463
17060  0.174463
17070  0.174463
17080  0.174463
17090  0.174463
17100  0.174463
17110  0.174463
17120  0.174463
17130  0.174463
17140  0.174463
17150  0.174463
17160  0.174463
17170  0.174463
17180  0.174463
17190  0.174463
17200  0.174463
17210  0.174463
17220  0.174463
17230  0.174463
17240  0.174463
17250  0.174463
17260  0.174463
17270  0.174463
17280  0.174463
17290  0.174463
17300  0.174463
17310  0.174463
17320  0.174463
17330  0.174463
17340  0.174463
17350  0.174463
17360  0.174463
17370  0.174463
17380  0.174463
17390  0.174463
17400  0.174463
17410  0.174463
17420  0.174463
17430  0.174463
17440  0.174463
17450  0.174463
17460  0.174463
17470  0.174463
17480  0.174463
17490  0.174463
17500  0.174463
17510  0.174463
17520  0.174463
17530  0.174463
17540  0.174463
17550  0.174463
17560  0.174463
17570  0.174463
17580  0.174463
17590  0.174463
17600  0.174463
17610  0.174463
17620  0.174463
17630  0.174463
17640  0.174463
17650  0.174463
17660  0.174463
17670  0.174463
17680  0.174463
17690  0.174463
17700  0.174463
17710  0.174463
17720  0.174463
17730  0.174463
17740  0.174463
17750  0.174463
17760  0.174463
17770  0.174463
17780  0.174463
17790  0.174463
17800  0.174463
17810  0.174463
17820  0.174463
17830  0.174463
17840  0.174463
17850  0.174463
17860  0.174463
17870  0.174463
17880  0.174463
17890  0.174463
17900  0.174463
17910  0.174463
17920  0.174463
17930  0.174463
17940  0.174463
17950  0.174463
17960  0.174463
17970  0.174463
17980  0.174463
17990  0.174463
18000  0.174463
18010  0.174463
18020  0.174463
18030  0.174463
18040  0.174463
18050  0.174463
18060  0.174463
18070  0.174463
18080  0.174463
18090  0.174463
18100  0.174463
18110  0.174463
18120  0.174463
18130  0.174463
18140  0.174463
18150  0.174463
18160  0.174463
18170  0.174463
18180  0.174463
18190  0.174463
18200  0.174463
18210  0.174463
18220  0.174463
18230  0.174463
18240  0.174463
18250  0.174463
18260  0.174463
18270  0.174463
18280  0.174463
18290  0.174463
18300  0.174463
18310  0.174463
18320  0.174463
18330  0.174463
18340  0.174463
18350  0.174463
18360  0.174463
18370  0.174463
18380  0.174463
18390  0.174463
18400  0.174463
18410  0.17438
18420  0.17438
18430  0.17438
18440  0.17438
18450  0.17438
18460  0.17438
18470  0.17438
18480  0.17438
18490  0.17438
18500  0.17438
18510  0.17438
18520  0.17438
18530  0.17438
18540  0.17438
18550  0.17438
18560  0.17438
18570  0.17438
18580  0.17438
18590  0.17438
18600  0.173583
18610  0.173583
18620  0.173583
18630  0.173583
18640  0.173583
18650  0.173583
18660  0.173583
18670  0.173583
18680  0.173583
18690  0.173583
18700  0.173583
18710  0.173583
18720  0.173583
18730  0.173583
18740  0.173583
18750  0.173583
18760  0.173583
18770  0.173583
18780  0.173583
18790  0.173583
18800  0.173583
18810  0.173583
18820  0.173583
18830  0.173583
18840  0.173583
18850  0.173583
18860  0.173583
18870  0.173583
18880  0.173583
18890  0.173583
18900  0.173583
18910  0.173583
18920  0.173583
18930  0.173583
18940  0.173583
18950  0.173583
18960  0.173583
18970  0.173583
18980  0.173583
18990  0.173583
19000  0.173583
19010  0.173583
19020  0.173583
19030  0.173583
19040  0.173583
19050  0.173583
19060  0.173583
19070  0.173583
19080  0.173583
19090  0.173583
19100  0.173583
19110  0.173583
19120  0.173583
19130  0.173583
19140  0.173583
19150  0.173583
19160  0.173583
19170  0.173583
19180  0.173583
19190  0.173583
19200  0.173583
19210  0.173583
19220  0.173583
19230  0.173583
19240  0.173583
19250  0.173583
19260  0.173583
19270  0.173583
19280  0.173583
19290  0.173583
19300  0.173583
19310  0.173583
19320  0.173583
19330  0.173583
19340  0.173583
19350  0.173583
19360  0.173583
19370  0.173583
19380  0.173583
19390  0.173583
19400  0.173583
19410  0.173583
19420  0.173583
19430  0.173583
19440  0.173583
19450  0.173583
19460  0.173583
19470  0.173583
19480  0.173583
19490  0.173583
19500  0.173583
19510  0.173583
19520  0.173583
19530  0.173583
19540  0.173583
19550  0.173583
19560  0.173583
19570  0.173583
19580  0.173583
19590  0.173583
19600  0.173583
19610  0.173583
19620  0.173583
19630  0.173583
19640  0.173583
19650  0.173583
19660  0.173583
19670  0.173583
19680  0.173583
19690  0.173583
19700  0.173583
19710  0.173583
19720  0.173583
19730  0.173583
19740  0.173583
19750  0.173583
19760  0.173583
19770  0.173583
19780  0.173583
19790  0.173583
19800  0.173583
19810  0.173583
19820  0.173583
19830  0.173583
19840  0.173583
19850  0.173583
19860  0.173583
19870  0.173583
19880  0.173583
19890  0.173583
19900  0.173583
19910  0.173583
19920  0.173583
19930  0.173583
19940  0.173583
19950  0.173583
19960  0.173583
19970  0.173583
19980  0.173583
19990  0.173583
20000  0.173583
20010  0.173583
20020  0.173583
20030  0.173583
20040  0.173583
20050  0.173583
20060  0.173583
20070  0.173583
20080  0.173583
20090  0.173583
20100  0.173583
20110  0.173583
20120  0.173583
20130  0.173583
20140  0.173583
20150  0.173583
20160  0.173583
20170  0.173583
20180  0.173583
20190  0.173583
20200  0.173583
20210  0.173583
20220  0.173583
20230  0.173583
20240  0.173583
20250  0.173583
20260  0.173583
20270  0.173583
20280  0.173583
20290  0.173583
20300  0.173583
20310  0.173583
20320  0.173583
20330  0.173583
20340  0.173583
20350  0.173583
20360  0.173583
20370  0.173583
20380  0.173583
20390  0.173583
20400  0.173583
20410  0.173583
20420  0.173583
20430  0.173583
20440  0.173583
20450  0.173583
20460  0.173583
20470  0.173583
20480  0.173583
20490  0.173583
20500  0.173583
20510  0.173583
20520  0.173583
20530  0.173583
20540  0.173583
20550  0.173583
20560  0.173583
20570  0.173583
20580  0.173583
20590  0.173583
20600  0.173583
20610  0.173583
20620  0.173583
20630  0.173583
20640  0.173583
20650  0.173583
20660  0.173583
20670  0.173583
20680  0.173583
20690  0.173583
20700  0.173583
20710  0.173583
20720  0.173583
20730  0.173583
20740  0.173583
20750  0.173583
20760  0.173583
20770  0.173583
20780  0.173583
20790  0.173583
20800  0.173583
20810  0.173583
20820  0.173583
20830  0.173583
20840  0.173583
20850  0.173583
20860  0.173583
20870  0.173583
20880  0.173583
20890  0.173583
20900  0.173583
20910  0.173583
20920  0.173583
20930  0.173583
20940  0.173583
20950  0.173583
20960  0.173583
20970  0.173583
20980  0.173583
20990  0.173583
21000  0.173583
21010  0.173583
21020  0.173583
21030  0.173583
21040  0.173583
21050  0.173583
21060  0.173583
21070  0.173583
21080  0.173583
21090  0.173583
21100  0.173583
21110  0.173583
21120  0.173583
21130  0.173583
21140  0.173583
21150  0.173583
21160  0.173583
21170  0.173583
21180  0.173583
21190  0.173583
21200  0.173583
21210  0.173583
21220  0.173583
21230  0.173583
21240  0.173583
21250  0.173583
21260  0.173583
21270  0.173583
21280  0.173583
21290  0.173583
21300  0.173583
21310  0.173583
21320  0.173583
21330  0.173583
21340  0.173583
21350  0.173583
21360  0.173583
21370  0.173583
21380  0.173583
21390  0.173583
21400  0.173583
21410  0.173583
21420  0.173583
21430  0.173583
21440  0.173583
21450  0.173583
21460  0.173583
21470  0.173583
21480  0.173583
21490  0.173583
21500  0.173583
21510  0.173583
21520  0.173583
21530  0.173583
21540  0.173583
21550  0.173583
21560  0.173583
21570  0.173583
21580  0.173583
21590  0.173583
21600  0.173583
21610  0.173583
21620  0.173583
21630  0.173583
21640  0.173583
21650  0.173583
21660  0.173583
21670  0.173583
21680  0.173583
21690  0.173583
21700  0.173583
21710  0.173583
21720  0.173583
21730  0.173583
21740  0.173583
21750  0.173583
21760  0.173583
21770  0.173583
21780  0.173583
21790  0.173583
21800  0.173583
21810  0.173583
21820  0.173583
21830  0.173583
21840  0.173583
21850  0.173583
21860  0.173583
21870  0.173583
21880  0.173583
21890  0.173583
21900  0.173583
21910  0.173583
21920  0.173583
21930  0.173583
21940  0.173583
21950  0.173583
21960  0.173583
21970  0.173583
21980  0.173583
21990  0.173583
22000  0.173583
22010  0.173583
22020  0.173583
22030  0.173583
22040  0.173583
22050  0.173583
22060  0.173583
22070  0.173583
22080  0.173583
22090  0.173583
22100  0.173583
22110  0.173583
22120  0.173583
22130  0.173583
22140  0.173583
22150  0.173583
22160  0.173583
22170  0.173583
22180  0.173583
22190  0.173583
22200  0.173583
22210  0.173583
22220  0.173583
22230  0.173583
22240  0.173583
22250  0.173583
22260  0.173583
22270  0.173583
22280  0.173583
22290  0.173583
22300  0.173583
22310  0.173583
22320  0.173583
22330  0.173583
22340  0.173583
22350  0.173583
22360  0.173583
22370  0.173583
22380  0.173583
22390  0.173583
22400  0.173583
22410  0.173583
22420  0.173583
22430  0.173583
22440  0.173583
22450  0.173583
22460  0.173583
22470  0.173583
22480  0.173583
22490  0.173583
22500  0.173583
22510  0.173583
22520  0.173583
22530  0.173583
22540  0.173583
22550  0.173583
22560  0.173583
22570  0.173583
22580  0.173583
22590  0.173583
22600  0.173583
22610  0.173583
22620  0.173583
22630  0.173583
22640  0.173583
22650  0.173583
22660  0.173583
22670  0.173583
22680  0.173583
22690  0.173583
22700  0.173583
22710  0.173583
22720  0.173583
22730  0.173583
22740  0.173583
22750  0.173583
22760  0.173583
22770  0.173583
22780  0.173583
22790  0.173583
22800  0.173583
22810  0.173583
22820  0.173583
22830  0.173583
22840  0.173583
22850  0.173583
22860  0.173583
22870  0.173583
22880  0.173583
22890  0.173583
22900  0.173583
22910  0.173583
22920  0.173583
22930  0.173583
22940  0.173583
22950  0.173583
22960  0.173583
22970  0.173583
22980  0.173583
22990  0.173583
23000  0.173583
23010  0.173583
23020  0.173583
23030  0.173583
23040  0.173583
23050  0.173583
23060  0.173583
23070  0.173583
23080  0.173583
23090  0.173583
23100  0.173583
23110  0.173583
23120  0.173583
23130  0.173583
23140  0.173583
23150  0.173583
23160  0.173583
23170  0.173583
23180  0.173583
23190  0.173583
23200  0.173583
23210  0.173583
23220  0.173583
23230  0.173583
23240  0.173583
23250  0.173583
23260  0.173583
23270  0.173583
23280  0.173583
23290  0.173583
23300  0.173583
23310  0.173583
23320  0.173583
23330  0.173583
23340  0.173583
23350  0.173583
23360  0.173583
23370  0.173583
23380  0.173583
23390  0.173583
23400  0.173583
23410  0.173583
23420  0.173583
23430  0.173583
23440  0.173583
23450  0.173583
23460  0.173583
23470  0.173583
23480  0.173583
23490  0.173583
23500  0.173583
23510  0.173583
23520  0.173583
23530  0.173583
23540  0.173583
23550  0.173583
23560  0.173583
23570  0.173583
23580  0.173583
23590  0.173583
23600  0.173583
23610  0.173583
23620  0.173583
23630  0.173583
23640  0.173583
23650  0.173583
23660  0.173583
23670  0.173583
23680  0.173583
23690  0.173583
23700  0.173583
23710  0.173583
23720  0.173583
23730  0.173583
23740  0.173583
23750  0.173583
23760  0.173583
23770  0.173583
23780  0.173583
23790  0.173583
23800  0.173583
23810  0.173583
23820  0.173583
23830  0.173583
23840  0.173583
23850  0.173583
23860  0.173583
23870  0.173583
23880  0.173583
23890  0.173583
23900  0.173583
23910  0.173583
23920  0.173583
23930  0.173583
23940  0.173583
23950  0.173583
23960  0.173583
23970  0.173583
23980  0.173583
23990  0.173583
24000  0.173583
24010  0.173583
24020  0.173583
24030  0.173583
24040  0.173583
24050  0.173583
24060  0.173583
24070  0.173583
24080  0.173583
24090  0.173583
24100  0.173583
24110  0.173583
24120  0.173583
24130  0.173583
24140  0.173583
24150  0.173583
24160  0.173583
24170  0.173583
24180  0.173583
24190  0.173583
24200  0.173583
24210  0.173583
24220  0.173583
24230  0.173583
24240  0.173583
24250  0.173583
24260  0.173583
24270  0.173583
24280  0.173583
24290  0.173583
24300  0.173583
24310  0.173583
24320  0.173583
24330  0.173583
24340  0.173583
24350  0.173583
24360  0.173583
24370  0.173583
24380  0.173583
24390  0.173583
24400  0.173583
24410  0.173583
24420  0.173583
24430  0.173583
24440  0.173583
24450  0.173583
24460  0.173583
24470  0.173583
24480  0.173583
24490  0.173583
24500  0.173583
24510  0.173583
24520  0.173583
24530  0.173583
24540  0.173583
24550  0.173583
24560  0.173583
24570  0.173583
24580  0.173583
24590  0.173583
24600  0.173583
24610  0.173583
24620  0.173583
24630  0.173583
24640  0.173583
24650  0.173583
24660  0.173583
24670  0.173583
24680  0.173583
24690  0.173583
24700  0.173583
24710  0.173583
24720  0.173583
24730  0.173583
24740  0.173583
24750  0.173583
24760  0.173583
24770  0.173583
24780  0.173583
24790  0.173583
24800  0.173583
24810  0.173583
24820  0.173583
24830  0.173583
24840  0.173583
24850  0.173583
24860  0.173583
24870  0.173583
24880  0.173583
24890  0.173583
24900  0.173583
24910  0.173583
24920  0.173583
24930  0.173583
24940  0.173583
24950  0.173583
24960  0.173583
24970  0.173583
24980  0.173583
24990  0.173583
25000  0.173583
25010  0.173583
25020  0.173583
25030  0.173583
25040  0.173583
25050  0.173583
25060  0.173583
25070  0.173583
25080  0.173583
25090  0.173583
25100  0.173583
25110  0.173583
25120  0.173583
25130  0.173583
25140  0.173583
25150  0.173583
25160  0.173583
25170  0.173583
25180  0.173583
25190  0.173583
25200  0.173583
25210  0.173583
25220  0.173583
25230  0.173583
25240  0.173583
25250  0.173583
25260  0.173583
25270  0.173583
25280  0.173583
25290  0.173583
25300  0.173583
25310  0.173583
25320  0.173583
25330  0.173583
25340  0.173583
25350  0.173583
25360  0.173583
25370  0.173583
25380  0.173583
25390  0.173583
25400  0.173583
25410  0.173583
25420  0.173583
25430  0.173583
25440  0.173583
25450  0.173583
25460  0.173583
25470  0.173583
25480  0.173583
25490  0.173583
25500  0.173583
25510  0.173583
25520  0.173583
25530  0.173583
25540  0.173583
25550  0.173583
25560  0.173583
25570  0.173583
25580  0.173583
25590  0.173583
25600  0.173583
25610  0.173583
25620  0.173583
25630  0.173583
25640  0.173583
25650  0.173583
25660  0.173583
25670  0.173583
25680  0.173583
25690  0.173583
25700  0.173583
25710  0.173583
25720  0.173583
25730  0.173583
25740  0.173583
25750  0.173583
25760  0.173583
25770  0.173583
25780  0.173583
25790  0.173583
25800  0.173583
25810  0.173583
25820  0.173583
25830  0.173583
25840  0.173583
25850  0.173583
25860  0.173583
25870  0.173583
25880  0.173583
25890  0.173583
25900  0.173583
25910  0.173583
25920  0.173583
25930  0.173583
25940  0.173583
25950  0.173583
25960  0.173583
25970  0.173583
25980  0.173583
25990  0.173583
26000  0.173583
26010  0.173583
26020  0.173583
26030  0.173583
26040  0.173583
26050  0.173583
26060  0.173583
26070  0.173583
26080  0.173583
26090  0.173583
26100  0.173583
26110  0.173583
26120  0.173583
26130  0.173583
26140  0.173583
26150  0.173583
26160  0.173583
26170  0.173583
26180  0.173583
26190  0.173583
26200  0.173583
26210  0.173583
26220  0.173583
26230  0.173583
26240  0.173583
26250  0.173583
26260  0.173583
26270  0.173583
26280  0.173583
26290  0.173583
26300  0.173583
26310  0.173583
26320  0.173583
26330  0.173583
26340  0.173583
26350  0.173583
26360  0.173583
26370  0.173583
26380  0.173583
26390  0.173583
26400  0.173583
26410  0.173583
26420  0.173583
26430  0.173583
26440  0.173583
26450  0.173583
26460  0.173583
26470  0.173583
26480  0.173583
26490  0.173583
26500  0.173583
26510  0.173583
26520  0.173583
26530  0.173583
26540  0.173583
26550  0.173583
26560  0.173583
26570  0.173583
26580  0.173583
26590  0.173583
26600  0.173583
26610  0.173583
26620  0.173583
26630  0.173583
26640  0.173583
26650  0.173583
26660  0.173583
26670  0.173583
26680  0.173583
26690  0.173583
26700  0.173583
26710  0.173583
26720  0.173583
26730  0.173583
26740  0.173583
26750  0.173583
26760  0.173583
26770  0.173583
26780  0.173583
26790  0.173583
26800  0.173583
26810  0.173583
26820  0.173583
26830  0.173583
26840  0.173583
26850  0.173583
26860  0.173583
26870  0.173583
26880  0.173583
26890  0.173583
26900  0.173583
26910  0.173583
26920  0.173583
26930  0.173583
26940  0.173583
26950  0.173583
26960  0.173583
26970  0.173583
26980  0.173583
26990  0.173583
27000  0.173583
27010  0.173583
27020  0.173583
27030  0.173583
27040  0.173583
27050  0.173583
27060  0.173583
27070  0.173583
27080  0.173583
27090  0.173583
27100  0.173583
27110  0.173583
27120  0.173583
27130  0.173583
27140  0.173583
27150  0.173583
27160  0.173583
27170  0.173583
27180  0.173583
27190  0.173583
27200  0.173583
27210  0.173583
27220  0.173583
27230  0.173583
27240  0.173583
27250  0.173583
27260  0.173583
27270  0.173583
27280  0.173583
27290  0.173583
27300  0.173583
27310  0.173583
27320  0.173583
27330  0.173583
27340  0.173583
27350  0.173583
27360  0.173583
27370  0.173583
27380  0.173583
27390  0.173583
27400  0.173583
27410  0.173583
27420  0.173583
27430  0.173583
27440  0.173583
27450  0.173583
27460  0.173583
27470  0.173583
27480  0.173583
27490  0.173583
27500  0.173583
27510  0.173583
27520  0.173583
27530  0.173583
27540  0.173583
27550  0.173583
27560  0.173583
27570  0.173583
27580  0.173583
27590  0.173583
27600  0.173583
27610  0.173583
27620  0.173583
27630  0.173583
27640  0.173583
27650  0.173583
27660  0.173583
27670  0.173583
27680  0.173583
27690  0.173583
27700  0.173583
27710  0.173583
27720  0.173583
27730  0.173583
27740  0.173583
27750  0.173583
27760  0.173583
27770  0.173583
27780  0.173583
27790  0.173583
27800  0.173583
27810  0.173583
27820  0.173583
27830  0.173583
27840  0.173583
27850  0.173583
27860  0.173583
27870  0.173583
27880  0.173583
27890  0.173583
27900  0.173583
27910  0.173583
27920  0.173583
27930  0.173583
27940  0.173583
27950  0.173583
27960  0.173583
27970  0.173583
27980  0.173583
27990  0.173583
28000  0.173583
28010  0.173583
28020  0.173583
28030  0.173583
28040  0.173583
28050  0.173583
28060  0.173583
28070  0.173583
28080  0.173583
28090  0.173583
28100  0.173583
28110  0.173583
28120  0.173583
28130  0.173583
28140  0.173583
28150  0.173583
28160  0.173583
28170  0.173583
28180  0.173583
28190  0.173583
28200  0.173583
28210  0.173583
28220  0.173583
28230  0.173583
28240  0.173583
28250  0.173583
28260  0.173583
28270  0.173583
28280  0.173583
28290  0.173583
28300  0.173583
28310  0.173583
28320  0.173583
28330  0.173583
28340  0.173583
28350  0.173583
28360  0.173583
28370  0.173583
28380  0.173583
28390  0.173583
28400  0.173583
28410  0.173583
28420  0.173583
28430  0.173583
28440  0.173583
28450  0.173583
28460  0.173583
28470  0.173583
28480  0.173583
28490  0.173583
28500  0.173583
28510  0.173583
28520  0.173583
28530  0.173583
28540  0.173583
28550  0.173583
28560  0.173583
28570  0.173583
28580  0.173583
28590  0.173583
28600  0.173583
28610  0.173583
28620  0.173583
28630  0.173583
28640  0.173583
28650  0.173583
28660  0.173583
28670  0.173583
28680  0.173583
28690  0.173583
28700  0.173583
28710  0.173583
28720  0.173583
28730  0.173583
28740  0.173583
28750  0.173583
28760  0.173583
28770  0.173583
28780  0.173583
28790  0.173583
28800  0.173583
28810  0.173583
28820  0.173583
28830  0.173583
28840  0.173583
28850  0.173583
28860  0.173583
28870  0.173583
28880  0.173583
28890  0.173583
28900  0.173583
28910  0.173583
28920  0.173583
28930  0.173583
28940  0.173583
28950  0.173583
28960  0.173583
28970  0.173583
28980  0.173583
28990  0.173583
29000  0.173583
29010  0.173583
29020  0.173583
29030  0.173583
29040  0.173583
29050  0.173583
29060  0.173583
29070  0.173583
29080  0.173583
29090  0.173583
29100  0.173583
29110  0.173583
29120  0.173583
29130  0.173583
29140  0.173583
29150  0.173583
29160  0.173583
29170  0.173583
29180  0.173583
29190  0.173583
29200  0.173583
29210  0.173583
29220  0.173583
29230  0.173583
29240  0.173583
29250  0.173583
29260  0.173583
29270  0.173583
29280  0.173583
29290  0.173583
29300  0.173583
29310  0.173583
29320  0.173583
29330  0.173583
29340  0.173583
29350  0.173583
29360  0.173583
29370  0.173583
29380  0.173583
29390  0.173583
29400  0.173583
29410  0.173583
29420  0.173583
29430  0.173583
29440  0.173583
29450  0.173583
29460  0.173583
29470  0.173583
29480  0.173583
29490  0.173583
29500  0.173583
29510  0.173583
29520  0.173583
29530  0.173583
29540  0.173583
29550  0.173583
29560  0.173583
29570  0.173583
29580  0.173583
29590  0.173583
29600  0.173583
29610  0.173583
29620  0.173583
29630  0.173583
29640  0.173583
29650  0.173583
29660  0.173583
29670  0.173583
29680  0.173583
29690  0.173583
29700  0.173583
29710  0.173583
29720  0.173583
29730  0.173583
29740  0.173583
29750  0.173583
29760  0.173583
29770  0.173583
29780  0.173583
29790  0.173583
29800  0.173583
29810  0.173583
29820  0.173583
29830  0.173583
29840  0.173583
29850  0.173583
29860  0.173583
29870  0.173583
29880  0.173583
29890  0.173583
29900  0.173583
29910  0.173583
29920  0.173583
29930  0.173583
29940  0.173583
29950  0.173583
29960  0.173583
29970  0.173583
29980  0.173583
29990  0.173583
30000  0.173583
30010  0.173583
