Step  Penalty
50  0.484984
100  0.484165
150  0.468462
200  0.448333
250  0.417041
300  0.396862
350  0.38136
400  0.362014
450  0.35513
500  0.332252
550  0.316002
600  0.300056
650  0.292403
700  0.283141
750  0.274237
800  0.265834
850  0.258746
900  0.258623
950  0.255002
1000  0.248148
1050  0.248148
1100  0.242
1150  0.242
1200  0.240141
1250  0.239648
1300  0.232
1350  0.232
1400  0.232
1450  0.230038
1500  0.230038
1550  0.226156
1600  0.226156
1650  0.226156
1700  0.224687
1750  0.224687
1800  0.222928
1850  0.222928
1900  0.221976
1950  0.221976
2000  0.221976
2050  0.221976
2100  0.221976
2150  0.219762
2200  0.219762
2250  0.219762
2300  0.219762
2350  0.219762
2400  0.219762
2450  0.219762
2500  0.219379
2550  0.219379
2600  0.219035
2650  0.219035
2700  0.219035
2750  0.218012
2800  0.218012
2850  0.218012
2900  0.218012
2950  0.218012
3000  0.218012
3050  0.218012
3100  0.218012
3150  0.218012
3200  0.218012
3250  0.217388
3300  0.217388
3350  0.216138
3400  0.216138
3450  0.215151
3500  0.215151
3550  0.215151
3600  0.215151
3650  0.215151
3700  0.21455
3750  0.21455
3800  0.21455
3850  0.212951
3900  0.212951
3950  0.212771
4000  0.212755
4050  0.212755
4100  0.211663
4150  0.211663
4200  0.211663
4250  0.211663
4300  0.211663
4350  0.211663
4400  0.211663
4450  0.211663
4500  0.211663
4550  0.208029
4600  0.208029
4650  0.208029
4700  0.208029
4750  0.208029
4800  0.208029
4850  0.208029
4900  0.208029
4950  0.208029
5000  0.208029
5050  0.208029
5100  0.208029
5150  0.208029
5200  0.208029
5250  0.208029
5300  0.208029
5350  0.208029
5400  0.208029
5450  0.208029
5500  0.208029
5550  0.208029
5600  0.208029
5650  0.208029
5700  0.208029
5750  0.208029
5800  0.208029
5850  0.208029
5900  0.208029
5950  0.208029
6000  0.208029
6050  0.208029
6100  0.208029
6150  0.208029
6200  0.208029
6250  0.208029
6300  0.208029
6350  0.208029
6400  0.208029
6450  0.208029
6500  0.208029
6550  0.208029
6600  0.208029
6650  0.208029
6700  0.208029
6750  0.208029
6800  0.208029
6850  0.208029
6900  0.208029
6950  0.208029
7000  0.208029
7050  0.208029
7100  0.208029
7150  0.208029
7200  0.208029
7250  0.208029
7300  0.208029
7350  0.208029
7400  0.208029
7450  0.208029
7500  0.208029
7550  0.208029
7600  0.208029
7650  0.208029
7700  0.208029
7750  0.208029
7800  0.208029
7850  0.208029
7900  0.208029
7950  0.208029
8000  0.208029
8050  0.208029
8100  0.208029
8150  0.208029
8200  0.208029
8250  0.208029
8300  0.208029
8350  0.208029
8400  0.208029
8450  0.208029
8500  0.208029
8550  0.208029
8600  0.208029
8650  0.208029
8700  0.208029
8750  0.208029
8800  0.208029
8850  0.208029
8900  0.208029
8950  0.208029
9000  0.208029
9050  0.208029
9100  0.208029
9150  0.208029
9200  0.208029
9250  0.208029
9300  0.20716
9350  0.20716
9400  0.20716
9450  0.20716
9500  0.20716
9550  0.20716
9600  0.20716
9650  0.20716
9700  0.20716
9750  0.20716
9800  0.20716
9850  0.20716
9900  0.20716
9950  0.206888
10000  0.206888
10050  0.206888
10100  0.206888
10150  0.206888
10200  0.206888
10250  0.206888
10300  0.206888
10350  0.206888
10400  0.206888
10450  0.206888
10500  0.206888
10550  0.206888
10600  0.206888
10650  0.206888
10700  0.206888
10750  0.206773
10800  0.206773
10850  0.206773
10900  0.206773
10950  0.206773
11000  0.206773
11050  0.206773
11100  0.206773
11150  0.206773
11200  0.204882
11250  0.204882
11300  0.204882
11350  0.204882
11400  0.204882
11450  0.204882
11500  0.204882
11550  0.204882
11600  0.204882
11650  0.204882
11700  0.204882
11750  0.204882
11800  0.204882
11850  0.204882
11900  0.204882
11950  0.204882
12000  0.204882
12050  0.204882
12100  0.204882
12150  0.204882
12200  0.204882
12250  0.204882
12300  0.204882
12350  0.204882
12400  0.204882
12450  0.204882
12500  0.204882
12550  0.204882
12600  0.204882
12650  0.204882
12700  0.204882
12750  0.204882
12800  0.204882
12850  0.204882
12900  0.204882
12950  0.204882
13000  0.204882
13050  0.204882
13100  0.204882
13150  0.204882
13200  0.204882
13250  0.204882
13300  0.204882
13350  0.204882
13400  0.204882
13450  0.204882
13500  0.204882
13550  0.204882
13600  0.204882
13650  0.204882
13700  0.204882
13750  0.204882
13800  0.204882
13850  0.204882
13900  0.204882
13950  0.204882
14000  0.204882
14050  0.204882
14100  0.204882
14150  0.204882
14200  0.204882
14250  0.204882
14300  0.204882
14350  0.204882
14400  0.204882
14450  0.203605
14500  0.203605
14550  0.203605
14600  0.203605
14650  0.203605
14700  0.203605
14750  0.203605
14800  0.203605
14850  0.203605
14900  0.203605
14950  0.203605
15000  0.203605
15050  0.203605
15100  0.203605
15150  0.203605
15200  0.203605
15250  0.203605
15300  0.203605
15350  0.203605
15400  0.203605
15450  0.203605
15500  0.203605
15550  0.203605
15600  0.203605
15650  0.203605
15700  0.203605
15750  0.203605
15800  0.203605
15850  0.203605
15900  0.203605
15950  0.203605
16000  0.203605
16050  0.203605
16100  0.203605
16150  0.203605
16200  0.203605
16250  0.203605
16300  0.203605
16350  0.203605
16400  0.203605
16450  0.203605
16500  0.203605
16550  0.203605
16600  0.203605
16650  0.203605
16700  0.203605
16750  0.203605
16800  0.203605
16850  0.203605
16900  0.203605
16950  0.203605
17000  0.203605
17050  0.203605
17100  0.203605
17150  0.203605
17200  0.203605
17250  0.203605
17300  0.203605
17350  0.203605
17400  0.203605
17450  0.203605
17500  0.203605
17550  0.203605
17600  0.203605
17650  0.203605
17700  0.203605
17750  0.203605
17800  0.203605
17850  0.203605
17900  0.203605
17950  0.203605
18000  0.203605
18050  0.203605
18100  0.203605
18150  0.203605
18200  0.203605
18250  0.203605
18300  0.203605
18350  0.203605
18400  0.203605
18450  0.203605
18500  0.203605
18550  0.203605
18600  0.203605
18650  0.203605
18700  0.203605
18750  0.203605
18800  0.203605
18850  0.203605
18900  0.203605
18950  0.203605
19000  0.203605
19050  0.203605
19100  0.203605
19150  0.203605
19200  0.203605
19250  0.203605
19300  0.203605
19350  0.203605
19400  0.203605
19450  0.203605
19500  0.203605
19550  0.203605
19600  0.203605
19650  0.203605
19700  0.203605
19750  0.203605
19800  0.203605
19850  0.203605
19900  0.203605
19950  0.203605
20000  0.203605
20050  0.203605
20100  0.203605
20150  0.203605
20200  0.203605
20250  0.203605
20300  0.203605
20350  0.203605
20400  0.203605
20450  0.203605
20500  0.203605
20550  0.203605
20600  0.203605
20650  0.203605
20700  0.203605
20750  0.203605
20800  0.203605
20850  0.203605
20900  0.203605
20950  0.203605
21000  0.203605
21050  0.203605
21100  0.203605
21150  0.203605
21200  0.203605
21250  0.203605
21300  0.203605
21350  0.203605
21400  0.203605
21450  0.203605
21500  0.203605
21550  0.203605
21600  0.203605
21650  0.203605
21700  0.203605
21750  0.203605
21800  0.203605
21850  0.203605
21900  0.203605
21950  0.203605
22000  0.203605
22050  0.203605
22100  0.203605
22150  0.203605
22200  0.203605
22250  0.203605
22300  0.203605
22350  0.203605
22400  0.203605
22450  0.203605
22500  0.203605
22550  0.203605
22600  0.203605
22650  0.203605
22700  0.203605
22750  0.203605
22800  0.203605
22850  0.203605
22900  0.203605
22950  0.203605
23000  0.203605
23050  0.203605
23100  0.203605
23150  0.203605
23200  0.203605
23250  0.203605
23300  0.203605
23350  0.203605
23400  0.203605
23450  0.203605
23500  0.203605
23550  0.203605
23600  0.203605
23650  0.203605
23700  0.203605
23750  0.203605
23800  0.203605
23850  0.203605
23900  0.203605
23950  0.203605
24000  0.203605
24050  0.203605
24100  0.203605
24150  0.203605
24200  0.203605
24250  0.203605
24300  0.203605
24350  0.203605
24400  0.203605
24450  0.203605
24500  0.203605
24550  0.203605
24600  0.203605
24650  0.203605
24700  0.203605
24750  0.203605
24800  0.203605
24850  0.203605
24900  0.203605
24950  0.203605
25000  0.203605
25050  0.203605
25100  0.203605
25150  0.203605
25200  0.203605
25250  0.203605
25300  0.203605
25350  0.203605
25400  0.203605
25450  0.203605
25500  0.203605
25550  0.203605
25600  0.203605
25650  0.203605
25700  0.203605
25750  0.203605
25800  0.203605
25850  0.203605
25900  0.203605
25950  0.203605
26000  0.203605
26050  0.203605
26100  0.203605
26150  0.203605
26200  0.203605
26250  0.203605
26300  0.203605
26350  0.203605
26400  0.203605
26450  0.203605
26500  0.203605
26550  0.203605
26600  0.203605
26650  0.203605
26700  0.203605
26750  0.203605
26800  0.203605
26850  0.203605
26900  0.203605
26950  0.203605
27000  0.203605
27050  0.203605
27100  0.203605
27150  0.203605
27200  0.203605
27250  0.203605
27300  0.203605
27350  0.203605
27400  0.203605
27450  0.203605
27500  0.203605
27550  0.203605
27600  0.203605
27650  0.203605
27700  0.203605
27750  0.203605
27800  0.203605
27850  0.203605
27900  0.203605
27950  0.203605
28000  0.203605
28050  0.203605
28100  0.203605
28150  0.203605
28200  0.203605
28250  0.203605
28300  0.203605
28350  0.203605
28400  0.203605
28450  0.203605
28500  0.203605
28550  0.203605
28600  0.203605
28650  0.203605
28700  0.203605
28750  0.203605
28800  0.203605
28850  0.203605
28900  0.203605
28950  0.203605
29000  0.203605
29050  0.203605
29100  0.203605
29150  0.203605
29200  0.203605
29250  0.203605
29300  0.203605
29350  0.203605
29400  0.203605
29450  0.203605
29500  0.203605
29550  0.203605
29600  0.203605
29650  0.203605
29700  0.203605
29750  0.203605
29800  0.203605
29850  0.203605
29900  0.203605
29950  0.203605
30000  0.203605
30050  0.203605
30100  0.203605
30150  0.203605
30200  0.203605
30250  0.203605
30300  0.203605
30350  0.203605
30400  0.203411
30450  0.203411
30500  0.203411
30550  0.203411
30600  0.203411
30650  0.203411
30700  0.203411
30750  0.203411
30800  0.203411
30850  0.203411
30900  0.203411
30950  0.203411
31000  0.203411
31050  0.203411
31100  0.203411
31150  0.203411
31200  0.203411
31250  0.203411
31300  0.203411
31350  0.203411
31400  0.203411
31450  0.203411
31500  0.203411
31550  0.203411
31600  0.203411
31650  0.203411
31700  0.203411
31750  0.203411
31800  0.203411
31850  0.203411
31900  0.203411
31950  0.203411
32000  0.203411
32050  0.203411
32100  0.203411
32150  0.203411
32200  0.203411
32250  0.203411
32300  0.203411
32350  0.203411
32400  0.203411
32450  0.203411
32500  0.203411
32550  0.203411
32600  0.203411
32650  0.203411
32700  0.203411
32750  0.203411
32800  0.203411
32850  0.203411
32900  0.203411
32950  0.203411
33000  0.203411
33050  0.203411
33100  0.203411
33150  0.203411
33200  0.203411
33250  0.203411
33300  0.203411
33350  0.203411
33400  0.203411
33450  0.203411
33500  0.203411
33550  0.203411
33600  0.203411
33650  0.203411
33700  0.203411
33750  0.203411
33800  0.203411
33850  0.203411
33900  0.203411
33950  0.203411
34000  0.203411
34050  0.203411
34100  0.203411
34150  0.203411
34200  0.203411
34250  0.203411
34300  0.203411
34350  0.203411
34400  0.203411
34450  0.203411
34500  0.203411
34550  0.203411
34600  0.203411
34650  0.203411
34700  0.203411
34750  0.203411
34800  0.203411
34850  0.203411
34900  0.203411
34950  0.203411
35000  0.203411
35050  0.203411
35100  0.203411
35150  0.203411
35200  0.203411
35250  0.203411
35300  0.203411
35350  0.203411
35400  0.203411
35450  0.203411
35500  0.203411
35550  0.203411
35600  0.203411
35650  0.203411
35700  0.203411
35750  0.203411
35800  0.203411
35850  0.203411
35900  0.203411
35950  0.203411
36000  0.203411
36050  0.203411
36100  0.203411
36150  0.203239
36200  0.203239
36250  0.203239
36300  0.203239
36350  0.203239
36400  0.203239
36450  0.203239
36500  0.203239
36550  0.203239
36600  0.203239
36650  0.203239
36700  0.203239
36750  0.203239
36800  0.203239
36850  0.203239
36900  0.203239
36950  0.203239
37000  0.203239
37050  0.203239
37100  0.203239
37150  0.203239
37200  0.203239
37250  0.203239
37300  0.203239
37350  0.203239
37400  0.203239
37450  0.203239
37500  0.203239
37550  0.203239
37600  0.203239
37650  0.203239
37700  0.203239
37750  0.203239
37800  0.203239
37850  0.203239
37900  0.203239
37950  0.203239
38000  0.203239
38050  0.203239
38100  0.203239
38150  0.203239
38200  0.203239
38250  0.203239
38300  0.203239
38350  0.203239
38400  0.203239
38450  0.203239
38500  0.203239
38550  0.203239
38600  0.203239
38650  0.203239
38700  0.203239
38750  0.203239
38800  0.203239
38850  0.203239
38900  0.203239
38950  0.203239
39000  0.203239
39050  0.203239
39100  0.203239
39150  0.203239
39200  0.203239
39250  0.203239
39300  0.203239
39350  0.203239
39400  0.203239
39450  0.203239
39500  0.202782
39550  0.202782
39600  0.202782
39650  0.202782
39700  0.202782
39750  0.202782
39800  0.202782
39850  0.202782
39900  0.202782
39950  0.202782
40000  0.202782
40050  0.202782
40100  0.202782
40150  0.202441
40200  0.202441
40250  0.202441
40300  0.202441
40350  0.202441
40400  0.202441
40450  0.202441
40500  0.202441
40550  0.202441
40600  0.202441
40650  0.202441
40700  0.202441
40750  0.202441
40800  0.202441
40850  0.202441
40900  0.202441
40950  0.202441
41000  0.202441
41050  0.202441
41100  0.202441
41150  0.202441
41200  0.202441
41250  0.202441
41300  0.202441
41350  0.202441
41400  0.202441
41450  0.202441
41500  0.202441
41550  0.202441
41600  0.202441
41650  0.202441
41700  0.202441
41750  0.202441
41800  0.202441
41850  0.202441
41900  0.202441
41950  0.202441
42000  0.202441
42050  0.202441
42100  0.202441
42150  0.202441
42200  0.202441
42250  0.202441
42300  0.202441
42350  0.202441
42400  0.202441
42450  0.202441
42500  0.202441
42550  0.202441
42600  0.202441
42650  0.202441
42700  0.202441
42750  0.202441
42800  0.202441
42850  0.202441
42900  0.202441
42950  0.202441
43000  0.202441
43050  0.202441
43100  0.202441
43150  0.202441
43200  0.202441
43250  0.202441
43300  0.202441
43350  0.202441
43400  0.202441
43450  0.202441
43500  0.202441
43550  0.202441
43600  0.202441
43650  0.202441
43700  0.202441
43750  0.202441
43800  0.202441
43850  0.202441
43900  0.202441
43950  0.202441
44000  0.202441
44050  0.202441
44100  0.202441
44150  0.202441
44200  0.202441
44250  0.202441
44300  0.202441
44350  0.202441
44400  0.202441
44450  0.202441
44500  0.202441
44550  0.202441
44600  0.202441
44650  0.202441
44700  0.202441
44750  0.202441
44800  0.202441
44850  0.202441
44900  0.202441
44950  0.202441
45000  0.202441
45050  0.202441
45100  0.202441
45150  0.202441
45200  0.202441
45250  0.202441
45300  0.202441
45350  0.202441
45400  0.202441
45450  0.202441
45500  0.202441
45550  0.202441
45600  0.202441
45650  0.202441
45700  0.202441
45750  0.202441
45800  0.202441
45850  0.202441
45900  0.202441
45950  0.202441
46000  0.202441
46050  0.202441
46100  0.202441
46150  0.202441
46200  0.202441
46250  0.202441
46300  0.202441
46350  0.202441
46400  0.202441
46450  0.202441
46500  0.202441
46550  0.202441
46600  0.202441
46650  0.202441
46700  0.202441
46750  0.202441
46800  0.202441
46850  0.202441
46900  0.202441
46950  0.202441
47000  0.202441
47050  0.202441
47100  0.202441
47150  0.202441
47200  0.202441
47250  0.202441
47300  0.202441
47350  0.202441
47400  0.202441
47450  0.202441
47500  0.202441
47550  0.202441
47600  0.202441
47650  0.202441
47700  0.202441
47750  0.202441
47800  0.202441
47850  0.202441
47900  0.202441
47950  0.202441
48000  0.202441
48050  0.202441
48100  0.202441
48150  0.202441
48200  0.202441
48250  0.202441
48300  0.202441
48350  0.202441
48400  0.202441
48450  0.202441
48500  0.202441
48550  0.202441
48600  0.202441
48650  0.202441
48700  0.202441
48750  0.202441
48800  0.202441
48850  0.202441
48900  0.202441
48950  0.202441
49000  0.202441
49050  0.202441
49100  0.202441
49150  0.202441
49200  0.202441
49250  0.202441
49300  0.202441
49350  0.202441
49400  0.202441
49450  0.202441
49500  0.202441
49550  0.202441
49600  0.202441
49650  0.202441
49700  0.202441
49750  0.202441
49800  0.202441
49850  0.202441
49900  0.202441
49950  0.202441
50000  0.202441
50050  0.202441
50100  0.202441
50150  0.202441
50200  0.202441
50250  0.202441
50300  0.202441
50350  0.202441
50400  0.202441
50450  0.202441
50500  0.202441
50550  0.202441
50600  0.202441
50650  0.202441
50700  0.202441
50750  0.202441
50800  0.202441
50850  0.202441
50900  0.202441
50950  0.202441
51000  0.202441
51050  0.202441
51100  0.202441
51150  0.202441
51200  0.202441
51250  0.202441
51300  0.202441
51350  0.202441
51400  0.202441
51450  0.202441
51500  0.202441
51550  0.202441
51600  0.202441
51650  0.202441
51700  0.202441
51750  0.202441
51800  0.202441
51850  0.202441
51900  0.202441
51950  0.202441
52000  0.202441
52050  0.202441
52100  0.202441
52150  0.202441
52200  0.202441
52250  0.202441
52300  0.202441
52350  0.202441
52400  0.202441
52450  0.202441
52500  0.201863
52550  0.201863
52600  0.201863
52650  0.201863
52700  0.201863
52750  0.201863
52800  0.201863
52850  0.201863
52900  0.201863
52950  0.201863
53000  0.201863
53050  0.201863
53100  0.201863
53150  0.201863
53200  0.201863
53250  0.201863
53300  0.201863
53350  0.201863
53400  0.201863
53450  0.201863
53500  0.201863
53550  0.201863
53600  0.201863
53650  0.201863
53700  0.201863
53750  0.201863
53800  0.201863
53850  0.201863
53900  0.201863
53950  0.201863
54000  0.201863
54050  0.201863
54100  0.201863
54150  0.201863
54200  0.201863
54250  0.201863
54300  0.201863
54350  0.201863
54400  0.201863
54450  0.201863
54500  0.201863
54550  0.201863
54600  0.201863
54650  0.201863
54700  0.201863
54750  0.201863
54800  0.201863
54850  0.201863
54900  0.201098
54950  0.201098
55000  0.201098
55050  0.201098
55100  0.201098
55150  0.201098
55200  0.201098
55250  0.201098
55300  0.201098
55350  0.201098
55400  0.201098
55450  0.201098
55500  0.201098
55550  0.201098
55600  0.201098
55650  0.201098
55700  0.201098
55750  0.201098
55800  0.201098
55850  0.201098
55900  0.201098
55950  0.201098
56000  0.201098
56050  0.201098
56100  0.201098
56150  0.201098
56200  0.201098
56250  0.201098
56300  0.201098
56350  0.201098
56400  0.201098
56450  0.201098
56500  0.201098
56550  0.201098
56600  0.201098
56650  0.201098
56700  0.201098
56750  0.201098
56800  0.201098
56850  0.201098
56900  0.201098
56950  0.201098
57000  0.201098
57050  0.201098
57100  0.201098
57150  0.201098
57200  0.201098
57250  0.201098
57300  0.201098
57350  0.201098
57400  0.201098
57450  0.201098
57500  0.201098
57550  0.201098
57600  0.201098
57650  0.201098
57700  0.201098
57750  0.201098
57800  0.201098
57850  0.201098
57900  0.201098
57950  0.201098
58000  0.201098
58050  0.201098
58100  0.201098
58150  0.201098
58200  0.201098
58250  0.201098
58300  0.201098
58350  0.201098
58400  0.201098
58450  0.201098
58500  0.201098
58550  0.201098
58600  0.201098
58650  0.201098
58700  0.201098
58750  0.201098
58800  0.201098
58850  0.201098
58900  0.201098
58950  0.201098
59000  0.201098
59050  0.201098
59100  0.201098
59150  0.201098
59200  0.201098
59250  0.201098
59300  0.201098
59350  0.201098
59400  0.201098
59450  0.201098
59500  0.201098
59550  0.201098
59600  0.201098
59650  0.201098
59700  0.201098
59750  0.201098
59800  0.201098
59850  0.201098
59900  0.201098
59950  0.201098
60000  0.201098
60050  0.201098
60100  0.201098
60150  0.201098
60200  0.201098
60250  0.201098
60300  0.201098
60350  0.201098
60400  0.201098
60450  0.201098
60500  0.201098
60550  0.201098
60600  0.201098
60650  0.201098
60700  0.201098
60750  0.201098
60800  0.201098
60850  0.201098
60900  0.201098
60950  0.201098
61000  0.201098
61050  0.201098
61100  0.201098
61150  0.201098
61200  0.201098
61250  0.201098
61300  0.201098
61350  0.201098
61400  0.201098
61450  0.201098
61500  0.201098
61550  0.201098
61600  0.201098
61650  0.201098
61700  0.201098
61750  0.201098
61800  0.201098
61850  0.201098
61900  0.201098
61950  0.201098
62000  0.201098
62050  0.201098
62100  0.201098
62150  0.201098
62200  0.201098
62250  0.201098
62300  0.201098
62350  0.201098
62400  0.201098
62450  0.201098
62500  0.201098
62550  0.201098
62600  0.201098
62650  0.201098
62700  0.201098
62750  0.201098
62800  0.201098
62850  0.201098
62900  0.201098
62950  0.201098
63000  0.201098
63050  0.201098
63100  0.201098
63150  0.201098
63200  0.201098
63250  0.201098
63300  0.201098
63350  0.201098
63400  0.201098
63450  0.201098
63500  0.201098
63550  0.201098
63600  0.201098
63650  0.201098
63700  0.201098
63750  0.201098
63800  0.201098
63850  0.201098
63900  0.201098
63950  0.201098
64000  0.201098
64050  0.201098
64100  0.201098
64150  0.201098
64200  0.201098
64250  0.201098
64300  0.201098
64350  0.201098
64400  0.201098
64450  0.201098
64500  0.201098
64550  0.201098
64600  0.201098
64650  0.201098
64700  0.201098
64750  0.201098
64800  0.201098
64850  0.201098
64900  0.201098
64950  0.201098
65000  0.201098
65050  0.201098
65100  0.201098
65150  0.201098
65200  0.201098
65250  0.201098
65300  0.201098
65350  0.201098
65400  0.201098
65450  0.201098
65500  0.201098
65550  0.201098
65600  0.201098
65650  0.201098
65700  0.201098
65750  0.201098
65800  0.201098
65850  0.201098
65900  0.201098
65950  0.201098
66000  0.201098
66050  0.201098
66100  0.201098
66150  0.201098
66200  0.201098
66250  0.201098
66300  0.201098
66350  0.201098
66400  0.201098
66450  0.201098
66500  0.201098
66550  0.201098
66600  0.201098
66650  0.201098
66700  0.201098
66750  0.201098
66800  0.201098
66850  0.201098
66900  0.201098
66950  0.201098
67000  0.201098
67050  0.201098
67100  0.201098
67150  0.201098
67200  0.201098
67250  0.201098
67300  0.201098
67350  0.201098
67400  0.201098
67450  0.201098
67500  0.201098
67550  0.201098
67600  0.201098
67650  0.201098
67700  0.201098
67750  0.201098
67800  0.201098
67850  0.201098
67900  0.201098
67950  0.201098
68000  0.201098
68050  0.201098
68100  0.201098
68150  0.201098
68200  0.201098
68250  0.201098
68300  0.201098
68350  0.201098
68400  0.201098
68450  0.201098
68500  0.201098
68550  0.201098
68600  0.201098
68650  0.201098
68700  0.201098
68750  0.201098
68800  0.201098
68850  0.201098
68900  0.201098
68950  0.201098
69000  0.201098
69050  0.201098
69100  0.201098
69150  0.201098
69200  0.201098
69250  0.201098
69300  0.201098
69350  0.201098
69400  0.201098
69450  0.201098
69500  0.201098
69550  0.201098
69600  0.201098
69650  0.201098
69700  0.201098
69750  0.201098
69800  0.201098
69850  0.201098
69900  0.201098
69950  0.201098
70000  0.201098
70050  0.201098
70100  0.201098
70150  0.201098
70200  0.201098
70250  0.201098
70300  0.201098
70350  0.201098
70400  0.201098
70450  0.201098
70500  0.201098
70550  0.201098
70600  0.201098
70650  0.201098
70700  0.201098
70750  0.201098
70800  0.201098
70850  0.201098
70900  0.201098
70950  0.201098
71000  0.201098
71050  0.201098
71100  0.201098
71150  0.201098
71200  0.201098
71250  0.201098
71300  0.201098
71350  0.201098
71400  0.201098
71450  0.201098
71500  0.201098
71550  0.201098
71600  0.201098
71650  0.201098
71700  0.201098
71750  0.201098
71800  0.201098
71850  0.201098
71900  0.201098
71950  0.201098
72000  0.201098
72050  0.201098
72100  0.201098
72150  0.201098
72200  0.201098
72250  0.201098
72300  0.201098
72350  0.201098
72400  0.201098
72450  0.201098
72500  0.201098
72550  0.201098
72600  0.201098
72650  0.201098
72700  0.201098
72750  0.201098
72800  0.201098
72850  0.201098
72900  0.201098
72950  0.201098
73000  0.201098
73050  0.201098
73100  0.201098
73150  0.201098
73200  0.201098
73250  0.201098
73300  0.201098
73350  0.201098
73400  0.201098
73450  0.201098
73500  0.201098
73550  0.201098
73600  0.201098
73650  0.201098
73700  0.201098
73750  0.201098
73800  0.201098
73850  0.201098
73900  0.201098
73950  0.201098
74000  0.201098
74050  0.201098
74100  0.201098
74150  0.201098
74200  0.201098
74250  0.201098
74300  0.201098
74350  0.201098
74400  0.201098
74450  0.201098
74500  0.201098
74550  0.201098
74600  0.201098
74650  0.201098
74700  0.201098
74750  0.201098
74800  0.201098
74850  0.201098
74900  0.201098
74950  0.201098
75000  0.201098
75050  0.201098
75100  0.201098
75150  0.201098
75200  0.201098
75250  0.201098
75300  0.201098
75350  0.201098
75400  0.201098
75450  0.201098
75500  0.201098
75550  0.201098
75600  0.201098
75650  0.201098
75700  0.201098
75750  0.201098
75800  0.201098
75850  0.201098
75900  0.201098
75950  0.201098
76000  0.201098
76050  0.201098
76100  0.201098
76150  0.201098
76200  0.201098
76250  0.201098
76300  0.201098
76350  0.201098
76400  0.201098
76450  0.201098
76500  0.201098
76550  0.201098
76600  0.201098
76650  0.201098
76700  0.201098
76750  0.201098
76800  0.201098
76850  0.201098
76900  0.201098
76950  0.201098
77000  0.201098
77050  0.201098
77100  0.201098
77150  0.201098
77200  0.201098
77250  0.201098
77300  0.201098
77350  0.201098
77400  0.201098
77450  0.201098
77500  0.201098
77550  0.201098
77600  0.201098
77650  0.201098
77700  0.201098
77750  0.201098
77800  0.201098
77850  0.201098
77900  0.201098
77950  0.201098
78000  0.201098
78050  0.201098
78100  0.201098
78150  0.201098
78200  0.201098
78250  0.201098
78300  0.201098
78350  0.201098
78400  0.201098
78450  0.201098
78500  0.201098
78550  0.201098
78600  0.201098
78650  0.201098
78700  0.201098
78750  0.201098
78800  0.201098
78850  0.201098
78900  0.201098
78950  0.201098
79000  0.201098
79050  0.201098
79100  0.201098
79150  0.201098
79200  0.201098
79250  0.201098
79300  0.201098
79350  0.201098
79400  0.201098
79450  0.201098
79500  0.201098
79550  0.201098
79600  0.201098
79650  0.201098
79700  0.201098
79750  0.201098
79800  0.201098
79850  0.201098
79900  0.201098
79950  0.201098
80000  0.201098
80050  0.201098
80100  0.201098
80150  0.201098
80200  0.201098
80250  0.201098
80300  0.201098
80350  0.201098
80400  0.201098
80450  0.201098
80500  0.201098
80550  0.201098
80600  0.201098
80650  0.201098
80700  0.201098
80750  0.201098
80800  0.201098
80850  0.201098
80900  0.201098
80950  0.201098
81000  0.201098
81050  0.201098
81100  0.201098
81150  0.201098
81200  0.201098
81250  0.201098
81300  0.201098
81350  0.201098
81400  0.201098
81450  0.201098
81500  0.201098
81550  0.201098
81600  0.201098
81650  0.201098
81700  0.201098
81750  0.201098
81800  0.201098
81850  0.201098
81900  0.201098
81950  0.201098
82000  0.201098
82050  0.201098
82100  0.201098
82150  0.201098
82200  0.201098
82250  0.201098
82300  0.201098
82350  0.201098
82400  0.201098
82450  0.201098
82500  0.201098
82550  0.201098
82600  0.201098
82650  0.201098
82700  0.201098
82750  0.201098
82800  0.201098
82850  0.201098
82900  0.201098
82950  0.201098
83000  0.201098
83050  0.201098
83100  0.201098
83150  0.201098
83200  0.201098
83250  0.201098
83300  0.201098
83350  0.201098
83400  0.201098
83450  0.201098
83500  0.201098
83550  0.201098
83600  0.201098
83650  0.201098
83700  0.201098
83750  0.201098
83800  0.201098
83850  0.201098
83900  0.201098
83950  0.201098
84000  0.201098
84050  0.201098
84100  0.201098
84150  0.201098
84200  0.201098
84250  0.201098
84300  0.201098
84350  0.201098
84400  0.201098
84450  0.201098
84500  0.201098
84550  0.201098
84600  0.201098
84650  0.201098
84700  0.201098
84750  0.201098
84800  0.201098
84850  0.201098
84900  0.201098
84950  0.201098
85000  0.201098
85050  0.201098
85100  0.201098
85150  0.201098
85200  0.201098
85250  0.201098
85300  0.201098
85350  0.201098
85400  0.201098
85450  0.200624
85500  0.200624
85550  0.200624
85600  0.200624
85650  0.200624
85700  0.200624
85750  0.200624
85800  0.200624
85850  0.200624
85900  0.200624
85950  0.200624
86000  0.200624
86050  0.200624
86100  0.200624
86150  0.200624
86200  0.200624
86250  0.200624
86300  0.200624
86350  0.200624
86400  0.200624
86450  0.200624
86500  0.200624
86550  0.200624
86600  0.200624
86650  0.200624
86700  0.200624
86750  0.200624
86800  0.200624
86850  0.200624
86900  0.200624
86950  0.200624
87000  0.200624
87050  0.200624
87100  0.200624
87150  0.200624
87200  0.200624
87250  0.200624
87300  0.200624
87350  0.200624
87400  0.200624
87450  0.200624
87500  0.200624
87550  0.200624
87600  0.200624
87650  0.200624
87700  0.200624
87750  0.200624
87800  0.200624
87850  0.200624
87900  0.200624
87950  0.200624
88000  0.200624
88050  0.200624
88100  0.200624
88150  0.200624
88200  0.200624
88250  0.200624
88300  0.200624
88350  0.200624
88400  0.200624
88450  0.200624
88500  0.200624
88550  0.200624
88600  0.200624
88650  0.200624
88700  0.200624
88750  0.200624
88800  0.200624
88850  0.200624
88900  0.200624
88950  0.200624
89000  0.200624
89050  0.200624
89100  0.200624
89150  0.200624
89200  0.200624
89250  0.200624
89300  0.200624
89350  0.200624
89400  0.200624
89450  0.200624
89500  0.200624
89550  0.200624
89600  0.200624
89650  0.200624
89700  0.200624
89750  0.200624
89800  0.200624
89850  0.200624
89900  0.200624
89950  0.200624
90000  0.200624
90050  0.200624
90100  0.200624
90150  0.200624
90200  0.200624
90250  0.200624
90300  0.200624
90350  0.200624
90400  0.200624
90450  0.200624
90500  0.200624
90550  0.200624
90600  0.200624
90650  0.200624
90700  0.200624
90750  0.200624
90800  0.200624
90850  0.200624
90900  0.200624
90950  0.200624
91000  0.200624
91050  0.200624
91100  0.200624
91150  0.200624
91200  0.200624
91250  0.200624
91300  0.200624
91350  0.200624
91400  0.200624
91450  0.200624
91500  0.200624
91550  0.200624
91600  0.200624
91650  0.200624
91700  0.200624
91750  0.200624
91800  0.200624
91850  0.200624
91900  0.200624
91950  0.200624
92000  0.200624
92050  0.200624
92100  0.200624
92150  0.200624
92200  0.200624
92250  0.20092
92300  0.20092
92350  0.20092
92400  0.20092
92450  0.20092
92500  0.20092
92550  0.20092
92600  0.20092
92650  0.20092
92700  0.20092
92750  0.20092
92800  0.20092
92850  0.20092
92900  0.20092
92950  0.20092
93000  0.20092
93050  0.20092
93100  0.20092
93150  0.20092
93200  0.20092
93250  0.20092
93300  0.20092
93350  0.20092
93400  0.20092
93450  0.20092
93500  0.20092
93550  0.20092
93600  0.20092
93650  0.20092
93700  0.20092
93750  0.20092
93800  0.20092
93850  0.20092
93900  0.20092
93950  0.20092
94000  0.20092
94050  0.20092
94100  0.20092
94150  0.20092
94200  0.20092
94250  0.20092
94300  0.20092
94350  0.20092
94400  0.20092
94450  0.20092
94500  0.20092
94550  0.20092
94600  0.20092
94650  0.20092
94700  0.20092
94750  0.20092
94800  0.20092
94850  0.20092
94900  0.20092
94950  0.20092
95000  0.20092
95050  0.20092
95100  0.20092
95150  0.20092
95200  0.20092
95250  0.20092
95300  0.20092
95350  0.20092
95400  0.20092
95450  0.20092
95500  0.20092
95550  0.20092
95600  0.20092
95650  0.20092
95700  0.20092
95750  0.20092
95800  0.20092
95850  0.20092
95900  0.20092
95950  0.20092
96000  0.20092
96050  0.20092
96100  0.20092
96150  0.20092
96200  0.20092
96250  0.20092
96300  0.20092
96350  0.20092
96400  0.20092
96450  0.20092
96500  0.20092
96550  0.20092
96600  0.20092
96650  0.20092
96700  0.20092
96750  0.20092
96800  0.20092
96850  0.20092
96900  0.20092
96950  0.20092
97000  0.20092
97050  0.20092
97100  0.20092
97150  0.20092
97200  0.20092
97250  0.20092
97300  0.20092
97350  0.20092
97400  0.20092
97450  0.20092
97500  0.20092
97550  0.20092
97600  0.20092
97650  0.20092
97700  0.20092
97750  0.20092
97800  0.20092
97850  0.20092
97900  0.20092
97950  0.20092
98000  0.20092
98050  0.20092
98100  0.20092
98150  0.20092
98200  0.20092
98250  0.20092
98300  0.20092
98350  0.20092
98400  0.20092
98450  0.20092
98500  0.20092
98550  0.20092
98600  0.20092
98650  0.20092
98700  0.20092
98750  0.20092
98800  0.20092
98850  0.20092
98900  0.20092
98950  0.20092
99000  0.20092
99050  0.20092
99100  0.20092
99150  0.20092
99200  0.20092
99250  0.20092
99300  0.20092
99350  0.20092
99400  0.20092
99450  0.20092
99500  0.20092
99550  0.20092
99600  0.20092
99650  0.20092
99700  0.20092
99750  0.20092
99800  0.20092
99850  0.20092
99900  0.20092
99950  0.20092
100000  0.20092
100050  0.20092
100100  0.20092
100150  0.20092
100200  0.20092
100250  0.20092
100300  0.20092
100350  0.20092
100400  0.20092
100450  0.20092
100500  0.20092
100550  0.20092
100600  0.20092
100650  0.20092
100700  0.20092
100750  0.20092
100800  0.20092
100850  0.20092
100900  0.20092
100950  0.20092
101000  0.20092
101050  0.20092
101100  0.20092
101150  0.20092
101200  0.20092
101250  0.20092
101300  0.20092
101350  0.20092
101400  0.20092
101450  0.20092
101500  0.20092
101550  0.20092
101600  0.20092
101650  0.20092
101700  0.20092
101750  0.20092
101800  0.20092
101850  0.20092
101900  0.20092
101950  0.20092
102000  0.20092
102050  0.20092
102100  0.20092
102150  0.20092
102200  0.20092
102250  0.20092
102300  0.20092
102350  0.20092
102400  0.20092
102450  0.20092
102500  0.20092
102550  0.20092
102600  0.20092
102650  0.20092
102700  0.20092
102750  0.20092
102800  0.20092
102850  0.20092
102900  0.20092
102950  0.20092
103000  0.20092
103050  0.20092
103100  0.20092
103150  0.20092
103200  0.20092
103250  0.20092
103300  0.20092
103350  0.20092
103400  0.20092
103450  0.20092
103500  0.20092
103550  0.20092
103600  0.20092
103650  0.20092
103700  0.20092
103750  0.20092
103800  0.20092
103850  0.20092
103900  0.20092
103950  0.20092
104000  0.20092
104050  0.20092
104100  0.20092
104150  0.20092
104200  0.20092
104250  0.20092
104300  0.20092
104350  0.20092
104400  0.20092
104450  0.20092
104500  0.20092
104550  0.20092
104600  0.20092
104650  0.20092
104700  0.20092
104750  0.20092
104800  0.20092
104850  0.20092
104900  0.20092
104950  0.20092
105000  0.20092
105050  0.20092
105100  0.20092
105150  0.20092
105200  0.20092
105250  0.20092
105300  0.20092
105350  0.20092
105400  0.20092
105450  0.20092
105500  0.20092
105550  0.20092
105600  0.20092
105650  0.20092
105700  0.20092
105750  0.20092
105800  0.20092
105850  0.20092
105900  0.20092
105950  0.20092
106000  0.20092
106050  0.20092
106100  0.20092
106150  0.20092
106200  0.20092
106250  0.20092
106300  0.20092
106350  0.20092
106400  0.20092
106450  0.20092
106500  0.20092
106550  0.20092
106600  0.20092
106650  0.20092
106700  0.20092
106750  0.20092
106800  0.20092
106850  0.20092
106900  0.20092
106950  0.20092
107000  0.20092
107050  0.20092
107100  0.20092
107150  0.20092
107200  0.20092
107250  0.20092
107300  0.20092
107350  0.20092
107400  0.20092
107450  0.20092
107500  0.20092
107550  0.20092
107600  0.20092
107650  0.20092
107700  0.20092
107750  0.20092
107800  0.20092
107850  0.20092
107900  0.20092
107950  0.20092
108000  0.20092
108050  0.20092
108100  0.20092
108150  0.20092
108200  0.20092
108250  0.20092
108300  0.20092
108350  0.20092
108400  0.20092
108450  0.20092
108500  0.20092
108550  0.20092
108600  0.20092
108650  0.20092
108700  0.20092
108750  0.20092
108800  0.20092
108850  0.20092
108900  0.20092
108950  0.20092
109000  0.20092
109050  0.20092
109100  0.20092
109150  0.20092
109200  0.20092
109250  0.20092
109300  0.20092
109350  0.20092
109400  0.20092
109450  0.20092
109500  0.20092
109550  0.20092
109600  0.20092
109650  0.20092
109700  0.20092
109750  0.20092
109800  0.20092
109850  0.20092
109900  0.20092
109950  0.20092
110000  0.20092
110050  0.20092
110100  0.20092
110150  0.20092
110200  0.20092
110250  0.20092
110300  0.20092
110350  0.20092
110400  0.20092
110450  0.20092
110500  0.20092
110550  0.20092
110600  0.20092
110650  0.20092
110700  0.20092
110750  0.20092
110800  0.20092
110850  0.20092
110900  0.20092
110950  0.20092
111000  0.20092
111050  0.20092
111100  0.20092
111150  0.20092
111200  0.20092
111250  0.20092
111300  0.20092
111350  0.20092
111400  0.20092
111450  0.20092
111500  0.20092
111550  0.20092
111600  0.20092
111650  0.20092
111700  0.20092
111750  0.20092
111800  0.20092
111850  0.20092
111900  0.20092
111950  0.20092
112000  0.20092
112050  0.20092
112100  0.20092
112150  0.20092
112200  0.20092
112250  0.20092
112300  0.20092
112350  0.20092
112400  0.20092
112450  0.20092
112500  0.20092
112550  0.20092
112600  0.20092
112650  0.20092
112700  0.20092
112750  0.20092
112800  0.20092
112850  0.20092
112900  0.20092
112950  0.20092
113000  0.20092
113050  0.20092
113100  0.20092
113150  0.20092
113200  0.20092
113250  0.20092
113300  0.20092
113350  0.20092
113400  0.20092
113450  0.20092
113500  0.20092
113550  0.20092
113600  0.20092
113650  0.20092
113700  0.20092
113750  0.20092
113800  0.20092
113850  0.20092
113900  0.20092
113950  0.20092
114000  0.20092
114050  0.20092
114100  0.20092
114150  0.20092
114200  0.20092
114250  0.20092
114300  0.20092
114350  0.20092
114400  0.20092
114450  0.20092
114500  0.20092
114550  0.20092
114600  0.20092
114650  0.20092
114700  0.20092
114750  0.20092
114800  0.20092
114850  0.20092
114900  0.20092
114950  0.20092
115000  0.20092
115050  0.20092
115100  0.20092
115150  0.20092
115200  0.20092
115250  0.20092
115300  0.20092
115350  0.20092
115400  0.20092
115450  0.20092
115500  0.20092
115550  0.20092
115600  0.20092
115650  0.20092
115700  0.20092
115750  0.20092
115800  0.20092
115850  0.20092
115900  0.20092
115950  0.20092
116000  0.20092
116050  0.20092
116100  0.20092
116150  0.20092
116200  0.20092
116250  0.20092
116300  0.20092
116350  0.20092
116400  0.20092
116450  0.20092
116500  0.20092
116550  0.20092
116600  0.20092
116650  0.20092
116700  0.20092
116750  0.20092
116800  0.20092
116850  0.20092
116900  0.20092
116950  0.20092
117000  0.20092
117050  0.20092
117100  0.20092
117150  0.20092
117200  0.20092
117250  0.20092
117300  0.20092
117350  0.20092
117400  0.20092
117450  0.20092
117500  0.20092
117550  0.20092
117600  0.20092
117650  0.20092
117700  0.20092
117750  0.20092
117800  0.20092
117850  0.20092
117900  0.20092
117950  0.20092
118000  0.20092
118050  0.20092
118100  0.20092
118150  0.20092
118200  0.20092
118250  0.20092
118300  0.20092
118350  0.20092
118400  0.20092
118450  0.20092
118500  0.20092
118550  0.20092
118600  0.20092
118650  0.20092
118700  0.20092
118750  0.20092
118800  0.20092
118850  0.20092
118900  0.20092
118950  0.20092
119000  0.20092
119050  0.20092
119100  0.20092
119150  0.20092
119200  0.20092
119250  0.20092
119300  0.20092
119350  0.20092
119400  0.20092
119450  0.20092
119500  0.20092
119550  0.20092
119600  0.20092
119650  0.20092
119700  0.20092
119750  0.20092
119800  0.20092
119850  0.20092
119900  0.20092
119950  0.20092
120000  0.20092
120050  0.20092
120100  0.20092
120150  0.20092
120200  0.20092
120250  0.20092
120300  0.20092
120350  0.20092
120400  0.20092
120450  0.20092
120500  0.20092
120550  0.20092
120600  0.20092
120650  0.20092
120700  0.20092
120750  0.20092
120800  0.20092
120850  0.20092
