Step  Penalty
32  0.566962
64  0.527259
96  0.519763
128  0.514816
160  0.511668
192  0.510282
224  0.504631
256  0.50249
288  0.501027
320  0.499933
352  0.498397
384  0.49775
416  0.495907
448  0.495251
480  0.495251
512  0.49455
544  0.493877
576  0.492033
608  0.490378
640  0.490271
672  0.490271
704  0.490271
736  0.490271
768  0.490271
800  0.490271
832  0.490037
864  0.489368
896  0.489304
928  0.48896
960  0.488693
992  0.488662
1024  0.48839
1056  0.48839
1088  0.48839
1120  0.488077
1152  0.488077
1184  0.486914
1216  0.486914
1248  0.486891
1280  0.486891
1312  0.48663
1344  0.485981
1376  0.485612
1408  0.485574
1440  0.485468
1472  0.484992
1504  0.484437
1536  0.484437
1568  0.484437
1600  0.484303
1632  0.484191
1664  0.484191
1696  0.484191
1728  0.484191
1760  0.484073
1792  0.484073
1824  0.484073
1856  0.484073
1888  0.483683
1920  0.483333
1952  0.482486
1984  0.482267
2016  0.482088
2048  0.481913
2080  0.481913
2112  0.48167
2144  0.481202
2176  0.480803
2208  0.480236
2240  0.480168
2272  0.479789
2304  0.479747
2336  0.479747
2368  0.479747
2400  0.479747
2432  0.479747
2464  0.479708
2496  0.479708
2528  0.479484
2560  0.479484
2592  0.479484
2624  0.479484
2656  0.479484
2688  0.479484
2720  0.479484
2752  0.479484
2784  0.478914
2816  0.478914
2848  0.478147
2880  0.477243
2912  0.477215
2944  0.476566
2976  0.476566
3008  0.476566
3040  0.476348
3072  0.476286
3104  0.476197
3136  0.476197
3168  0.476118
3200  0.476118
3232  0.476118
3264  0.475704
3296  0.475704
3328  0.475464
3360  0.474805
3392  0.474805
3424  0.474805
3456  0.474698
3488  0.474581
3520  0.474581
3552  0.474581
3584  0.474581
3616  0.474581
3648  0.474407
3680  0.473743
3712  0.473743
3744  0.473682
3776  0.473596
3808  0.473596
3840  0.473596
3872  0.473596
3904  0.473301
3936  0.473301
3968  0.473301
4000  0.473301
4032  0.473301
4064  0.473115
4096  0.473115
4128  0.473115
4160  0.472895
4192  0.472895
4224  0.472895
4256  0.472884
4288  0.472884
4320  0.472583
4352  0.472583
4384  0.472583
4416  0.472583
4448  0.471982
4480  0.471982
4512  0.471982
4544  0.471963
4576  0.471963
4608  0.471963
4640  0.471963
4672  0.47174
4704  0.47174
4736  0.47174
4768  0.471731
4800  0.471731
4832  0.471607
4864  0.471607
4896  0.470332
4928  0.470332
4960  0.470332
4992  0.470332
5024  0.470256
5056  0.470256
5088  0.470021
5120  0.470021
5152  0.469709
5184  0.469709
5216  0.469709
5248  0.469709
5280  0.469512
5312  0.469438
5344  0.469438
5376  0.469372
5408  0.469372
5440  0.469244
5472  0.469244
5504  0.469244
5536  0.469244
5568  0.469244
5600  0.469244
5632  0.469244
5664  0.469244
5696  0.469244
5728  0.469244
5760  0.469244
5792  0.469244
5824  0.469244
5856  0.469244
5888  0.469083
5920  0.468933
5952  0.468933
5984  0.468933
6016  0.468933
6048  0.468933
6080  0.468728
6112  0.468728
6144  0.468728
6176  0.468728
6208  0.468728
6240  0.468728
6272  0.468728
6304  0.468728
6336  0.468728
6368  0.468728
6400  0.468728
6432  0.468728
6464  0.468728
6496  0.468546
6528  0.467887
6560  0.467887
6592  0.467887
6624  0.467887
6656  0.46778
6688  0.46778
6720  0.46778
6752  0.46778
6784  0.467205
6816  0.467205
6848  0.467205
6880  0.467205
6912  0.466786
6944  0.466786
6976  0.466786
7008  0.466786
7040  0.466786
7072  0.466786
7104  0.466665
7136  0.466665
7168  0.466665
7200  0.46645
7232  0.46645
7264  0.46645
7296  0.46645
7328  0.46645
7360  0.46645
7392  0.46645
7424  0.46645
7456  0.46645
7488  0.46645
7520  0.46645
7552  0.46645
7584  0.46645
7616  0.46645
7648  0.46645
7680  0.46645
7712  0.46645
7744  0.466014
7776  0.465506
7808  0.465355
7840  0.465355
7872  0.465355
7904  0.465355
7936  0.465355
7968  0.465263
8000  0.464965
8032  0.464965
8064  0.464965
8096  0.464965
8128  0.464965
8160  0.464965
8192  0.464965
8224  0.464965
8256  0.464965
8288  0.464965
8320  0.464965
8352  0.464965
8384  0.464965
8416  0.464965
8448  0.464965
8480  0.464965
8512  0.464965
8544  0.464965
8576  0.464965
8608  0.464965
8640  0.464965
8672  0.464965
8704  0.464965
8736  0.464965
8768  0.464679
8800  0.464679
8832  0.464679
8864  0.464679
8896  0.464679
8928  0.464679
8960  0.464679
8992  0.464679
9024  0.464679
9056  0.464679
9088  0.464679
9120  0.464679
9152  0.464679
9184  0.464679
9216  0.464679
9248  0.464465
9280  0.464465
9312  0.464465
9344  0.464465
9376  0.464465
9408  0.464465
9440  0.464465
9472  0.464465
9504  0.464127
9536  0.464127
9568  0.464127
9600  0.464127
9632  0.464127
9664  0.464127
9696  0.464127
9728  0.464127
9760  0.464127
9792  0.464127
9824  0.464127
9856  0.464127
9888  0.464127
9920  0.464127
9952  0.464127
9984  0.464127
10016  0.464127
10048  0.464127
10080  0.464127
10112  0.464127
10144  0.464127
10176  0.464127
10208  0.464127
10240  0.464127
10272  0.464127
10304  0.464127
10336  0.464127
10368  0.464127
10400  0.464127
10432  0.464127
10464  0.464127
10496  0.464127
10528  0.464127
10560  0.464127
10592  0.464127
10624  0.464127
10656  0.463896
10688  0.463799
10720  0.463799
10752  0.463799
10784  0.463799
10816  0.463799
10848  0.463799
10880  0.463673
10912  0.463673
10944  0.463673
10976  0.463673
11008  0.463673
11040  0.463673
11072  0.463673
11104  0.463506
11136  0.463428
11168  0.463428
11200  0.463428
11232  0.463013
11264  0.463013
11296  0.463013
11328  0.463013
11360  0.463013
11392  0.463013
11424  0.463013
11456  0.463013
11488  0.463013
11520  0.463013
11552  0.463013
11584  0.463013
11616  0.463013
11648  0.463013
11680  0.463013
11712  0.463013
11744  0.463013
11776  0.463013
11808  0.463013
11840  0.463013
11872  0.463013
11904  0.463013
11936  0.463013
11968  0.463013
12000  0.463013
12032  0.463013
12064  0.463013
12096  0.463013
12128  0.463013
12160  0.463013
12192  0.463013
12224  0.463013
12256  0.463013
12288  0.463013
12320  0.463013
12352  0.463013
12384  0.463013
12416  0.463013
12448  0.463013
12480  0.463013
12512  0.463013
12544  0.463013
12576  0.463013
12608  0.463013
12640  0.463013
12672  0.463013
12704  0.463013
12736  0.463013
12768  0.463013
12800  0.463013
12832  0.463013
12864  0.463013
12896  0.463013
12928  0.463013
12960  0.463013
12992  0.463013
13024  0.463013
13056  0.463013
13088  0.463013
13120  0.463013
13152  0.463013
13184  0.463013
13216  0.463013
13248  0.463013
13280  0.463013
13312  0.463013
13344  0.463013
13376  0.463013
13408  0.463013
13440  0.463013
13472  0.463013
13504  0.463013
13536  0.463013
13568  0.462898
13600  0.462898
13632  0.462898
13664  0.462784
13696  0.462784
13728  0.462784
13760  0.462784
13792  0.462784
13824  0.462784
13856  0.462784
13888  0.462784
13920  0.462784
13952  0.462784
13984  0.462784
14016  0.462784
14048  0.462784
14080  0.462784
14112  0.462784
14144  0.462784
14176  0.462784
14208  0.462784
14240  0.462784
14272  0.462784
14304  0.462784
14336  0.462784
14368  0.462784
14400  0.462784
14432  0.462784
14464  0.462784
14496  0.462784
14528  0.462784
14560  0.462784
14592  0.462784
14624  0.462784
14656  0.462784
14688  0.462784
14720  0.462784
14752  0.462784
14784  0.462754
14816  0.462754
14848  0.462754
14880  0.462754
14912  0.462754
14944  0.462754
14976  0.462754
15008  0.462754
15040  0.462754
15072  0.462754
15104  0.462754
15136  0.462754
15168  0.462754
15200  0.462754
15232  0.462754
15264  0.462754
15296  0.462754
15328  0.462754
15360  0.462642
15392  0.462642
15424  0.462642
15456  0.462642
15488  0.462642
15520  0.462642
15552  0.462642
15584  0.462642
15616  0.462625
15648  0.462625
15680  0.462625
15712  0.462625
15744  0.462625
15776  0.462625
15808  0.462625
15840  0.462625
15872  0.462625
15904  0.462625
15936  0.462625
15968  0.462625
16000  0.462625
16032  0.462625
16064  0.462625
16096  0.462625
16128  0.462515
16160  0.462515
16192  0.462515
16224  0.462515
16256  0.462515
16288  0.462515
16320  0.462515
16352  0.462515
16384  0.462515
16416  0.462515
16448  0.462515
16480  0.462515
16512  0.462515
16544  0.462515
16576  0.462515
16608  0.462515
16640  0.462515
16672  0.462515
16704  0.462515
16736  0.462515
16768  0.462515
16800  0.462515
16832  0.462515
16864  0.462515
16896  0.462515
16928  0.462515
16960  0.462515
16992  0.462515
17024  0.462373
17056  0.462373
17088  0.462373
17120  0.462373
17152  0.462373
17184  0.462373
17216  0.462373
17248  0.462362
17280  0.462362
17312  0.462362
17344  0.462362
17376  0.462362
17408  0.462212
17440  0.462212
17472  0.462212
17504  0.462212
17536  0.462212
17568  0.462212
17600  0.462212
17632  0.462212
17664  0.462212
17696  0.462212
17728  0.462212
17760  0.462212
17792  0.462212
17824  0.462212
17856  0.462084
17888  0.462027
17920  0.462027
17952  0.462027
17984  0.462027
18016  0.462027
18048  0.462027
18080  0.462027
18112  0.462027
18144  0.462027
18176  0.462027
18208  0.462027
18240  0.462027
18272  0.462027
18304  0.460694
18336  0.460694
18368  0.460694
18400  0.460694
18432  0.460694
18464  0.460694
18496  0.460694
18528  0.460642
18560  0.460642
18592  0.460642
18624  0.460642
18656  0.460642
18688  0.460642
18720  0.460642
18752  0.460642
18784  0.460642
18816  0.460642
18848  0.460642
18880  0.460642
18912  0.460642
18944  0.460642
18976  0.460642
19008  0.460642
19040  0.460642
19072  0.460642
19104  0.460642
19136  0.460642
19168  0.460642
19200  0.460642
19232  0.460642
19264  0.460642
19296  0.460642
19328  0.460642
19360  0.460642
19392  0.460642
19424  0.460642
19456  0.460642
19488  0.460642
19520  0.460642
19552  0.460642
19584  0.460642
19616  0.460642
19648  0.460642
19680  0.460642
19712  0.460642
19744  0.460642
19776  0.460642
19808  0.460642
19840  0.460642
19872  0.460642
19904  0.460642
19936  0.460642
19968  0.460642
20000  0.460642
20032  0.460642
20064  0.460642
20096  0.460642
20128  0.460415
20160  0.460415
20192  0.46021
20224  0.46021
20256  0.46021
20288  0.46021
20320  0.46021
20352  0.460033
20384  0.460033
20416  0.460033
20448  0.460033
20480  0.460033
20512  0.460033
20544  0.460033
20576  0.460033
20608  0.460033
20640  0.460033
20672  0.460033
20704  0.460033
20736  0.460033
20768  0.459864
20800  0.459864
20832  0.459864
20864  0.459864
20896  0.459864
20928  0.459864
20960  0.459864
20992  0.459864
21024  0.459201
21056  0.459201
21088  0.459201
21120  0.459201
21152  0.459201
21184  0.459201
21216  0.459201
21248  0.459201
21280  0.459201
21312  0.459201
21344  0.459201
21376  0.459201
21408  0.459201
21440  0.459201
21472  0.459201
21504  0.459201
21536  0.459201
21568  0.459201
21600  0.459201
21632  0.459201
21664  0.459201
21696  0.459201
21728  0.459201
21760  0.459201
21792  0.459201
21824  0.459201
21856  0.459201
21888  0.459201
21920  0.459201
21952  0.459201
21984  0.459201
22016  0.459201
22048  0.459201
22080  0.459201
22112  0.459201
22144  0.459201
22176  0.459201
22208  0.459201
22240  0.459201
22272  0.459201
22304  0.459201
22336  0.459201
22368  0.459201
22400  0.459201
22432  0.459201
22464  0.459201
22496  0.459201
22528  0.459201
22560  0.459201
22592  0.459201
22624  0.459201
22656  0.459201
22688  0.459201
22720  0.459201
22752  0.459201
22784  0.459201
22816  0.459201
22848  0.459201
22880  0.459201
22912  0.459201
22944  0.459201
22976  0.459201
23008  0.459201
23040  0.459201
23072  0.459201
23104  0.459201
23136  0.459201
23168  0.459201
23200  0.459201
23232  0.459201
23264  0.459201
23296  0.459201
23328  0.459201
23360  0.459201
23392  0.459201
23424  0.459201
23456  0.459201
23488  0.459201
23520  0.459201
23552  0.459201
23584  0.459201
23616  0.459201
23648  0.459201
23680  0.459201
23712  0.459201
23744  0.459147
23776  0.459147
23808  0.459147
23840  0.459147
23872  0.459147
23904  0.459147
23936  0.459147
23968  0.459147
24000  0.459147
24032  0.459147
24064  0.458965
24096  0.458965
24128  0.458965
24160  0.458965
24192  0.458965
24224  0.458965
24256  0.458965
24288  0.458965
24320  0.458965
24352  0.458965
24384  0.458965
24416  0.458831
24448  0.458831
24480  0.458831
24512  0.458831
24544  0.458831
24576  0.458831
24608  0.458831
24640  0.458831
24672  0.458831
24704  0.458831
24736  0.458831
24768  0.458831
24800  0.45867
24832  0.45867
24864  0.45867
24896  0.45867
24928  0.45867
24960  0.45867
24992  0.45867
25024  0.45867
25056  0.45867
25088  0.458634
25120  0.458634
25152  0.458634
25184  0.458634
25216  0.458634
25248  0.458634
25280  0.458634
25312  0.458634
25344  0.458634
25376  0.458634
25408  0.458634
25440  0.458634
25472  0.458634
25504  0.458634
25536  0.458634
25568  0.458634
25600  0.458634
25632  0.458634
25664  0.458634
25696  0.458634
25728  0.458368
25760  0.458368
25792  0.458368
25824  0.458368
25856  0.458368
25888  0.458368
25920  0.458368
25952  0.458368
25984  0.458368
26016  0.458273
26048  0.458273
26080  0.458273
26112  0.458273
26144  0.458273
26176  0.458273
26208  0.458273
26240  0.458273
26272  0.458273
26304  0.458273
26336  0.458273
26368  0.458273
26400  0.458273
26432  0.458273
26464  0.458273
26496  0.458273
26528  0.458273
26560  0.458273
26592  0.458273
26624  0.458273
26656  0.458273
26688  0.458273
26720  0.458273
26752  0.458273
26784  0.458273
26816  0.458273
26848  0.458273
26880  0.458273
26912  0.458273
26944  0.458273
26976  0.458273
27008  0.458273
27040  0.458273
27072  0.458273
27104  0.458273
27136  0.458273
27168  0.458273
27200  0.458273
27232  0.458273
27264  0.458273
27296  0.458273
27328  0.458273
27360  0.458146
27392  0.458146
27424  0.458146
27456  0.458146
27488  0.458146
27520  0.458146
27552  0.458146
27584  0.458146
27616  0.458146
27648  0.458146
27680  0.458146
27712  0.458146
27744  0.458146
27776  0.458146
27808  0.458146
27840  0.458146
27872  0.458146
27904  0.458146
27936  0.458146
27968  0.458146
28000  0.458146
28032  0.458146
28064  0.458146
28096  0.458146
28128  0.458146
28160  0.458146
28192  0.458146
28224  0.45811
28256  0.45811
28288  0.45811
28320  0.45811
28352  0.45811
28384  0.45811
28416  0.45811
28448  0.45811
28480  0.45811
28512  0.45811
28544  0.45811
28576  0.45811
28608  0.45811
28640  0.45811
28672  0.45811
28704  0.45811
28736  0.45811
28768  0.45811
28800  0.45811
28832  0.45811
28864  0.45811
28896  0.45811
28928  0.45811
28960  0.45811
28992  0.45811
29024  0.45811
29056  0.45811
29088  0.45811
29120  0.45811
29152  0.45811
29184  0.45811
29216  0.45811
29248  0.45811
29280  0.45811
29312  0.45811
29344  0.45811
29376  0.45811
29408  0.45811
29440  0.45811
29472  0.45811
29504  0.45811
29536  0.45811
29568  0.45811
29600  0.45811
29632  0.45811
29664  0.45811
29696  0.45811
29728  0.45811
29760  0.45811
29792  0.45811
29824  0.45811
29856  0.45811
29888  0.45811
29920  0.45811
29952  0.45811
29984  0.45811
30016  0.45811
30048  0.45811
30080  0.457575
30112  0.457575
30144  0.457575
30176  0.457575
30208  0.457575
30240  0.457575
30272  0.457575
30304  0.457575
30336  0.457575
30368  0.457575
30400  0.457575
30432  0.457575
30464  0.457575
30496  0.457575
30528  0.457575
30560  0.457575
30592  0.457575
30624  0.457575
30656  0.457575
30688  0.457575
30720  0.457575
30752  0.457575
30784  0.457575
30816  0.457575
30848  0.457575
30880  0.457575
30912  0.457575
30944  0.457575
30976  0.457575
31008  0.457575
31040  0.457575
31072  0.457575
31104  0.457575
31136  0.457575
31168  0.457575
31200  0.457575
31232  0.457575
31264  0.457575
31296  0.457575
31328  0.457575
31360  0.457575
31392  0.457575
31424  0.457575
31456  0.457575
31488  0.457575
31520  0.457575
31552  0.457575
31584  0.457575
31616  0.457575
31648  0.457575
31680  0.457575
31712  0.457575
31744  0.457575
31776  0.457575
31808  0.457575
31840  0.457575
31872  0.457575
31904  0.457575
31936  0.457575
31968  0.457575
32000  0.457575
32032  0.457575
32064  0.457575
32096  0.457575
32128  0.457575
32160  0.457575
32192  0.457575
32224  0.457575
32256  0.457575
32288  0.457575
32320  0.457575
32352  0.457575
32384  0.457575
32416  0.457575
32448  0.457575
32480  0.457322
32512  0.457322
32544  0.457322
32576  0.457322
32608  0.457322
32640  0.457322
32672  0.457322
32704  0.457322
32736  0.457322
32768  0.457262
32800  0.457262
32832  0.457262
32864  0.457262
32896  0.457262
32928  0.457262
32960  0.457262
32992  0.457262
33024  0.457262
33056  0.457262
33088  0.457262
33120  0.457262
33152  0.457262
33184  0.457262
33216  0.457262
33248  0.457262
33280  0.457262
33312  0.457262
33344  0.457262
33376  0.456968
33408  0.456968
33440  0.456968
33472  0.456968
33504  0.456968
33536  0.456968
33568  0.456968
33600  0.456968
33632  0.456968
33664  0.456968
33696  0.456968
33728  0.456968
33760  0.456968
33792  0.456968
33824  0.456968
33856  0.456754
33888  0.456754
33920  0.456754
33952  0.456754
33984  0.456754
34016  0.456754
34048  0.456754
34080  0.456754
34112  0.456754
34144  0.456754
34176  0.456754
34208  0.456754
34240  0.456754
34272  0.456754
34304  0.456754
34336  0.456754
34368  0.456754
34400  0.456754
34432  0.456754
34464  0.456754
34496  0.456754
34528  0.456754
34560  0.456754
34592  0.456754
34624  0.456754
34656  0.456754
34688  0.456754
34720  0.456754
34752  0.456754
34784  0.456754
34816  0.456754
34848  0.456754
34880  0.456754
34912  0.456754
34944  0.456754
34976  0.456754
35008  0.456754
35040  0.456754
35072  0.456754
35104  0.456754
35136  0.456534
35168  0.456534
35200  0.456534
35232  0.456534
35264  0.456534
35296  0.456534
35328  0.45635
35360  0.45635
35392  0.45635
35424  0.45635
35456  0.45635
35488  0.45635
35520  0.45635
35552  0.45635
35584  0.45635
35616  0.45635
35648  0.45635
35680  0.45635
35712  0.45635
35744  0.45635
35776  0.456248
35808  0.456248
35840  0.456218
35872  0.456218
35904  0.456218
35936  0.456218
35968  0.456218
36000  0.456218
36032  0.456218
36064  0.456218
36096  0.456218
36128  0.456218
36160  0.456218
36192  0.456218
36224  0.456218
36256  0.456218
36288  0.456218
36320  0.456218
36352  0.456218
36384  0.456218
36416  0.456218
36448  0.456218
36480  0.456218
36512  0.45604
36544  0.45604
36576  0.45604
36608  0.45604
36640  0.45604
36672  0.45604
36704  0.45604
36736  0.45604
36768  0.45604
36800  0.45604
36832  0.45604
36864  0.45604
36896  0.45604
36928  0.45604
36960  0.45604
36992  0.45604
37024  0.45604
37056  0.45604
37088  0.45604
37120  0.45604
37152  0.45604
37184  0.45604
37216  0.45604
37248  0.455899
37280  0.455899
37312  0.455899
37344  0.455899
37376  0.455899
37408  0.455899
37440  0.455899
37472  0.455821
37504  0.455821
37536  0.455821
37568  0.455821
37600  0.455821
37632  0.455821
37664  0.455821
37696  0.455821
37728  0.455821
37760  0.455821
37792  0.455821
37824  0.455821
37856  0.455821
37888  0.455821
37920  0.455821
37952  0.455821
37984  0.455821
38016  0.455821
38048  0.455821
38080  0.455821
38112  0.455821
38144  0.455821
38176  0.455821
38208  0.455821
38240  0.455821
38272  0.455821
38304  0.455821
38336  0.455821
38368  0.455821
38400  0.455821
38432  0.455821
38464  0.455821
38496  0.455821
38528  0.455821
38560  0.455821
38592  0.455821
38624  0.455821
38656  0.455821
38688  0.455821
38720  0.455821
38752  0.455821
38784  0.455821
38816  0.455821
38848  0.455821
38880  0.455821
38912  0.455821
38944  0.455821
38976  0.455821
39008  0.455821
39040  0.455821
39072  0.455821
39104  0.455821
39136  0.455821
39168  0.455821
39200  0.455821
39232  0.455821
39264  0.455821
39296  0.455821
39328  0.455821
39360  0.455821
39392  0.455821
39424  0.455821
39456  0.455821
39488  0.455821
39520  0.455821
39552  0.455821
39584  0.455821
39616  0.455821
39648  0.455821
39680  0.455821
39712  0.455711
39744  0.455711
39776  0.455711
39808  0.455711
39840  0.455711
39872  0.455711
39904  0.455711
39936  0.455711
39968  0.455711
40000  0.455711
40032  0.455175
40064  0.455175
40096  0.455175
40128  0.455175
40160  0.455175
40192  0.455175
40224  0.455175
40256  0.455175
40288  0.455175
40320  0.455175
40352  0.455175
40384  0.455175
40416  0.455175
40448  0.455175
40480  0.455175
40512  0.455175
40544  0.455175
40576  0.455175
40608  0.455175
40640  0.455175
40672  0.455175
40704  0.455175
40736  0.455175
40768  0.455175
40800  0.455175
40832  0.455175
40864  0.455175
40896  0.455175
40928  0.455175
40960  0.455175
40992  0.455175
41024  0.455175
41056  0.455175
41088  0.455175
41120  0.455175
41152  0.455175
41184  0.455175
41216  0.455175
41248  0.455175
41280  0.455175
41312  0.455175
41344  0.455175
41376  0.455171
41408  0.455171
41440  0.455171
41472  0.455171
41504  0.455171
41536  0.455171
41568  0.455171
41600  0.455171
41632  0.455171
41664  0.455171
41696  0.455171
41728  0.455171
41760  0.455171
41792  0.455171
41824  0.455171
41856  0.455171
41888  0.455171
41920  0.455171
41952  0.455171
41984  0.454981
42016  0.454981
42048  0.454981
42080  0.454981
42112  0.454981
42144  0.454954
42176  0.454954
42208  0.454954
42240  0.454954
42272  0.454954
42304  0.454954
42336  0.454954
42368  0.454954
42400  0.454954
42432  0.454954
42464  0.454954
42496  0.454954
42528  0.454954
42560  0.454954
42592  0.454954
42624  0.454954
42656  0.454954
42688  0.454954
42720  0.454954
42752  0.454954
42784  0.454954
42816  0.454954
42848  0.454954
42880  0.454954
42912  0.454954
42944  0.454954
42976  0.454954
43008  0.454954
43040  0.454954
43072  0.454954
43104  0.454954
43136  0.454954
43168  0.454954
43200  0.454954
43232  0.454954
43264  0.454954
43296  0.454817
43328  0.454817
43360  0.454817
43392  0.454817
43424  0.454817
43456  0.454817
43488  0.454817
43520  0.454817
43552  0.454817
43584  0.454817
43616  0.454817
43648  0.454817
43680  0.454817
43712  0.454817
43744  0.454817
43776  0.454817
43808  0.454817
43840  0.454817
43872  0.454817
43904  0.454817
43936  0.454817
43968  0.454817
44000  0.454784
44032  0.454784
44064  0.454784
44096  0.454784
44128  0.454784
44160  0.454784
44192  0.454784
44224  0.454784
44256  0.454562
44288  0.454562
44320  0.454562
44352  0.454562
44384  0.454562
44416  0.454562
44448  0.454562
44480  0.454562
44512  0.454562
44544  0.454562
44576  0.454562
44608  0.454562
44640  0.454562
44672  0.454562
44704  0.454562
44736  0.454562
44768  0.454562
44800  0.454562
44832  0.454562
44864  0.454562
44896  0.454562
44928  0.454562
44960  0.454562
44992  0.454562
45024  0.454562
45056  0.454562
45088  0.454562
45120  0.454562
45152  0.454562
45184  0.454562
45216  0.454562
45248  0.454562
45280  0.454562
45312  0.454562
45344  0.454562
45376  0.454562
45408  0.454562
45440  0.454562
45472  0.454562
45504  0.454562
45536  0.454562
45568  0.454562
45600  0.454562
45632  0.454562
45664  0.454562
45696  0.454562
45728  0.454562
45760  0.454562
45792  0.454562
45824  0.454562
45856  0.454562
45888  0.454562
45920  0.454562
45952  0.454562
45984  0.454562
46016  0.454562
46048  0.454562
46080  0.454562
46112  0.454562
46144  0.454562
46176  0.454562
46208  0.454562
46240  0.454562
46272  0.454562
46304  0.454562
46336  0.454562
46368  0.454562
46400  0.454562
46432  0.454562
46464  0.454562
46496  0.454562
46528  0.454562
46560  0.454562
46592  0.454562
46624  0.454562
46656  0.454562
46688  0.454562
46720  0.454562
46752  0.454562
46784  0.454562
46816  0.454562
46848  0.454562
46880  0.454562
46912  0.454562
46944  0.454562
46976  0.454562
47008  0.454562
47040  0.454562
47072  0.454562
47104  0.454562
47136  0.454562
47168  0.454562
47200  0.454562
47232  0.454562
47264  0.454562
47296  0.454562
47328  0.454562
47360  0.454562
47392  0.454562
47424  0.454562
47456  0.454562
47488  0.454562
47520  0.454562
47552  0.454562
47584  0.454562
47616  0.454562
47648  0.454562
47680  0.454196
47712  0.454196
47744  0.454196
47776  0.454196
47808  0.454196
47840  0.454196
47872  0.454196
47904  0.454196
47936  0.454196
47968  0.454196
48000  0.454196
48032  0.454196
48064  0.454196
48096  0.454196
48128  0.454196
48160  0.454196
48192  0.454196
48224  0.454196
48256  0.454196
48288  0.454196
48320  0.454196
48352  0.454196
48384  0.454196
48416  0.454196
48448  0.454196
48480  0.454196
48512  0.454123
48544  0.454123
48576  0.454123
48608  0.453585
48640  0.453585
48672  0.453585
48704  0.453585
48736  0.453585
48768  0.453585
48800  0.453585
48832  0.453585
48864  0.453585
48896  0.453585
48928  0.453585
48960  0.453585
48992  0.453585
49024  0.453585
49056  0.453585
49088  0.453585
49120  0.453585
49152  0.453585
49184  0.453585
49216  0.453585
49248  0.453585
49280  0.453585
49312  0.453585
49344  0.453585
49376  0.453585
49408  0.453585
49440  0.453585
49472  0.453585
49504  0.453585
49536  0.453585
49568  0.453585
49600  0.453585
49632  0.453585
49664  0.453585
49696  0.453585
49728  0.453585
49760  0.453585
49792  0.453585
49824  0.453585
49856  0.453585
49888  0.453585
49920  0.453585
49952  0.453585
49984  0.453234
50016  0.453234
50048  0.453234
50080  0.453234
50112  0.453234
50144  0.453234
50176  0.453123
50208  0.453123
50240  0.453123
50272  0.453123
50304  0.453123
50336  0.453123
50368  0.453058
50400  0.453058
50432  0.453058
50464  0.453058
50496  0.453058
50528  0.453058
50560  0.453058
50592  0.453058
50624  0.453058
50656  0.453058
50688  0.453058
50720  0.453058
50752  0.453058
50784  0.453058
50816  0.453058
50848  0.453058
50880  0.453058
50912  0.453058
50944  0.453058
50976  0.453058
51008  0.452813
51040  0.452813
51072  0.452813
51104  0.452813
51136  0.452813
51168  0.452813
51200  0.452813
51232  0.452813
51264  0.452813
51296  0.452813
51328  0.452813
51360  0.452813
51392  0.452813
51424  0.452813
51456  0.452813
51488  0.452813
51520  0.452813
51552  0.452813
51584  0.452813
51616  0.452813
51648  0.452813
51680  0.452813
51712  0.452813
51744  0.452813
51776  0.452813
51808  0.452813
51840  0.452813
51872  0.452813
51904  0.452813
51936  0.452813
51968  0.452813
52000  0.452813
52032  0.452813
52064  0.452657
52096  0.452657
52128  0.452657
52160  0.452657
52192  0.452657
52224  0.452657
52256  0.452657
52288  0.452657
52320  0.452657
52352  0.452657
52384  0.452657
52416  0.452657
52448  0.452657
52480  0.452657
52512  0.452657
52544  0.452657
52576  0.452657
52608  0.452657
52640  0.452657
52672  0.452657
52704  0.452657
52736  0.452657
52768  0.452657
52800  0.452657
52832  0.452657
52864  0.452657
52896  0.452657
52928  0.452657
52960  0.452657
52992  0.452657
53024  0.452606
53056  0.452606
53088  0.452606
53120  0.452606
53152  0.452606
53184  0.452606
53216  0.452606
53248  0.452606
53280  0.452606
53312  0.452606
53344  0.452606
53376  0.452606
53408  0.452606
53440  0.452606
53472  0.452606
53504  0.452606
53536  0.452606
53568  0.452606
53600  0.452606
53632  0.452606
53664  0.452606
53696  0.452606
53728  0.452606
53760  0.452606
53792  0.452606
53824  0.452382
53856  0.452382
53888  0.452382
53920  0.452382
53952  0.452382
53984  0.452382
54016  0.452382
54048  0.452382
54080  0.452382
54112  0.452382
54144  0.452382
54176  0.452382
54208  0.452382
54240  0.452382
54272  0.452382
54304  0.452382
54336  0.452382
54368  0.452382
54400  0.452382
54432  0.452382
54464  0.452382
54496  0.452382
54528  0.452382
54560  0.452382
54592  0.452382
54624  0.452382
54656  0.452382
54688  0.452382
54720  0.452241
54752  0.452241
54784  0.452241
54816  0.452241
54848  0.452241
54880  0.452241
54912  0.452241
54944  0.452241
54976  0.452241
55008  0.452241
55040  0.452241
55072  0.452241
55104  0.452241
55136  0.452241
55168  0.452241
55200  0.452241
55232  0.452241
55264  0.452241
55296  0.452241
55328  0.452241
55360  0.452241
55392  0.452241
55424  0.452139
55456  0.452139
55488  0.452139
55520  0.452139
55552  0.452139
55584  0.452139
55616  0.452139
55648  0.452139
55680  0.452139
55712  0.452139
55744  0.452139
55776  0.452139
55808  0.452139
55840  0.452139
55872  0.452139
55904  0.452139
55936  0.452139
55968  0.452139
56000  0.452139
56032  0.452139
56064  0.452139
56096  0.452139
56128  0.452139
56160  0.452139
56192  0.452139
56224  0.452139
56256  0.452139
56288  0.452139
56320  0.452139
56352  0.452139
56384  0.452139
56416  0.452139
56448  0.452139
56480  0.452139
56512  0.452139
56544  0.452139
56576  0.452139
56608  0.452139
56640  0.452139
56672  0.452139
56704  0.452139
56736  0.452139
56768  0.452139
56800  0.452139
56832  0.452139
56864  0.452139
56896  0.452139
56928  0.452139
56960  0.452139
56992  0.452139
57024  0.452139
57056  0.452139
57088  0.452139
57120  0.452139
57152  0.452139
57184  0.452139
57216  0.452139
57248  0.452139
57280  0.452139
57312  0.452139
57344  0.452139
57376  0.452139
57408  0.452139
57440  0.452139
57472  0.452139
57504  0.452139
57536  0.452139
57568  0.452139
57600  0.452139
57632  0.452139
57664  0.452139
57696  0.452139
57728  0.452139
57760  0.452139
57792  0.452139
57824  0.452139
57856  0.452139
57888  0.452139
57920  0.452139
57952  0.452139
57984  0.452139
58016  0.452139
58048  0.452139
58080  0.452139
58112  0.452139
58144  0.452139
58176  0.452139
58208  0.452139
58240  0.452139
58272  0.452139
58304  0.452139
58336  0.452139
58368  0.452139
58400  0.452139
58432  0.452139
58464  0.452139
58496  0.452139
58528  0.452139
58560  0.452139
58592  0.452139
58624  0.452139
58656  0.452139
58688  0.452139
58720  0.452139
58752  0.452139
58784  0.452139
58816  0.452139
58848  0.452139
58880  0.452139
58912  0.452139
58944  0.452139
58976  0.452139
59008  0.452139
59040  0.452139
59072  0.452139
59104  0.452139
59136  0.452139
59168  0.452139
59200  0.452139
59232  0.452139
59264  0.452139
59296  0.452139
59328  0.452139
59360  0.452139
59392  0.452139
59424  0.452139
59456  0.452139
59488  0.452139
59520  0.452139
59552  0.452139
59584  0.452139
59616  0.452139
59648  0.452139
59680  0.452139
59712  0.452139
59744  0.452139
59776  0.452139
59808  0.452139
59840  0.452139
59872  0.452139
59904  0.452139
59936  0.452139
59968  0.452139
60000  0.452139
60032  0.452139
60064  0.452139
60096  0.452139
60128  0.452139
60160  0.452139
60192  0.452139
60224  0.452139
60256  0.452139
60288  0.452139
60320  0.452139
60352  0.452139
60384  0.452139
60416  0.452139
60448  0.452139
60480  0.452139
60512  0.452139
60544  0.452139
60576  0.452139
60608  0.452139
60640  0.452139
60672  0.452139
60704  0.452139
60736  0.452139
60768  0.452139
60800  0.452139
60832  0.452139
60864  0.452139
60896  0.452139
60928  0.452139
60960  0.452139
60992  0.452139
61024  0.452139
61056  0.452139
61088  0.452139
61120  0.452139
61152  0.452139
61184  0.452139
61216  0.452139
61248  0.452139
61280  0.452139
61312  0.452139
61344  0.452139
61376  0.452139
61408  0.452139
61440  0.452139
61472  0.452139
61504  0.452139
61536  0.452139
61568  0.452139
61600  0.452139
61632  0.452139
61664  0.452139
61696  0.452139
61728  0.452139
61760  0.452139
61792  0.452139
61824  0.452139
61856  0.452051
61888  0.452051
61920  0.452051
61952  0.452051
61984  0.452051
62016  0.452051
62048  0.452051
62080  0.452051
62112  0.452051
62144  0.452051
62176  0.452051
62208  0.452051
62240  0.452051
62272  0.452051
62304  0.452051
62336  0.452051
62368  0.452051
62400  0.452051
62432  0.452051
62464  0.452051
62496  0.452051
62528  0.452051
62560  0.452051
62592  0.452051
62624  0.452051
62656  0.452051
62688  0.452051
62720  0.452051
62752  0.452051
62784  0.452051
62816  0.452051
62848  0.452051
62880  0.452051
62912  0.452051
62944  0.452051
62976  0.452051
63008  0.452051
63040  0.452051
63072  0.452051
63104  0.452051
63136  0.452051
63168  0.452051
63200  0.452051
63232  0.452051
63264  0.452051
63296  0.452051
63328  0.452051
63360  0.452051
63392  0.452051
63424  0.452051
63456  0.452051
63488  0.452051
63520  0.452051
63552  0.452051
63584  0.452051
63616  0.452051
63648  0.452051
63680  0.452051
63712  0.452051
63744  0.452051
63776  0.452051
63808  0.452051
63840  0.452051
63872  0.452051
63904  0.452051
63936  0.452051
63968  0.452051
64000  0.452051
64032  0.452051
64064  0.452051
64096  0.452051
64128  0.452051
64160  0.452051
64192  0.452051
64224  0.452051
64256  0.452051
64288  0.452051
64320  0.452051
64352  0.452051
64384  0.452051
64416  0.452051
64448  0.452051
64480  0.452051
64512  0.452051
64544  0.452051
64576  0.452051
64608  0.452051
64640  0.452051
64672  0.452051
64704  0.452051
64736  0.452051
64768  0.451853
64800  0.451853
64832  0.451853
64864  0.451853
64896  0.451853
64928  0.451853
64960  0.451853
64992  0.451853
65024  0.451853
65056  0.451853
65088  0.451853
65120  0.451853
65152  0.451853
65184  0.451853
65216  0.451853
65248  0.451853
65280  0.451853
65312  0.451853
65344  0.451853
65376  0.451853
65408  0.451853
65440  0.451853
65472  0.451853
65504  0.451853
65536  0.451853
65568  0.451853
65600  0.451853
65632  0.451853
65664  0.451853
65696  0.451813
65728  0.451813
65760  0.451813
65792  0.451813
65824  0.451813
65856  0.451813
65888  0.451813
65920  0.451813
65952  0.451813
65984  0.451813
66016  0.451813
66048  0.451813
66080  0.451813
66112  0.451813
66144  0.451813
66176  0.451813
66208  0.451813
66240  0.451813
66272  0.451813
66304  0.451813
66336  0.451813
66368  0.451813
66400  0.451813
66432  0.451813
66464  0.451813
66496  0.451813
66528  0.451813
66560  0.451813
66592  0.451813
66624  0.451813
66656  0.451813
66688  0.451813
66720  0.451813
66752  0.451813
66784  0.451813
66816  0.451813
66848  0.451813
66880  0.451813
66912  0.451813
66944  0.451813
66976  0.451813
67008  0.451813
67040  0.451813
67072  0.451813
67104  0.451813
67136  0.451813
67168  0.451813
67200  0.451813
67232  0.451813
67264  0.451813
67296  0.451813
67328  0.451813
67360  0.451813
67392  0.451813
67424  0.451813
67456  0.451813
67488  0.451813
67520  0.451813
67552  0.451813
67584  0.451813
67616  0.451813
67648  0.451813
67680  0.451813
67712  0.451813
67744  0.451813
67776  0.451813
67808  0.451813
67840  0.451813
67872  0.451813
67904  0.451813
67936  0.451813
67968  0.451813
68000  0.451813
68032  0.451813
68064  0.451813
68096  0.451813
68128  0.451813
68160  0.451813
68192  0.451813
68224  0.451384
68256  0.451384
68288  0.451384
68320  0.451287
68352  0.451287
68384  0.451287
68416  0.451287
68448  0.451287
68480  0.451287
68512  0.451287
68544  0.451287
68576  0.451287
68608  0.451287
68640  0.451287
68672  0.451287
68704  0.451287
68736  0.451287
68768  0.451287
68800  0.451287
68832  0.451287
68864  0.451287
68896  0.450983
68928  0.450983
68960  0.450983
68992  0.450983
69024  0.450983
69056  0.450983
69088  0.450983
69120  0.450983
69152  0.450983
69184  0.450983
69216  0.450983
69248  0.450983
69280  0.450983
69312  0.450983
69344  0.450926
69376  0.450926
69408  0.450926
69440  0.450926
69472  0.450926
69504  0.450926
69536  0.450926
69568  0.450926
69600  0.450926
69632  0.450926
69664  0.450926
69696  0.450926
69728  0.450926
69760  0.450926
69792  0.450926
69824  0.450926
69856  0.450926
69888  0.450926
69920  0.450926
69952  0.450926
69984  0.450926
70016  0.450926
70048  0.450926
70080  0.450926
70112  0.450926
70144  0.450926
70176  0.450926
70208  0.450926
70240  0.450926
70272  0.450926
70304  0.450926
70336  0.450926
70368  0.450926
70400  0.450926
70432  0.450926
70464  0.450926
70496  0.450926
70528  0.450926
70560  0.450926
70592  0.450926
70624  0.450926
70656  0.450926
70688  0.450926
70720  0.450926
70752  0.450926
70784  0.450926
70816  0.450926
70848  0.450926
70880  0.450926
70912  0.450926
70944  0.450926
70976  0.450926
71008  0.450926
71040  0.450926
71072  0.450926
71104  0.450926
71136  0.450926
71168  0.450926
71200  0.450926
71232  0.450926
71264  0.450926
71296  0.450926
71328  0.450926
71360  0.450926
71392  0.450926
71424  0.450926
71456  0.450926
71488  0.450926
71520  0.450926
71552  0.450926
71584  0.450837
71616  0.450837
71648  0.450837
71680  0.450837
71712  0.450837
71744  0.450837
71776  0.450837
71808  0.450837
71840  0.450837
71872  0.450837
71904  0.450837
71936  0.450837
71968  0.450837
72000  0.450837
72032  0.450837
72064  0.450837
72096  0.450837
72128  0.450837
72160  0.450837
72192  0.450837
72224  0.450837
72256  0.450837
72288  0.450837
72320  0.450837
72352  0.450837
72384  0.450837
72416  0.450837
72448  0.450837
72480  0.450837
72512  0.450837
72544  0.450837
72576  0.450837
72608  0.450837
72640  0.450837
72672  0.450837
72704  0.450837
72736  0.450837
72768  0.450837
72800  0.450837
72832  0.450837
72864  0.450837
72896  0.450837
72928  0.450837
72960  0.450837
72992  0.450837
73024  0.450837
73056  0.450837
73088  0.450837
73120  0.450837
73152  0.450837
73184  0.450837
73216  0.450837
73248  0.450837
73280  0.450837
73312  0.450837
73344  0.450837
73376  0.450837
73408  0.450837
73440  0.450837
73472  0.450837
73504  0.450837
73536  0.450837
73568  0.450837
73600  0.450837
73632  0.450837
73664  0.450837
73696  0.450837
73728  0.450837
73760  0.450837
73792  0.450837
73824  0.450837
73856  0.450837
73888  0.450837
73920  0.450837
73952  0.450837
73984  0.450837
74016  0.450837
74048  0.450837
74080  0.450837
74112  0.450837
74144  0.450837
74176  0.450837
74208  0.450837
74240  0.450837
74272  0.450837
74304  0.450837
74336  0.450837
74368  0.450837
74400  0.450837
74432  0.450837
74464  0.450837
74496  0.450837
74528  0.450837
74560  0.450837
74592  0.450837
74624  0.450837
74656  0.450837
74688  0.450837
74720  0.450837
74752  0.450837
74784  0.450837
74816  0.450837
74848  0.450837
74880  0.450603
74912  0.450603
74944  0.450603
74976  0.450603
75008  0.450603
75040  0.450603
75072  0.450603
75104  0.450603
75136  0.450603
75168  0.450603
75200  0.450603
75232  0.450603
75264  0.450603
75296  0.450603
75328  0.450603
75360  0.450603
75392  0.450603
75424  0.450603
75456  0.450603
75488  0.450603
75520  0.450603
75552  0.450603
75584  0.450603
75616  0.450603
75648  0.450603
75680  0.450603
75712  0.450603
75744  0.450603
75776  0.450603
75808  0.450603
75840  0.450603
75872  0.450603
75904  0.450603
75936  0.450603
75968  0.450603
76000  0.450603
76032  0.450603
76064  0.450603
76096  0.450603
76128  0.450603
76160  0.450603
76192  0.450603
76224  0.450603
76256  0.450603
76288  0.450603
76320  0.450603
76352  0.450603
76384  0.450603
76416  0.450603
76448  0.450603
76480  0.450603
76512  0.450603
76544  0.450603
76576  0.450603
76608  0.450603
76640  0.450603
76672  0.450603
76704  0.450603
76736  0.450603
76768  0.450603
76800  0.450603
76832  0.450603
76864  0.450603
76896  0.450603
76928  0.450603
76960  0.450603
76992  0.450603
77024  0.450603
77056  0.450603
77088  0.450603
77120  0.450603
77152  0.450603
77184  0.450603
77216  0.450603
77248  0.450603
77280  0.450457
77312  0.450457
77344  0.450457
77376  0.450457
77408  0.450457
77440  0.450457
77472  0.450457
77504  0.450457
77536  0.450457
77568  0.450457
77600  0.450457
77632  0.450457
77664  0.450457
77696  0.450457
77728  0.450457
77760  0.450457
77792  0.450457
77824  0.450457
77856  0.450457
77888  0.450457
77920  0.450457
77952  0.450457
77984  0.450457
78016  0.450457
78048  0.450457
78080  0.450457
78112  0.450457
78144  0.450457
78176  0.450457
78208  0.450457
78240  0.450457
78272  0.450457
78304  0.450457
78336  0.450457
78368  0.450457
78400  0.450457
78432  0.450457
78464  0.450457
78496  0.450457
78528  0.450457
78560  0.450457
78592  0.450457
78624  0.450457
78656  0.450457
78688  0.450457
78720  0.450457
78752  0.450457
78784  0.450457
78816  0.450457
78848  0.450457
78880  0.450457
78912  0.450457
78944  0.450457
78976  0.450457
79008  0.450457
79040  0.450457
79072  0.450457
79104  0.450457
79136  0.450457
79168  0.450457
79200  0.450457
79232  0.450457
79264  0.450457
79296  0.450457
79328  0.450457
79360  0.450457
79392  0.450457
79424  0.450457
79456  0.450457
79488  0.450457
79520  0.450457
79552  0.450457
79584  0.450457
79616  0.450457
79648  0.450457
79680  0.450457
79712  0.450457
79744  0.450457
79776  0.450457
79808  0.450457
79840  0.450457
79872  0.450457
79904  0.450457
79936  0.450457
79968  0.450457
80000  0.450457
80032  0.450457
80064  0.450457
80096  0.450457
80128  0.450457
80160  0.450457
80192  0.450457
80224  0.450457
80256  0.450457
80288  0.450457
80320  0.450457
80352  0.450457
80384  0.450457
80416  0.450306
80448  0.450306
80480  0.450306
80512  0.450306
80544  0.450306
80576  0.450306
80608  0.450306
80640  0.449921
80672  0.449921
80704  0.449921
80736  0.449921
80768  0.449921
80800  0.449921
80832  0.449921
80864  0.449921
80896  0.449921
80928  0.449921
80960  0.449921
80992  0.449921
81024  0.449921
81056  0.449921
81088  0.449921
81120  0.449921
81152  0.449921
81184  0.449921
81216  0.449921
81248  0.449921
81280  0.449921
81312  0.449921
81344  0.449921
81376  0.449921
81408  0.449921
81440  0.449921
81472  0.449921
81504  0.449921
81536  0.449921
81568  0.449921
81600  0.449921
81632  0.449921
81664  0.449921
81696  0.449921
81728  0.449921
81760  0.449921
81792  0.449921
81824  0.449921
81856  0.449921
81888  0.449921
81920  0.449921
81952  0.449921
81984  0.449921
82016  0.449921
82048  0.449921
82080  0.449921
82112  0.449921
82144  0.449921
82176  0.449921
82208  0.449921
82240  0.449921
82272  0.449921
82304  0.449921
82336  0.449921
82368  0.449921
82400  0.449921
82432  0.449921
82464  0.449921
82496  0.449921
82528  0.449921
82560  0.449921
82592  0.449921
82624  0.449921
82656  0.449921
82688  0.449921
82720  0.449921
82752  0.449921
82784  0.449921
82816  0.449921
82848  0.449921
82880  0.449921
82912  0.449921
82944  0.449921
82976  0.449921
83008  0.449921
83040  0.449921
83072  0.449921
83104  0.449921
83136  0.449921
83168  0.449921
83200  0.449921
83232  0.449921
83264  0.449921
83296  0.449921
83328  0.449921
83360  0.449921
83392  0.449921
83424  0.449921
83456  0.449921
83488  0.449921
83520  0.449921
83552  0.449921
83584  0.449921
83616  0.449921
83648  0.449921
83680  0.449921
83712  0.449921
83744  0.449921
83776  0.449921
83808  0.449921
83840  0.449921
83872  0.449921
83904  0.449921
83936  0.449921
83968  0.449921
84000  0.449921
84032  0.449921
84064  0.449921
84096  0.449921
84128  0.449921
84160  0.449921
84192  0.44992
84224  0.44992
84256  0.44992
84288  0.44992
84320  0.44992
84352  0.44992
84384  0.44992
84416  0.44992
84448  0.44992
84480  0.44992
84512  0.44992
84544  0.44992
84576  0.449633
84608  0.449633
84640  0.449633
84672  0.449633
84704  0.449633
84736  0.449633
84768  0.449633
84800  0.449633
84832  0.449633
84864  0.449633
84896  0.449633
84928  0.449633
84960  0.449457
84992  0.449457
85024  0.449457
85056  0.449457
85088  0.449457
85120  0.449457
85152  0.449457
85184  0.449457
85216  0.449457
85248  0.449457
85280  0.449457
85312  0.449457
85344  0.449457
85376  0.449457
85408  0.449457
85440  0.449457
85472  0.449457
85504  0.449457
85536  0.449457
85568  0.449457
85600  0.449457
85632  0.449457
85664  0.449457
85696  0.449457
85728  0.449457
85760  0.449457
85792  0.449457
85824  0.449457
85856  0.449457
85888  0.449457
85920  0.449457
85952  0.449457
85984  0.449457
86016  0.449457
86048  0.449457
86080  0.449457
86112  0.449457
86144  0.449457
86176  0.449457
86208  0.449457
86240  0.449457
86272  0.449457
86304  0.449457
86336  0.449457
86368  0.449457
86400  0.449457
86432  0.449457
86464  0.449457
86496  0.449457
86528  0.449457
86560  0.449457
86592  0.449457
86624  0.449457
86656  0.449457
86688  0.449457
86720  0.449457
86752  0.449457
86784  0.449457
86816  0.449457
86848  0.449457
86880  0.449457
86912  0.449457
86944  0.449457
86976  0.449457
87008  0.449457
87040  0.449457
87072  0.449457
87104  0.449457
87136  0.449457
87168  0.449457
87200  0.449457
87232  0.449457
87264  0.449457
87296  0.449457
87328  0.449457
87360  0.449457
87392  0.449457
87424  0.449457
87456  0.449457
87488  0.449457
87520  0.449457
87552  0.449457
87584  0.449457
87616  0.449457
87648  0.449457
87680  0.449457
87712  0.449457
87744  0.449457
87776  0.449457
87808  0.449457
87840  0.449457
87872  0.449457
87904  0.449457
87936  0.449441
87968  0.449441
88000  0.449441
88032  0.449441
88064  0.449441
88096  0.449441
88128  0.449441
88160  0.449441
88192  0.449441
88224  0.449441
88256  0.449441
88288  0.449441
88320  0.449441
88352  0.449441
88384  0.449441
88416  0.449441
88448  0.449441
88480  0.449441
88512  0.448838
88544  0.448838
88576  0.448838
88608  0.448838
88640  0.448838
88672  0.448838
88704  0.448838
88736  0.448838
88768  0.448838
88800  0.448838
88832  0.448838
88864  0.448838
88896  0.448838
88928  0.448838
88960  0.448838
88992  0.448838
89024  0.448838
89056  0.448838
89088  0.448838
89120  0.448838
89152  0.448838
89184  0.448838
89216  0.448838
89248  0.448838
89280  0.448838
89312  0.448838
89344  0.448838
89376  0.448838
89408  0.448838
89440  0.448838
89472  0.448838
89504  0.448838
89536  0.448838
89568  0.448838
89600  0.448838
89632  0.448838
89664  0.448838
89696  0.448838
89728  0.448838
89760  0.448838
89792  0.448838
89824  0.448838
89856  0.448838
89888  0.448838
89920  0.448838
89952  0.448838
89984  0.448838
90016  0.448838
90048  0.448838
90080  0.448838
90112  0.448838
90144  0.448838
90176  0.448838
90208  0.448838
90240  0.448838
90272  0.448838
90304  0.448838
90336  0.448838
90368  0.448838
90400  0.448838
90432  0.448838
90464  0.448838
90496  0.448838
90528  0.448838
90560  0.448838
90592  0.448838
90624  0.448838
90656  0.448838
90688  0.448838
90720  0.448838
90752  0.448838
90784  0.448838
90816  0.448838
90848  0.448838
90880  0.448838
90912  0.448838
90944  0.448838
90976  0.448838
91008  0.448838
91040  0.448838
91072  0.448838
91104  0.448838
91136  0.448838
91168  0.448838
91200  0.448838
91232  0.448838
91264  0.448838
91296  0.448838
91328  0.448838
91360  0.448838
91392  0.448838
91424  0.448838
91456  0.448838
91488  0.448838
91520  0.448838
91552  0.448838
91584  0.448838
91616  0.448838
91648  0.448838
91680  0.448838
91712  0.448838
91744  0.448838
91776  0.448838
91808  0.448838
91840  0.448838
91872  0.448838
91904  0.448838
91936  0.448838
91968  0.448838
92000  0.448838
92032  0.448838
92064  0.448838
92096  0.448838
92128  0.448838
92160  0.448838
92192  0.448838
92224  0.448838
92256  0.448838
92288  0.448838
92320  0.448838
92352  0.448838
92384  0.448838
92416  0.448838
92448  0.448838
92480  0.448838
92512  0.448838
92544  0.448838
92576  0.448838
92608  0.448838
92640  0.448838
92672  0.448838
92704  0.448838
92736  0.448838
92768  0.448838
92800  0.448838
92832  0.448838
92864  0.448838
92896  0.448838
92928  0.448838
92960  0.448838
92992  0.448838
93024  0.448838
93056  0.448838
93088  0.448838
93120  0.448838
93152  0.448838
93184  0.448838
93216  0.448838
93248  0.448838
93280  0.448838
93312  0.448838
93344  0.448838
93376  0.448838
93408  0.448838
93440  0.448838
93472  0.448838
93504  0.448838
93536  0.448838
93568  0.448838
93600  0.448838
93632  0.448838
93664  0.448838
93696  0.448838
93728  0.448838
93760  0.448838
93792  0.448838
93824  0.448838
93856  0.448715
93888  0.448715
93920  0.448715
93952  0.448715
93984  0.448421
94016  0.448421
94048  0.448421
94080  0.448421
94112  0.448421
94144  0.448421
94176  0.448421
94208  0.448421
94240  0.448421
94272  0.448421
94304  0.448421
94336  0.448421
94368  0.448421
94400  0.448421
94432  0.448421
94464  0.448421
94496  0.448421
94528  0.448421
94560  0.448421
94592  0.448421
94624  0.448421
94656  0.448421
94688  0.448421
94720  0.448421
94752  0.448421
94784  0.448421
94816  0.448421
94848  0.448421
94880  0.448421
94912  0.448421
94944  0.448421
94976  0.448421
95008  0.448421
95040  0.448421
95072  0.448099
95104  0.448099
95136  0.448099
95168  0.448099
95200  0.448099
95232  0.448099
95264  0.448099
95296  0.448099
95328  0.448099
95360  0.448099
95392  0.448099
95424  0.448099
95456  0.448099
95488  0.448099
95520  0.448099
95552  0.448099
95584  0.448099
95616  0.448099
95648  0.448099
95680  0.448099
95712  0.448099
95744  0.448099
95776  0.448099
95808  0.448081
95840  0.448081
95872  0.448081
95904  0.448081
95936  0.448081
95968  0.448081
96000  0.448081
96032  0.448081
