Step  Penalty
32  0.58549
64  0.525266
96  0.498736
128  0.477516
160  0.435738
192  0.405862
224  0.379248
256  0.362515
288  0.338523
320  0.319861
352  0.307182
384  0.294166
416  0.287874
448  0.279473
480  0.271522
512  0.26272
544  0.256663
576  0.251457
608  0.247445
640  0.245368
672  0.243798
704  0.242904
736  0.241486
768  0.240379
800  0.239236
832  0.238577
864  0.238235
896  0.237741
928  0.236773
960  0.236657
992  0.23626
1024  0.235638
1056  0.235601
1088  0.235497
1120  0.235235
1152  0.234728
1184  0.234638
1216  0.234273
1248  0.234119
1280  0.234098
1312  0.234098
1344  0.234074
1376  0.234067
1408  0.233982
1440  0.233982
1472  0.233883
1504  0.233883
1536  0.233883
1568  0.233852
1600  0.233852
1632  0.233671
1664  0.233592
1696  0.233592
1728  0.233537
1760  0.233499
1792  0.23335
1824  0.23335
1856  0.233155
1888  0.233036
1920  0.233036
1952  0.233036
1984  0.232999
2016  0.232977
2048  0.232943
2080  0.232801
2112  0.232677
2144  0.232677
2176  0.232677
2208  0.232633
2240  0.232588
2272  0.232588
2304  0.232491
2336  0.232491
2368  0.232491
2400  0.232491
2432  0.232491
2464  0.232491
2496  0.232371
2528  0.232371
2560  0.232243
2592  0.232243
2624  0.232243
2656  0.232174
2688  0.232174
2720  0.232174
2752  0.232174
2784  0.232174
2816  0.232174
2848  0.232174
2880  0.232174
2912  0.232174
2944  0.232026
2976  0.232026
3008  0.232026
3040  0.232026
3072  0.232026
3104  0.232026
3136  0.232026
3168  0.232026
3200  0.232026
3232  0.232026
3264  0.232026
3296  0.232026
3328  0.232026
3360  0.232026
3392  0.232026
3424  0.232026
3456  0.231951
3488  0.231951
3520  0.231922
3552  0.231922
3584  0.231922
3616  0.231922
3648  0.23191
3680  0.23191
3712  0.23191
3744  0.23191
3776  0.231843
3808  0.231843
3840  0.231843
3872  0.231785
3904  0.231785
3936  0.231785
3968  0.231785
4000  0.231785
4032  0.231785
4064  0.231785
4096  0.231785
4128  0.231785
4160  0.231785
4192  0.231785
4224  0.231785
4256  0.231785
4288  0.231785
4320  0.231785
4352  0.231785
4384  0.231772
4416  0.231772
4448  0.231772
4480  0.231772
4512  0.231772
4544  0.231772
4576  0.231772
4608  0.231772
4640  0.231772
4672  0.231772
4704  0.231762
4736  0.231762
4768  0.231762
4800  0.231762
4832  0.231762
4864  0.231762
4896  0.231762
4928  0.231762
4960  0.231726
4992  0.231726
5024  0.231723
5056  0.231723
5088  0.231723
5120  0.231723
5152  0.231723
5184  0.231723
5216  0.231653
5248  0.231653
5280  0.231574
5312  0.231557
5344  0.231479
5376  0.231479
5408  0.231479
5440  0.231403
5472  0.231403
5504  0.231403
5536  0.231297
5568  0.231297
5600  0.231297
5632  0.231297
5664  0.231297
5696  0.231297
5728  0.231297
5760  0.231297
5792  0.231273
5824  0.231109
5856  0.231109
5888  0.231109
5920  0.231105
5952  0.231105
5984  0.231018
6016  0.231018
6048  0.231018
6080  0.231018
6112  0.23099
6144  0.23099
6176  0.23099
6208  0.23099
6240  0.230954
6272  0.230954
6304  0.230954
6336  0.230954
6368  0.230954
6400  0.230954
6432  0.230954
6464  0.230856
6496  0.230856
6528  0.230856
6560  0.230856
6592  0.230856
6624  0.230856
6656  0.230856
6688  0.230856
6720  0.230856
6752  0.230856
6784  0.230856
6816  0.230856
6848  0.230712
6880  0.230712
6912  0.230712
6944  0.230712
6976  0.230712
7008  0.230712
7040  0.230712
7072  0.230712
7104  0.230712
7136  0.230655
7168  0.230655
7200  0.230655
7232  0.230655
7264  0.230655
7296  0.230572
7328  0.230572
7360  0.230572
7392  0.230572
7424  0.230572
7456  0.230572
7488  0.230572
7520  0.230572
7552  0.230572
7584  0.230572
7616  0.230572
7648  0.230572
7680  0.230572
7712  0.230572
7744  0.230572
7776  0.230572
7808  0.230572
7840  0.230572
7872  0.230572
7904  0.230572
7936  0.230572
7968  0.230572
8000  0.230572
8032  0.230572
8064  0.230572
8096  0.230572
8128  0.230572
8160  0.230572
8192  0.230572
8224  0.230572
8256  0.230572
8288  0.230572
8320  0.230572
8352  0.230572
8384  0.230572
8416  0.230572
8448  0.230572
8480  0.230572
8512  0.230572
8544  0.230572
8576  0.230572
8608  0.230513
8640  0.230513
8672  0.230513
8704  0.230513
8736  0.230513
8768  0.230513
8800  0.230513
8832  0.230513
8864  0.230513
8896  0.230513
8928  0.230513
8960  0.230513
8992  0.230513
9024  0.230513
9056  0.230513
9088  0.230513
9120  0.230455
9152  0.230455
9184  0.230455
9216  0.230455
9248  0.230455
9280  0.230455
9312  0.230455
9344  0.230455
9376  0.230455
9408  0.230455
9440  0.230455
9472  0.230455
9504  0.2304
9536  0.2304
9568  0.2304
9600  0.2304
9632  0.2304
9664  0.2304
9696  0.2304
9728  0.2304
9760  0.2304
9792  0.2304
9824  0.2304
9856  0.2304
9888  0.2304
9920  0.2304
9952  0.2304
9984  0.2304
10016  0.2304
10048  0.2304
10080  0.2304
10112  0.23039
10144  0.23039
10176  0.23039
10208  0.23039
10240  0.23039
10272  0.23039
10304  0.23039
10336  0.23039
10368  0.23039
10400  0.23039
10432  0.23039
10464  0.23039
10496  0.23039
10528  0.23039
10560  0.23039
10592  0.230383
10624  0.230383
10656  0.230293
10688  0.230293
10720  0.230293
10752  0.230293
10784  0.230293
10816  0.230293
10848  0.230293
10880  0.230283
10912  0.230283
10944  0.230283
10976  0.230283
11008  0.230283
11040  0.230283
11072  0.230283
11104  0.230163
11136  0.230163
11168  0.230163
11200  0.230163
11232  0.230163
11264  0.230163
11296  0.230163
11328  0.230163
11360  0.230163
11392  0.230163
11424  0.230163
11456  0.230163
11488  0.230163
11520  0.230163
11552  0.230163
11584  0.230163
11616  0.230163
11648  0.230163
11680  0.230163
11712  0.230163
11744  0.230163
11776  0.230163
11808  0.230163
11840  0.230163
11872  0.230163
11904  0.230163
11936  0.230163
11968  0.230163
12000  0.230163
12032  0.230163
12064  0.230059
12096  0.229998
12128  0.229998
12160  0.229998
12192  0.229998
12224  0.229998
12256  0.229998
12288  0.229998
12320  0.229998
12352  0.229998
12384  0.229998
12416  0.229998
12448  0.229998
12480  0.229998
12512  0.229998
12544  0.229998
12576  0.229998
12608  0.229998
12640  0.229998
12672  0.229998
12704  0.229998
12736  0.229998
12768  0.229998
12800  0.229998
12832  0.229998
12864  0.229998
12896  0.229998
12928  0.229998
12960  0.229998
12992  0.229998
13024  0.229998
13056  0.229998
13088  0.229998
13120  0.229998
13152  0.229998
13184  0.229998
13216  0.229998
13248  0.229998
13280  0.229968
13312  0.229968
13344  0.229968
13376  0.229968
13408  0.229968
13440  0.229968
13472  0.229968
13504  0.229968
13536  0.229968
13568  0.229968
13600  0.229968
13632  0.229968
13664  0.229888
13696  0.229888
13728  0.229888
13760  0.229888
13792  0.229888
13824  0.229888
13856  0.229888
13888  0.229888
13920  0.229888
13952  0.229888
13984  0.229888
14016  0.229888
14048  0.229888
14080  0.229888
14112  0.229888
14144  0.229888
14176  0.229888
14208  0.229888
14240  0.229888
14272  0.229888
14304  0.229888
14336  0.229888
14368  0.229888
14400  0.229888
14432  0.229888
14464  0.229888
14496  0.229888
14528  0.229888
14560  0.229888
14592  0.229888
14624  0.229888
14656  0.229888
14688  0.229888
14720  0.229888
14752  0.229888
14784  0.229888
14816  0.229888
14848  0.229888
14880  0.229888
14912  0.229888
14944  0.229888
14976  0.229888
15008  0.229888
15040  0.229888
15072  0.229888
15104  0.229888
15136  0.229888
15168  0.229888
15200  0.229888
15232  0.229888
15264  0.229888
15296  0.229888
15328  0.229888
15360  0.229888
15392  0.229888
15424  0.229888
15456  0.229888
15488  0.229888
15520  0.229888
15552  0.229888
15584  0.229888
15616  0.229888
15648  0.229888
15680  0.229888
15712  0.229888
15744  0.229888
15776  0.229888
15808  0.229888
15840  0.229888
15872  0.229888
15904  0.229888
15936  0.229888
15968  0.229888
16000  0.229888
16032  0.229857
16064  0.229857
16096  0.229857
16128  0.229857
16160  0.229857
16192  0.229857
16224  0.229857
16256  0.229857
16288  0.229857
16320  0.229857
16352  0.229857
16384  0.229857
16416  0.229857
16448  0.229857
16480  0.229857
16512  0.229857
16544  0.229857
16576  0.229857
16608  0.229857
16640  0.229857
16672  0.229857
16704  0.229857
16736  0.229857
16768  0.229857
16800  0.229857
16832  0.229814
16864  0.229814
16896  0.229814
16928  0.229814
16960  0.229814
16992  0.229814
17024  0.229814
17056  0.229814
17088  0.229814
17120  0.229814
17152  0.229814
17184  0.229814
17216  0.229814
17248  0.229814
17280  0.229814
17312  0.229814
17344  0.229814
17376  0.229814
17408  0.229814
17440  0.229814
17472  0.229814
17504  0.229814
17536  0.229814
17568  0.229814
17600  0.229781
17632  0.229781
17664  0.229781
17696  0.229781
17728  0.229781
17760  0.229781
17792  0.229762
17824  0.229762
17856  0.229762
17888  0.229762
17920  0.229762
17952  0.229762
17984  0.229762
18016  0.229762
18048  0.229762
18080  0.229762
18112  0.229762
18144  0.229681
18176  0.229681
18208  0.229681
18240  0.229681
18272  0.229681
18304  0.229681
18336  0.229681
18368  0.229681
18400  0.229681
18432  0.229681
18464  0.229681
18496  0.229681
18528  0.229681
18560  0.229681
18592  0.229681
18624  0.229681
18656  0.229681
18688  0.229681
18720  0.229681
18752  0.229681
18784  0.229681
18816  0.229681
18848  0.229681
18880  0.229681
18912  0.229681
18944  0.229681
18976  0.229681
19008  0.229681
19040  0.229681
19072  0.229681
19104  0.229681
19136  0.229681
19168  0.229681
19200  0.229681
19232  0.229681
19264  0.229681
19296  0.229681
19328  0.229681
19360  0.229681
19392  0.229681
19424  0.229681
19456  0.229681
19488  0.229681
19520  0.229681
19552  0.229681
19584  0.229681
19616  0.229681
19648  0.229681
19680  0.229681
19712  0.229681
19744  0.229681
19776  0.229681
19808  0.229681
19840  0.229681
19872  0.229681
19904  0.229681
19936  0.229681
19968  0.229681
20000  0.229681
20032  0.229681
20064  0.229681
20096  0.229681
20128  0.229681
20160  0.229681
20192  0.229681
20224  0.229681
20256  0.229681
20288  0.229681
20320  0.229681
20352  0.229681
20384  0.229681
20416  0.229681
20448  0.229681
20480  0.229681
20512  0.229681
20544  0.229681
20576  0.229681
20608  0.229681
20640  0.229681
20672  0.229681
20704  0.229681
20736  0.229681
20768  0.229681
20800  0.229681
20832  0.229681
20864  0.229681
20896  0.229681
20928  0.229681
20960  0.229681
20992  0.229681
21024  0.229681
21056  0.229681
21088  0.229681
21120  0.229681
21152  0.229681
21184  0.229681
21216  0.229681
21248  0.229681
21280  0.229681
21312  0.229681
21344  0.229681
21376  0.229681
21408  0.229681
21440  0.229681
21472  0.229681
21504  0.229681
21536  0.229681
21568  0.229681
21600  0.229681
21632  0.229681
21664  0.229681
21696  0.229663
21728  0.229663
21760  0.229663
21792  0.229663
21824  0.229663
21856  0.229663
21888  0.229604
21920  0.229604
21952  0.229604
21984  0.229604
22016  0.229604
22048  0.229604
22080  0.229604
22112  0.229604
22144  0.229604
22176  0.229604
22208  0.229604
22240  0.229604
22272  0.229604
22304  0.229604
22336  0.229604
22368  0.229604
22400  0.229604
22432  0.229604
22464  0.229604
22496  0.229604
22528  0.229604
22560  0.229604
22592  0.229604
22624  0.229604
22656  0.229604
22688  0.229604
22720  0.229604
22752  0.229604
22784  0.229604
22816  0.229604
22848  0.229604
22880  0.229604
22912  0.229604
22944  0.229604
22976  0.229604
23008  0.229604
23040  0.229604
23072  0.229604
23104  0.229604
23136  0.229604
23168  0.229604
23200  0.229604
23232  0.229604
23264  0.229604
23296  0.229604
23328  0.229604
23360  0.229604
23392  0.229604
23424  0.229604
23456  0.229604
23488  0.229604
23520  0.229604
23552  0.229604
23584  0.229604
23616  0.229604
23648  0.229604
23680  0.229604
23712  0.229604
23744  0.229604
23776  0.229604
23808  0.229604
23840  0.229604
23872  0.229604
23904  0.229604
23936  0.229604
23968  0.229604
24000  0.229604
24032  0.229604
24064  0.229604
24096  0.229604
24128  0.229604
24160  0.229604
24192  0.229604
24224  0.229604
24256  0.229604
24288  0.229604
24320  0.229604
24352  0.229604
24384  0.229604
24416  0.229604
24448  0.229604
24480  0.229604
24512  0.229604
24544  0.229604
24576  0.229604
24608  0.229604
24640  0.229604
24672  0.229604
24704  0.229604
24736  0.229604
24768  0.229604
24800  0.229604
24832  0.229604
24864  0.229604
24896  0.229604
24928  0.229604
24960  0.229604
24992  0.229604
25024  0.229604
25056  0.229604
25088  0.229604
25120  0.229604
25152  0.229604
25184  0.229604
25216  0.229604
25248  0.229604
25280  0.229604
25312  0.229604
25344  0.229604
25376  0.229604
25408  0.229604
25440  0.229604
25472  0.229604
25504  0.229604
25536  0.229604
25568  0.229604
25600  0.229604
25632  0.229604
25664  0.229604
25696  0.229604
25728  0.229604
25760  0.229604
25792  0.229604
25824  0.229604
25856  0.229604
25888  0.229604
25920  0.229604
25952  0.229604
25984  0.229604
26016  0.229604
26048  0.229604
26080  0.229604
26112  0.229604
26144  0.229604
26176  0.229604
26208  0.229604
26240  0.229604
26272  0.229604
26304  0.229604
26336  0.229604
26368  0.229604
26400  0.229604
26432  0.229604
26464  0.229604
26496  0.229604
26528  0.229604
26560  0.229604
26592  0.229604
26624  0.229604
26656  0.229604
26688  0.229604
26720  0.229604
26752  0.229604
26784  0.229604
26816  0.229604
26848  0.229604
26880  0.229604
26912  0.229604
26944  0.229604
26976  0.229604
27008  0.229561
27040  0.229561
27072  0.229561
27104  0.229561
27136  0.229561
27168  0.229561
27200  0.229561
27232  0.229561
27264  0.229561
27296  0.229561
27328  0.229561
27360  0.229561
27392  0.229561
27424  0.229561
27456  0.229561
27488  0.229561
27520  0.229561
27552  0.229561
27584  0.229561
27616  0.229561
27648  0.229561
27680  0.229561
27712  0.229561
27744  0.229561
27776  0.229561
27808  0.229561
27840  0.229561
27872  0.229561
27904  0.229561
27936  0.229561
27968  0.229561
28000  0.229561
28032  0.229561
28064  0.229561
28096  0.229561
28128  0.229561
28160  0.229561
28192  0.229561
28224  0.229561
28256  0.229561
28288  0.229561
28320  0.229561
28352  0.229561
28384  0.229561
28416  0.229561
28448  0.229561
28480  0.229561
28512  0.229561
28544  0.229561
28576  0.229561
28608  0.229561
28640  0.229561
28672  0.229561
28704  0.229561
28736  0.229561
28768  0.229561
28800  0.229561
28832  0.229561
28864  0.229561
28896  0.229561
28928  0.229561
28960  0.229561
28992  0.229561
29024  0.229561
29056  0.229561
29088  0.229561
29120  0.229561
29152  0.229561
29184  0.229561
29216  0.229561
29248  0.229561
29280  0.229561
29312  0.229561
29344  0.229561
29376  0.229561
29408  0.229561
29440  0.229561
29472  0.229561
29504  0.229561
29536  0.229561
29568  0.229561
29600  0.229561
29632  0.229561
29664  0.229561
29696  0.229561
29728  0.229561
29760  0.229561
29792  0.229561
29824  0.229561
29856  0.229561
29888  0.229561
29920  0.229561
29952  0.229561
29984  0.229561
30016  0.229561
30048  0.229561
30080  0.229561
30112  0.229561
30144  0.229561
30176  0.229561
30208  0.229561
30240  0.229561
30272  0.229561
30304  0.229561
30336  0.229561
30368  0.229561
30400  0.229561
30432  0.229561
30464  0.229561
30496  0.229561
30528  0.229561
30560  0.229561
30592  0.229561
30624  0.229561
30656  0.229561
30688  0.229561
30720  0.229561
30752  0.229561
30784  0.229561
30816  0.229561
30848  0.229561
30880  0.229561
30912  0.229561
30944  0.229561
30976  0.229561
31008  0.229561
31040  0.229561
31072  0.229561
31104  0.229561
31136  0.229561
31168  0.229561
31200  0.229516
31232  0.229516
31264  0.229516
31296  0.229516
31328  0.229516
31360  0.229516
31392  0.229516
31424  0.229516
31456  0.229516
31488  0.229495
31520  0.229495
31552  0.229495
31584  0.229495
31616  0.229495
31648  0.229495
31680  0.229495
31712  0.229495
31744  0.229495
31776  0.229495
31808  0.229495
31840  0.229495
31872  0.229495
31904  0.229495
31936  0.229495
31968  0.229495
32000  0.229495
32032  0.229495
32064  0.229495
32096  0.229495
32128  0.229495
32160  0.229495
32192  0.229495
32224  0.229495
32256  0.229495
32288  0.229495
32320  0.229495
32352  0.229495
32384  0.229447
32416  0.229447
32448  0.229447
32480  0.229447
32512  0.229447
32544  0.229447
32576  0.229447
32608  0.229447
32640  0.229447
32672  0.229447
32704  0.229447
32736  0.229447
32768  0.229447
32800  0.229447
32832  0.229447
32864  0.229447
32896  0.229447
32928  0.229447
32960  0.229447
32992  0.229447
33024  0.229447
33056  0.229447
33088  0.229447
33120  0.229447
33152  0.229447
33184  0.229447
33216  0.229447
33248  0.229447
33280  0.229447
33312  0.229447
33344  0.229447
33376  0.229447
33408  0.229447
33440  0.229447
33472  0.229447
33504  0.229447
33536  0.229447
33568  0.229447
33600  0.229447
33632  0.229447
33664  0.229447
33696  0.229447
33728  0.229447
33760  0.229447
33792  0.229447
33824  0.229447
33856  0.229447
33888  0.229447
33920  0.229447
33952  0.229447
33984  0.229447
34016  0.229447
34048  0.229447
34080  0.229447
34112  0.229447
34144  0.229447
34176  0.229447
34208  0.229447
34240  0.229447
34272  0.229447
34304  0.229447
34336  0.229447
34368  0.229447
34400  0.229447
34432  0.229447
34464  0.229447
34496  0.229447
34528  0.229447
34560  0.229447
34592  0.229447
34624  0.229447
34656  0.229447
34688  0.229447
34720  0.229447
34752  0.229447
34784  0.229447
34816  0.229447
34848  0.229447
34880  0.229447
34912  0.22939
34944  0.22939
34976  0.22939
35008  0.22939
35040  0.22939
35072  0.22939
35104  0.22939
35136  0.22939
35168  0.22939
35200  0.22939
35232  0.22939
35264  0.22939
35296  0.22939
35328  0.22939
35360  0.22939
35392  0.22939
35424  0.22939
35456  0.22939
35488  0.22939
35520  0.22939
35552  0.22939
35584  0.22939
35616  0.22939
35648  0.22939
35680  0.22939
35712  0.22939
35744  0.22939
35776  0.22939
35808  0.22939
35840  0.22939
35872  0.22939
35904  0.22939
35936  0.22939
35968  0.22939
36000  0.22939
36032  0.22939
36064  0.22939
36096  0.22939
36128  0.22939
36160  0.22939
36192  0.22939
36224  0.22939
36256  0.22939
36288  0.22939
36320  0.22939
36352  0.22939
36384  0.22939
36416  0.22939
36448  0.22939
36480  0.22939
36512  0.22939
36544  0.22939
36576  0.22939
36608  0.22939
36640  0.22939
36672  0.22939
36704  0.22939
36736  0.22939
36768  0.22939
36800  0.22939
36832  0.22939
36864  0.22939
36896  0.22939
36928  0.22939
36960  0.22939
36992  0.22939
37024  0.22939
37056  0.22939
37088  0.22939
37120  0.22939
37152  0.22939
37184  0.22939
37216  0.22939
37248  0.22939
37280  0.22939
37312  0.22939
37344  0.22939
37376  0.22939
37408  0.22939
37440  0.22939
37472  0.22939
37504  0.22939
37536  0.22939
37568  0.22939
37600  0.22939
37632  0.22939
37664  0.22939
37696  0.22939
37728  0.22939
37760  0.22939
37792  0.22939
37824  0.22939
37856  0.22939
37888  0.22939
37920  0.22939
37952  0.22939
37984  0.22939
38016  0.22939
38048  0.22939
38080  0.22939
38112  0.22939
38144  0.22939
38176  0.22939
38208  0.22939
38240  0.22939
38272  0.22939
38304  0.22939
38336  0.22939
38368  0.22939
38400  0.22939
38432  0.22939
38464  0.22939
38496  0.22939
38528  0.22939
38560  0.22939
38592  0.22939
38624  0.22939
38656  0.22939
38688  0.22939
38720  0.22939
38752  0.22939
38784  0.22939
38816  0.22939
38848  0.22939
38880  0.22939
38912  0.22939
38944  0.22939
38976  0.22939
39008  0.22939
39040  0.22939
39072  0.22939
39104  0.22939
39136  0.229349
39168  0.229349
39200  0.229349
39232  0.229349
39264  0.229349
39296  0.229349
39328  0.229349
39360  0.229349
39392  0.229349
39424  0.229349
39456  0.229349
39488  0.229349
39520  0.229349
39552  0.229349
39584  0.229349
39616  0.229349
39648  0.229349
39680  0.229349
39712  0.229349
39744  0.229349
39776  0.229349
39808  0.229349
39840  0.229349
39872  0.229349
39904  0.229349
39936  0.229349
39968  0.229349
40000  0.229349
40032  0.229349
40064  0.229349
40096  0.229349
40128  0.229349
40160  0.229349
40192  0.229349
40224  0.229349
40256  0.229349
40288  0.229349
40320  0.229349
40352  0.229349
40384  0.229349
40416  0.229349
40448  0.229349
40480  0.229349
40512  0.229349
40544  0.229349
40576  0.229349
40608  0.229349
40640  0.229349
40672  0.229349
40704  0.229349
40736  0.229349
40768  0.229349
40800  0.229349
40832  0.229349
40864  0.229349
40896  0.229349
40928  0.229349
40960  0.229349
40992  0.229349
41024  0.229349
41056  0.229349
41088  0.229349
41120  0.229349
41152  0.229349
41184  0.229349
41216  0.229349
41248  0.229349
41280  0.229349
41312  0.229349
41344  0.229349
41376  0.229349
41408  0.229349
41440  0.229349
41472  0.229349
41504  0.229349
41536  0.229349
41568  0.229349
41600  0.229349
41632  0.229349
41664  0.229349
41696  0.229349
41728  0.229349
41760  0.229349
41792  0.229349
41824  0.229349
41856  0.229349
41888  0.229349
41920  0.229349
41952  0.229349
41984  0.229349
42016  0.229349
42048  0.229349
42080  0.229349
42112  0.229349
42144  0.229349
42176  0.229349
42208  0.229349
42240  0.229349
42272  0.229349
42304  0.229349
42336  0.229349
42368  0.229349
42400  0.229349
42432  0.229349
42464  0.229349
42496  0.229349
42528  0.229349
42560  0.229349
42592  0.229335
42624  0.229335
42656  0.229335
42688  0.229335
42720  0.229335
42752  0.229335
42784  0.229335
42816  0.229335
42848  0.229335
42880  0.229335
42912  0.229335
42944  0.229335
42976  0.229335
43008  0.229335
43040  0.229335
43072  0.229335
43104  0.229335
43136  0.229335
43168  0.229335
43200  0.229335
43232  0.229335
43264  0.229335
43296  0.229335
43328  0.229335
43360  0.229335
43392  0.229335
43424  0.229335
43456  0.229335
43488  0.229335
43520  0.229335
43552  0.229335
43584  0.229335
43616  0.229335
43648  0.229335
43680  0.229335
43712  0.229335
43744  0.229335
43776  0.229335
43808  0.229335
43840  0.229335
43872  0.229335
43904  0.229335
43936  0.229335
43968  0.229335
44000  0.229335
44032  0.229335
44064  0.229335
44096  0.229335
44128  0.229335
44160  0.229335
44192  0.229335
44224  0.229335
44256  0.229335
44288  0.229335
44320  0.229335
44352  0.229335
44384  0.229335
44416  0.229335
44448  0.229271
44480  0.229271
44512  0.229271
44544  0.229271
44576  0.229271
44608  0.229271
44640  0.229271
44672  0.229271
44704  0.229271
44736  0.229271
44768  0.229271
44800  0.229271
44832  0.229271
44864  0.229271
44896  0.229271
44928  0.229271
44960  0.229271
44992  0.229271
45024  0.229271
45056  0.229271
45088  0.229271
45120  0.229271
45152  0.229271
45184  0.229271
45216  0.229271
45248  0.229271
45280  0.229271
45312  0.229271
45344  0.229271
45376  0.229271
45408  0.229271
45440  0.229271
45472  0.229271
45504  0.229271
45536  0.229271
45568  0.229271
45600  0.229271
45632  0.229271
45664  0.229271
45696  0.229271
45728  0.229271
45760  0.229271
45792  0.229271
45824  0.229271
45856  0.229271
45888  0.229271
45920  0.229271
45952  0.229271
45984  0.229271
46016  0.229271
46048  0.229271
46080  0.229271
46112  0.229271
46144  0.229271
46176  0.229271
46208  0.229271
46240  0.229271
46272  0.229271
46304  0.229271
46336  0.229271
46368  0.229271
46400  0.229271
46432  0.229271
46464  0.229271
46496  0.229271
46528  0.229271
46560  0.229271
46592  0.229271
46624  0.229271
46656  0.229271
46688  0.229271
46720  0.229271
46752  0.229271
46784  0.229271
46816  0.229271
46848  0.229271
46880  0.229271
46912  0.229271
46944  0.229271
46976  0.229271
47008  0.229271
47040  0.229271
47072  0.229271
47104  0.229271
47136  0.229271
47168  0.229271
47200  0.229271
47232  0.229271
47264  0.229271
47296  0.229271
47328  0.229271
47360  0.229271
47392  0.229271
47424  0.229271
47456  0.229271
47488  0.229271
47520  0.229271
47552  0.229271
47584  0.229271
47616  0.229271
47648  0.229271
47680  0.229271
47712  0.229271
47744  0.229271
47776  0.229271
47808  0.229271
47840  0.229271
47872  0.229271
47904  0.229271
47936  0.229244
47968  0.229244
48000  0.229244
48032  0.229244
48064  0.229244
48096  0.229244
48128  0.229244
48160  0.229244
48192  0.229244
48224  0.229244
48256  0.229244
48288  0.229244
48320  0.229244
48352  0.229244
48384  0.229244
48416  0.229244
48448  0.229244
48480  0.229244
48512  0.229244
48544  0.229244
48576  0.229244
48608  0.229244
48640  0.229244
48672  0.229244
48704  0.229244
48736  0.229244
48768  0.229244
48800  0.229244
48832  0.229244
48864  0.229244
48896  0.229244
48928  0.229244
48960  0.229244
48992  0.229244
49024  0.229244
49056  0.229244
49088  0.229244
49120  0.229244
49152  0.229244
49184  0.229244
49216  0.229244
49248  0.229244
49280  0.229244
49312  0.229244
49344  0.229244
49376  0.229244
49408  0.229244
49440  0.229244
49472  0.229244
49504  0.229244
49536  0.229244
49568  0.229244
49600  0.229244
49632  0.229244
49664  0.229244
49696  0.229244
49728  0.229244
49760  0.229244
49792  0.229244
49824  0.229244
49856  0.229126
49888  0.229126
49920  0.229126
49952  0.229126
49984  0.229126
50016  0.229126
50048  0.229126
50080  0.229126
50112  0.229126
50144  0.229126
50176  0.229126
50208  0.229126
50240  0.229126
50272  0.229126
50304  0.229126
50336  0.229126
50368  0.229126
50400  0.229126
50432  0.229126
50464  0.229126
50496  0.229126
50528  0.229126
50560  0.229126
50592  0.229126
50624  0.229126
50656  0.229126
50688  0.229126
50720  0.229126
50752  0.229126
50784  0.229126
50816  0.229126
50848  0.229126
50880  0.229126
50912  0.229126
50944  0.229126
50976  0.229126
51008  0.229126
51040  0.229126
51072  0.229126
51104  0.229126
51136  0.229126
51168  0.229126
51200  0.229126
51232  0.229126
51264  0.229126
51296  0.229126
51328  0.229126
51360  0.229126
51392  0.229126
51424  0.229126
51456  0.229126
51488  0.229126
51520  0.229126
51552  0.229126
51584  0.229126
51616  0.229126
51648  0.229126
51680  0.229126
51712  0.229126
51744  0.229126
51776  0.229126
51808  0.229126
51840  0.229126
51872  0.229126
51904  0.229126
51936  0.229126
51968  0.229126
52000  0.229126
52032  0.229126
52064  0.229126
52096  0.229126
52128  0.229126
52160  0.229126
52192  0.229126
52224  0.229126
52256  0.229126
52288  0.229126
52320  0.229126
52352  0.229126
52384  0.229126
52416  0.229126
52448  0.229126
52480  0.229126
52512  0.229126
52544  0.229126
52576  0.229126
52608  0.229126
52640  0.229126
52672  0.229126
52704  0.229126
52736  0.229126
52768  0.229126
52800  0.229126
52832  0.229126
52864  0.229126
52896  0.229126
52928  0.229126
52960  0.229126
52992  0.229126
53024  0.229126
53056  0.229126
53088  0.229126
53120  0.229126
53152  0.229126
53184  0.229126
53216  0.229126
53248  0.229126
53280  0.229126
53312  0.229126
53344  0.229126
53376  0.229126
53408  0.229126
53440  0.229126
53472  0.229126
53504  0.229126
53536  0.229126
53568  0.229126
53600  0.229126
53632  0.229126
53664  0.229126
53696  0.229126
53728  0.229126
53760  0.229126
53792  0.229126
53824  0.229126
53856  0.229126
53888  0.229126
53920  0.229126
53952  0.229126
53984  0.229126
54016  0.229126
54048  0.229126
54080  0.229126
54112  0.229126
54144  0.229126
54176  0.229126
54208  0.229126
54240  0.229126
54272  0.229126
54304  0.229126
54336  0.229126
54368  0.229126
54400  0.229126
54432  0.229126
54464  0.229126
54496  0.229126
54528  0.229126
54560  0.229126
54592  0.229126
54624  0.229126
54656  0.229126
54688  0.229126
54720  0.229126
54752  0.229126
54784  0.229126
54816  0.229126
54848  0.229126
54880  0.229126
54912  0.229126
54944  0.229126
54976  0.229126
55008  0.229126
55040  0.229126
55072  0.229126
55104  0.229126
55136  0.229126
55168  0.229126
55200  0.229126
55232  0.229126
55264  0.229126
55296  0.229115
55328  0.229115
55360  0.229115
55392  0.229115
55424  0.229115
55456  0.229115
55488  0.229115
55520  0.229115
55552  0.229115
55584  0.229115
55616  0.229115
55648  0.229115
55680  0.229115
55712  0.229115
55744  0.229115
55776  0.229115
55808  0.229115
55840  0.229115
55872  0.229115
55904  0.229115
55936  0.229115
55968  0.229115
56000  0.229115
56032  0.229115
56064  0.229115
56096  0.229115
56128  0.229115
56160  0.229115
56192  0.229115
56224  0.229115
56256  0.229115
56288  0.229115
56320  0.229115
56352  0.229115
56384  0.229115
56416  0.229115
56448  0.229115
56480  0.229115
56512  0.229115
56544  0.229115
56576  0.229115
56608  0.229115
56640  0.229115
56672  0.229115
56704  0.229115
56736  0.229115
56768  0.229115
56800  0.229115
56832  0.229115
56864  0.229115
56896  0.229115
56928  0.229115
56960  0.229115
56992  0.229115
57024  0.229115
57056  0.229115
57088  0.229115
57120  0.229115
57152  0.229115
57184  0.229115
57216  0.229115
57248  0.229115
57280  0.229115
57312  0.229115
57344  0.229094
57376  0.229094
57408  0.229094
57440  0.229094
57472  0.229094
57504  0.229094
57536  0.229094
57568  0.229094
57600  0.229094
57632  0.229094
57664  0.229094
57696  0.229094
57728  0.229094
57760  0.229094
57792  0.229094
57824  0.229094
57856  0.229094
57888  0.229094
57920  0.229094
57952  0.229094
57984  0.229094
58016  0.229094
58048  0.229094
58080  0.229094
58112  0.229094
58144  0.229094
58176  0.229094
58208  0.229094
58240  0.229094
58272  0.229094
58304  0.229094
58336  0.229094
58368  0.229094
58400  0.229094
58432  0.229094
58464  0.229094
58496  0.229094
58528  0.229094
58560  0.229094
58592  0.229094
58624  0.229094
58656  0.229094
58688  0.229094
58720  0.229094
58752  0.229094
58784  0.229094
58816  0.229094
58848  0.229094
58880  0.229094
58912  0.229094
58944  0.229094
58976  0.229094
59008  0.229094
59040  0.229094
59072  0.229094
59104  0.229094
59136  0.229094
59168  0.229094
59200  0.229094
59232  0.229094
59264  0.229094
59296  0.229094
59328  0.229094
59360  0.229094
59392  0.229094
59424  0.229094
59456  0.229094
59488  0.229094
59520  0.229094
59552  0.229094
59584  0.229094
59616  0.229094
59648  0.229094
59680  0.229094
59712  0.229094
59744  0.229094
59776  0.229094
59808  0.229094
59840  0.229094
59872  0.229094
59904  0.229094
59936  0.229094
59968  0.229094
60000  0.229094
60032  0.229094
60064  0.229094
60096  0.229094
60128  0.229094
60160  0.229094
60192  0.229094
60224  0.229094
60256  0.229094
60288  0.229094
60320  0.229094
60352  0.229094
60384  0.229094
60416  0.229094
60448  0.229094
60480  0.229094
60512  0.229094
60544  0.229094
60576  0.229094
60608  0.229094
60640  0.229094
60672  0.229094
60704  0.229094
60736  0.229094
60768  0.229094
60800  0.229094
60832  0.229094
60864  0.229094
60896  0.229094
60928  0.229094
60960  0.229094
60992  0.229094
61024  0.229094
61056  0.229094
61088  0.229094
61120  0.229094
61152  0.229094
61184  0.229094
61216  0.229094
61248  0.229094
61280  0.229094
61312  0.229094
61344  0.229094
61376  0.229094
61408  0.229094
61440  0.229094
61472  0.229094
61504  0.229094
61536  0.229094
61568  0.229094
61600  0.229094
61632  0.229094
61664  0.229094
61696  0.229094
61728  0.229094
61760  0.229094
61792  0.229094
61824  0.229094
61856  0.229094
61888  0.229094
61920  0.229094
61952  0.229094
61984  0.229094
62016  0.229094
62048  0.229094
62080  0.229094
62112  0.229094
62144  0.229094
62176  0.229094
62208  0.229094
62240  0.229094
62272  0.229094
62304  0.229094
62336  0.229094
62368  0.229094
62400  0.229094
62432  0.229094
62464  0.229094
62496  0.229094
62528  0.229094
62560  0.229094
62592  0.229094
62624  0.229094
62656  0.229094
62688  0.229094
62720  0.229094
62752  0.229094
62784  0.229094
62816  0.229094
62848  0.229094
62880  0.229094
62912  0.229094
62944  0.229094
62976  0.229094
63008  0.229094
63040  0.229094
63072  0.229094
63104  0.229094
63136  0.229094
63168  0.229094
63200  0.229094
63232  0.229094
63264  0.229094
63296  0.229094
63328  0.229094
63360  0.229094
63392  0.229094
63424  0.229094
63456  0.229094
63488  0.229094
63520  0.229094
63552  0.229094
63584  0.229094
63616  0.229094
63648  0.229094
63680  0.229094
63712  0.229094
63744  0.229094
63776  0.229094
63808  0.229094
63840  0.229094
63872  0.229094
63904  0.229094
63936  0.229094
63968  0.229094
64000  0.229094
64032  0.229094
64064  0.229094
64096  0.229094
64128  0.229094
64160  0.229094
64192  0.229094
64224  0.229094
64256  0.229094
64288  0.229094
64320  0.229094
64352  0.229094
64384  0.229094
64416  0.229094
64448  0.229094
64480  0.229094
64512  0.229094
64544  0.229094
64576  0.229094
64608  0.229094
64640  0.229094
64672  0.229094
64704  0.229094
64736  0.229094
64768  0.229094
64800  0.229094
64832  0.229094
64864  0.229094
64896  0.229094
64928  0.229094
64960  0.229067
64992  0.229067
65024  0.229067
65056  0.229067
65088  0.229067
65120  0.229067
65152  0.229067
65184  0.229067
65216  0.229067
65248  0.229067
65280  0.229067
65312  0.229067
65344  0.229067
65376  0.229067
65408  0.229067
65440  0.229067
65472  0.229067
65504  0.229067
65536  0.229067
65568  0.229067
65600  0.229067
65632  0.229067
65664  0.229067
65696  0.229067
65728  0.229067
65760  0.229067
65792  0.229067
65824  0.229067
65856  0.229067
65888  0.229067
65920  0.229067
65952  0.229067
65984  0.229067
66016  0.229067
66048  0.229067
66080  0.229067
66112  0.229067
66144  0.229067
66176  0.229067
66208  0.229067
66240  0.229067
66272  0.229067
66304  0.229067
66336  0.229067
66368  0.229067
66400  0.229067
66432  0.229067
66464  0.229067
66496  0.229067
66528  0.229067
66560  0.229067
66592  0.229067
66624  0.229067
66656  0.229067
66688  0.229067
66720  0.229067
66752  0.229067
66784  0.229067
66816  0.229067
66848  0.229067
66880  0.229067
66912  0.229067
66944  0.229067
66976  0.229067
67008  0.229067
67040  0.229067
67072  0.229067
67104  0.229067
67136  0.229067
67168  0.229067
67200  0.229067
67232  0.229067
67264  0.229067
67296  0.229067
67328  0.229067
67360  0.229067
67392  0.229067
67424  0.229067
67456  0.229067
67488  0.229067
67520  0.229067
67552  0.229067
67584  0.229067
67616  0.229067
67648  0.229067
67680  0.229067
67712  0.229067
67744  0.229067
67776  0.229067
67808  0.229067
67840  0.229067
67872  0.229067
67904  0.229067
67936  0.229067
67968  0.229067
68000  0.229067
68032  0.229067
68064  0.229067
68096  0.229067
68128  0.229067
68160  0.229067
68192  0.229067
68224  0.229067
68256  0.229067
68288  0.229067
68320  0.229067
68352  0.229067
68384  0.229067
68416  0.229067
68448  0.229067
68480  0.229067
68512  0.229067
68544  0.229067
68576  0.229067
68608  0.229067
68640  0.229067
68672  0.229067
68704  0.229067
68736  0.229067
68768  0.229067
68800  0.229067
68832  0.229067
68864  0.229067
68896  0.229067
68928  0.229067
68960  0.229067
68992  0.229067
69024  0.229067
69056  0.229067
69088  0.229067
69120  0.229067
69152  0.229067
69184  0.229067
69216  0.229067
69248  0.229067
69280  0.229067
69312  0.229067
69344  0.229067
69376  0.229067
69408  0.229067
69440  0.229067
69472  0.229067
69504  0.229067
69536  0.229067
69568  0.229067
69600  0.229067
69632  0.229067
69664  0.229067
69696  0.229067
69728  0.229067
69760  0.229067
69792  0.229067
69824  0.229067
69856  0.229067
69888  0.229067
69920  0.229067
69952  0.229067
69984  0.229067
70016  0.229067
70048  0.229067
70080  0.229067
70112  0.229067
70144  0.229067
70176  0.229067
70208  0.229067
70240  0.229067
70272  0.229067
70304  0.229067
70336  0.229067
70368  0.229067
70400  0.229067
70432  0.229067
70464  0.229067
70496  0.229067
70528  0.229067
70560  0.229067
70592  0.229067
70624  0.229067
70656  0.229067
70688  0.229067
70720  0.229067
70752  0.229067
70784  0.229067
70816  0.229067
70848  0.229067
70880  0.229067
70912  0.229067
70944  0.229067
70976  0.229067
71008  0.229067
71040  0.229067
71072  0.229067
71104  0.229067
71136  0.229067
71168  0.229067
71200  0.229067
71232  0.229067
71264  0.229067
71296  0.229067
71328  0.229067
71360  0.229067
71392  0.229067
71424  0.229067
71456  0.229067
71488  0.229067
71520  0.229067
71552  0.229067
71584  0.229067
71616  0.229067
71648  0.229067
71680  0.229067
71712  0.229067
71744  0.229067
71776  0.229067
71808  0.229067
71840  0.229067
71872  0.229067
71904  0.229067
71936  0.229067
71968  0.229067
72000  0.229067
72032  0.229067
72064  0.229067
72096  0.229067
72128  0.229067
72160  0.229067
72192  0.229067
72224  0.229067
72256  0.229067
72288  0.229067
72320  0.229067
72352  0.229067
72384  0.229067
72416  0.229067
72448  0.229067
72480  0.229067
72512  0.229067
72544  0.229067
72576  0.229067
72608  0.229067
72640  0.229067
72672  0.229067
72704  0.229067
72736  0.229067
72768  0.229067
72800  0.229067
72832  0.229067
72864  0.229067
72896  0.229067
72928  0.229067
72960  0.229067
72992  0.229067
73024  0.229067
73056  0.229067
73088  0.229067
73120  0.229067
73152  0.229067
73184  0.229067
73216  0.229067
73248  0.229067
73280  0.229067
73312  0.229067
73344  0.229067
73376  0.229067
73408  0.22902
73440  0.22902
73472  0.22902
73504  0.22902
73536  0.22902
73568  0.22902
73600  0.22902
73632  0.22902
73664  0.22902
73696  0.22902
73728  0.22902
73760  0.22902
73792  0.22902
73824  0.22902
73856  0.22902
73888  0.22902
73920  0.22902
73952  0.22902
73984  0.22902
74016  0.22902
74048  0.22902
74080  0.22902
74112  0.22902
74144  0.22902
74176  0.22902
74208  0.22902
74240  0.22902
74272  0.22902
74304  0.22902
74336  0.22902
74368  0.22902
74400  0.22902
74432  0.22902
74464  0.22902
74496  0.22902
74528  0.22902
74560  0.22902
74592  0.22902
74624  0.22902
74656  0.22902
74688  0.22902
74720  0.22902
74752  0.22902
74784  0.22902
74816  0.22902
74848  0.22902
74880  0.22902
74912  0.22902
74944  0.22902
74976  0.22902
75008  0.22902
75040  0.22902
75072  0.22902
75104  0.22902
75136  0.22902
75168  0.22902
75200  0.22902
75232  0.22902
75264  0.22902
75296  0.22902
75328  0.22902
75360  0.22902
75392  0.22902
75424  0.22902
75456  0.22902
75488  0.22902
75520  0.22902
75552  0.22902
75584  0.22902
75616  0.22902
75648  0.22902
75680  0.22902
75712  0.22902
75744  0.22902
75776  0.22902
75808  0.22902
75840  0.22902
75872  0.22902
75904  0.22902
75936  0.22902
75968  0.22902
76000  0.22902
76032  0.22902
76064  0.22902
76096  0.22902
76128  0.22902
76160  0.22902
76192  0.22902
76224  0.22902
76256  0.22902
76288  0.22902
76320  0.22902
76352  0.22902
76384  0.22902
76416  0.22902
76448  0.22902
76480  0.22902
76512  0.22902
76544  0.22902
76576  0.22902
76608  0.22902
76640  0.22902
76672  0.22902
76704  0.22902
76736  0.22902
76768  0.22902
76800  0.22902
76832  0.22902
76864  0.22902
76896  0.22902
76928  0.22902
76960  0.22902
76992  0.22902
77024  0.22902
77056  0.22902
77088  0.22902
77120  0.22902
77152  0.22902
77184  0.22902
77216  0.22902
77248  0.22902
77280  0.22902
77312  0.22902
77344  0.22902
77376  0.22902
77408  0.22902
77440  0.22902
77472  0.22902
77504  0.22902
77536  0.22902
77568  0.22902
77600  0.22902
77632  0.22902
77664  0.22902
77696  0.22902
77728  0.22902
77760  0.22902
77792  0.22902
77824  0.22902
77856  0.22902
77888  0.22902
77920  0.22902
77952  0.22902
77984  0.22902
78016  0.22902
78048  0.22902
78080  0.22902
78112  0.22902
78144  0.22902
78176  0.22902
78208  0.22902
78240  0.22902
78272  0.22902
78304  0.22902
78336  0.22902
78368  0.22902
78400  0.22902
78432  0.22902
78464  0.22902
78496  0.22902
78528  0.22902
78560  0.22902
78592  0.22902
78624  0.22902
78656  0.22902
78688  0.22902
78720  0.22902
78752  0.22902
78784  0.22902
78816  0.22902
78848  0.22902
78880  0.22902
78912  0.22902
78944  0.22902
78976  0.22902
79008  0.22902
79040  0.22902
79072  0.22902
79104  0.22902
79136  0.22902
79168  0.22902
79200  0.22902
79232  0.22902
79264  0.22902
79296  0.22902
79328  0.22902
79360  0.22902
79392  0.22902
79424  0.22902
79456  0.22902
79488  0.22902
79520  0.22902
79552  0.22902
79584  0.22902
79616  0.22902
79648  0.22902
79680  0.22902
79712  0.22902
79744  0.22902
79776  0.22902
79808  0.22902
79840  0.22902
79872  0.22902
79904  0.22902
79936  0.22902
79968  0.22902
80000  0.22902
80032  0.22902
80064  0.22902
80096  0.22902
80128  0.22902
80160  0.22902
80192  0.22902
80224  0.22902
80256  0.22902
80288  0.22902
80320  0.22902
80352  0.22902
80384  0.22902
80416  0.22902
80448  0.22902
80480  0.22902
80512  0.22902
80544  0.22902
80576  0.22902
80608  0.22902
80640  0.22902
80672  0.22902
80704  0.22902
80736  0.22902
80768  0.22902
80800  0.22902
80832  0.22902
80864  0.22902
80896  0.22902
80928  0.22902
80960  0.22902
80992  0.22902
81024  0.22902
81056  0.22902
81088  0.22902
81120  0.22902
81152  0.22902
81184  0.22902
81216  0.22902
81248  0.22902
81280  0.22902
81312  0.22902
81344  0.22902
81376  0.22902
81408  0.22902
81440  0.22902
81472  0.22902
81504  0.22902
81536  0.22902
81568  0.22902
81600  0.22902
81632  0.22902
81664  0.22902
81696  0.22902
81728  0.22902
81760  0.22902
81792  0.22902
81824  0.22902
81856  0.22902
81888  0.22902
81920  0.22902
81952  0.22902
81984  0.22902
82016  0.22902
82048  0.22902
82080  0.22902
82112  0.22902
82144  0.22902
82176  0.22902
82208  0.22902
82240  0.22902
82272  0.22902
82304  0.22902
82336  0.22902
82368  0.22902
82400  0.22902
82432  0.22902
82464  0.22902
82496  0.22902
82528  0.22902
82560  0.22902
82592  0.22902
82624  0.22902
82656  0.22902
82688  0.22902
82720  0.22902
82752  0.22902
82784  0.22902
82816  0.22902
82848  0.22902
82880  0.22902
82912  0.22902
82944  0.22902
82976  0.22902
83008  0.22902
83040  0.228959
83072  0.228959
83104  0.228959
83136  0.228959
83168  0.228959
83200  0.228959
83232  0.228959
83264  0.228959
83296  0.228959
83328  0.228959
83360  0.228959
83392  0.228959
83424  0.228959
83456  0.228931
83488  0.228931
83520  0.228931
83552  0.228931
83584  0.228931
83616  0.228931
83648  0.228931
83680  0.228931
83712  0.228931
83744  0.228931
83776  0.228931
83808  0.228931
83840  0.228931
83872  0.228931
83904  0.228931
83936  0.228931
83968  0.228931
84000  0.228931
84032  0.228931
84064  0.228931
84096  0.228931
84128  0.228931
84160  0.228931
84192  0.228931
84224  0.228931
84256  0.228931
84288  0.228931
84320  0.228931
84352  0.228931
84384  0.228931
84416  0.228931
84448  0.228931
84480  0.228931
84512  0.228931
84544  0.228931
84576  0.228931
84608  0.228931
84640  0.228931
84672  0.228931
84704  0.228931
84736  0.228931
84768  0.228931
84800  0.228931
84832  0.228931
84864  0.228931
84896  0.228931
84928  0.228931
84960  0.228931
84992  0.228931
85024  0.228931
85056  0.228931
85088  0.228931
85120  0.228931
85152  0.228931
85184  0.228931
85216  0.228931
85248  0.228931
85280  0.228931
85312  0.228931
85344  0.228931
85376  0.228931
85408  0.228931
85440  0.228931
85472  0.228931
85504  0.228931
85536  0.228931
85568  0.228931
85600  0.228931
85632  0.228931
85664  0.228931
85696  0.228848
85728  0.228848
85760  0.228848
85792  0.228848
85824  0.228848
85856  0.228848
85888  0.228848
85920  0.228848
85952  0.228848
85984  0.228848
86016  0.228848
86048  0.228848
86080  0.228848
86112  0.228848
86144  0.228848
86176  0.228848
86208  0.228848
86240  0.228848
86272  0.228848
86304  0.228848
86336  0.228848
86368  0.228848
86400  0.228848
86432  0.228848
86464  0.228848
86496  0.228848
86528  0.228848
86560  0.228848
86592  0.228848
86624  0.228848
86656  0.228848
86688  0.228848
86720  0.228848
86752  0.228848
86784  0.228848
86816  0.228848
86848  0.228848
86880  0.228848
86912  0.228848
86944  0.228848
86976  0.228848
87008  0.228848
87040  0.228848
87072  0.228848
87104  0.228848
87136  0.228848
87168  0.228848
87200  0.228848
87232  0.228848
87264  0.228848
87296  0.228848
87328  0.228848
87360  0.228848
87392  0.228848
87424  0.228848
87456  0.228848
87488  0.228848
87520  0.228848
87552  0.228848
87584  0.228848
87616  0.228848
87648  0.228848
87680  0.228848
87712  0.228848
87744  0.228848
87776  0.228848
87808  0.228848
87840  0.228848
87872  0.228848
87904  0.228848
87936  0.228848
87968  0.228848
88000  0.228848
88032  0.228848
88064  0.228848
88096  0.228848
88128  0.228848
88160  0.228848
88192  0.228848
88224  0.228848
88256  0.228848
88288  0.228848
88320  0.228848
88352  0.228848
88384  0.228848
88416  0.228848
88448  0.228848
88480  0.228848
88512  0.228848
88544  0.228848
88576  0.228848
88608  0.228848
88640  0.228848
88672  0.228848
88704  0.228848
88736  0.228848
88768  0.228848
88800  0.228848
88832  0.228848
88864  0.228848
88896  0.228848
88928  0.228848
88960  0.228848
88992  0.228848
89024  0.228848
89056  0.228848
89088  0.228848
89120  0.228848
89152  0.228848
89184  0.228848
89216  0.228848
89248  0.228848
89280  0.228848
89312  0.228848
89344  0.228848
89376  0.228848
89408  0.228848
89440  0.228848
89472  0.228848
89504  0.228848
89536  0.228848
89568  0.228848
89600  0.228848
89632  0.228848
89664  0.228848
89696  0.228848
89728  0.228848
89760  0.228848
89792  0.228848
89824  0.228848
89856  0.228848
89888  0.228848
89920  0.228848
89952  0.228848
89984  0.228848
90016  0.228848
90048  0.228848
90080  0.228848
90112  0.228848
90144  0.228848
90176  0.228848
90208  0.228848
90240  0.228848
90272  0.228848
90304  0.228848
90336  0.228848
90368  0.228848
90400  0.228848
90432  0.228848
90464  0.228848
90496  0.228848
90528  0.228848
90560  0.228848
90592  0.228848
90624  0.228848
90656  0.228848
90688  0.228848
90720  0.228848
90752  0.228848
90784  0.228848
90816  0.228848
90848  0.228848
90880  0.228848
90912  0.228848
90944  0.228848
90976  0.228848
91008  0.228848
91040  0.228848
91072  0.228848
91104  0.228848
91136  0.228848
91168  0.228848
91200  0.228848
91232  0.228848
91264  0.228848
91296  0.228848
91328  0.228848
91360  0.228848
91392  0.228848
91424  0.228848
91456  0.228848
91488  0.228848
91520  0.228848
91552  0.228848
91584  0.228848
91616  0.228848
91648  0.228848
91680  0.228848
91712  0.228848
91744  0.228848
91776  0.228848
91808  0.228848
91840  0.228848
91872  0.228848
91904  0.228848
91936  0.228848
91968  0.228848
92000  0.228848
92032  0.228848
92064  0.228848
92096  0.228848
92128  0.228848
92160  0.228848
92192  0.228848
92224  0.228848
92256  0.228848
92288  0.228848
92320  0.228848
92352  0.228848
92384  0.228848
92416  0.228848
92448  0.228848
92480  0.228848
92512  0.228848
92544  0.228848
92576  0.228767
92608  0.228767
92640  0.228767
92672  0.228767
92704  0.228759
92736  0.228759
92768  0.228759
92800  0.228759
92832  0.228759
92864  0.228759
92896  0.228759
92928  0.228759
92960  0.228759
92992  0.228759
93024  0.228759
93056  0.228759
93088  0.228759
93120  0.228759
93152  0.228759
93184  0.228759
93216  0.228759
93248  0.228759
93280  0.228759
93312  0.228759
93344  0.228759
93376  0.228681
93408  0.228681
93440  0.228681
93472  0.228681
93504  0.228681
93536  0.228681
93568  0.228681
93600  0.228681
93632  0.228681
93664  0.228681
93696  0.228681
93728  0.228681
93760  0.228681
93792  0.228681
93824  0.228681
93856  0.228681
93888  0.228681
93920  0.228681
93952  0.228681
93984  0.228681
94016  0.228549
94048  0.228549
94080  0.228549
94112  0.228549
94144  0.228549
94176  0.228549
94208  0.228549
94240  0.228549
94272  0.228549
94304  0.228549
94336  0.228549
94368  0.228549
94400  0.228549
94432  0.228549
94464  0.228549
94496  0.228549
94528  0.228549
94560  0.228549
94592  0.228549
94624  0.228549
94656  0.228549
94688  0.228549
94720  0.228549
94752  0.228549
94784  0.228549
94816  0.228549
94848  0.228549
94880  0.228549
94912  0.228549
94944  0.228549
94976  0.228549
95008  0.228549
95040  0.228549
95072  0.228549
95104  0.228549
95136  0.228549
95168  0.228549
95200  0.228549
95232  0.228549
95264  0.228549
95296  0.228549
95328  0.228549
95360  0.228544
95392  0.228544
95424  0.228544
95456  0.228544
95488  0.228544
95520  0.228544
95552  0.228544
95584  0.228544
95616  0.228544
95648  0.228544
95680  0.228544
95712  0.228544
95744  0.228544
95776  0.228544
95808  0.228544
95840  0.228544
95872  0.228544
95904  0.228544
95936  0.228544
95968  0.228544
96000  0.228544
96032  0.228544
