Step  Penalty
10  0.497433
20  0.497433
30  0.497433
40  0.497433
50  0.497433
60  0.497433
70  0.497433
80  0.488585
90  0.471646
100  0.471646
110  0.46106
120  0.46106
130  0.452915
140  0.450982
150  0.444388
160  0.439842
170  0.436052
180  0.436052
190  0.436052
200  0.422393
210  0.422393
220  0.422393
230  0.422393
240  0.419802
250  0.404373
260  0.40416
270  0.40416
280  0.401104
290  0.401104
300  0.401104
310  0.397321
320  0.397321
330  0.397321
340  0.397321
350  0.397321
360  0.397321
370  0.397321
380  0.397321
390  0.397321
400  0.397321
410  0.397321
420  0.397321
430  0.397321
440  0.395046
450  0.395046
460  0.394263
470  0.394263
480  0.383362
490  0.383362
500  0.381555
510  0.381555
520  0.381555
530  0.381555
540  0.379431
550  0.379431
560  0.379431
570  0.376137
580  0.376137
590  0.376137
600  0.376137
610  0.376137
620  0.376137
630  0.376137
640  0.376137
650  0.372243
660  0.372243
670  0.372243
680  0.369492
690  0.369492
700  0.369492
710  0.369492
720  0.367018
730  0.365585
740  0.365585
750  0.365585
760  0.365585
770  0.365585
780  0.365585
790  0.365585
800  0.365585
810  0.365585
820  0.365585
830  0.365585
840  0.365585
850  0.365585
860  0.365585
870  0.365585
880  0.365585
890  0.362767
900  0.362767
910  0.362767
920  0.362767
930  0.362767
940  0.362767
950  0.360953
960  0.360489
970  0.360489
980  0.360489
990  0.360489
1000  0.360489
1010  0.360489
1020  0.360489
1030  0.360489
1040  0.360489
1050  0.360489
1060  0.360489
1070  0.360489
1080  0.360489
1090  0.360489
1100  0.360489
1110  0.360489
1120  0.360489
1130  0.360489
1140  0.360489
1150  0.360489
1160  0.360489
1170  0.360489
1180  0.360489
1190  0.360489
1200  0.360489
1210  0.359988
1220  0.359466
1230  0.359466
1240  0.359466
1250  0.359466
1260  0.359466
1270  0.358742
1280  0.358742
1290  0.358742
1300  0.358742
1310  0.357185
1320  0.357185
1330  0.357185
1340  0.357185
1350  0.357185
1360  0.357185
1370  0.357185
1380  0.357185
1390  0.357185
1400  0.357185
1410  0.357185
1420  0.357185
1430  0.357185
1440  0.354619
1450  0.354619
1460  0.354619
1470  0.354619
1480  0.354619
1490  0.354619
1500  0.354619
1510  0.354619
1520  0.354619
1530  0.354619
1540  0.354619
1550  0.354619
1560  0.354619
1570  0.354619
1580  0.354619
1590  0.354619
1600  0.354619
1610  0.354619
1620  0.354619
1630  0.354619
1640  0.354619
1650  0.354619
1660  0.354619
1670  0.354619
1680  0.354619
1690  0.354619
1700  0.354619
1710  0.351284
1720  0.351284
1730  0.351284
1740  0.351284
1750  0.351284
1760  0.351284
1770  0.351284
1780  0.351284
1790  0.351284
1800  0.351284
1810  0.351284
1820  0.351284
1830  0.351284
1840  0.351284
1850  0.351284
1860  0.351284
1870  0.351284
1880  0.351284
1890  0.351284
1900  0.351284
1910  0.351284
1920  0.351284
1930  0.351284
1940  0.351284
1950  0.351284
1960  0.351284
1970  0.351284
1980  0.351284
1990  0.351284
2000  0.351284
2010  0.351284
2020  0.351284
2030  0.351284
2040  0.351284
2050  0.351284
2060  0.351284
2070  0.351284
2080  0.351284
2090  0.351284
2100  0.351284
2110  0.351284
2120  0.351284
2130  0.351284
2140  0.351284
2150  0.351284
2160  0.351284
2170  0.351284
2180  0.351284
2190  0.351284
2200  0.351284
2210  0.350909
2220  0.350909
2230  0.350909
2240  0.350909
2250  0.350909
2260  0.350909
2270  0.350909
2280  0.350909
2290  0.350909
2300  0.350909
2310  0.350909
2320  0.350909
2330  0.350909
2340  0.350909
2350  0.350909
2360  0.350909
2370  0.350909
2380  0.350909
2390  0.350909
2400  0.350909
2410  0.350909
2420  0.350909
2430  0.350909
2440  0.350909
2450  0.350909
2460  0.350909
2470  0.350909
2480  0.350909
2490  0.350909
2500  0.350909
2510  0.350909
2520  0.350909
2530  0.350909
2540  0.350909
2550  0.350909
2560  0.350909
2570  0.350909
2580  0.350909
2590  0.350909
2600  0.350909
2610  0.350909
2620  0.350909
2630  0.350909
2640  0.350909
2650  0.350909
2660  0.350909
2670  0.350909
2680  0.350909
2690  0.350909
2700  0.350909
2710  0.350909
2720  0.350909
2730  0.350909
2740  0.350909
2750  0.350909
2760  0.350909
2770  0.350909
2780  0.349559
2790  0.347618
2800  0.347618
2810  0.347618
2820  0.347618
2830  0.347618
2840  0.347618
2850  0.347618
2860  0.347618
2870  0.347618
2880  0.347618
2890  0.347618
2900  0.347618
2910  0.347618
2920  0.342341
2930  0.342341
2940  0.341826
2950  0.341826
2960  0.341826
2970  0.341826
2980  0.341826
2990  0.341826
3000  0.341826
3010  0.337004
3020  0.337004
3030  0.337004
3040  0.337004
3050  0.337004
3060  0.334098
3070  0.334098
3080  0.334098
3090  0.334098
3100  0.334098
3110  0.334098
3120  0.334098
3130  0.334098
3140  0.334098
3150  0.334098
3160  0.334098
3170  0.334098
3180  0.334098
3190  0.334098
3200  0.334098
3210  0.334098
3220  0.334098
3230  0.334098
3240  0.334098
3250  0.334098
3260  0.334098
3270  0.334098
3280  0.334098
3290  0.334098
3300  0.331156
3310  0.331156
3320  0.331156
3330  0.331156
3340  0.331156
3350  0.331156
3360  0.331156
3370  0.331156
3380  0.331156
3390  0.331156
3400  0.331156
3410  0.331156
3420  0.331156
3430  0.331156
3440  0.331156
3450  0.331156
3460  0.331156
3470  0.331156
3480  0.331156
3490  0.331156
3500  0.331156
3510  0.331156
3520  0.326929
3530  0.323038
3540  0.323038
3550  0.323038
3560  0.323038
3570  0.323038
3580  0.323038
3590  0.323038
3600  0.323038
3610  0.323038
3620  0.323038
3630  0.323038
3640  0.323038
3650  0.323038
3660  0.323038
3670  0.323038
3680  0.323038
3690  0.323038
3700  0.323038
3710  0.323038
3720  0.323038
3730  0.323038
3740  0.323038
3750  0.323038
3760  0.323038
3770  0.323038
3780  0.323038
3790  0.320959
3800  0.320959
3810  0.320959
3820  0.320959
3830  0.320959
3840  0.320959
3850  0.320959
3860  0.320959
3870  0.320959
3880  0.320959
3890  0.320959
3900  0.320959
3910  0.320959
3920  0.320959
3930  0.320959
3940  0.320959
3950  0.320959
3960  0.320959
3970  0.320959
3980  0.320959
3990  0.320959
4000  0.312031
4010  0.312031
4020  0.312031
4030  0.312031
4040  0.310657
4050  0.310657
4060  0.310657
4070  0.310657
4080  0.310657
4090  0.310657
4100  0.310657
4110  0.310657
4120  0.310657
4130  0.310657
4140  0.310657
4150  0.310657
4160  0.310657
4170  0.310657
4180  0.310657
4190  0.310657
4200  0.310657
4210  0.310657
4220  0.310657
4230  0.310657
4240  0.310657
4250  0.310657
4260  0.310657
4270  0.310657
4280  0.310657
4290  0.310657
4300  0.310657
4310  0.310657
4320  0.310657
4330  0.310657
4340  0.310657
4350  0.310657
4360  0.310657
4370  0.310061
4380  0.310061
4390  0.310061
4400  0.306556
4410  0.306556
4420  0.306556
4430  0.306329
4440  0.306329
4450  0.306329
4460  0.306329
4470  0.306329
4480  0.306329
4490  0.306329
4500  0.306329
4510  0.306329
4520  0.306329
4530  0.306329
4540  0.306329
4550  0.306329
4560  0.306329
4570  0.306329
4580  0.306329
4590  0.306329
4600  0.306329
4610  0.306329
4620  0.306329
4630  0.306329
4640  0.306329
4650  0.306329
4660  0.306329
4670  0.306329
4680  0.306329
4690  0.306329
4700  0.306329
4710  0.306329
4720  0.306329
4730  0.306329
4740  0.306329
4750  0.301668
4760  0.301668
4770  0.301668
4780  0.301668
4790  0.301668
4800  0.301668
4810  0.301668
4820  0.301668
4830  0.301668
4840  0.301668
4850  0.301668
4860  0.301668
4870  0.301668
4880  0.301668
4890  0.301668
4900  0.301668
4910  0.301668
4920  0.301668
4930  0.301668
4940  0.301668
4950  0.301668
4960  0.301668
4970  0.301668
4980  0.301668
4990  0.301668
5000  0.301668
5010  0.301668
5020  0.301668
5030  0.301668
5040  0.301668
5050  0.301668
5060  0.301668
5070  0.301668
5080  0.301668
5090  0.301668
5100  0.301668
5110  0.301668
5120  0.301668
5130  0.301668
5140  0.301668
5150  0.301668
5160  0.301668
5170  0.301668
5180  0.301668
5190  0.301668
5200  0.301668
5210  0.301668
5220  0.301668
5230  0.301668
5240  0.301668
5250  0.301668
5260  0.301668
5270  0.301668
5280  0.301668
5290  0.301668
5300  0.301668
5310  0.301668
5320  0.301668
5330  0.301668
5340  0.301668
5350  0.301668
5360  0.301668
5370  0.301668
5380  0.300921
5390  0.300921
5400  0.300921
5410  0.297607
5420  0.297607
5430  0.297607
5440  0.297607
5450  0.297607
5460  0.297607
5470  0.297607
5480  0.297566
5490  0.297566
5500  0.297566
5510  0.297566
5520  0.297566
5530  0.297566
5540  0.297566
5550  0.297566
5560  0.297566
5570  0.297566
5580  0.297566
5590  0.297566
5600  0.297566
5610  0.297566
5620  0.297566
5630  0.297566
5640  0.297566
5650  0.297566
5660  0.297566
5670  0.297566
5680  0.297566
5690  0.297566
5700  0.297566
5710  0.297566
5720  0.297566
5730  0.297566
5740  0.297566
5750  0.297566
5760  0.297566
5770  0.297566
5780  0.297566
5790  0.297566
5800  0.297566
5810  0.297566
5820  0.297566
5830  0.297566
5840  0.297566
5850  0.297566
5860  0.297566
5870  0.297566
5880  0.297566
5890  0.297566
5900  0.297566
5910  0.297566
5920  0.297566
5930  0.297566
5940  0.297566
5950  0.297566
5960  0.297566
5970  0.297566
5980  0.297566
5990  0.297566
6000  0.297566
6010  0.297566
6020  0.297566
6030  0.297566
6040  0.297566
6050  0.297566
6060  0.297566
6070  0.297566
6080  0.297566
6090  0.297566
6100  0.297566
6110  0.297566
6120  0.297566
6130  0.297566
6140  0.297566
6150  0.297566
6160  0.297566
6170  0.297566
6180  0.297566
6190  0.297566
6200  0.297566
6210  0.297566
6220  0.297566
6230  0.297566
6240  0.297566
6250  0.297566
6260  0.297566
6270  0.297566
6280  0.297566
6290  0.297566
6300  0.297566
6310  0.297566
6320  0.297566
6330  0.297566
6340  0.297566
6350  0.297566
6360  0.297566
6370  0.297566
6380  0.297566
6390  0.297566
6400  0.297566
6410  0.297566
6420  0.297566
6430  0.297566
6440  0.297566
6450  0.297566
6460  0.297566
6470  0.297566
6480  0.297566
6490  0.297566
6500  0.297566
6510  0.297566
6520  0.297566
6530  0.297566
6540  0.297566
6550  0.297566
6560  0.297566
6570  0.297566
6580  0.297566
6590  0.297566
6600  0.297566
6610  0.297566
6620  0.297566
6630  0.297566
6640  0.297566
6650  0.297566
6660  0.297566
6670  0.297566
6680  0.295349
6690  0.295349
6700  0.295349
6710  0.295349
6720  0.293996
6730  0.293996
6740  0.293996
6750  0.293996
6760  0.293996
6770  0.293996
6780  0.293996
6790  0.293996
6800  0.293996
6810  0.293996
6820  0.293996
6830  0.293996
6840  0.293996
6850  0.293996
6860  0.293996
6870  0.293996
6880  0.287229
6890  0.287229
6900  0.287229
6910  0.287229
6920  0.287229
6930  0.287229
6940  0.287229
6950  0.287229
6960  0.287229
6970  0.287229
6980  0.287229
6990  0.287229
7000  0.287229
7010  0.287229
7020  0.287229
7030  0.287229
7040  0.287229
7050  0.287229
7060  0.287229
7070  0.287229
7080  0.287229
7090  0.287229
7100  0.287229
7110  0.287229
7120  0.287229
7130  0.287229
7140  0.287229
7150  0.287229
7160  0.287229
7170  0.287229
7180  0.287229
7190  0.287229
7200  0.287229
7210  0.287229
7220  0.287229
7230  0.287229
7240  0.287229
7250  0.287229
7260  0.287229
7270  0.287229
7280  0.287229
7290  0.287229
7300  0.287229
7310  0.287229
7320  0.287229
7330  0.287229
7340  0.287229
7350  0.287229
7360  0.287229
7370  0.287229
7380  0.287229
7390  0.287229
7400  0.287229
7410  0.287229
7420  0.287229
7430  0.287229
7440  0.287229
7450  0.287229
7460  0.287229
7470  0.287229
7480  0.287229
7490  0.287229
7500  0.287229
7510  0.287229
7520  0.287229
7530  0.287229
7540  0.287229
7550  0.287229
7560  0.287229
7570  0.287229
7580  0.287229
7590  0.287229
7600  0.287229
7610  0.287229
7620  0.287229
7630  0.287229
7640  0.287229
7650  0.287229
7660  0.287229
7670  0.287229
7680  0.287229
7690  0.287229
7700  0.287229
7710  0.287229
7720  0.287229
7730  0.287229
7740  0.287229
7750  0.287229
7760  0.287229
7770  0.287229
7780  0.287229
7790  0.287229
7800  0.287229
7810  0.287229
7820  0.287229
7830  0.287229
7840  0.287229
7850  0.287229
7860  0.287229
7870  0.287229
7880  0.287229
7890  0.287229
7900  0.287229
7910  0.287229
7920  0.287229
7930  0.287229
7940  0.287229
7950  0.287229
7960  0.287229
7970  0.287229
7980  0.287229
7990  0.287229
8000  0.287229
8010  0.287229
8020  0.287229
8030  0.28719
8040  0.28719
8050  0.28719
8060  0.28719
8070  0.28719
8080  0.28719
8090  0.28719
8100  0.28719
8110  0.28719
8120  0.282924
8130  0.282924
8140  0.282924
8150  0.282924
8160  0.282924
8170  0.282924
8180  0.282924
8190  0.282371
8200  0.28029
8210  0.28029
8220  0.28029
8230  0.28029
8240  0.28029
8250  0.28029
8260  0.28029
8270  0.28029
8280  0.28029
8290  0.28029
8300  0.28029
8310  0.28029
8320  0.28029
8330  0.28029
8340  0.28029
8350  0.279597
8360  0.279597
8370  0.279597
8380  0.279597
8390  0.279597
8400  0.279597
8410  0.276672
8420  0.276672
8430  0.276672
8440  0.276672
8450  0.276672
8460  0.276672
8470  0.276672
8480  0.276672
8490  0.276672
8500  0.276672
8510  0.276672
8520  0.276672
8530  0.276672
8540  0.276672
8550  0.276672
8560  0.276672
8570  0.276672
8580  0.276672
8590  0.276672
8600  0.276672
8610  0.276672
8620  0.276672
8630  0.276672
8640  0.276672
8650  0.276672
8660  0.276672
8670  0.274987
8680  0.273522
8690  0.273522
8700  0.273522
8710  0.273522
8720  0.273522
8730  0.273522
8740  0.273522
8750  0.273522
8760  0.273522
8770  0.273522
8780  0.273522
8790  0.273522
8800  0.273522
8810  0.273522
8820  0.273522
8830  0.273522
8840  0.273522
8850  0.273522
8860  0.272976
8870  0.272935
8880  0.272935
8890  0.270437
8900  0.270437
8910  0.269816
8920  0.269816
8930  0.269816
8940  0.269816
8950  0.269816
8960  0.269816
8970  0.269816
8980  0.269816
8990  0.269318
9000  0.269318
9010  0.269318
9020  0.269318
9030  0.269318
9040  0.269318
9050  0.268862
9060  0.268862
9070  0.268862
9080  0.268862
9090  0.266976
9100  0.266976
9110  0.266976
9120  0.266976
9130  0.266976
9140  0.266976
9150  0.266976
9160  0.266976
9170  0.266976
9180  0.266976
9190  0.266976
9200  0.266311
9210  0.266311
9220  0.266311
9230  0.26621
9240  0.26621
9250  0.26621
9260  0.26621
9270  0.26621
9280  0.26621
9290  0.26621
9300  0.265614
9310  0.265614
9320  0.265614
9330  0.265614
9340  0.265614
9350  0.265614
9360  0.26414
9370  0.26414
9380  0.26414
9390  0.26414
9400  0.263623
9410  0.263623
9420  0.263623
9430  0.263623
9440  0.263623
9450  0.263623
9460  0.263623
9470  0.263623
9480  0.261852
9490  0.261852
9500  0.260396
9510  0.260396
9520  0.260396
9530  0.260396
9540  0.260396
9550  0.260396
9560  0.260396
9570  0.260396
9580  0.260396
9590  0.260396
9600  0.260396
9610  0.260396
9620  0.260396
9630  0.260396
9640  0.258575
9650  0.258575
9660  0.258575
9670  0.258575
9680  0.258575
9690  0.258575
9700  0.258575
9710  0.256555
9720  0.256555
9730  0.256555
9740  0.256555
9750  0.256555
9760  0.256555
9770  0.256555
9780  0.256555
9790  0.256555
9800  0.256555
9810  0.256555
9820  0.256555
9830  0.256555
9840  0.256555
9850  0.256555
9860  0.256555
9870  0.256555
9880  0.253234
9890  0.253234
9900  0.253234
9910  0.253234
9920  0.253234
9930  0.253234
9940  0.253234
9950  0.253234
9960  0.253234
9970  0.253234
9980  0.253234
9990  0.253234
10000  0.250037
10010  0.250037
10020  0.250037
10030  0.250037
10040  0.250037
10050  0.250037
10060  0.250037
10070  0.250037
10080  0.250037
10090  0.250037
10100  0.250037
10110  0.250037
10120  0.250037
10130  0.250037
10140  0.250037
10150  0.250037
10160  0.250037
10170  0.250037
10180  0.250037
10190  0.250037
10200  0.250037
10210  0.250037
10220  0.250037
10230  0.250037
10240  0.250037
10250  0.250037
10260  0.250037
10270  0.250037
10280  0.250037
10290  0.250037
10300  0.250037
10310  0.250037
10320  0.250037
10330  0.250037
10340  0.250037
10350  0.250037
10360  0.250037
10370  0.250037
10380  0.250037
10390  0.250037
10400  0.250037
10410  0.250037
10420  0.250037
10430  0.250037
10440  0.250037
10450  0.250037
10460  0.250037
10470  0.248668
10480  0.248668
10490  0.248668
10500  0.248668
10510  0.248668
10520  0.248668
10530  0.248668
10540  0.248668
10550  0.248668
10560  0.248668
10570  0.248668
10580  0.248668
10590  0.248668
10600  0.248668
10610  0.248668
10620  0.248668
10630  0.248668
10640  0.248668
10650  0.248668
10660  0.248668
10670  0.248668
10680  0.248377
10690  0.248377
10700  0.248377
10710  0.248377
10720  0.248377
10730  0.248377
10740  0.248377
10750  0.248377
10760  0.248377
10770  0.248377
10780  0.248377
10790  0.248377
10800  0.248377
10810  0.24289
10820  0.24289
10830  0.24289
10840  0.24289
10850  0.24289
10860  0.24289
10870  0.24289
10880  0.24289
10890  0.24289
10900  0.24289
10910  0.24289
10920  0.24289
10930  0.24289
10940  0.24289
10950  0.24289
10960  0.24289
10970  0.24289
10980  0.24289
10990  0.24289
11000  0.24289
11010  0.24289
11020  0.24289
11030  0.24289
11040  0.24289
11050  0.24289
11060  0.24289
11070  0.24289
11080  0.24289
11090  0.24289
11100  0.24289
11110  0.24289
11120  0.24289
11130  0.24289
11140  0.24289
11150  0.24289
11160  0.24289
11170  0.24289
11180  0.24289
11190  0.24289
11200  0.24289
11210  0.24289
11220  0.24289
11230  0.24289
11240  0.24289
11250  0.24289
11260  0.24289
11270  0.24289
11280  0.24289
11290  0.24289
11300  0.24289
11310  0.24289
11320  0.24289
11330  0.24289
11340  0.24289
11350  0.24289
11360  0.24289
11370  0.24289
11380  0.24289
11390  0.24289
11400  0.24289
11410  0.24289
11420  0.24289
11430  0.24289
11440  0.24289
11450  0.24289
11460  0.24289
11470  0.24289
11480  0.24289
11490  0.24289
11500  0.24289
11510  0.24289
11520  0.24289
11530  0.24289
11540  0.24289
11550  0.24289
11560  0.24289
11570  0.24289
11580  0.24289
11590  0.24289
11600  0.24289
11610  0.24289
11620  0.24289
11630  0.24289
11640  0.24289
11650  0.24289
11660  0.24289
11670  0.24289
11680  0.24289
11690  0.24289
11700  0.24289
11710  0.24289
11720  0.24289
11730  0.24289
11740  0.24289
11750  0.24289
11760  0.24259
11770  0.24259
11780  0.24259
11790  0.24259
11800  0.24259
11810  0.24259
11820  0.24259
11830  0.24259
11840  0.24259
11850  0.24259
11860  0.24259
11870  0.24259
11880  0.24259
11890  0.24259
11900  0.24259
11910  0.24259
11920  0.24259
11930  0.24259
11940  0.24259
11950  0.24259
11960  0.24259
11970  0.24259
11980  0.24259
11990  0.24259
12000  0.24259
12010  0.24259
12020  0.24259
12030  0.24259
12040  0.24259
12050  0.24259
12060  0.24259
12070  0.24259
12080  0.24259
12090  0.24259
12100  0.24259
12110  0.24259
12120  0.24259
12130  0.24259
12140  0.24259
12150  0.24259
12160  0.24259
12170  0.24259
12180  0.24259
12190  0.24259
12200  0.24259
12210  0.24259
12220  0.24259
12230  0.24259
12240  0.24259
12250  0.24259
12260  0.24259
12270  0.24259
12280  0.24259
12290  0.24259
12300  0.24259
12310  0.24259
12320  0.24259
12330  0.24259
12340  0.24259
12350  0.24259
12360  0.24259
12370  0.24259
12380  0.24259
12390  0.24259
12400  0.24259
12410  0.24259
12420  0.24259
12430  0.24259
12440  0.24259
12450  0.24259
12460  0.24259
12470  0.234616
12480  0.234616
12490  0.234616
12500  0.234616
12510  0.234616
12520  0.234616
12530  0.234616
12540  0.234616
12550  0.234616
12560  0.234616
12570  0.234616
12580  0.234616
12590  0.234616
12600  0.234616
12610  0.234616
12620  0.234616
12630  0.234616
12640  0.234616
12650  0.234616
12660  0.234616
12670  0.234616
12680  0.234616
12690  0.234616
12700  0.234616
12710  0.234616
12720  0.234616
12730  0.234616
12740  0.234616
12750  0.234616
12760  0.234616
12770  0.234616
12780  0.234616
12790  0.234616
12800  0.234616
12810  0.234085
12820  0.234085
12830  0.234085
12840  0.234085
12850  0.234085
12860  0.234085
12870  0.234085
12880  0.234085
12890  0.234085
12900  0.234085
12910  0.234085
12920  0.234085
12930  0.234085
12940  0.234085
12950  0.234085
12960  0.234085
12970  0.234085
12980  0.234085
12990  0.234085
13000  0.234085
13010  0.234085
13020  0.234085
13030  0.234085
13040  0.234085
13050  0.234085
13060  0.234085
13070  0.234085
13080  0.234085
13090  0.234085
13100  0.234085
13110  0.234085
13120  0.234085
13130  0.234085
13140  0.234085
13150  0.234085
13160  0.234085
13170  0.234085
13180  0.234085
13190  0.234085
13200  0.234085
13210  0.234085
13220  0.234085
13230  0.234085
13240  0.234085
13250  0.234085
13260  0.234085
13270  0.234085
13280  0.234085
13290  0.234085
13300  0.234085
13310  0.234085
13320  0.234085
13330  0.234085
13340  0.234085
13350  0.234085
13360  0.234085
13370  0.234085
13380  0.234085
13390  0.234085
13400  0.234085
13410  0.234085
13420  0.234085
13430  0.234085
13440  0.234085
13450  0.234085
13460  0.234085
13470  0.234085
13480  0.234085
13490  0.234085
13500  0.234085
13510  0.234085
13520  0.234085
13530  0.233439
13540  0.233439
13550  0.233439
13560  0.233439
13570  0.233439
13580  0.233439
13590  0.233439
13600  0.233439
13610  0.233439
13620  0.233439
13630  0.233439
13640  0.233439
13650  0.233439
13660  0.233439
13670  0.233439
13680  0.233439
13690  0.233439
13700  0.233439
13710  0.233439
13720  0.233439
13730  0.233439
13740  0.233439
13750  0.233439
13760  0.233439
13770  0.233439
13780  0.233439
13790  0.233439
13800  0.233439
13810  0.233439
13820  0.233439
13830  0.233439
13840  0.233439
13850  0.233439
13860  0.233439
13870  0.233439
13880  0.233439
13890  0.233439
13900  0.233439
13910  0.233439
13920  0.233439
13930  0.233439
13940  0.233439
13950  0.233439
13960  0.233439
13970  0.233439
13980  0.233439
13990  0.233439
14000  0.233439
14010  0.233439
14020  0.233439
14030  0.233439
14040  0.233439
14050  0.233439
14060  0.233439
14070  0.233439
14080  0.233439
14090  0.233439
14100  0.233439
14110  0.233439
14120  0.233439
14130  0.233439
14140  0.233439
14150  0.233439
14160  0.233439
14170  0.233439
14180  0.233439
14190  0.233439
14200  0.233439
14210  0.233439
14220  0.233439
14230  0.233439
14240  0.233439
14250  0.233439
14260  0.233439
14270  0.233439
14280  0.233439
14290  0.233439
14300  0.233439
14310  0.233439
14320  0.233439
14330  0.23329
14340  0.23329
14350  0.23329
14360  0.23329
14370  0.23329
14380  0.23296
14390  0.23296
14400  0.23296
14410  0.23296
14420  0.23296
14430  0.23296
14440  0.23296
14450  0.23296
14460  0.23296
14470  0.23296
14480  0.23296
14490  0.23296
14500  0.23296
14510  0.23296
14520  0.23296
14530  0.23296
14540  0.23296
14550  0.23296
14560  0.23296
14570  0.23296
14580  0.23296
14590  0.23296
14600  0.23296
14610  0.23296
14620  0.23296
14630  0.23296
14640  0.23296
14650  0.23296
14660  0.23296
14670  0.23296
14680  0.23296
14690  0.23296
14700  0.23296
14710  0.23296
14720  0.23296
14730  0.23296
14740  0.23296
14750  0.23296
14760  0.23296
14770  0.23296
14780  0.23296
14790  0.23296
14800  0.23296
14810  0.23296
14820  0.23296
14830  0.23296
14840  0.23296
14850  0.23296
14860  0.23296
14870  0.23296
14880  0.23296
14890  0.23296
14900  0.23296
14910  0.23296
14920  0.23296
14930  0.23296
14940  0.23296
14950  0.23296
14960  0.23296
14970  0.23296
14980  0.23296
14990  0.23296
15000  0.23296
15010  0.23296
15020  0.23296
15030  0.23296
15040  0.23296
15050  0.23296
15060  0.23296
15070  0.23296
15080  0.23296
15090  0.23296
15100  0.23296
15110  0.23296
15120  0.23296
15130  0.23296
15140  0.23296
15150  0.23296
15160  0.23296
15170  0.23296
15180  0.23296
15190  0.23296
15200  0.23296
15210  0.23296
15220  0.23296
15230  0.23296
15240  0.23296
15250  0.23296
15260  0.23296
15270  0.23296
15280  0.23296
15290  0.23296
15300  0.23296
15310  0.23296
15320  0.23296
15330  0.23296
15340  0.23296
15350  0.23296
15360  0.23296
15370  0.23296
15380  0.23296
15390  0.23296
15400  0.23296
15410  0.23296
15420  0.23296
15430  0.23296
15440  0.23296
15450  0.23296
15460  0.23296
15470  0.23296
15480  0.23296
15490  0.23296
15500  0.23296
15510  0.23296
15520  0.23296
15530  0.23296
15540  0.23296
15550  0.23296
15560  0.23296
15570  0.23296
15580  0.23296
15590  0.23296
15600  0.23296
15610  0.23296
15620  0.23296
15630  0.23296
15640  0.23296
15650  0.23296
15660  0.23296
15670  0.23296
15680  0.23296
15690  0.23296
15700  0.23296
15710  0.23296
15720  0.23296
15730  0.23296
15740  0.23296
15750  0.23296
15760  0.23296
15770  0.23296
15780  0.23296
15790  0.23296
15800  0.23296
15810  0.23296
15820  0.23296
15830  0.23296
15840  0.23296
15850  0.23296
15860  0.23296
15870  0.23296
15880  0.23296
15890  0.23296
15900  0.23296
15910  0.23296
15920  0.23296
15930  0.23296
15940  0.23296
15950  0.23296
15960  0.23296
15970  0.23296
15980  0.23296
15990  0.23296
16000  0.23296
16010  0.23296
16020  0.23296
16030  0.23296
16040  0.23296
16050  0.23296
16060  0.23296
16070  0.23296
16080  0.23296
16090  0.23296
16100  0.23296
16110  0.23296
16120  0.23296
16130  0.23296
16140  0.23296
16150  0.23296
16160  0.23296
16170  0.23296
16180  0.23296
16190  0.23296
16200  0.23296
16210  0.23296
16220  0.23296
16230  0.23296
16240  0.23296
16250  0.23296
16260  0.23296
16270  0.23296
16280  0.23296
16290  0.23296
16300  0.23296
16310  0.23296
16320  0.23296
16330  0.23296
16340  0.23296
16350  0.23296
16360  0.23296
16370  0.23296
16380  0.23296
16390  0.23296
16400  0.23296
16410  0.23296
16420  0.23296
16430  0.23296
16440  0.23296
16450  0.23296
16460  0.23296
16470  0.23296
16480  0.23296
16490  0.23296
16500  0.23296
16510  0.23296
16520  0.23296
16530  0.23296
16540  0.23296
16550  0.23296
16560  0.23296
16570  0.23296
16580  0.23296
16590  0.23296
16600  0.23296
16610  0.23296
16620  0.23296
16630  0.23296
16640  0.23296
16650  0.23296
16660  0.23296
16670  0.23296
16680  0.23296
16690  0.23296
16700  0.23296
16710  0.23296
16720  0.23296
16730  0.23296
16740  0.23296
16750  0.23296
16760  0.23296
16770  0.23296
16780  0.23296
16790  0.231919
16800  0.231919
16810  0.231919
16820  0.231919
16830  0.231919
16840  0.231919
16850  0.231919
16860  0.231919
16870  0.231919
16880  0.231919
16890  0.231919
16900  0.231919
16910  0.231919
16920  0.231919
16930  0.231919
16940  0.231919
16950  0.231919
16960  0.231919
16970  0.231919
16980  0.231919
16990  0.231919
17000  0.231919
17010  0.231919
17020  0.231919
17030  0.231919
17040  0.231919
17050  0.231919
17060  0.231919
17070  0.231919
17080  0.231919
17090  0.231919
17100  0.231919
17110  0.231919
17120  0.231919
17130  0.231919
17140  0.231919
17150  0.231919
17160  0.231919
17170  0.231919
17180  0.231919
17190  0.231919
17200  0.231919
17210  0.231919
17220  0.231919
17230  0.231919
17240  0.231919
17250  0.231919
17260  0.231919
17270  0.231919
17280  0.231919
17290  0.231919
17300  0.231919
17310  0.231919
17320  0.231919
17330  0.231919
17340  0.231919
17350  0.231919
17360  0.231919
17370  0.231919
17380  0.231919
17390  0.231919
17400  0.231919
17410  0.231919
17420  0.231919
17430  0.231919
17440  0.231919
17450  0.231919
17460  0.231919
17470  0.231919
17480  0.231919
17490  0.231919
17500  0.231919
17510  0.231919
17520  0.231919
17530  0.231919
17540  0.231919
17550  0.231919
17560  0.231919
17570  0.231919
17580  0.231919
17590  0.231919
17600  0.231919
17610  0.231919
17620  0.231919
17630  0.231919
17640  0.231919
17650  0.231919
17660  0.231919
17670  0.231919
17680  0.231919
17690  0.231919
17700  0.231919
17710  0.231919
17720  0.231919
17730  0.231919
17740  0.231919
17750  0.231919
17760  0.231919
17770  0.231919
17780  0.231919
17790  0.231919
17800  0.231919
17810  0.231919
17820  0.231919
17830  0.231919
17840  0.231919
17850  0.231919
17860  0.231919
17870  0.231919
17880  0.231919
17890  0.231919
17900  0.231919
17910  0.231919
17920  0.231919
17930  0.231919
17940  0.231919
17950  0.231919
17960  0.231919
17970  0.231919
17980  0.231919
17990  0.231919
18000  0.231919
18010  0.231919
18020  0.231919
18030  0.231919
18040  0.231919
18050  0.231919
18060  0.231919
18070  0.231919
18080  0.231919
18090  0.231919
18100  0.231919
18110  0.231919
18120  0.231919
18130  0.231919
18140  0.231919
18150  0.231919
18160  0.231919
18170  0.231919
18180  0.231919
18190  0.231919
18200  0.231919
18210  0.231919
18220  0.231919
18230  0.231919
18240  0.231919
18250  0.231919
18260  0.231919
18270  0.231919
18280  0.231919
18290  0.231919
18300  0.231919
18310  0.231919
18320  0.231919
18330  0.231919
18340  0.231919
18350  0.231919
18360  0.231919
18370  0.231919
18380  0.231919
18390  0.230618
18400  0.230618
18410  0.230618
18420  0.230618
18430  0.230618
18440  0.230618
18450  0.230618
18460  0.230618
18470  0.230618
18480  0.230618
18490  0.230618
18500  0.230618
18510  0.230618
18520  0.230618
18530  0.230618
18540  0.230618
18550  0.230618
18560  0.230618
18570  0.230618
18580  0.230618
18590  0.230618
18600  0.230618
18610  0.230618
18620  0.230618
18630  0.230618
18640  0.230618
18650  0.230618
18660  0.230618
18670  0.230618
18680  0.230618
18690  0.230618
18700  0.230618
18710  0.230618
18720  0.230618
18730  0.230618
18740  0.230618
18750  0.230618
18760  0.230618
18770  0.230618
18780  0.230618
18790  0.230618
18800  0.230618
18810  0.230618
18820  0.230618
18830  0.230618
18840  0.230618
18850  0.230618
18860  0.230618
18870  0.230618
18880  0.230618
18890  0.230618
18900  0.230618
18910  0.230618
18920  0.230618
18930  0.230618
18940  0.230618
18950  0.230618
18960  0.230618
18970  0.230618
18980  0.230618
18990  0.230618
19000  0.230618
19010  0.230618
19020  0.230618
19030  0.230618
19040  0.230618
19050  0.230618
19060  0.230618
19070  0.230618
19080  0.230618
19090  0.230618
19100  0.230618
19110  0.230618
19120  0.230618
19130  0.230618
19140  0.230618
19150  0.230618
19160  0.230618
19170  0.230618
19180  0.230618
19190  0.230618
19200  0.230618
19210  0.230618
19220  0.230618
19230  0.230618
19240  0.230618
19250  0.230618
19260  0.230618
19270  0.230618
19280  0.230618
19290  0.230618
19300  0.230618
19310  0.230618
19320  0.230618
19330  0.230618
19340  0.230618
19350  0.230618
19360  0.230618
19370  0.230618
19380  0.230618
19390  0.230618
19400  0.230618
19410  0.230618
19420  0.230618
19430  0.230618
19440  0.230618
19450  0.230618
19460  0.230618
19470  0.230618
19480  0.230618
19490  0.230618
19500  0.230618
19510  0.230187
19520  0.230187
19530  0.228826
19540  0.228826
19550  0.228826
19560  0.228826
19570  0.228826
19580  0.228826
19590  0.228826
19600  0.228826
19610  0.228826
19620  0.228826
19630  0.228826
19640  0.228826
19650  0.228826
19660  0.228826
19670  0.228826
19680  0.228826
19690  0.228826
19700  0.228826
19710  0.228826
19720  0.228826
19730  0.228826
19740  0.228826
19750  0.228826
19760  0.228826
19770  0.228826
19780  0.228826
19790  0.228826
19800  0.22649
19810  0.22649
19820  0.22649
19830  0.22649
19840  0.22649
19850  0.22649
19860  0.22649
19870  0.22649
19880  0.22649
19890  0.22649
19900  0.22649
19910  0.22649
19920  0.22649
19930  0.22649
19940  0.22649
19950  0.22649
19960  0.22649
19970  0.22649
19980  0.22649
19990  0.22649
20000  0.22649
20010  0.22649
20020  0.22649
20030  0.22649
20040  0.22649
20050  0.22649
20060  0.22649
20070  0.22649
20080  0.22649
20090  0.22649
20100  0.22649
20110  0.22649
20120  0.22649
20130  0.22649
20140  0.22649
20150  0.22649
20160  0.22649
20170  0.22649
20180  0.22649
20190  0.22649
20200  0.22649
20210  0.22649
20220  0.22649
20230  0.22649
20240  0.22649
20250  0.22649
20260  0.22649
20270  0.22649
20280  0.22649
20290  0.22649
20300  0.22649
20310  0.22649
20320  0.22649
20330  0.22649
20340  0.22649
20350  0.22649
20360  0.22649
20370  0.22649
20380  0.22649
20390  0.22649
20400  0.22649
20410  0.22649
20420  0.22649
20430  0.22649
20440  0.22649
20450  0.22649
20460  0.22649
20470  0.22649
20480  0.22649
20490  0.22649
20500  0.22649
20510  0.22649
20520  0.22649
20530  0.22649
20540  0.22649
20550  0.22649
20560  0.22649
20570  0.22649
20580  0.22649
20590  0.22649
20600  0.22649
20610  0.22649
20620  0.22649
20630  0.22649
20640  0.22649
20650  0.22649
20660  0.22649
20670  0.22649
20680  0.22649
20690  0.22649
20700  0.22649
20710  0.22649
20720  0.22649
20730  0.22649
20740  0.22649
20750  0.22649
20760  0.22649
20770  0.22649
20780  0.22649
20790  0.22649
20800  0.22649
20810  0.22649
20820  0.22649
20830  0.22649
20840  0.22649
20850  0.22649
20860  0.22649
20870  0.22649
20880  0.22649
20890  0.22649
20900  0.22649
20910  0.22649
20920  0.22649
20930  0.22649
20940  0.22649
20950  0.22649
20960  0.22649
20970  0.22649
20980  0.22649
20990  0.22649
21000  0.22649
21010  0.22649
21020  0.22649
21030  0.22649
21040  0.22649
21050  0.22649
21060  0.22649
21070  0.22649
21080  0.22649
21090  0.22649
21100  0.22649
21110  0.22649
21120  0.22649
21130  0.22649
21140  0.22649
21150  0.22649
21160  0.22649
21170  0.22649
21180  0.22649
21190  0.22649
21200  0.22649
21210  0.22649
21220  0.22649
21230  0.22649
21240  0.22649
21250  0.22649
21260  0.22649
21270  0.22649
21280  0.22649
21290  0.22649
21300  0.22649
21310  0.22649
21320  0.22649
21330  0.22649
21340  0.22649
21350  0.22649
21360  0.22649
21370  0.22649
21380  0.22649
21390  0.22649
21400  0.22649
21410  0.22649
21420  0.22649
21430  0.22649
21440  0.22649
21450  0.22649
21460  0.22649
21470  0.22649
21480  0.22649
21490  0.22649
21500  0.22649
21510  0.22649
21520  0.22649
21530  0.22649
21540  0.22649
21550  0.22649
21560  0.22649
21570  0.22649
21580  0.22649
21590  0.22649
21600  0.22649
21610  0.22649
21620  0.22649
21630  0.22649
21640  0.22649
21650  0.22649
21660  0.22649
21670  0.22649
21680  0.22649
21690  0.22649
21700  0.22649
21710  0.22649
21720  0.22649
21730  0.22649
21740  0.22649
21750  0.22649
21760  0.22649
21770  0.22649
21780  0.22649
21790  0.22649
21800  0.22649
21810  0.22649
21820  0.22649
21830  0.22649
21840  0.22649
21850  0.22649
21860  0.22649
21870  0.22649
21880  0.22649
21890  0.22649
21900  0.22649
21910  0.22649
21920  0.22649
21930  0.22649
21940  0.22649
21950  0.22649
21960  0.22649
21970  0.22649
21980  0.22649
21990  0.22649
22000  0.22649
22010  0.22649
22020  0.22649
22030  0.22649
22040  0.22649
22050  0.22649
22060  0.22649
22070  0.22649
22080  0.22649
22090  0.226448
22100  0.226448
22110  0.226316
22120  0.226316
22130  0.226316
22140  0.226316
22150  0.226316
22160  0.226316
22170  0.226316
22180  0.226316
22190  0.226316
22200  0.226316
22210  0.225988
22220  0.225988
22230  0.225988
22240  0.224803
22250  0.224803
22260  0.224803
22270  0.224803
22280  0.224803
22290  0.224803
22300  0.224803
22310  0.224803
22320  0.224803
22330  0.224803
22340  0.224803
22350  0.224803
22360  0.224803
22370  0.224803
22380  0.224803
22390  0.224803
22400  0.224803
22410  0.224803
22420  0.224803
22430  0.224803
22440  0.224803
22450  0.224803
22460  0.224803
22470  0.224803
22480  0.224803
22490  0.224803
22500  0.224803
22510  0.224803
22520  0.224803
22530  0.224803
22540  0.224803
22550  0.224803
22560  0.224803
22570  0.224803
22580  0.224803
22590  0.224803
22600  0.224803
22610  0.224511
22620  0.224511
22630  0.224511
22640  0.224193
22650  0.224193
22660  0.224193
22670  0.224193
22680  0.224193
22690  0.224193
22700  0.224193
22710  0.224193
22720  0.224193
22730  0.224193
22740  0.224193
22750  0.224193
22760  0.224193
22770  0.224193
22780  0.224193
22790  0.224193
22800  0.224193
22810  0.224193
22820  0.224193
22830  0.224193
22840  0.224193
22850  0.224065
22860  0.224065
22870  0.224065
22880  0.224065
22890  0.224065
22900  0.224065
22910  0.224065
22920  0.224065
22930  0.224065
22940  0.224065
22950  0.224065
22960  0.223359
22970  0.223359
22980  0.223359
22990  0.223359
23000  0.223359
23010  0.223359
23020  0.223359
23030  0.223359
23040  0.223359
23050  0.223359
23060  0.223359
23070  0.223359
23080  0.223359
23090  0.223359
23100  0.223359
23110  0.223359
23120  0.223359
23130  0.223359
23140  0.223081
23150  0.223081
23160  0.223081
23170  0.223081
23180  0.223081
23190  0.223081
23200  0.222115
23210  0.222115
23220  0.222115
23230  0.222115
23240  0.222115
23250  0.222115
23260  0.222115
23270  0.222115
23280  0.221958
23290  0.22165
23300  0.22165
23310  0.219774
23320  0.219774
23330  0.219774
23340  0.219774
23350  0.219774
23360  0.219774
23370  0.219774
23380  0.219774
23390  0.219774
23400  0.219774
23410  0.219774
23420  0.219774
23430  0.219774
23440  0.219774
23450  0.219774
23460  0.219774
23470  0.219774
23480  0.219012
23490  0.219012
23500  0.219012
23510  0.219012
23520  0.219012
23530  0.219012
23540  0.219012
23550  0.219012
23560  0.219012
23570  0.219012
23580  0.219012
23590  0.219012
23600  0.219012
23610  0.219012
23620  0.219012
23630  0.219012
23640  0.219012
23650  0.219012
23660  0.219012
23670  0.219012
23680  0.219012
23690  0.219012
23700  0.219012
23710  0.219012
23720  0.219012
23730  0.219012
23740  0.219012
23750  0.219012
23760  0.219012
23770  0.219012
23780  0.219012
23790  0.219012
23800  0.219012
23810  0.219012
23820  0.219012
23830  0.219012
23840  0.219012
23850  0.219012
23860  0.219012
23870  0.219012
23880  0.219012
23890  0.219012
23900  0.219012
23910  0.219012
23920  0.219012
23930  0.219012
23940  0.219012
23950  0.219012
23960  0.219012
23970  0.219012
23980  0.219012
23990  0.219012
24000  0.219012
24010  0.219012
24020  0.219012
24030  0.219012
24040  0.219012
24050  0.219012
24060  0.219012
24070  0.219012
24080  0.219012
24090  0.219012
24100  0.219012
24110  0.219012
24120  0.219012
24130  0.219012
24140  0.219012
24150  0.219012
24160  0.219012
24170  0.219012
24180  0.219012
24190  0.219012
24200  0.219012
24210  0.219012
24220  0.219012
24230  0.218854
24240  0.218854
24250  0.218854
24260  0.218854
24270  0.218854
24280  0.218854
24290  0.218854
24300  0.218854
24310  0.218854
24320  0.218854
24330  0.218854
24340  0.218854
24350  0.218854
24360  0.218854
24370  0.218854
24380  0.218854
24390  0.218854
24400  0.218854
24410  0.218854
24420  0.218854
24430  0.218854
24440  0.218854
24450  0.218854
24460  0.218854
24470  0.218854
24480  0.218854
24490  0.218854
24500  0.218854
24510  0.218854
24520  0.218854
24530  0.218854
24540  0.218854
24550  0.218854
24560  0.218854
24570  0.218854
24580  0.218854
24590  0.218854
24600  0.218854
24610  0.218854
24620  0.218854
24630  0.218854
24640  0.218854
24650  0.218854
24660  0.218854
24670  0.218854
24680  0.218854
24690  0.218854
24700  0.218854
24710  0.215731
24720  0.215731
24730  0.215731
24740  0.215731
24750  0.215731
24760  0.215731
24770  0.215731
24780  0.215731
24790  0.215731
24800  0.215731
24810  0.215731
24820  0.215731
24830  0.215731
24840  0.215731
24850  0.213643
24860  0.213643
24870  0.213643
24880  0.213643
24890  0.213643
24900  0.213643
24910  0.213643
24920  0.213643
24930  0.213643
24940  0.213643
24950  0.213643
24960  0.213643
24970  0.213643
24980  0.213643
24990  0.213643
25000  0.213643
25010  0.213643
25020  0.213643
25030  0.213643
25040  0.213643
25050  0.213643
25060  0.213643
25070  0.213643
25080  0.213643
25090  0.213643
25100  0.213643
25110  0.213643
25120  0.213643
25130  0.213643
25140  0.213643
25150  0.213643
25160  0.213643
25170  0.213643
25180  0.213643
25190  0.213643
25200  0.213643
25210  0.213643
25220  0.213643
25230  0.213643
25240  0.213643
25250  0.213643
25260  0.213643
25270  0.213643
25280  0.213643
25290  0.213643
25300  0.213643
25310  0.213643
25320  0.213643
25330  0.213643
25340  0.213643
25350  0.213643
25360  0.213643
25370  0.213643
25380  0.213643
25390  0.213643
25400  0.213643
25410  0.213643
25420  0.213643
25430  0.213643
25440  0.213643
25450  0.213643
25460  0.213643
25470  0.213643
25480  0.213643
25490  0.213643
25500  0.213643
25510  0.213643
25520  0.213643
25530  0.213643
25540  0.213643
25550  0.213643
25560  0.213643
25570  0.213643
25580  0.213643
25590  0.213643
25600  0.213643
25610  0.213643
25620  0.213643
25630  0.213643
25640  0.213643
25650  0.213643
25660  0.213643
25670  0.213643
25680  0.213643
25690  0.213643
25700  0.213643
25710  0.213643
25720  0.213643
25730  0.213643
25740  0.213643
25750  0.213643
25760  0.213643
25770  0.213643
25780  0.213643
25790  0.213643
25800  0.213643
25810  0.213643
25820  0.213219
25830  0.213219
25840  0.213219
25850  0.213219
25860  0.213219
25870  0.213219
25880  0.213219
25890  0.213219
25900  0.213219
25910  0.213219
25920  0.213219
25930  0.212523
25940  0.212523
25950  0.212523
25960  0.212523
25970  0.212523
25980  0.212523
25990  0.212523
26000  0.212523
26010  0.212523
26020  0.212523
26030  0.212523
26040  0.212523
26050  0.212523
26060  0.212523
26070  0.212523
26080  0.212523
26090  0.212523
26100  0.212523
26110  0.212523
26120  0.212523
26130  0.212523
26140  0.212523
26150  0.212523
26160  0.212523
26170  0.212523
26180  0.212523
26190  0.212523
26200  0.212523
26210  0.212523
26220  0.209229
26230  0.209229
26240  0.209229
26250  0.209229
26260  0.209229
26270  0.209229
26280  0.209229
26290  0.209229
26300  0.209229
26310  0.209229
26320  0.209229
26330  0.209229
26340  0.209229
26350  0.209229
26360  0.209229
26370  0.209229
26380  0.209229
26390  0.209229
26400  0.209229
26410  0.209229
26420  0.209229
26430  0.209229
26440  0.209229
26450  0.209229
26460  0.209229
26470  0.209229
26480  0.209229
26490  0.209229
26500  0.209229
26510  0.209229
26520  0.209229
26530  0.209229
26540  0.209229
26550  0.209229
26560  0.209229
26570  0.209229
26580  0.209229
26590  0.209229
26600  0.209229
26610  0.209229
26620  0.209229
26630  0.209229
26640  0.209229
26650  0.209229
26660  0.209229
26670  0.209229
26680  0.209229
26690  0.209229
26700  0.209229
26710  0.209229
26720  0.209229
26730  0.209229
26740  0.209229
26750  0.209229
26760  0.209229
26770  0.209229
26780  0.209229
26790  0.209229
26800  0.209229
26810  0.209229
26820  0.209229
26830  0.209229
26840  0.209229
26850  0.209229
26860  0.209229
26870  0.209229
26880  0.209229
26890  0.209229
26900  0.209229
26910  0.209229
26920  0.209229
26930  0.209229
26940  0.209229
26950  0.209229
26960  0.209229
26970  0.209229
26980  0.209229
26990  0.209229
27000  0.209229
27010  0.209229
27020  0.209229
27030  0.209229
27040  0.209229
27050  0.209229
27060  0.209229
27070  0.209229
27080  0.209229
27090  0.209229
27100  0.209229
27110  0.209229
27120  0.209229
27130  0.209229
27140  0.209229
27150  0.209229
27160  0.209229
27170  0.209229
27180  0.209229
27190  0.209229
27200  0.209229
27210  0.209229
27220  0.209229
27230  0.209229
27240  0.209229
27250  0.209229
27260  0.209229
27270  0.209229
27280  0.209229
27290  0.209229
27300  0.209229
27310  0.209229
27320  0.209229
27330  0.209229
27340  0.209229
27350  0.209229
27360  0.209229
27370  0.209229
27380  0.209229
27390  0.209229
27400  0.209229
27410  0.209229
27420  0.209229
27430  0.209229
27440  0.209229
27450  0.209229
27460  0.20867
27470  0.20867
27480  0.20867
27490  0.20867
27500  0.20867
27510  0.20867
27520  0.20867
27530  0.20867
27540  0.20867
27550  0.20867
27560  0.20867
27570  0.20867
27580  0.20867
27590  0.20867
27600  0.20867
27610  0.20867
27620  0.20867
27630  0.20867
27640  0.20867
27650  0.20867
27660  0.20867
27670  0.20867
27680  0.20867
27690  0.20867
27700  0.20867
27710  0.20867
27720  0.20867
27730  0.20867
27740  0.20867
27750  0.20867
27760  0.20867
27770  0.20867
27780  0.20867
27790  0.20867
27800  0.20867
27810  0.20867
27820  0.20867
27830  0.20867
27840  0.20867
27850  0.20867
27860  0.20867
27870  0.20867
27880  0.208568
27890  0.208568
27900  0.206295
27910  0.206295
27920  0.206295
27930  0.206295
27940  0.206295
27950  0.206295
27960  0.206295
27970  0.206295
27980  0.206295
27990  0.206295
28000  0.206295
28010  0.206295
28020  0.206295
28030  0.206295
28040  0.206295
28050  0.206295
28060  0.206295
28070  0.206295
28080  0.206295
28090  0.206295
28100  0.206295
28110  0.206295
28120  0.206295
28130  0.206295
28140  0.206295
28150  0.206295
28160  0.206295
28170  0.206295
28180  0.206295
28190  0.206295
28200  0.206295
28210  0.206295
28220  0.206295
28230  0.206295
28240  0.206295
28250  0.206295
28260  0.206295
28270  0.206295
28280  0.206295
28290  0.206295
28300  0.206295
28310  0.206295
28320  0.206295
28330  0.206295
28340  0.206295
28350  0.206295
28360  0.206295
28370  0.206295
28380  0.206295
28390  0.206295
28400  0.206295
28410  0.206295
28420  0.206295
28430  0.206295
28440  0.206295
28450  0.206295
28460  0.206295
28470  0.206295
28480  0.206295
28490  0.206295
28500  0.206295
28510  0.206295
28520  0.206295
28530  0.206295
28540  0.206295
28550  0.206295
28560  0.206295
28570  0.206295
28580  0.206295
28590  0.206295
28600  0.206295
28610  0.206295
28620  0.206295
28630  0.206295
28640  0.206295
28650  0.206295
28660  0.206295
28670  0.206295
28680  0.206295
28690  0.206295
28700  0.206295
28710  0.206295
28720  0.206295
28730  0.206295
28740  0.206295
28750  0.206295
28760  0.206295
28770  0.206295
28780  0.206295
28790  0.206295
28800  0.206295
28810  0.206295
28820  0.206295
28830  0.206295
28840  0.206295
28850  0.206295
28860  0.206295
28870  0.206295
28880  0.206295
28890  0.206295
28900  0.206295
28910  0.206295
28920  0.206295
28930  0.206295
28940  0.206295
28950  0.206295
28960  0.206295
28970  0.206295
28980  0.206295
28990  0.206295
29000  0.206295
29010  0.206295
29020  0.206295
29030  0.206295
29040  0.206295
29050  0.206295
29060  0.206295
29070  0.206295
29080  0.206295
29090  0.206295
29100  0.206295
29110  0.206295
29120  0.206295
29130  0.206295
29140  0.206295
29150  0.206295
29160  0.206295
29170  0.206295
29180  0.206295
29190  0.206295
29200  0.206295
29210  0.206214
29220  0.206214
29230  0.206214
29240  0.206214
29250  0.206214
29260  0.206214
29270  0.206214
29280  0.206214
29290  0.206214
29300  0.206214
29310  0.206214
29320  0.206214
29330  0.206214
29340  0.206214
29350  0.206214
29360  0.206214
29370  0.206214
29380  0.206214
29390  0.206214
29400  0.206214
29410  0.206214
29420  0.206214
29430  0.206214
29440  0.206214
29450  0.206214
29460  0.206214
29470  0.206214
29480  0.206214
29490  0.206214
29500  0.206214
29510  0.206214
29520  0.206214
29530  0.206214
29540  0.206214
29550  0.206214
29560  0.206214
29570  0.206214
29580  0.206214
29590  0.206214
29600  0.206214
29610  0.206214
29620  0.206214
29630  0.206214
29640  0.206214
29650  0.206214
29660  0.206214
29670  0.206214
29680  0.206214
29690  0.206214
29700  0.206214
29710  0.206214
29720  0.206214
29730  0.206214
29740  0.206214
29750  0.206214
29760  0.206214
29770  0.206214
29780  0.206214
29790  0.206214
29800  0.206214
29810  0.206214
29820  0.206214
29830  0.206214
29840  0.206214
29850  0.206214
29860  0.206214
29870  0.206214
29880  0.206214
29890  0.206214
29900  0.206214
29910  0.206214
29920  0.206214
29930  0.206214
29940  0.206214
29950  0.206214
29960  0.206214
29970  0.206214
29980  0.206214
29990  0.206214
30000  0.206214
30010  0.206161
