Step  Penalty
50  0.49782
100  0.491951
150  0.479612
200  0.475651
250  0.437071
300  0.437071
350  0.437071
400  0.419704
450  0.419704
500  0.405635
550  0.396225
600  0.391923
650  0.380917
700  0.370213
750  0.35422
800  0.344471
850  0.336874
900  0.319495
950  0.319495
1000  0.31877
1050  0.308524
1100  0.30051
1150  0.30051
1200  0.287701
1250  0.287701
1300  0.276679
1350  0.276486
1400  0.272236
1450  0.26867
1500  0.262031
1550  0.26054
1600  0.25351
1650  0.248144
1700  0.248144
1750  0.245312
1800  0.245071
1850  0.242141
1900  0.238282
1950  0.237537
2000  0.237537
2050  0.228929
2100  0.228929
2150  0.228929
2200  0.228929
2250  0.226036
2300  0.223166
2350  0.219782
2400  0.217768
2450  0.217004
2500  0.215855
2550  0.202953
2600  0.202953
2650  0.202953
2700  0.202689
2750  0.202689
2800  0.202689
2850  0.202689
2900  0.202689
2950  0.202346
3000  0.201654
3050  0.201654
3100  0.19803
3150  0.19803
3200  0.19803
3250  0.195811
3300  0.192859
3350  0.192859
3400  0.192859
3450  0.189918
3500  0.189918
3550  0.189918
3600  0.189918
3650  0.189918
3700  0.189918
3750  0.189918
3800  0.189918
3850  0.189918
3900  0.189918
3950  0.189918
4000  0.189918
4050  0.189265
4100  0.189265
4150  0.189265
4200  0.18477
4250  0.18477
4300  0.18477
4350  0.18477
4400  0.18477
4450  0.18477
4500  0.18477
4550  0.18477
4600  0.18477
4650  0.182721
4700  0.182721
4750  0.182721
4800  0.182721
4850  0.182721
4900  0.182721
4950  0.182721
5000  0.182721
5050  0.182721
5100  0.182721
5150  0.182721
5200  0.182721
5250  0.182721
5300  0.182721
5350  0.182721
5400  0.180944
5450  0.180944
5500  0.180944
5550  0.180944
5600  0.180944
5650  0.180944
5700  0.180944
5750  0.180944
5800  0.180944
5850  0.180944
5900  0.180944
5950  0.180944
6000  0.180944
6050  0.180944
6100  0.180944
6150  0.180944
6200  0.180944
6250  0.180944
6300  0.180944
6350  0.180944
6400  0.180944
6450  0.180944
6500  0.180944
6550  0.180944
6600  0.180944
6650  0.180944
6700  0.180944
6750  0.180944
6800  0.178518
6850  0.178518
6900  0.178518
6950  0.178518
7000  0.178518
7050  0.178518
7100  0.178518
7150  0.178518
7200  0.178518
7250  0.177106
7300  0.177106
7350  0.177106
7400  0.177106
7450  0.177106
7500  0.177106
7550  0.176679
7600  0.176679
7650  0.176679
7700  0.176679
7750  0.176679
7800  0.176679
7850  0.176679
7900  0.176679
7950  0.176679
8000  0.176679
8050  0.176679
8100  0.176679
8150  0.176679
8200  0.176679
8250  0.176679
8300  0.176679
8350  0.176679
8400  0.176679
8450  0.176679
8500  0.176679
8550  0.176679
8600  0.176679
8650  0.176679
8700  0.176679
8750  0.175483
8800  0.175483
8850  0.175483
8900  0.174629
8950  0.174629
9000  0.174629
9050  0.174629
9100  0.174629
9150  0.173177
9200  0.173177
9250  0.173177
9300  0.173177
9350  0.173177
9400  0.173177
9450  0.173177
9500  0.173177
9550  0.173177
9600  0.173177
9650  0.173177
9700  0.173177
9750  0.173177
9800  0.173177
9850  0.173177
9900  0.173177
9950  0.173177
10000  0.173177
10050  0.173177
10100  0.173177
10150  0.173177
10200  0.172005
10250  0.172005
10300  0.172005
10350  0.172005
10400  0.172005
10450  0.172005
10500  0.172005
10550  0.172005
10600  0.170125
10650  0.170125
10700  0.170125
10750  0.170125
10800  0.170125
10850  0.170125
10900  0.170125
10950  0.170125
11000  0.170125
11050  0.170125
11100  0.170125
11150  0.170125
11200  0.170125
11250  0.170125
11300  0.170125
11350  0.170125
11400  0.170125
11450  0.170125
11500  0.170125
11550  0.168892
11600  0.168892
11650  0.168892
11700  0.168892
11750  0.168892
11800  0.165184
11850  0.165184
11900  0.165184
11950  0.165184
12000  0.165184
12050  0.165184
12100  0.165184
12150  0.165184
12200  0.165184
12250  0.165184
12300  0.165184
12350  0.165184
12400  0.165184
12450  0.165184
12500  0.165184
12550  0.165184
12600  0.165184
12650  0.165184
12700  0.165184
12750  0.165184
12800  0.165184
12850  0.165184
12900  0.165184
12950  0.165184
13000  0.165184
13050  0.165184
13100  0.165184
13150  0.165184
13200  0.165184
13250  0.165184
13300  0.165184
13350  0.165184
13400  0.165184
13450  0.165184
13500  0.165184
13550  0.165184
13600  0.165184
13650  0.165184
13700  0.165184
13750  0.165184
13800  0.165184
13850  0.165184
13900  0.165184
13950  0.165184
14000  0.165184
14050  0.165184
14100  0.165184
14150  0.165184
14200  0.165184
14250  0.165184
14300  0.165184
14350  0.165184
14400  0.165184
14450  0.165184
14500  0.165184
14550  0.165184
14600  0.165184
14650  0.165184
14700  0.165184
14750  0.165184
14800  0.165184
14850  0.165184
14900  0.165184
14950  0.165184
15000  0.165184
15050  0.165184
15100  0.165184
15150  0.165184
15200  0.165184
15250  0.165184
15300  0.165184
15350  0.165184
15400  0.165184
15450  0.165184
15500  0.165184
15550  0.165184
15600  0.165184
15650  0.165184
15700  0.165184
15750  0.165184
15800  0.165184
15850  0.165184
15900  0.165184
15950  0.165184
16000  0.165184
16050  0.165184
16100  0.165184
16150  0.165184
16200  0.165184
16250  0.165184
16300  0.165184
16350  0.165184
16400  0.165184
16450  0.165184
16500  0.165184
16550  0.165184
16600  0.165184
16650  0.165184
16700  0.165184
16750  0.165184
16800  0.165184
16850  0.165184
16900  0.165184
16950  0.165184
17000  0.165184
17050  0.165184
17100  0.165184
17150  0.165184
17200  0.165184
17250  0.165184
17300  0.165184
17350  0.165184
17400  0.165184
17450  0.165184
17500  0.165184
17550  0.165184
17600  0.165184
17650  0.165184
17700  0.165184
17750  0.165184
17800  0.165184
17850  0.165184
17900  0.165184
17950  0.165184
18000  0.165184
18050  0.165184
18100  0.165184
18150  0.165184
18200  0.165184
18250  0.165184
18300  0.165184
18350  0.165184
18400  0.165184
18450  0.165184
18500  0.165184
18550  0.165184
18600  0.165184
18650  0.165184
18700  0.165184
18750  0.165184
18800  0.165184
18850  0.165184
18900  0.165184
18950  0.165184
19000  0.165184
19050  0.165184
19100  0.163504
19150  0.163504
19200  0.163504
19250  0.163504
19300  0.163504
19350  0.163504
19400  0.163504
19450  0.163504
19500  0.163504
19550  0.163504
19600  0.163504
19650  0.163504
19700  0.163504
19750  0.163504
19800  0.163504
19850  0.163504
19900  0.163504
19950  0.163504
20000  0.163504
20050  0.163504
20100  0.163504
20150  0.163504
20200  0.163504
20250  0.163504
20300  0.163504
20350  0.163504
20400  0.163504
20450  0.163504
20500  0.163504
20550  0.163504
20600  0.163504
20650  0.163504
20700  0.163504
20750  0.163504
20800  0.163504
20850  0.163504
20900  0.163504
20950  0.163437
21000  0.163437
21050  0.163437
21100  0.163437
21150  0.163437
21200  0.163437
21250  0.163437
21300  0.162258
21350  0.162258
21400  0.162258
21450  0.162258
21500  0.162258
21550  0.162258
21600  0.162258
21650  0.162258
21700  0.162258
21750  0.162258
21800  0.162258
21850  0.162258
21900  0.162258
21950  0.162258
22000  0.162258
22050  0.162258
22100  0.162258
22150  0.162258
22200  0.162258
22250  0.162258
22300  0.162258
22350  0.162258
22400  0.162258
22450  0.162258
22500  0.162258
22550  0.162258
22600  0.162258
22650  0.162258
22700  0.162258
22750  0.162258
22800  0.162258
22850  0.162258
22900  0.162258
22950  0.161869
23000  0.161869
23050  0.161869
23100  0.161869
23150  0.161869
23200  0.161869
23250  0.161869
23300  0.161869
23350  0.161869
23400  0.161869
23450  0.161869
23500  0.161869
23550  0.161869
23600  0.161869
23650  0.161869
23700  0.161869
23750  0.161869
23800  0.161869
23850  0.161869
23900  0.161869
23950  0.161869
24000  0.161869
24050  0.161869
24100  0.161141
24150  0.161141
24200  0.161141
24250  0.161141
24300  0.161141
24350  0.161141
24400  0.161141
24450  0.161141
24500  0.161141
24550  0.161141
24600  0.161141
24650  0.161141
24700  0.161141
24750  0.161141
24800  0.161141
24850  0.161141
24900  0.161141
24950  0.161141
25000  0.161141
25050  0.161141
25100  0.161141
25150  0.161141
25200  0.161141
25250  0.161141
25300  0.161141
25350  0.161141
25400  0.161141
25450  0.161141
25500  0.161141
25550  0.161141
25600  0.161141
25650  0.161141
25700  0.161141
25750  0.161141
25800  0.161141
25850  0.161141
25900  0.161141
25950  0.161141
26000  0.161141
26050  0.161141
26100  0.161141
26150  0.161141
26200  0.161141
26250  0.161141
26300  0.161141
26350  0.161141
26400  0.161141
26450  0.161141
26500  0.161141
26550  0.161141
26600  0.161141
26650  0.161141
26700  0.161141
26750  0.161141
26800  0.161141
26850  0.161141
26900  0.161141
26950  0.161141
27000  0.161141
27050  0.161141
27100  0.161141
27150  0.161141
27200  0.161141
27250  0.161141
27300  0.160677
27350  0.160677
27400  0.160677
27450  0.160677
27500  0.160677
27550  0.160677
27600  0.160677
27650  0.160677
27700  0.160677
27750  0.160677
27800  0.160677
27850  0.160677
27900  0.160677
27950  0.160677
28000  0.160677
28050  0.160677
28100  0.160677
28150  0.160677
28200  0.160677
28250  0.160677
28300  0.160677
28350  0.160677
28400  0.160677
28450  0.160677
28500  0.160677
28550  0.160677
28600  0.160677
28650  0.160677
28700  0.160677
28750  0.160677
28800  0.160677
28850  0.160677
28900  0.160677
28950  0.160677
29000  0.160677
29050  0.160677
29100  0.160677
29150  0.160677
29200  0.160677
29250  0.160677
29300  0.160677
29350  0.160677
29400  0.160677
29450  0.160367
29500  0.160367
29550  0.160367
29600  0.160367
29650  0.160367
29700  0.160367
29750  0.160367
29800  0.160367
29850  0.160367
29900  0.160367
29950  0.160367
30000  0.160367
30050  0.160367
30100  0.160367
30150  0.160367
30200  0.160367
30250  0.160367
30300  0.160367
30350  0.160367
30400  0.160367
30450  0.160367
30500  0.160367
30550  0.160367
30600  0.160367
30650  0.160367
30700  0.160367
30750  0.160367
30800  0.160367
30850  0.160367
30900  0.160367
30950  0.160367
31000  0.160367
31050  0.160367
31100  0.160367
31150  0.160367
31200  0.160367
31250  0.160367
31300  0.160367
31350  0.158411
31400  0.158411
31450  0.158411
31500  0.158411
31550  0.158411
31600  0.158411
31650  0.158411
31700  0.158411
31750  0.158411
31800  0.158411
31850  0.158411
31900  0.158411
31950  0.158411
32000  0.158411
32050  0.158411
32100  0.158411
32150  0.158411
32200  0.158411
32250  0.158411
32300  0.158411
32350  0.158411
32400  0.158411
32450  0.158411
32500  0.158411
32550  0.158411
32600  0.158411
32650  0.158411
32700  0.158411
32750  0.158411
32800  0.158411
32850  0.158411
32900  0.158411
32950  0.158411
33000  0.158411
33050  0.158411
33100  0.158411
33150  0.158411
33200  0.158411
33250  0.158411
33300  0.158411
33350  0.158411
33400  0.158411
33450  0.158411
33500  0.158411
33550  0.158411
33600  0.158411
33650  0.156374
33700  0.156374
33750  0.156374
33800  0.156374
33850  0.156374
33900  0.156374
33950  0.156374
34000  0.156374
34050  0.156374
34100  0.156374
34150  0.156374
34200  0.156374
34250  0.156374
34300  0.156374
34350  0.156374
34400  0.156374
34450  0.156374
34500  0.156374
34550  0.156374
34600  0.156374
34650  0.156374
34700  0.156374
34750  0.156374
34800  0.156374
34850  0.156374
34900  0.156374
34950  0.156374
35000  0.156374
35050  0.156374
35100  0.156374
35150  0.156374
35200  0.156374
35250  0.156374
35300  0.156374
35350  0.156374
35400  0.156374
35450  0.156374
35500  0.156374
35550  0.156374
35600  0.156374
35650  0.156374
35700  0.156374
35750  0.156374
35800  0.156374
35850  0.156374
35900  0.156374
35950  0.156374
36000  0.156374
36050  0.156374
36100  0.156374
36150  0.156374
36200  0.156374
36250  0.156374
36300  0.156374
36350  0.156374
36400  0.156374
36450  0.156374
36500  0.156374
36550  0.156374
36600  0.156374
36650  0.156374
36700  0.156374
36750  0.156374
36800  0.156374
36850  0.156374
36900  0.156374
36950  0.156374
37000  0.156374
37050  0.156374
37100  0.156374
37150  0.156374
37200  0.156374
37250  0.156374
37300  0.156374
37350  0.156374
37400  0.156374
37450  0.156374
37500  0.156374
37550  0.156374
37600  0.156374
37650  0.156374
37700  0.156374
37750  0.156374
37800  0.156374
37850  0.156374
37900  0.156374
37950  0.156374
38000  0.156374
38050  0.156374
38100  0.156374
38150  0.156374
38200  0.156374
38250  0.156374
38300  0.156374
38350  0.156374
38400  0.156374
38450  0.156374
38500  0.156374
38550  0.156374
38600  0.156374
38650  0.156374
38700  0.156374
38750  0.156374
38800  0.156374
38850  0.156374
38900  0.156374
38950  0.156374
39000  0.156374
39050  0.156374
39100  0.156374
39150  0.156374
39200  0.156374
39250  0.156374
39300  0.156374
39350  0.156374
39400  0.156374
39450  0.156374
39500  0.156374
39550  0.156374
39600  0.156374
39650  0.156374
39700  0.156374
39750  0.156374
39800  0.156374
39850  0.156374
39900  0.156374
39950  0.156374
40000  0.156374
40050  0.156374
40100  0.156374
40150  0.156374
40200  0.156374
40250  0.156374
40300  0.156374
40350  0.156374
40400  0.156374
40450  0.156374
40500  0.156374
40550  0.156374
40600  0.156374
40650  0.156374
40700  0.156374
40750  0.156374
40800  0.156374
40850  0.156374
40900  0.156374
40950  0.156374
41000  0.156374
41050  0.156374
41100  0.156374
41150  0.156374
41200  0.156374
41250  0.156374
41300  0.156374
41350  0.156374
41400  0.156374
41450  0.156374
41500  0.156374
41550  0.156374
41600  0.156374
41650  0.156374
41700  0.156374
41750  0.156374
41800  0.156374
41850  0.156374
41900  0.156374
41950  0.156374
42000  0.156374
42050  0.156374
42100  0.156374
42150  0.156374
42200  0.156374
42250  0.156374
42300  0.156374
42350  0.156374
42400  0.156374
42450  0.156374
42500  0.156374
42550  0.156374
42600  0.156374
42650  0.156374
42700  0.156374
42750  0.156374
42800  0.156374
42850  0.156374
42900  0.156374
42950  0.156374
43000  0.156374
43050  0.156374
43100  0.156374
43150  0.156374
43200  0.156374
43250  0.156374
43300  0.156374
43350  0.156374
43400  0.156374
43450  0.156374
43500  0.156374
43550  0.156374
43600  0.156374
43650  0.156374
43700  0.156374
43750  0.156374
43800  0.156374
43850  0.156374
43900  0.156374
43950  0.156374
44000  0.156374
44050  0.156374
44100  0.156374
44150  0.156374
44200  0.156374
44250  0.156374
44300  0.156374
44350  0.156374
44400  0.156374
44450  0.156374
44500  0.156374
44550  0.156374
44600  0.156374
44650  0.156374
44700  0.156374
44750  0.156374
44800  0.156374
44850  0.156374
44900  0.156374
44950  0.156374
45000  0.156374
45050  0.156374
45100  0.156374
45150  0.156374
45200  0.156374
45250  0.156374
45300  0.156374
45350  0.156374
45400  0.156374
45450  0.156374
45500  0.156374
45550  0.156374
45600  0.156374
45650  0.156374
45700  0.156374
45750  0.156374
45800  0.156374
45850  0.156374
45900  0.156374
45950  0.156374
46000  0.156374
46050  0.156374
46100  0.156374
46150  0.156374
46200  0.156374
46250  0.156374
46300  0.156374
46350  0.156374
46400  0.156374
46450  0.156374
46500  0.156374
46550  0.156374
46600  0.156374
46650  0.156374
46700  0.156374
46750  0.156374
46800  0.156374
46850  0.156374
46900  0.156374
46950  0.156374
47000  0.156374
47050  0.156374
47100  0.156374
47150  0.156374
47200  0.156374
47250  0.156374
47300  0.156374
47350  0.156374
47400  0.156374
47450  0.156374
47500  0.156374
47550  0.156374
47600  0.156374
47650  0.156374
47700  0.156374
47750  0.156374
47800  0.156374
47850  0.156374
47900  0.156374
47950  0.156374
48000  0.156374
48050  0.156374
48100  0.156374
48150  0.156374
48200  0.156374
48250  0.156374
48300  0.156374
48350  0.156374
48400  0.156374
48450  0.156374
48500  0.156374
48550  0.156374
48600  0.156374
48650  0.156374
48700  0.156374
48750  0.156374
48800  0.156374
48850  0.156374
48900  0.156374
48950  0.156374
49000  0.156374
49050  0.156374
49100  0.156374
49150  0.156374
49200  0.156374
49250  0.156374
49300  0.156374
49350  0.156374
49400  0.156374
49450  0.156374
49500  0.156374
49550  0.156374
49600  0.156374
49650  0.156374
49700  0.156374
49750  0.156374
49800  0.156374
49850  0.156374
49900  0.156374
49950  0.156374
50000  0.156374
50050  0.156374
50100  0.156374
50150  0.156374
50200  0.156374
50250  0.156374
50300  0.156374
50350  0.156374
50400  0.156374
50450  0.156374
50500  0.156374
50550  0.156374
50600  0.156374
50650  0.156374
50700  0.156374
50750  0.156374
50800  0.156374
50850  0.156374
50900  0.156374
50950  0.156374
51000  0.156374
51050  0.156374
51100  0.156374
51150  0.156374
51200  0.156374
51250  0.156374
51300  0.156374
51350  0.156374
51400  0.156374
51450  0.156374
51500  0.156374
51550  0.156374
51600  0.156374
51650  0.156374
51700  0.156374
51750  0.156374
51800  0.156374
51850  0.156374
51900  0.156374
51950  0.156374
52000  0.156374
52050  0.156374
52100  0.156374
52150  0.156374
52200  0.156374
52250  0.156374
52300  0.156374
52350  0.156374
52400  0.156374
52450  0.156374
52500  0.156374
52550  0.156374
52600  0.156374
52650  0.156374
52700  0.156374
52750  0.156374
52800  0.156374
52850  0.156374
52900  0.156374
52950  0.156374
53000  0.156374
53050  0.156374
53100  0.156374
53150  0.156374
53200  0.156374
53250  0.156374
53300  0.156374
53350  0.156374
53400  0.156374
53450  0.156374
53500  0.156374
53550  0.156374
53600  0.156374
53650  0.156374
53700  0.156374
53750  0.156374
53800  0.156374
53850  0.156374
53900  0.156374
53950  0.156374
54000  0.156374
54050  0.156374
54100  0.156374
54150  0.156374
54200  0.156374
54250  0.156374
54300  0.156374
54350  0.156374
54400  0.156374
54450  0.156374
54500  0.156374
54550  0.156374
54600  0.156374
54650  0.156374
54700  0.156374
54750  0.156374
54800  0.156374
54850  0.156374
54900  0.156374
54950  0.156374
55000  0.156374
55050  0.156374
55100  0.156374
55150  0.156374
55200  0.156374
55250  0.156374
55300  0.156374
55350  0.156374
55400  0.156374
55450  0.156374
55500  0.156374
55550  0.156374
55600  0.156374
55650  0.156374
55700  0.156374
55750  0.156374
55800  0.156374
55850  0.156374
55900  0.156374
55950  0.156374
56000  0.156374
56050  0.156374
56100  0.156374
56150  0.156374
56200  0.156374
56250  0.156374
56300  0.156374
56350  0.156374
56400  0.156374
56450  0.156374
56500  0.156374
56550  0.156374
56600  0.156374
56650  0.156374
56700  0.156374
56750  0.156374
56800  0.156374
56850  0.156374
56900  0.156374
56950  0.156374
57000  0.156374
57050  0.156374
57100  0.156374
57150  0.156374
57200  0.156374
57250  0.156374
57300  0.156374
57350  0.156374
57400  0.156374
57450  0.156374
57500  0.156374
57550  0.156374
57600  0.156374
57650  0.156374
57700  0.156374
57750  0.156374
57800  0.156374
57850  0.156374
57900  0.156374
57950  0.156374
58000  0.156374
58050  0.156374
58100  0.156374
58150  0.156374
58200  0.156374
58250  0.156374
58300  0.156374
58350  0.156374
58400  0.156374
58450  0.156374
58500  0.156374
58550  0.156374
58600  0.156374
58650  0.156374
58700  0.156374
58750  0.156374
58800  0.156374
58850  0.156374
58900  0.156374
58950  0.156374
59000  0.156374
59050  0.156374
59100  0.156374
59150  0.156374
59200  0.156374
59250  0.156374
59300  0.156374
59350  0.156374
59400  0.156374
59450  0.156374
59500  0.156374
59550  0.156374
59600  0.156374
59650  0.156374
59700  0.156374
59750  0.156374
59800  0.156374
59850  0.156374
59900  0.156374
59950  0.156374
60000  0.156374
60050  0.156374
60100  0.156374
60150  0.156374
60200  0.156374
60250  0.156374
60300  0.156374
60350  0.156374
60400  0.156374
60450  0.156374
60500  0.156374
60550  0.156374
60600  0.156374
60650  0.156374
60700  0.156374
60750  0.156374
60800  0.156374
60850  0.156374
60900  0.156374
60950  0.156374
61000  0.156374
61050  0.156374
61100  0.156374
61150  0.156374
61200  0.156374
61250  0.156374
61300  0.156374
61350  0.156374
61400  0.156374
61450  0.156374
61500  0.156374
61550  0.156374
61600  0.156374
61650  0.156374
61700  0.156374
61750  0.156374
61800  0.156374
61850  0.156374
61900  0.156374
61950  0.156374
62000  0.156374
62050  0.156374
62100  0.156374
62150  0.156374
62200  0.156374
62250  0.156374
62300  0.156374
62350  0.156374
62400  0.156374
62450  0.156374
62500  0.156374
62550  0.156374
62600  0.156374
62650  0.156374
62700  0.156374
62750  0.156374
62800  0.156374
62850  0.156374
62900  0.156374
62950  0.156374
63000  0.156374
63050  0.156374
63100  0.156374
63150  0.156374
63200  0.156374
63250  0.156374
63300  0.156374
63350  0.156374
63400  0.156374
63450  0.156374
63500  0.156374
63550  0.156374
63600  0.156374
63650  0.156374
63700  0.156374
63750  0.156374
63800  0.156374
63850  0.156374
63900  0.156374
63950  0.156374
64000  0.156374
64050  0.156374
64100  0.156374
64150  0.156374
64200  0.156374
64250  0.156374
64300  0.156374
64350  0.156374
64400  0.156374
64450  0.156374
64500  0.156374
64550  0.156374
64600  0.156374
64650  0.156374
64700  0.156374
64750  0.156374
64800  0.156374
64850  0.156374
64900  0.156374
64950  0.156374
65000  0.156374
65050  0.156374
65100  0.156374
65150  0.156374
65200  0.156374
65250  0.156374
65300  0.156374
65350  0.156374
65400  0.156374
65450  0.156374
65500  0.156374
65550  0.156374
65600  0.156374
65650  0.156374
65700  0.156374
65750  0.156374
65800  0.156374
65850  0.156374
65900  0.156374
65950  0.156374
66000  0.156374
66050  0.156374
66100  0.156374
66150  0.156374
66200  0.156374
66250  0.156374
66300  0.156374
66350  0.156374
66400  0.156374
66450  0.156374
66500  0.156374
66550  0.156374
66600  0.156374
66650  0.156374
66700  0.156374
66750  0.156374
66800  0.156374
66850  0.156374
66900  0.156374
66950  0.156374
67000  0.156374
67050  0.156374
67100  0.156374
67150  0.156374
67200  0.156374
67250  0.156374
67300  0.156374
67350  0.156374
67400  0.156374
67450  0.156374
67500  0.156374
67550  0.156374
67600  0.156374
67650  0.156374
67700  0.156374
67750  0.156374
67800  0.156374
67850  0.156374
67900  0.156374
67950  0.156374
68000  0.156374
68050  0.156374
68100  0.156374
68150  0.156374
68200  0.156374
68250  0.156374
68300  0.156374
68350  0.156374
68400  0.156374
68450  0.156374
68500  0.156374
68550  0.156374
68600  0.156374
68650  0.156374
68700  0.156374
68750  0.156374
68800  0.156374
68850  0.156374
68900  0.156374
68950  0.156374
69000  0.156374
69050  0.156374
69100  0.156374
69150  0.156374
69200  0.156374
69250  0.156374
69300  0.156374
69350  0.156374
69400  0.156374
69450  0.156374
69500  0.156374
69550  0.156374
69600  0.156374
69650  0.156374
69700  0.156374
69750  0.156374
69800  0.156374
69850  0.156374
69900  0.156374
69950  0.156374
70000  0.156374
70050  0.156374
70100  0.156374
70150  0.156374
70200  0.156374
70250  0.156374
70300  0.156374
70350  0.156374
70400  0.156374
70450  0.156374
70500  0.156374
70550  0.156374
70600  0.156374
70650  0.156374
70700  0.156374
70750  0.156374
70800  0.156374
70850  0.156374
70900  0.156374
70950  0.156374
71000  0.156374
71050  0.156374
71100  0.156374
71150  0.156374
71200  0.156374
71250  0.156374
71300  0.156374
71350  0.156374
71400  0.156374
71450  0.156374
71500  0.156374
71550  0.156374
71600  0.156374
71650  0.156374
71700  0.156374
71750  0.156374
71800  0.156374
71850  0.156374
71900  0.156374
71950  0.156374
72000  0.156374
72050  0.156374
72100  0.156374
72150  0.156374
72200  0.156374
72250  0.156374
72300  0.156374
72350  0.156374
72400  0.156374
72450  0.156374
72500  0.156374
72550  0.156374
72600  0.156374
72650  0.156374
72700  0.156374
72750  0.156374
72800  0.156374
72850  0.156374
72900  0.156374
72950  0.156374
73000  0.156374
73050  0.156374
73100  0.156374
73150  0.156374
73200  0.156374
73250  0.156374
73300  0.156374
73350  0.156374
73400  0.156374
73450  0.156374
73500  0.156374
73550  0.156374
73600  0.156374
73650  0.156374
73700  0.156374
73750  0.156374
73800  0.156374
73850  0.156374
73900  0.156374
73950  0.156374
74000  0.156374
74050  0.156374
74100  0.156374
74150  0.156374
74200  0.156374
74250  0.156374
74300  0.156374
74350  0.156374
74400  0.156374
74450  0.156374
74500  0.156374
74550  0.156374
74600  0.156374
74650  0.156374
74700  0.156374
74750  0.156374
74800  0.156374
74850  0.156374
74900  0.156374
74950  0.156374
75000  0.156374
75050  0.156374
75100  0.156374
75150  0.156374
75200  0.156374
75250  0.156374
75300  0.156374
75350  0.156374
75400  0.156374
75450  0.156374
75500  0.156374
75550  0.156374
75600  0.156374
75650  0.156374
75700  0.156374
75750  0.156374
75800  0.156374
75850  0.156374
75900  0.156374
75950  0.156374
76000  0.156374
76050  0.156374
76100  0.156374
76150  0.156374
76200  0.156374
76250  0.156374
76300  0.156374
76350  0.156374
76400  0.156374
76450  0.156374
76500  0.156374
76550  0.156374
76600  0.156374
76650  0.156374
76700  0.156374
76750  0.156374
76800  0.156374
76850  0.156374
76900  0.156374
76950  0.156374
77000  0.156374
77050  0.156374
77100  0.156374
77150  0.156374
77200  0.156374
77250  0.156374
77300  0.156374
77350  0.156374
77400  0.156374
77450  0.156374
77500  0.156374
77550  0.156374
77600  0.156374
77650  0.156374
77700  0.156374
77750  0.156374
77800  0.156374
77850  0.156374
77900  0.156374
77950  0.156374
78000  0.156374
78050  0.156374
78100  0.156374
78150  0.156374
78200  0.156374
78250  0.156374
78300  0.156374
78350  0.156374
78400  0.156374
78450  0.156374
78500  0.156374
78550  0.156374
78600  0.156374
78650  0.156374
78700  0.156374
78750  0.156374
78800  0.156374
78850  0.156374
78900  0.156374
78950  0.156374
79000  0.156374
79050  0.156374
79100  0.156374
79150  0.156374
79200  0.156374
79250  0.156374
79300  0.156374
79350  0.156374
79400  0.156374
79450  0.156374
79500  0.156374
79550  0.156374
79600  0.156374
79650  0.156374
79700  0.156374
79750  0.156374
79800  0.156374
79850  0.156374
79900  0.156374
79950  0.156374
80000  0.156374
80050  0.156374
80100  0.156374
80150  0.156374
80200  0.156374
80250  0.156374
80300  0.156374
80350  0.156374
80400  0.156374
80450  0.156374
80500  0.156374
80550  0.156374
80600  0.156374
80650  0.156374
80700  0.156374
80750  0.156374
80800  0.156374
80850  0.156374
80900  0.156374
80950  0.156374
81000  0.156374
81050  0.156374
81100  0.156374
81150  0.156374
81200  0.156374
81250  0.156374
81300  0.156374
81350  0.156374
81400  0.156374
81450  0.156374
81500  0.156374
81550  0.156374
81600  0.156374
81650  0.156374
81700  0.156374
81750  0.156374
81800  0.156374
81850  0.156374
81900  0.156374
81950  0.156374
82000  0.156374
82050  0.156374
82100  0.156374
82150  0.156374
82200  0.156374
82250  0.156374
82300  0.156374
82350  0.156374
82400  0.156374
82450  0.156374
82500  0.156374
82550  0.156374
82600  0.156374
82650  0.156374
82700  0.156374
82750  0.156374
82800  0.156374
82850  0.156374
82900  0.156374
82950  0.156374
83000  0.156374
83050  0.156374
83100  0.156374
83150  0.156374
83200  0.156374
83250  0.156374
83300  0.156374
83350  0.156374
83400  0.156374
83450  0.156374
83500  0.156374
83550  0.156374
83600  0.156374
83650  0.156374
83700  0.156374
83750  0.156374
83800  0.156374
83850  0.156374
83900  0.156374
83950  0.156374
84000  0.156374
84050  0.156374
84100  0.156374
84150  0.156374
84200  0.156374
84250  0.156374
84300  0.156374
84350  0.156374
84400  0.156374
84450  0.156374
84500  0.156374
84550  0.156374
84600  0.156374
84650  0.156374
84700  0.156374
84750  0.156374
84800  0.156374
84850  0.156374
84900  0.156374
84950  0.156374
85000  0.156374
85050  0.156374
85100  0.156374
85150  0.156374
85200  0.156374
85250  0.156374
85300  0.156374
85350  0.156374
85400  0.156374
85450  0.156374
85500  0.156374
85550  0.156374
85600  0.156374
85650  0.156374
85700  0.156374
85750  0.156374
85800  0.156374
85850  0.156374
85900  0.156374
85950  0.156374
86000  0.156374
86050  0.156374
86100  0.156374
86150  0.156374
86200  0.156374
86250  0.156374
86300  0.156374
86350  0.156374
86400  0.156374
86450  0.156374
86500  0.156374
86550  0.156374
86600  0.156374
86650  0.156374
86700  0.156374
86750  0.156374
86800  0.156374
86850  0.156374
86900  0.156374
86950  0.156374
87000  0.156374
87050  0.156374
87100  0.156374
87150  0.156374
87200  0.156374
87250  0.156374
87300  0.156374
87350  0.156374
87400  0.156374
87450  0.156374
87500  0.156374
87550  0.156374
87600  0.156374
87650  0.156374
87700  0.156374
87750  0.156374
87800  0.156374
87850  0.156374
87900  0.156374
87950  0.156374
88000  0.156374
88050  0.156374
88100  0.156374
88150  0.156374
88200  0.156374
88250  0.156374
88300  0.156374
88350  0.156374
88400  0.156374
88450  0.156374
88500  0.156374
88550  0.156374
88600  0.156374
88650  0.156374
88700  0.156374
88750  0.156374
88800  0.156374
88850  0.156374
88900  0.156374
88950  0.156374
89000  0.156374
89050  0.156374
89100  0.156374
89150  0.156374
89200  0.156374
89250  0.156374
89300  0.156374
89350  0.156374
89400  0.156374
89450  0.156374
89500  0.156374
89550  0.156374
89600  0.156374
89650  0.156374
89700  0.156374
89750  0.156374
89800  0.156374
89850  0.156374
89900  0.156374
89950  0.156374
90000  0.156374
90050  0.156374
90100  0.156374
90150  0.156374
90200  0.156374
90250  0.156374
90300  0.156374
90350  0.156374
90400  0.156374
90450  0.156374
90500  0.156374
90550  0.156374
90600  0.156374
90650  0.156374
90700  0.156374
90750  0.156374
90800  0.156374
90850  0.156374
90900  0.156374
90950  0.156374
91000  0.156374
91050  0.156374
91100  0.156374
91150  0.156374
91200  0.156374
91250  0.156374
91300  0.156374
91350  0.156374
91400  0.156374
91450  0.156374
91500  0.156374
91550  0.156374
91600  0.156374
91650  0.156374
91700  0.156374
91750  0.156374
91800  0.156374
91850  0.156374
91900  0.156374
91950  0.156374
92000  0.156374
92050  0.156374
92100  0.156374
92150  0.156374
92200  0.156374
92250  0.156374
92300  0.156374
92350  0.156374
92400  0.156374
92450  0.156374
92500  0.156374
92550  0.156374
92600  0.156374
92650  0.156374
92700  0.156374
92750  0.156374
92800  0.156374
92850  0.156374
92900  0.156374
92950  0.156374
93000  0.156374
93050  0.156374
93100  0.156374
93150  0.156374
93200  0.156374
93250  0.156374
93300  0.156374
93350  0.156374
93400  0.156374
93450  0.156374
93500  0.156374
93550  0.156374
93600  0.156374
93650  0.156374
93700  0.156374
93750  0.156374
93800  0.156374
93850  0.156374
93900  0.156374
93950  0.156374
94000  0.156374
94050  0.156374
94100  0.156374
94150  0.156374
94200  0.156374
94250  0.156374
94300  0.156374
94350  0.156374
94400  0.156374
94450  0.156374
94500  0.156374
94550  0.156374
94600  0.156374
94650  0.156374
94700  0.156374
94750  0.156374
94800  0.156374
94850  0.156374
94900  0.156374
94950  0.156374
95000  0.156374
95050  0.156374
95100  0.156374
95150  0.156374
95200  0.156374
95250  0.156374
95300  0.156374
95350  0.156374
95400  0.156374
95450  0.156374
95500  0.156374
95550  0.156374
95600  0.156374
95650  0.156374
95700  0.156374
95750  0.156374
95800  0.156374
95850  0.156374
95900  0.156374
95950  0.156374
96000  0.156374
96050  0.156374
96100  0.156374
96150  0.156374
96200  0.156374
96250  0.156374
96300  0.156374
96350  0.156374
96400  0.156374
96450  0.156374
96500  0.156374
96550  0.156374
96600  0.156374
96650  0.156374
96700  0.156374
96750  0.156374
96800  0.156374
96850  0.156374
96900  0.156374
96950  0.156374
97000  0.156374
97050  0.156374
97100  0.156374
97150  0.156374
97200  0.156374
97250  0.156374
97300  0.156374
97350  0.156374
97400  0.156374
97450  0.156374
97500  0.156374
97550  0.156374
97600  0.156374
97650  0.156374
97700  0.156374
97750  0.156374
97800  0.156374
97850  0.156374
97900  0.156374
97950  0.156374
98000  0.156374
98050  0.156374
98100  0.156374
98150  0.156374
98200  0.156374
98250  0.156374
98300  0.156374
98350  0.156374
98400  0.156374
98450  0.156374
98500  0.156374
98550  0.156374
98600  0.156374
98650  0.156374
98700  0.156374
98750  0.156374
98800  0.156374
98850  0.156374
98900  0.156374
98950  0.156374
99000  0.156374
99050  0.156374
99100  0.156374
99150  0.156374
99200  0.156374
99250  0.156374
99300  0.156374
99350  0.156374
99400  0.156374
99450  0.156374
99500  0.156374
99550  0.156374
99600  0.156374
99650  0.156374
99700  0.156374
99750  0.156374
99800  0.156374
99850  0.156374
99900  0.156374
99950  0.156374
100000  0.156374
100050  0.156374
100100  0.156374
100150  0.156374
100200  0.156374
100250  0.156374
100300  0.156374
100350  0.156374
100400  0.156374
100450  0.156374
100500  0.156374
100550  0.156374
100600  0.156374
100650  0.156374
100700  0.156374
100750  0.156374
100800  0.156374
100850  0.156374
100900  0.156374
100950  0.156374
101000  0.156374
101050  0.156374
101100  0.156374
101150  0.156374
101200  0.156374
101250  0.156374
101300  0.156374
101350  0.156374
101400  0.156374
101450  0.156374
101500  0.156374
101550  0.156374
101600  0.156374
101650  0.156374
101700  0.156374
101750  0.154703
101800  0.154703
101850  0.154703
101900  0.154703
101950  0.154703
102000  0.154703
102050  0.154703
102100  0.154703
102150  0.154703
102200  0.154703
102250  0.154703
102300  0.154703
102350  0.154703
102400  0.154703
102450  0.154703
102500  0.154703
102550  0.154703
102600  0.154703
102650  0.154703
102700  0.154703
102750  0.154703
102800  0.154703
102850  0.154703
102900  0.154703
102950  0.154703
103000  0.154703
103050  0.154703
103100  0.154703
103150  0.154703
103200  0.154703
103250  0.154703
103300  0.154703
103350  0.154703
103400  0.154703
103450  0.154703
103500  0.154703
103550  0.154703
103600  0.154703
103650  0.154703
103700  0.154703
103750  0.154703
103800  0.154703
103850  0.154703
103900  0.154703
103950  0.154703
104000  0.154703
104050  0.154703
104100  0.154703
104150  0.154703
104200  0.154703
104250  0.154703
104300  0.154703
104350  0.154703
104400  0.154703
104450  0.154703
104500  0.154703
104550  0.154703
104600  0.154703
104650  0.154703
104700  0.154703
104750  0.154703
104800  0.154703
104850  0.154703
104900  0.154703
104950  0.154703
105000  0.154703
105050  0.154703
105100  0.154703
105150  0.154703
105200  0.154703
105250  0.154703
105300  0.154703
105350  0.154703
105400  0.154703
105450  0.154703
105500  0.154703
105550  0.154703
105600  0.154703
105650  0.154703
105700  0.154703
105750  0.154703
105800  0.154703
105850  0.154703
105900  0.154703
105950  0.154703
106000  0.154703
106050  0.154703
106100  0.154703
106150  0.154703
106200  0.154703
106250  0.154703
106300  0.154703
106350  0.154703
106400  0.154703
106450  0.154703
106500  0.154703
106550  0.154703
106600  0.154703
106650  0.154703
106700  0.154703
106750  0.154703
106800  0.154703
106850  0.154703
106900  0.154703
106950  0.154703
107000  0.154703
107050  0.154703
107100  0.154703
107150  0.154703
107200  0.154703
107250  0.154703
107300  0.154703
107350  0.154703
107400  0.154703
107450  0.154703
107500  0.154703
107550  0.154703
107600  0.154703
107650  0.154703
107700  0.154703
107750  0.154703
107800  0.154703
107850  0.154703
107900  0.154703
107950  0.154703
108000  0.154703
108050  0.154703
108100  0.154703
108150  0.154703
108200  0.154703
108250  0.154703
108300  0.154703
108350  0.154703
108400  0.154703
108450  0.154703
108500  0.154703
108550  0.154703
108600  0.154703
108650  0.154703
108700  0.154703
108750  0.154703
108800  0.154703
108850  0.154703
108900  0.154703
108950  0.154703
109000  0.154703
109050  0.154703
109100  0.154703
109150  0.154703
109200  0.154703
109250  0.154703
109300  0.154703
109350  0.154703
109400  0.154703
109450  0.154703
109500  0.154703
109550  0.154703
109600  0.154703
109650  0.154703
109700  0.154703
109750  0.154703
109800  0.154703
109850  0.154703
109900  0.154703
109950  0.154703
110000  0.154703
110050  0.154703
110100  0.154703
110150  0.154703
110200  0.154703
110250  0.154703
110300  0.154703
110350  0.154703
110400  0.154703
110450  0.154703
110500  0.154703
110550  0.154703
110600  0.154703
110650  0.154703
110700  0.154703
110750  0.154703
110800  0.154703
110850  0.154703
110900  0.154703
110950  0.154703
111000  0.154703
111050  0.154703
111100  0.154703
111150  0.154703
111200  0.154703
111250  0.154703
111300  0.154703
111350  0.154703
111400  0.154703
111450  0.154703
111500  0.154703
111550  0.154703
111600  0.154703
111650  0.154703
111700  0.154703
111750  0.154703
111800  0.154703
111850  0.154703
111900  0.154703
111950  0.154703
112000  0.154703
112050  0.154703
112100  0.154703
112150  0.154703
112200  0.154703
112250  0.154703
112300  0.154703
112350  0.154703
112400  0.154703
112450  0.154703
112500  0.154703
112550  0.154703
112600  0.154703
112650  0.154703
112700  0.154703
112750  0.154703
112800  0.154703
112850  0.154703
112900  0.154703
112950  0.154703
113000  0.154703
113050  0.154703
113100  0.154703
113150  0.154703
113200  0.154703
113250  0.154703
113300  0.154703
113350  0.154703
113400  0.154703
113450  0.154703
113500  0.154703
113550  0.154703
113600  0.154703
113650  0.154703
113700  0.154703
113750  0.154703
113800  0.154703
113850  0.154703
113900  0.154703
113950  0.154703
114000  0.154703
114050  0.154703
114100  0.154703
114150  0.154703
114200  0.154703
114250  0.154703
114300  0.154703
114350  0.154703
114400  0.154703
114450  0.154703
114500  0.154703
114550  0.154703
114600  0.154703
114650  0.154703
114700  0.154703
114750  0.154703
114800  0.154703
114850  0.154703
114900  0.154703
114950  0.154703
115000  0.154703
115050  0.154703
115100  0.154703
115150  0.154703
115200  0.154703
115250  0.154703
115300  0.154703
115350  0.154703
115400  0.154703
115450  0.154703
115500  0.154703
115550  0.154703
115600  0.154703
115650  0.154703
115700  0.154703
115750  0.154703
115800  0.154703
115850  0.154703
115900  0.154703
115950  0.154703
116000  0.154703
116050  0.154703
116100  0.154703
116150  0.154703
116200  0.154703
116250  0.154703
116300  0.154703
116350  0.154703
116400  0.154703
116450  0.154703
116500  0.154703
116550  0.154703
116600  0.154703
116650  0.154703
116700  0.154703
116750  0.154703
116800  0.154703
116850  0.154703
116900  0.154703
116950  0.154703
117000  0.154703
117050  0.154703
117100  0.154703
117150  0.154703
117200  0.154703
117250  0.154703
117300  0.154703
117350  0.154703
117400  0.154703
117450  0.154703
117500  0.154703
117550  0.154703
117600  0.154703
117650  0.154703
117700  0.154703
117750  0.154703
117800  0.154703
117850  0.154703
117900  0.154703
117950  0.154703
118000  0.154703
118050  0.154703
118100  0.154703
118150  0.154703
118200  0.154703
118250  0.154703
118300  0.154703
118350  0.154703
118400  0.154703
118450  0.154703
118500  0.154703
118550  0.154703
118600  0.154703
118650  0.154703
118700  0.154703
118750  0.154703
118800  0.154703
118850  0.154703
118900  0.154703
118950  0.154703
119000  0.154703
119050  0.154703
119100  0.154703
119150  0.154703
119200  0.154703
119250  0.154703
119300  0.154703
119350  0.154703
119400  0.154703
119450  0.154703
119500  0.154703
119550  0.154703
119600  0.154703
119650  0.154703
119700  0.154703
119750  0.154703
119800  0.154703
119850  0.154703
119900  0.154703
119950  0.154703
120000  0.154703
120050  0.154703
120100  0.154703
120150  0.154703
120200  0.154703
120250  0.154703
120300  0.154703
120350  0.154703
120400  0.154703
120450  0.154703
120500  0.154703
120550  0.154703
120600  0.154703
120650  0.154703
120700  0.154703
120750  0.154703
120800  0.154703
120850  0.154703
120900  0.154703
120950  0.154703
121000  0.154703
121050  0.154703
121100  0.154703
121150  0.154703
121200  0.154703
121250  0.154703
121300  0.154703
121350  0.154703
121400  0.154703
121450  0.154703
121500  0.154703
121550  0.154703
121600  0.154703
121650  0.154703
121700  0.154703
121750  0.154703
121800  0.154703
121850  0.154703
121900  0.154703
121950  0.154703
122000  0.154703
122050  0.154703
122100  0.154703
122150  0.154703
122200  0.154703
122250  0.154703
122300  0.154703
122350  0.154703
122400  0.154703
122450  0.154703
122500  0.154703
122550  0.154703
122600  0.154703
122650  0.154703
122700  0.154703
122750  0.154703
122800  0.154703
122850  0.154703
122900  0.154703
122950  0.154703
123000  0.154703
123050  0.154703
123100  0.154703
123150  0.154703
123200  0.154703
123250  0.154703
123300  0.154703
123350  0.154703
123400  0.154703
123450  0.154703
123500  0.154703
123550  0.154703
123600  0.154703
123650  0.154703
123700  0.154703
123750  0.154703
123800  0.154703
123850  0.154703
123900  0.154703
123950  0.154703
124000  0.154703
124050  0.154703
124100  0.154703
124150  0.154703
124200  0.154703
124250  0.154703
124300  0.154703
124350  0.154703
124400  0.154703
124450  0.154703
124500  0.154703
124550  0.154703
124600  0.154703
124650  0.154703
124700  0.154703
124750  0.154703
124800  0.154703
124850  0.154703
124900  0.154703
124950  0.154703
125000  0.154703
125050  0.154703
125100  0.154703
125150  0.154703
125200  0.154703
125250  0.154703
125300  0.154703
125350  0.154703
125400  0.154703
125450  0.154703
125500  0.154703
125550  0.154703
125600  0.154703
125650  0.154703
125700  0.154703
125750  0.154703
125800  0.154703
125850  0.154703
125900  0.154703
125950  0.154703
126000  0.154703
126050  0.154703
126100  0.154703
126150  0.154703
126200  0.154703
126250  0.154703
126300  0.154703
126350  0.154703
126400  0.154703
126450  0.154703
126500  0.154703
126550  0.154703
126600  0.154703
126650  0.154703
126700  0.154703
126750  0.153693
126800  0.153693
126850  0.153693
126900  0.153693
126950  0.153693
127000  0.153693
127050  0.153693
127100  0.153693
127150  0.153693
127200  0.153693
127250  0.153693
127300  0.153693
127350  0.153693
127400  0.153693
127450  0.153693
127500  0.153693
127550  0.153693
127600  0.153693
127650  0.153693
127700  0.153693
127750  0.153693
127800  0.153693
127850  0.153693
127900  0.153693
127950  0.153693
128000  0.153693
128050  0.153693
128100  0.153693
128150  0.153693
128200  0.153693
128250  0.153693
128300  0.153693
128350  0.153693
128400  0.153693
128450  0.153693
128500  0.153693
128550  0.153693
128600  0.153693
128650  0.153693
128700  0.153693
128750  0.153693
128800  0.153693
128850  0.153693
128900  0.153693
128950  0.153693
129000  0.153693
129050  0.153693
129100  0.153693
129150  0.153693
129200  0.153693
129250  0.153693
129300  0.153693
129350  0.153693
129400  0.153693
129450  0.153693
129500  0.153693
129550  0.153693
129600  0.153693
129650  0.153693
129700  0.153693
129750  0.153693
129800  0.153693
129850  0.153693
129900  0.153693
129950  0.153693
130000  0.153693
130050  0.153693
130100  0.153693
130150  0.153693
130200  0.153693
130250  0.153693
130300  0.153693
130350  0.153693
130400  0.153693
130450  0.153693
130500  0.153693
130550  0.153693
130600  0.153693
130650  0.153693
130700  0.153693
130750  0.153693
130800  0.153693
130850  0.153693
130900  0.153693
130950  0.153693
131000  0.153693
131050  0.153693
131100  0.153693
131150  0.153693
131200  0.153693
131250  0.153693
131300  0.153693
131350  0.153693
131400  0.153693
131450  0.153693
131500  0.153693
131550  0.153693
131600  0.153693
131650  0.153693
131700  0.153693
131750  0.153693
131800  0.153693
131850  0.153693
131900  0.153693
131950  0.153693
132000  0.153693
132050  0.153693
132100  0.153693
132150  0.153693
132200  0.153693
132250  0.153693
132300  0.153693
132350  0.153693
132400  0.153693
132450  0.153693
132500  0.153693
132550  0.153693
132600  0.153693
132650  0.153693
132700  0.153693
132750  0.153693
132800  0.153693
132850  0.153693
132900  0.153693
132950  0.153693
133000  0.153693
133050  0.153693
133100  0.153693
133150  0.153693
133200  0.153693
133250  0.153693
133300  0.153693
133350  0.153693
133400  0.153693
133450  0.153693
133500  0.153693
133550  0.153693
133600  0.153693
133650  0.153693
133700  0.153693
133750  0.153693
133800  0.153693
133850  0.153693
133900  0.153693
133950  0.153693
134000  0.153693
134050  0.153693
134100  0.153693
134150  0.153693
134200  0.153693
134250  0.153693
134300  0.153693
134350  0.153693
134400  0.153693
134450  0.153693
134500  0.153693
134550  0.153693
134600  0.153693
134650  0.153693
134700  0.153693
134750  0.153693
134800  0.153693
134850  0.153693
134900  0.153693
134950  0.153693
135000  0.153693
135050  0.153693
135100  0.153693
135150  0.153693
135200  0.153693
135250  0.153693
135300  0.153693
135350  0.153693
135400  0.153693
135450  0.153693
135500  0.153693
135550  0.153693
135600  0.153693
135650  0.153693
135700  0.153693
135750  0.153693
135800  0.153693
135850  0.153693
135900  0.153693
135950  0.153693
136000  0.153693
136050  0.153693
136100  0.153693
136150  0.153693
136200  0.153693
136250  0.153693
136300  0.153693
136350  0.153693
136400  0.153693
136450  0.153693
136500  0.153693
136550  0.153693
136600  0.153693
136650  0.153693
136700  0.153693
136750  0.153693
136800  0.153693
136850  0.153693
136900  0.153693
136950  0.153693
137000  0.153693
137050  0.153693
137100  0.153693
137150  0.153693
137200  0.153693
137250  0.153693
137300  0.153693
137350  0.153693
137400  0.153693
137450  0.153693
137500  0.153693
137550  0.153693
137600  0.153693
137650  0.153693
137700  0.153693
137750  0.153693
137800  0.153693
137850  0.153693
137900  0.153693
137950  0.153693
138000  0.153693
138050  0.153693
138100  0.153693
138150  0.153693
138200  0.153693
138250  0.153693
138300  0.153693
138350  0.153693
138400  0.153693
138450  0.153693
138500  0.153693
138550  0.153693
138600  0.153693
138650  0.153693
138700  0.153693
138750  0.153693
138800  0.153693
138850  0.153693
138900  0.153693
138950  0.153693
139000  0.153693
139050  0.153693
139100  0.153693
139150  0.153693
139200  0.153693
139250  0.153693
139300  0.153693
139350  0.153693
139400  0.153693
139450  0.153693
139500  0.153693
139550  0.153693
139600  0.153693
139650  0.153693
139700  0.153693
139750  0.153693
139800  0.153693
139850  0.153693
139900  0.153693
139950  0.153693
140000  0.153693
140050  0.153693
140100  0.153693
140150  0.153693
140200  0.153693
140250  0.153693
140300  0.153693
140350  0.153693
140400  0.153693
140450  0.153693
140500  0.153693
140550  0.153693
140600  0.153693
140650  0.153693
140700  0.153693
140750  0.153693
140800  0.153693
140850  0.153693
140900  0.153693
140950  0.153693
141000  0.153693
141050  0.153693
141100  0.153693
141150  0.153693
141200  0.153693
141250  0.153693
141300  0.153693
141350  0.153693
141400  0.153693
141450  0.153693
141500  0.153693
141550  0.153693
141600  0.153693
141650  0.153693
141700  0.153693
141750  0.153693
141800  0.153693
141850  0.153693
141900  0.153693
141950  0.153693
142000  0.153693
142050  0.153693
142100  0.153693
142150  0.153693
142200  0.153693
142250  0.153693
142300  0.153693
142350  0.153693
142400  0.153693
142450  0.153693
142500  0.153693
142550  0.153693
142600  0.153693
142650  0.153693
