Step  Penalty
100  0.573496
200  0.527284
300  0.51328
400  0.500458
500  0.4912
600  0.482583
700  0.475793
800  0.470337
900  0.459445
1000  0.450439
1100  0.441666
1200  0.429937
1300  0.421446
1400  0.413354
1500  0.403943
1600  0.396152
1700  0.387348
1800  0.379349
1900  0.372942
2000  0.366108
2100  0.359451
2200  0.34996
2300  0.342542
2400  0.335638
2500  0.329841
2600  0.32361
2700  0.317302
2800  0.313029
2900  0.306719
3000  0.301828
3100  0.295741
3200  0.288261
3300  0.28183
3400  0.277044
3500  0.272447
3600  0.268579
3700  0.263953
3800  0.260444
3900  0.257062
4000  0.253513
4100  0.248801
4200  0.244878
4300  0.239836
4400  0.235677
4500  0.231346
4600  0.227832
4700  0.224786
4800  0.221691
4900  0.218832
5000  0.21585
5100  0.213969
5200  0.212149
5300  0.210178
5400  0.208096
5500  0.206294
5600  0.204656
5700  0.202927
5800  0.201303
5900  0.199328
6000  0.197452
6100  0.195492
6200  0.193715
6300  0.192446
6400  0.190993
6500  0.189388
6600  0.187927
6700  0.186191
6800  0.185039
6900  0.184075
7000  0.182831
7100  0.181394
7200  0.180248
7300  0.179352
7400  0.178508
7500  0.177206
7600  0.176022
7700  0.175069
7800  0.173839
7900  0.172796
8000  0.171986
8100  0.1715
8200  0.171054
8300  0.170448
8400  0.169933
8500  0.169481
8600  0.169129
8700  0.168843
8800  0.168719
8900  0.168588
9000  0.168459
9100  0.168158
9200  0.16793
9300  0.167694
9400  0.167434
9500  0.167317
9600  0.167226
9700  0.167071
9800  0.167015
9900  0.166811
10000  0.16669
10100  0.166378
10200  0.16612
10300  0.166015
10400  0.165816
10500  0.165685
10600  0.16559
10700  0.165497
10800  0.165392
10900  0.165229
11000  0.165126
11100  0.165126
11200  0.165014
11300  0.164862
11400  0.164662
11500  0.164621
11600  0.16448
11700  0.164385
11800  0.164351
11900  0.16434
12000  0.16428
12100  0.16428
12200  0.164214
12300  0.16416
12400  0.164148
12500  0.16409
12600  0.164004
12700  0.163998
12800  0.163894
12900  0.163894
13000  0.163848
13100  0.163848
13200  0.163798
13300  0.163795
13400  0.163772
13500  0.163683
13600  0.163625
13700  0.163558
13800  0.163487
13900  0.163446
14000  0.16342
14100  0.163368
14200  0.16335
14300  0.163293
14400  0.163293
14500  0.163196
14600  0.163133
14700  0.16312
14800  0.16297
14900  0.16297
15000  0.162888
15100  0.162817
15200  0.162817
15300  0.162745
15400  0.162729
15500  0.162652
15600  0.162614
15700  0.162609
15800  0.16253
15900  0.162457
16000  0.16245
16100  0.162438
16200  0.162428
16300  0.162274
16400  0.162226
16500  0.162226
16600  0.16217
16700  0.162134
16800  0.162066
16900  0.161993
17000  0.161915
17100  0.161915
17200  0.161842
17300  0.161746
17400  0.161746
17500  0.161746
17600  0.161746
17700  0.161717
17800  0.16161
17900  0.161542
18000  0.161475
18100  0.161382
18200  0.161302
18300  0.161204
18400  0.161078
18500  0.161048
18600  0.161026
18700  0.160955
18800  0.160886
18900  0.160863
19000  0.160849
19100  0.16082
19200  0.160747
19300  0.160744
19400  0.160715
19500  0.160647
19600  0.160647
19700  0.160425
19800  0.160384
19900  0.160377
20000  0.160312
20100  0.160223
20200  0.160044
20300  0.159864
20400  0.159632
20500  0.159504
20600  0.159316
20700  0.159262
20800  0.159242
20900  0.159186
21000  0.159147
21100  0.159093
21200  0.159047
21300  0.158907
21400  0.158893
21500  0.158805
21600  0.158747
21700  0.158723
21800  0.158708
21900  0.158652
22000  0.158568
22100  0.15856
22200  0.158481
22300  0.158481
22400  0.158481
22500  0.158428
22600  0.158338
22700  0.158297
22800  0.15824
22900  0.15823
23000  0.158166
23100  0.158105
23200  0.158042
23300  0.157983
23400  0.157918
23500  0.15788
23600  0.157719
23700  0.157719
23800  0.157713
23900  0.157713
24000  0.157683
24100  0.157683
24200  0.157683
24300  0.15766
24400  0.15766
24500  0.157614
24600  0.157596
24700  0.157555
24800  0.157539
24900  0.157523
25000  0.157523
25100  0.157413
25200  0.157381
25300  0.157381
25400  0.15729
25500  0.15728
25600  0.15728
25700  0.15725
25800  0.157187
25900  0.157187
26000  0.157132
26100  0.157132
26200  0.157108
26300  0.157108
26400  0.157075
26500  0.157057
26600  0.157051
26700  0.157011
26800  0.157007
26900  0.156967
27000  0.156952
27100  0.156952
27200  0.156952
27300  0.156923
27400  0.156833
27500  0.15681
27600  0.156771
27700  0.156771
27800  0.156745
27900  0.156745
28000  0.156614
28100  0.156614
28200  0.156559
28300  0.156559
28400  0.156526
28500  0.156526
28600  0.156526
28700  0.156526
28800  0.156526
28900  0.156443
29000  0.156423
29100  0.156398
29200  0.156398
29300  0.156398
29400  0.156398
29500  0.156398
29600  0.156398
29700  0.156398
29800  0.156391
29900  0.156391
30000  0.156388
30100  0.156388
30200  0.156388
30300  0.156388
30400  0.156382
30500  0.156339
30600  0.156346
30700  0.156346
30800  0.156272
30900  0.156269
31000  0.156254
31100  0.156237
31200  0.156237
31300  0.156213
31400  0.156213
31500  0.156213
31600  0.156213
31700  0.156204
31800  0.156204
31900  0.156204
32000  0.156154
32100  0.156093
32200  0.156093
32300  0.156017
32400  0.155989
32500  0.155956
32600  0.155956
32700  0.155949
32800  0.155925
32900  0.155925
33000  0.155913
33100  0.155913
33200  0.155913
33300  0.155881
33400  0.155881
33500  0.15587
33600  0.155853
33700  0.155824
33800  0.155824
33900  0.15577
34000  0.15577
34100  0.15577
34200  0.155745
34300  0.155745
34400  0.155745
34500  0.155745
34600  0.15572
34700  0.155655
34800  0.155655
34900  0.155615
35000  0.155542
35100  0.155542
35200  0.155472
35300  0.155472
35400  0.155435
35500  0.155398
35600  0.155354
35700  0.155354
35800  0.155354
35900  0.155354
36000  0.155256
36100  0.155256
36200  0.155203
36300  0.155164
36400  0.155164
36500  0.155157
36600  0.155148
36700  0.155148
36800  0.155148
36900  0.155082
37000  0.155082
37100  0.155082
37200  0.155082
37300  0.155065
37400  0.155065
37500  0.155065
37600  0.155065
37700  0.15503
37800  0.155028
37900  0.154994
38000  0.154988
38100  0.154988
38200  0.154988
38300  0.154988
38400  0.154988
38500  0.154988
38600  0.15496
38700  0.154945
38800  0.154945
38900  0.154945
39000  0.154945
39100  0.154945
39200  0.154945
39300  0.154945
39400  0.154945
39500  0.154915
39600  0.154915
39700  0.154907
39800  0.154907
39900  0.15491
40000  0.15491
40100  0.154907
40200  0.154907
40300  0.154881
40400  0.154881
40500  0.154881
40600  0.154881
40700  0.154842
40800  0.154825
40900  0.154825
41000  0.154825
41100  0.154792
41200  0.154779
41300  0.154772
41400  0.154732
41500  0.154732
41600  0.1547
41700  0.154678
41800  0.154678
41900  0.154656
42000  0.154633
42100  0.154599
42200  0.154599
42300  0.154582
42400  0.154582
42500  0.154582
42600  0.154577
42700  0.154577
42800  0.154577
42900  0.154458
43000  0.154445
43100  0.154445
43200  0.154423
43300  0.154412
43400  0.154438
43500  0.154412
43600  0.154461
43700  0.154333
43800  0.154333
43900  0.154333
44000  0.154333
44100  0.154294
44200  0.154294
44300  0.154282
44400  0.154282
44500  0.154389
44600  0.154237
44700  0.154202
44800  0.154067
44900  0.154067
45000  0.154067
45100  0.154067
45200  0.154008
45300  0.153969
45400  0.153912
45500  0.153912
45600  0.153912
45700  0.153868
45800  0.153868
45900  0.153852
46000  0.153844
46100  0.153801
46200  0.153777
46300  0.153718
46400  0.153706
46500  0.153703
46600  0.153701
46700  0.153646
46800  0.153646
46900  0.153605
47000  0.153591
47100  0.153591
47200  0.153524
47300  0.153498
47400  0.153485
47500  0.153485
47600  0.153485
47700  0.153481
47800  0.153415
47900  0.153409
48000  0.153409
48100  0.153409
48200  0.153365
48300  0.153365
48400  0.153365
48500  0.153335
48600  0.153335
48700  0.153335
48800  0.153311
48900  0.153274
49000  0.15323
49100  0.153166
49200  0.153151
49300  0.153135
49400  0.1531
49500  0.153081
49600  0.153081
49700  0.153043
49800  0.152998
49900  0.152998
50000  0.152998
50100  0.152934
50200  0.152892
50300  0.152868
50400  0.152777
50500  0.152777
50600  0.15273
50700  0.152715
50800  0.152696
50900  0.152616
51000  0.152553
51100  0.15252
51200  0.152507
51300  0.152474
51400  0.15246
51500  0.152436
51600  0.152436
51700  0.15233
51800  0.152313
51900  0.152313
52000  0.152292
52100  0.152279
52200  0.15226
52300  0.152216
52400  0.152194
52500  0.152194
52600  0.152153
52700  0.152187
52800  0.152178
52900  0.152097
53000  0.15208
53100  0.152065
53200  0.152012
53300  0.15196
53400  0.15196
53500  0.151913
53600  0.151847
53700  0.151794
53800  0.151794
53900  0.151784
54000  0.151784
54100  0.151773
54200  0.151726
54300  0.151726
54400  0.151653
54500  0.151593
54600  0.151568
54700  0.151556
54800  0.151522
54900  0.151508
55000  0.151471
55100  0.151471
55200  0.151471
55300  0.151471
55400  0.151427
55500  0.151393
55600  0.151393
55700  0.151316
55800  0.151285
55900  0.151285
56000  0.151237
56100  0.151206
56200  0.151197
56300  0.151197
56400  0.151188
56500  0.151188
56600  0.151188
56700  0.151188
56800  0.15117
56900  0.151141
57000  0.151141
57100  0.151141
57200  0.151087
57300  0.151087
57400  0.151075
57500  0.151075
57600  0.151066
57700  0.151036
57800  0.151007
57900  0.150953
58000  0.150843
58100  0.150774
58200  0.150774
58300  0.150738
58400  0.150729
58500  0.150675
58600  0.150656
58700  0.150656
58800  0.150656
58900  0.150656
59000  0.150656
59100  0.150656
59200  0.150656
59300  0.150619
59400  0.150602
59500  0.150602
59600  0.150599
59700  0.150575
59800  0.150525
59900  0.150514
60000  0.150514
60100  0.150514
60200  0.150514
60300  0.150514
60400  0.150514
60500  0.150476
60600  0.150476
60700  0.15047
60800  0.150441
60900  0.150441
61000  0.150441
61100  0.150441
61200  0.150397
61300  0.150397
61400  0.150397
61500  0.150397
61600  0.15035
61700  0.15035
61800  0.15035
61900  0.150334
62000  0.150303
62100  0.150289
62200  0.150289
62300  0.15028
62400  0.15028
62500  0.150249
62600  0.150249
62700  0.150217
62800  0.150217
62900  0.150217
63000  0.150217
63100  0.150217
63200  0.150209
63300  0.150209
63400  0.15017
63500  0.150164
63600  0.150164
63700  0.150106
63800  0.15009
63900  0.15009
64000  0.150068
64100  0.150068
64200  0.150068
64300  0.15005
64400  0.15005
64500  0.15005
64600  0.15001
64700  0.14999
64800  0.14997
64900  0.14997
65000  0.149952
65100  0.149947
65200  0.149947
65300  0.149947
65400  0.149945
65500  0.149863
65600  0.149863
65700  0.149863
65800  0.149863
65900  0.149837
66000  0.149819
66100  0.149819
66200  0.149819
66300  0.149779
66400  0.149779
66500  0.149779
66600  0.149779
66700  0.149738
66800  0.149707
66900  0.149707
67000  0.149597
67100  0.149597
67200  0.149547
67300  0.149536
67400  0.149514
67500  0.149514
67600  0.149511
67700  0.149511
67800  0.149456
67900  0.149456
68000  0.149453
68100  0.149453
68200  0.149453
68300  0.149453
68400  0.149453
68500  0.149436
68600  0.149436
68700  0.149414
68800  0.149407
68900  0.149407
69000  0.149403
69100  0.149403
69200  0.149352
69300  0.149288
69400  0.149258
69500  0.149258
69600  0.149254
69700  0.149254
69800  0.149254
69900  0.149218
70000  0.149218
70100  0.149218
70200  0.149218
70300  0.149218
70400  0.149218
70500  0.149189
70600  0.149184
70700  0.149184
70800  0.149136
70900  0.149136
71000  0.149085
71100  0.149085
71200  0.149068
71300  0.149068
71400  0.149057
71500  0.149057
71600  0.149057
71700  0.149014
71800  0.149014
71900  0.148972
72000  0.148972
72100  0.148972
72200  0.148972
72300  0.148975
72400  0.148975
72500  0.148882
72600  0.148877
72700  0.148877
72800  0.148877
72900  0.148841
73000  0.148803
73100  0.148762
73200  0.148762
73300  0.148762
73400  0.148762
73500  0.148758
73600  0.148758
73700  0.148758
73800  0.148754
73900  0.148734
74000  0.1487
74100  0.1487
74200  0.148652
74300  0.148652
74400  0.148652
74500  0.148637
74600  0.148637
74700  0.148637
74800  0.148608
74900  0.148608
75000  0.148608
75100  0.148608
75200  0.148608
75300  0.148608
75400  0.14859
75500  0.14859
75600  0.148578
75700  0.148578
75800  0.148567
75900  0.148567
76000  0.148567
76100  0.148567
76200  0.148561
76300  0.148561
76400  0.148561
76500  0.148561
76600  0.148518
76700  0.148518
76800  0.14851
76900  0.148505
77000  0.148505
77100  0.148505
77200  0.148505
77300  0.148468
77400  0.148468
77500  0.14842
77600  0.14842
77700  0.148418
77800  0.14841
77900  0.148344
78000  0.148344
78100  0.148344
78200  0.148344
78300  0.148344
78400  0.148344
78500  0.148385
78600  0.148385
78700  0.148385
78800  0.148317
78900  0.148287
79000  0.148287
79100  0.148287
79200  0.148287
79300  0.148287
79400  0.148264
79500  0.148264
79600  0.148264
79700  0.148264
79800  0.148211
79900  0.148211
80000  0.148211
80100  0.148211
80200  0.148211
80300  0.148211
80400  0.148211
80500  0.148197
80600  0.148197
80700  0.148155
80800  0.148155
80900  0.148155
81000  0.148146
81100  0.148126
81200  0.148126
81300  0.148126
81400  0.148126
81500  0.148109
81600  0.148109
81700  0.148109
81800  0.148109
81900  0.148087
82000  0.148087
82100  0.148087
82200  0.148087
82300  0.148045
82400  0.148026
82500  0.148009
82600  0.148056
82700  0.148009
82800  0.148003
82900  0.148003
83000  0.148003
83100  0.148003
83200  0.148002
83300  0.147942
83400  0.147942
83500  0.147942
83600  0.147942
83700  0.147942
83800  0.147942
83900  0.147942
84000  0.147942
84100  0.147942
84200  0.147942
84300  0.147913
84400  0.147913
84500  0.147913
84600  0.147952
84700  0.147952
84800  0.147952
84900  0.147952
85000  0.147952
85100  0.147886
85200  0.147886
85300  0.147886
85400  0.147886
85500  0.147875
85600  0.147875
85700  0.147875
85800  0.147875
85900  0.147875
86000  0.147875
86100  0.147875
86200  0.147875
86300  0.147864
86400  0.147864
86500  0.147864
86600  0.147864
86700  0.147864
86800  0.147864
86900  0.147864
87000  0.147857
87100  0.147806
87200  0.147806
87300  0.147806
87400  0.147765
87500  0.147765
87600  0.147765
87700  0.147762
87800  0.147762
87900  0.147747
88000  0.147665
88100  0.147665
88200  0.147665
88300  0.147665
88400  0.147632
88500  0.147632
88600  0.147632
88700  0.147632
88800  0.147632
88900  0.147618
89000  0.147618
89100  0.147588
89200  0.147588
89300  0.147588
89400  0.147588
89500  0.147588
89600  0.147588
89700  0.147584
89800  0.147584
89900  0.147601
90000  0.147601
90100  0.147601
90200  0.147601
90300  0.147601
90400  0.147571
90500  0.147571
90600  0.147571
90700  0.147571
90800  0.147571
90900  0.147571
91000  0.147571
91100  0.147571
91200  0.147566
91300  0.147566
91400  0.147564
91500  0.147548
91600  0.147548
91700  0.147548
91800  0.147527
91900  0.147527
92000  0.147527
92100  0.147527
92200  0.147527
92300  0.147527
92400  0.147527
92500  0.147527
92600  0.147527
92700  0.147523
92800  0.147523
92900  0.147503
93000  0.147503
93100  0.147503
93200  0.147503
93300  0.147503
93400  0.147466
93500  0.147466
93600  0.147466
93700  0.147466
93800  0.147466
93900  0.147466
94000  0.147466
94100  0.147466
94200  0.147466
94300  0.147443
94400  0.147417
94500  0.147417
94600  0.147375
94700  0.147375
94800  0.147375
94900  0.147375
95000  0.147375
95100  0.147375
95200  0.147376
95300  0.147376
95400  0.147338
95500  0.147338
95600  0.147338
95700  0.147338
95800  0.147338
95900  0.147338
96000  0.147338
96100  0.147338
96200  0.147338
96300  0.147338
96400  0.147338
96500  0.147338
96600  0.147338
96700  0.147338
96800  0.147338
96900  0.147338
97000  0.147338
97100  0.147338
97200  0.147338
97300  0.147338
97400  0.147338
97500  0.147338
97600  0.147309
97700  0.147277
97800  0.147277
97900  0.147277
98000  0.147277
98100  0.147277
98200  0.147275
98300  0.147275
98400  0.147275
98500  0.147275
98600  0.147275
98700  0.147275
98800  0.147275
98900  0.147252
99000  0.147252
99100  0.147252
99200  0.147252
99300  0.147252
99400  0.147252
99500  0.14725
99600  0.14725
99700  0.14725
99800  0.147234
99900  0.147234
100000  0.147232
100100  0.147232
100200  0.147232
100300  0.147232
100400  0.147232
100500  0.147232
100600  0.147232
100700  0.147232
100800  0.147232
100900  0.147232
101000  0.147232
101100  0.147232
101200  0.147232
101300  0.147232
101400  0.147232
101500  0.147232
101600  0.147232
101700  0.147232
101800  0.147232
101900  0.147232
102000  0.147178
102100  0.147178
102200  0.147178
102300  0.147178
102400  0.147178
102500  0.147178
102600  0.147178
102700  0.147178
102800  0.147154
102900  0.147154
103000  0.147154
103100  0.147154
103200  0.147154
103300  0.147154
103400  0.147154
103500  0.147154
103600  0.147154
103700  0.147154
103800  0.147154
103900  0.147154
104000  0.147154
104100  0.147154
104200  0.147154
104300  0.147154
104400  0.147154
104500  0.147154
104600  0.147154
104700  0.147154
104800  0.147154
104900  0.147154
105000  0.147154
105100  0.147134
105200  0.147111
105300  0.147111
105400  0.147111
105500  0.147086
105600  0.147086
105700  0.147086
105800  0.147085
105900  0.147085
106000  0.147085
106100  0.147085
106200  0.147085
106300  0.147085
106400  0.147085
106500  0.147066
106600  0.147051
106700  0.147051
106800  0.147051
106900  0.147051
107000  0.147015
107100  0.147015
107200  0.147015
107300  0.147015
107400  0.147015
107500  0.147015
107600  0.147015
107700  0.147015
107800  0.147015
107900  0.147015
108000  0.147015
108100  0.146975
108200  0.146975
108300  0.146971
108400  0.146971
108500  0.146971
108600  0.146971
108700  0.146971
108800  0.146971
108900  0.146971
109000  0.146968
109100  0.146968
109200  0.146968
109300  0.146968
109400  0.146968
109500  0.146914
109600  0.146903
109700  0.146896
109800  0.146896
109900  0.146896
110000  0.146896
110100  0.146896
110200  0.146896
110300  0.146896
110400  0.146896
110500  0.146896
110600  0.146846
110700  0.1468
110800  0.146841
110900  0.146841
111000  0.146841
111100  0.146841
111200  0.146797
111300  0.146797
111400  0.146772
111500  0.146772
111600  0.146772
111700  0.146772
111800  0.146772
111900  0.146772
112000  0.146767
112100  0.146767
112200  0.146767
112300  0.146767
112400  0.146767
112500  0.146767
112600  0.146767
112700  0.146742
112800  0.146742
112900  0.146742
113000  0.146742
113100  0.146742
113200  0.146741
113300  0.146797
113400  0.146741
113500  0.146741
113600  0.146741
113700  0.146717
113800  0.146717
113900  0.146717
114000  0.146717
114100  0.146717
114200  0.146654
114300  0.146654
114400  0.146654
114500  0.146654
114600  0.146654
114700  0.146654
114800  0.146654
114900  0.146654
115000  0.146654
115100  0.146654
115200  0.146654
115300  0.146654
115400  0.146654
115500  0.146654
115600  0.146654
115700  0.146654
115800  0.146654
115900  0.146654
116000  0.146615
116100  0.146615
116200  0.146615
116300  0.146615
116400  0.146615
116500  0.146615
116600  0.146615
116700  0.146601
116800  0.146601
116900  0.146601
117000  0.146601
117100  0.146557
117200  0.146557
117300  0.146557
117400  0.146557
117500  0.146557
117600  0.146539
117700  0.146539
117800  0.146539
117900  0.146539
118000  0.146539
118100  0.14652
118200  0.14652
118300  0.146519
118400  0.146519
118500  0.146508
118600  0.146508
118700  0.146508
118800  0.146508
118900  0.146508
119000  0.146508
119100  0.146454
119200  0.146454
119300  0.146454
119400  0.146454
119500  0.146454
119600  0.146454
119700  0.146454
119800  0.146454
119900  0.146454
120000  0.146454
120100  0.146454
120200  0.146454
120300  0.146452
120400  0.146452
120500  0.146452
120600  0.146452
120700  0.146452
120800  0.146452
120900  0.146452
121000  0.146452
121100  0.146452
121200  0.146447
121300  0.146406
121400  0.1464
121500  0.1464
121600  0.146383
121700  0.146373
121800  0.146369
121900  0.146369
122000  0.146369
122100  0.146369
122200  0.146369
122300  0.146369
122400  0.146369
122500  0.146369
122600  0.146369
122700  0.146369
122800  0.146369
122900  0.146369
123000  0.146369
123100  0.146369
123200  0.146369
123300  0.146369
123400  0.146369
123500  0.146369
123600  0.146342
123700  0.146342
123800  0.146342
123900  0.146342
124000  0.146324
124100  0.146324
124200  0.146324
124300  0.146324
124400  0.146324
124500  0.146324
124600  0.146324
124700  0.146324
124800  0.146324
124900  0.146324
125000  0.146324
125100  0.146324
125200  0.146324
125300  0.146324
125400  0.146324
125500  0.146324
125600  0.146324
125700  0.146324
125800  0.146324
125900  0.146324
126000  0.146324
126100  0.146308
126200  0.146308
126300  0.146308
126400  0.146308
126500  0.146306
126600  0.146306
126700  0.146306
126800  0.146306
126900  0.146306
127000  0.146306
127100  0.146306
127200  0.146306
127300  0.146306
127400  0.1463
127500  0.1463
127600  0.1463
127700  0.1463
127800  0.1463
127900  0.1463
128000  0.1463
128100  0.1463
128200  0.1463
128300  0.1463
128400  0.1463
128500  0.1463
128600  0.146273
128700  0.146273
128800  0.146273
128900  0.146273
