Step  Penalty
10  0.490246
20  0.490246
30  0.490246
40  0.490246
50  0.490246
60  0.471217
70  0.454186
80  0.422021
90  0.392546
100  0.371836
110  0.340344
120  0.325003
130  0.3139
140  0.29648
150  0.279829
160  0.27816
170  0.269216
180  0.261368
190  0.258884
200  0.253477
210  0.251107
220  0.251107
230  0.251107
240  0.249547
250  0.243448
260  0.243448
270  0.243164
280  0.243164
290  0.243164
300  0.243164
310  0.243164
320  0.243164
330  0.243164
340  0.243164
350  0.243164
360  0.243164
370  0.243164
380  0.243164
390  0.243164
400  0.243164
410  0.243164
420  0.243164
430  0.243164
440  0.243164
450  0.243164
460  0.243164
470  0.243164
480  0.242318
490  0.242318
500  0.242318
510  0.242318
520  0.242318
530  0.241617
540  0.241617
550  0.241617
560  0.241617
570  0.241617
580  0.241617
590  0.241617
600  0.241617
610  0.241617
620  0.241617
630  0.241617
640  0.23738
650  0.23738
660  0.23738
670  0.23738
680  0.23738
690  0.23738
700  0.23738
710  0.23738
720  0.23738
730  0.23738
740  0.23738
750  0.23738
760  0.23738
770  0.23738
780  0.23738
790  0.23738
800  0.23738
810  0.23738
820  0.23738
830  0.23738
840  0.23738
850  0.23738
860  0.23738
870  0.23738
880  0.23738
890  0.23738
900  0.23738
910  0.23738
920  0.23738
930  0.23738
940  0.23738
950  0.23738
960  0.23738
970  0.23738
980  0.23738
990  0.23738
1000  0.23738
1010  0.23738
1020  0.23738
1030  0.23738
1040  0.23738
1050  0.23738
1060  0.23738
1070  0.23738
1080  0.23738
1090  0.23738
1100  0.23738
1110  0.23738
1120  0.23738
1130  0.23738
1140  0.23738
1150  0.23738
1160  0.23738
1170  0.23738
1180  0.23738
1190  0.23738
1200  0.23738
1210  0.23738
1220  0.23738
1230  0.23738
1240  0.23738
1250  0.23738
1260  0.23738
1270  0.23738
1280  0.23738
1290  0.23738
1300  0.23738
1310  0.23738
1320  0.23738
1330  0.23738
1340  0.23738
1350  0.23738
1360  0.23738
1370  0.23738
1380  0.23738
1390  0.23738
1400  0.23738
1410  0.23738
1420  0.23738
1430  0.23738
1440  0.23738
1450  0.23738
1460  0.23738
1470  0.23738
1480  0.23738
1490  0.23738
1500  0.23738
1510  0.23738
1520  0.23738
1530  0.23738
1540  0.23738
1550  0.23738
1560  0.23738
1570  0.237202
1580  0.237202
1590  0.237202
1600  0.237202
1610  0.237202
1620  0.237202
1630  0.237202
1640  0.237202
1650  0.237202
1660  0.237202
1670  0.237202
1680  0.237202
1690  0.237202
1700  0.237202
1710  0.237202
1720  0.237202
1730  0.237202
1740  0.237202
1750  0.237202
1760  0.237202
1770  0.237202
1780  0.237202
1790  0.237202
1800  0.237202
1810  0.237202
1820  0.237202
1830  0.237202
1840  0.237202
1850  0.237202
1860  0.237202
1870  0.237202
1880  0.237202
1890  0.237202
1900  0.237202
1910  0.237202
1920  0.237202
1930  0.237202
1940  0.237202
1950  0.237202
1960  0.237202
1970  0.237202
1980  0.237202
1990  0.237202
2000  0.237202
2010  0.237202
2020  0.237202
2030  0.237202
2040  0.237202
2050  0.237202
2060  0.237202
2070  0.237202
2080  0.237202
2090  0.237202
2100  0.237202
2110  0.237202
2120  0.237202
2130  0.237202
2140  0.237202
2150  0.237202
2160  0.237202
2170  0.237202
2180  0.237202
2190  0.237202
2200  0.237202
2210  0.237202
2220  0.237202
2230  0.237202
2240  0.237202
2250  0.237202
2260  0.237202
2270  0.237202
2280  0.237202
2290  0.237202
2300  0.237202
2310  0.237202
2320  0.237202
2330  0.237202
2340  0.237202
2350  0.237202
2360  0.237202
2370  0.237202
2380  0.237202
2390  0.237202
2400  0.237202
2410  0.237202
2420  0.237202
2430  0.237202
2440  0.237202
2450  0.237202
2460  0.237202
2470  0.237202
2480  0.237202
2490  0.237202
2500  0.237202
2510  0.237202
2520  0.237202
2530  0.237202
2540  0.237202
2550  0.237202
2560  0.237202
2570  0.237202
2580  0.237202
2590  0.237202
2600  0.237202
2610  0.237202
2620  0.237202
2630  0.237202
2640  0.237202
2650  0.237202
2660  0.237202
2670  0.237202
2680  0.237202
2690  0.237202
2700  0.237202
2710  0.237202
2720  0.237202
2730  0.237202
2740  0.237202
2750  0.237202
2760  0.237202
2770  0.237202
2780  0.237202
2790  0.237202
2800  0.237202
2810  0.237202
2820  0.237202
2830  0.237202
2840  0.237202
2850  0.237202
2860  0.237202
2870  0.237202
2880  0.237202
2890  0.237202
2900  0.237202
2910  0.237202
2920  0.237202
2930  0.237202
2940  0.237202
2950  0.237202
2960  0.237202
2970  0.237202
2980  0.237202
2990  0.237202
3000  0.237202
3010  0.237202
3020  0.237202
3030  0.237202
3040  0.237202
3050  0.237202
3060  0.237202
3070  0.237202
3080  0.237202
3090  0.237202
3100  0.237202
3110  0.237202
3120  0.237202
3130  0.235888
3140  0.235888
3150  0.235888
3160  0.235888
3170  0.235888
3180  0.235888
3190  0.235888
3200  0.235888
3210  0.235888
3220  0.235888
3230  0.235888
3240  0.235888
3250  0.235888
3260  0.235888
3270  0.235888
3280  0.235888
3290  0.235888
3300  0.235888
3310  0.235888
3320  0.235888
3330  0.235888
3340  0.235888
3350  0.235888
3360  0.235888
3370  0.235888
3380  0.235888
3390  0.235888
3400  0.235888
3410  0.235888
3420  0.235888
3430  0.235888
3440  0.235888
3450  0.235888
3460  0.235888
3470  0.235888
3480  0.235888
3490  0.235888
3500  0.235888
3510  0.235888
3520  0.235888
3530  0.235888
3540  0.235888
3550  0.235888
3560  0.235888
3570  0.235888
3580  0.235888
3590  0.235888
3600  0.235888
3610  0.235888
3620  0.235888
3630  0.235888
3640  0.235888
3650  0.235888
3660  0.235888
3670  0.235888
3680  0.235888
3690  0.234835
3700  0.234835
3710  0.234835
3720  0.234835
3730  0.234835
3740  0.234835
3750  0.234835
3760  0.234835
3770  0.234835
3780  0.234835
3790  0.234835
3800  0.234835
3810  0.234835
3820  0.234835
3830  0.234835
3840  0.234835
3850  0.234835
3860  0.234835
3870  0.234835
3880  0.234835
3890  0.234835
3900  0.234835
3910  0.234835
3920  0.234835
3930  0.234835
3940  0.234835
3950  0.234835
3960  0.234835
3970  0.234835
3980  0.234835
3990  0.234835
4000  0.234835
4010  0.234835
4020  0.234835
4030  0.234835
4040  0.234835
4050  0.234835
4060  0.234835
4070  0.234835
4080  0.234835
4090  0.234835
4100  0.234835
4110  0.234835
4120  0.234835
4130  0.234835
4140  0.234835
4150  0.234835
4160  0.234835
4170  0.234835
4180  0.234835
4190  0.234835
4200  0.234835
4210  0.234835
4220  0.234835
4230  0.234835
4240  0.234835
4250  0.234835
4260  0.234835
4270  0.234835
4280  0.234835
4290  0.234835
4300  0.234835
4310  0.234835
4320  0.234835
4330  0.234835
4340  0.234835
4350  0.234835
4360  0.234835
4370  0.234835
4380  0.234835
4390  0.234835
4400  0.234835
4410  0.234835
4420  0.234835
4430  0.234835
4440  0.234835
4450  0.234835
4460  0.234835
4470  0.234835
4480  0.234835
4490  0.234835
4500  0.234835
4510  0.234835
4520  0.234835
4530  0.234835
4540  0.234835
4550  0.234835
4560  0.234835
4570  0.234835
4580  0.234835
4590  0.234835
4600  0.234835
4610  0.234835
4620  0.234835
4630  0.234835
4640  0.234835
4650  0.234835
4660  0.234835
4670  0.234835
4680  0.234835
4690  0.234835
4700  0.234835
4710  0.234835
4720  0.234835
4730  0.234835
4740  0.234835
4750  0.234835
4760  0.234835
4770  0.234835
4780  0.234835
4790  0.234835
4800  0.234835
4810  0.234835
4820  0.234835
4830  0.234835
4840  0.234835
4850  0.234835
4860  0.234835
4870  0.234835
4880  0.234835
4890  0.234835
4900  0.234835
4910  0.234835
4920  0.234835
4930  0.234835
4940  0.234835
4950  0.234835
4960  0.234835
4970  0.234835
4980  0.234835
4990  0.234835
5000  0.234835
5010  0.234835
5020  0.234835
5030  0.234835
5040  0.234835
5050  0.234835
5060  0.234835
5070  0.234835
5080  0.234835
5090  0.234835
5100  0.234835
5110  0.234835
5120  0.234835
5130  0.234835
5140  0.234835
5150  0.234835
5160  0.234835
5170  0.234835
5180  0.234835
5190  0.234835
5200  0.234835
5210  0.234835
5220  0.234835
5230  0.234835
5240  0.234835
5250  0.234835
5260  0.234835
5270  0.234835
5280  0.234835
5290  0.234835
5300  0.234835
5310  0.234835
5320  0.234835
5330  0.234835
5340  0.234835
5350  0.234835
5360  0.234835
5370  0.234835
5380  0.234835
5390  0.234835
5400  0.234835
5410  0.234835
5420  0.234835
5430  0.234835
5440  0.234835
5450  0.234835
5460  0.234835
5470  0.234835
5480  0.234835
5490  0.234835
5500  0.234835
5510  0.234835
5520  0.234835
5530  0.234835
5540  0.234835
5550  0.234835
5560  0.234835
5570  0.234835
5580  0.234835
5590  0.234835
5600  0.234835
5610  0.234835
5620  0.234835
5630  0.234835
5640  0.234835
5650  0.234835
5660  0.234835
5670  0.234835
5680  0.234835
5690  0.234835
5700  0.234835
5710  0.234835
5720  0.234835
5730  0.234835
5740  0.234835
5750  0.234835
5760  0.234835
5770  0.234835
5780  0.234835
5790  0.234835
5800  0.234835
5810  0.234835
5820  0.234835
5830  0.234835
5840  0.234835
5850  0.234835
5860  0.234835
5870  0.234835
5880  0.234835
5890  0.234835
5900  0.234835
5910  0.234835
5920  0.234835
5930  0.234835
5940  0.234835
5950  0.234835
5960  0.234835
5970  0.234835
5980  0.234835
5990  0.234835
6000  0.234835
6010  0.234835
6020  0.234835
6030  0.234835
6040  0.234835
6050  0.234835
6060  0.234835
6070  0.234835
6080  0.234835
6090  0.234835
6100  0.234835
6110  0.234835
6120  0.234835
6130  0.234835
6140  0.234835
6150  0.234835
6160  0.234835
6170  0.234835
6180  0.234835
6190  0.234835
6200  0.234835
6210  0.234835
6220  0.234835
6230  0.234835
6240  0.234835
6250  0.234835
6260  0.234835
6270  0.234835
6280  0.234835
6290  0.234835
6300  0.234835
6310  0.234835
6320  0.234835
6330  0.234835
6340  0.234835
6350  0.234835
6360  0.234835
6370  0.234835
6380  0.234835
6390  0.234835
6400  0.234835
6410  0.234835
6420  0.234835
6430  0.234835
6440  0.234835
6450  0.234835
6460  0.234835
6470  0.234835
6480  0.234835
6490  0.234835
6500  0.234835
6510  0.234835
6520  0.234835
6530  0.234835
6540  0.234835
6550  0.234835
6560  0.234835
6570  0.234835
6580  0.234835
6590  0.234835
6600  0.234835
6610  0.234835
6620  0.234835
6630  0.234835
6640  0.234835
6650  0.234835
6660  0.234835
6670  0.234835
6680  0.234835
6690  0.234835
6700  0.234835
6710  0.234835
6720  0.234835
6730  0.234835
6740  0.234835
6750  0.234835
6760  0.234835
6770  0.234835
6780  0.234835
6790  0.234835
6800  0.234835
6810  0.234835
6820  0.234835
6830  0.234835
6840  0.234835
6850  0.234835
6860  0.234835
6870  0.234835
6880  0.234835
6890  0.234835
6900  0.234835
6910  0.234835
6920  0.234835
6930  0.234835
6940  0.234835
6950  0.234835
6960  0.234835
6970  0.234835
6980  0.234835
6990  0.234835
7000  0.234835
7010  0.234835
7020  0.234835
7030  0.234835
7040  0.234835
7050  0.234835
7060  0.234835
7070  0.234835
7080  0.234835
7090  0.234835
7100  0.234835
7110  0.234835
7120  0.234835
7130  0.234835
7140  0.234835
7150  0.234835
7160  0.234835
7170  0.234835
7180  0.234835
7190  0.234835
7200  0.234835
7210  0.234835
7220  0.234835
7230  0.234835
7240  0.234835
7250  0.234835
7260  0.234835
7270  0.234835
7280  0.234835
7290  0.234835
7300  0.234835
7310  0.234835
7320  0.234835
7330  0.234835
7340  0.234835
7350  0.234835
7360  0.234835
7370  0.234835
7380  0.234835
7390  0.234835
7400  0.234835
7410  0.234835
7420  0.234835
7430  0.234835
7440  0.234835
7450  0.234835
7460  0.234835
7470  0.234835
7480  0.234835
7490  0.234835
7500  0.234835
7510  0.234835
7520  0.234835
7530  0.234835
7540  0.234835
7550  0.234835
7560  0.234835
7570  0.234835
7580  0.234835
7590  0.234835
7600  0.234835
7610  0.234835
7620  0.234835
7630  0.234835
7640  0.234835
7650  0.234835
7660  0.234835
7670  0.234835
7680  0.234835
7690  0.234835
7700  0.234835
7710  0.234835
7720  0.234835
7730  0.234835
7740  0.234835
7750  0.234835
7760  0.234835
7770  0.234835
7780  0.234835
7790  0.234835
7800  0.234835
7810  0.234835
7820  0.234835
7830  0.234835
7840  0.234835
7850  0.234835
7860  0.234835
7870  0.234835
7880  0.234835
7890  0.234835
7900  0.234835
7910  0.234835
7920  0.234835
7930  0.234835
7940  0.234835
7950  0.234835
7960  0.234835
7970  0.234835
7980  0.234835
7990  0.234835
8000  0.234835
8010  0.234835
8020  0.234835
8030  0.234835
8040  0.234835
8050  0.234835
8060  0.234835
8070  0.234835
8080  0.234835
8090  0.234835
8100  0.234835
8110  0.234835
8120  0.234835
8130  0.234835
8140  0.234835
8150  0.234835
8160  0.234835
8170  0.234835
8180  0.234835
8190  0.234835
8200  0.234835
8210  0.234835
8220  0.234835
8230  0.234835
8240  0.234835
8250  0.234835
8260  0.234835
8270  0.234835
8280  0.234835
8290  0.234835
8300  0.234835
8310  0.234835
8320  0.234835
8330  0.234835
8340  0.234835
8350  0.234835
8360  0.234835
8370  0.234835
8380  0.234835
8390  0.234835
8400  0.234835
8410  0.234835
8420  0.234835
8430  0.234835
8440  0.234835
8450  0.234835
8460  0.234835
8470  0.234835
8480  0.234835
8490  0.234835
8500  0.234835
8510  0.234835
8520  0.234835
8530  0.234835
8540  0.234835
8550  0.234835
8560  0.234835
8570  0.234835
8580  0.234835
8590  0.234835
8600  0.234835
8610  0.234835
8620  0.234835
8630  0.234835
8640  0.234835
8650  0.234835
8660  0.234835
8670  0.234835
8680  0.234835
8690  0.234835
8700  0.234835
8710  0.234835
8720  0.234835
8730  0.234835
8740  0.234835
8750  0.234835
8760  0.234835
8770  0.234835
8780  0.234835
8790  0.234835
8800  0.234835
8810  0.234835
8820  0.234835
8830  0.234835
8840  0.234835
8850  0.234835
8860  0.234835
8870  0.234835
8880  0.234835
8890  0.234835
8900  0.234835
8910  0.234835
8920  0.234835
8930  0.234835
8940  0.234835
8950  0.234835
8960  0.234835
8970  0.234835
8980  0.234835
8990  0.234835
9000  0.234835
9010  0.234835
9020  0.234835
9030  0.234835
9040  0.234835
9050  0.234835
9060  0.234835
9070  0.234835
9080  0.234835
9090  0.234835
9100  0.234835
9110  0.234835
9120  0.234835
9130  0.234835
9140  0.234835
9150  0.234835
9160  0.234835
9170  0.234835
9180  0.234835
9190  0.234835
9200  0.234835
9210  0.234835
9220  0.234835
9230  0.234835
9240  0.234835
9250  0.234835
9260  0.234835
9270  0.234835
9280  0.234835
9290  0.234835
9300  0.234835
9310  0.234835
9320  0.234835
9330  0.234835
9340  0.234835
9350  0.234835
9360  0.234835
9370  0.234835
9380  0.234835
9390  0.234835
9400  0.234835
9410  0.234835
9420  0.234835
9430  0.234835
9440  0.234835
9450  0.234835
9460  0.234835
9470  0.234835
9480  0.234835
9490  0.234835
9500  0.234835
9510  0.234835
9520  0.234835
9530  0.234835
9540  0.234835
9550  0.234835
9560  0.234835
9570  0.234835
9580  0.234835
9590  0.234835
9600  0.234835
9610  0.234835
9620  0.234835
9630  0.234835
9640  0.234835
9650  0.234835
9660  0.234835
9670  0.234835
9680  0.234835
9690  0.234835
9700  0.234835
9710  0.234835
9720  0.234835
9730  0.234835
9740  0.234835
9750  0.234835
9760  0.234835
9770  0.234835
9780  0.234835
9790  0.234835
9800  0.234835
9810  0.234835
9820  0.234215
9830  0.234215
9840  0.234215
9850  0.234215
9860  0.234215
9870  0.234215
9880  0.234215
9890  0.234215
9900  0.234215
9910  0.234215
9920  0.234215
9930  0.234215
9940  0.234215
9950  0.234215
9960  0.234215
9970  0.234215
9980  0.234215
9990  0.234215
10000  0.234215
10010  0.234215
10020  0.234215
10030  0.234215
10040  0.234215
10050  0.234215
10060  0.234215
10070  0.234215
10080  0.234215
10090  0.234215
10100  0.234215
10110  0.234215
10120  0.234215
10130  0.234215
10140  0.234215
10150  0.234215
10160  0.234215
10170  0.234215
10180  0.234215
10190  0.234215
10200  0.234215
10210  0.234215
10220  0.234215
10230  0.234215
10240  0.234215
10250  0.234215
10260  0.234215
10270  0.234215
10280  0.234215
10290  0.234215
10300  0.234215
10310  0.234215
10320  0.234215
10330  0.234215
10340  0.234215
10350  0.234215
10360  0.234215
10370  0.234215
10380  0.234215
10390  0.234215
10400  0.234215
10410  0.234215
10420  0.234215
10430  0.234215
10440  0.234215
10450  0.234215
10460  0.234215
10470  0.234215
10480  0.234215
10490  0.234215
10500  0.234215
10510  0.234215
10520  0.234215
10530  0.234215
10540  0.234215
10550  0.234215
10560  0.234215
10570  0.234215
10580  0.234215
10590  0.234215
10600  0.234215
10610  0.234215
10620  0.234215
10630  0.234215
10640  0.234215
10650  0.234215
10660  0.234215
10670  0.234215
10680  0.234215
10690  0.234215
10700  0.234215
10710  0.234215
10720  0.234215
10730  0.234215
10740  0.234215
10750  0.234215
10760  0.234215
10770  0.234215
10780  0.234215
10790  0.234215
10800  0.234215
10810  0.234215
10820  0.234215
10830  0.234215
10840  0.234215
10850  0.234215
10860  0.234215
10870  0.234215
10880  0.234215
10890  0.234215
10900  0.234215
10910  0.234215
10920  0.234215
10930  0.234215
10940  0.234215
10950  0.234215
10960  0.234215
10970  0.234215
10980  0.234215
10990  0.234215
11000  0.234215
11010  0.234215
11020  0.234215
11030  0.234215
11040  0.234215
11050  0.234215
11060  0.234215
11070  0.234215
11080  0.234215
11090  0.234215
11100  0.234215
11110  0.234215
11120  0.234215
11130  0.234215
11140  0.234215
11150  0.234215
11160  0.234215
11170  0.234215
11180  0.234215
11190  0.234215
11200  0.234215
11210  0.234215
11220  0.234215
11230  0.234215
11240  0.234215
11250  0.234215
11260  0.234215
11270  0.234215
11280  0.234215
11290  0.234215
11300  0.234215
11310  0.234215
11320  0.234215
11330  0.234215
11340  0.234215
11350  0.234215
11360  0.234215
11370  0.234215
11380  0.234215
11390  0.234215
11400  0.234215
11410  0.234215
11420  0.234215
11430  0.234215
11440  0.234215
11450  0.234215
11460  0.234215
11470  0.234215
11480  0.234215
11490  0.234215
11500  0.234215
11510  0.234215
11520  0.234215
11530  0.234215
11540  0.234215
11550  0.234215
11560  0.234215
11570  0.234215
11580  0.234215
11590  0.234215
11600  0.234215
11610  0.234215
11620  0.234215
11630  0.234215
11640  0.234215
11650  0.234215
11660  0.234215
11670  0.234215
11680  0.234215
11690  0.234215
11700  0.234215
11710  0.234215
11720  0.234215
11730  0.234215
11740  0.234215
11750  0.234215
11760  0.234215
11770  0.234215
11780  0.234215
11790  0.234215
11800  0.234215
11810  0.234215
11820  0.234215
11830  0.234215
11840  0.234215
11850  0.234215
11860  0.234215
11870  0.234215
11880  0.234215
11890  0.234215
11900  0.234215
11910  0.234215
11920  0.234215
11930  0.234215
11940  0.234215
11950  0.234215
11960  0.234215
11970  0.234215
11980  0.234215
11990  0.234215
12000  0.234215
12010  0.234215
12020  0.234215
12030  0.234215
12040  0.234215
12050  0.234215
12060  0.234215
12070  0.234215
12080  0.234215
12090  0.234215
12100  0.234215
12110  0.234215
12120  0.234215
12130  0.234215
12140  0.234215
12150  0.234215
12160  0.234215
12170  0.234215
12180  0.234215
12190  0.234215
12200  0.234215
12210  0.234215
12220  0.234215
12230  0.234215
12240  0.234215
12250  0.234215
12260  0.234215
12270  0.234215
12280  0.234215
12290  0.234215
12300  0.234215
12310  0.234215
12320  0.234215
12330  0.234215
12340  0.234215
12350  0.234215
12360  0.234215
12370  0.234215
12380  0.234215
12390  0.234215
12400  0.234215
12410  0.234215
12420  0.234215
12430  0.234215
12440  0.234215
12450  0.234215
12460  0.234215
12470  0.234215
12480  0.234215
12490  0.234215
12500  0.234215
12510  0.234215
12520  0.234215
12530  0.234215
12540  0.234215
12550  0.234215
12560  0.234215
12570  0.234215
12580  0.234215
12590  0.234215
12600  0.234215
12610  0.234215
12620  0.234215
12630  0.234215
12640  0.234215
12650  0.234215
12660  0.234215
12670  0.234215
12680  0.234215
12690  0.234215
12700  0.234215
12710  0.234215
12720  0.234215
12730  0.234215
12740  0.234215
12750  0.234215
12760  0.234215
12770  0.234215
12780  0.234215
12790  0.234215
12800  0.234215
12810  0.234215
12820  0.234215
12830  0.234215
12840  0.234215
12850  0.234215
12860  0.234215
12870  0.234215
12880  0.234215
12890  0.234215
12900  0.234215
12910  0.234215
12920  0.234215
12930  0.234215
12940  0.234215
12950  0.234215
12960  0.234215
12970  0.234215
12980  0.234215
12990  0.234215
13000  0.234215
13010  0.234215
13020  0.234215
13030  0.234215
13040  0.234215
13050  0.234215
13060  0.234215
13070  0.234215
13080  0.234215
13090  0.234215
13100  0.234215
13110  0.234215
13120  0.234215
13130  0.234215
13140  0.234215
13150  0.234215
13160  0.234215
13170  0.234215
13180  0.234215
13190  0.234215
13200  0.234215
13210  0.234215
13220  0.234215
13230  0.234215
13240  0.234215
13250  0.234215
13260  0.234215
13270  0.234215
13280  0.234215
13290  0.234215
13300  0.234215
13310  0.234215
13320  0.234215
13330  0.234215
13340  0.234215
13350  0.234215
13360  0.234215
13370  0.234215
13380  0.234215
13390  0.234215
13400  0.234215
13410  0.234215
13420  0.234215
13430  0.234215
13440  0.234215
13450  0.234215
13460  0.234215
13470  0.234215
13480  0.234215
13490  0.234215
13500  0.234215
13510  0.234215
13520  0.234215
13530  0.234215
13540  0.234215
13550  0.234215
13560  0.234215
13570  0.234215
13580  0.234215
13590  0.234215
13600  0.234215
13610  0.234215
13620  0.234215
13630  0.234215
13640  0.234215
13650  0.234215
13660  0.234215
13670  0.234215
13680  0.234215
13690  0.234215
13700  0.234215
13710  0.234215
13720  0.234215
13730  0.234215
13740  0.234215
13750  0.234215
13760  0.234215
13770  0.234215
13780  0.234215
13790  0.234215
13800  0.234215
13810  0.234215
13820  0.234215
13830  0.234215
13840  0.234215
13850  0.234215
13860  0.234215
13870  0.234215
13880  0.234215
13890  0.234215
13900  0.234215
13910  0.234215
13920  0.234215
13930  0.234215
13940  0.234215
13950  0.234215
13960  0.234215
13970  0.234215
13980  0.234215
13990  0.234215
14000  0.234215
14010  0.234215
14020  0.234215
14030  0.234215
14040  0.234215
14050  0.234215
14060  0.234215
14070  0.234215
14080  0.234215
14090  0.234215
14100  0.234215
14110  0.234215
14120  0.234215
14130  0.234215
14140  0.234215
14150  0.234215
14160  0.234215
14170  0.234215
14180  0.234215
14190  0.234215
14200  0.234215
14210  0.234215
14220  0.234215
14230  0.234215
14240  0.234215
14250  0.234215
14260  0.234215
14270  0.234215
14280  0.234215
14290  0.234215
14300  0.234215
14310  0.234215
14320  0.234215
14330  0.234215
14340  0.234215
14350  0.234215
14360  0.234215
14370  0.234215
14380  0.234215
14390  0.234215
14400  0.234215
14410  0.234215
14420  0.234215
14430  0.234215
14440  0.234215
14450  0.234215
14460  0.234215
14470  0.234215
14480  0.234215
14490  0.234215
14500  0.234215
14510  0.234215
14520  0.234215
14530  0.234215
14540  0.234215
14550  0.234215
14560  0.234215
14570  0.234215
14580  0.234215
14590  0.234215
14600  0.234215
14610  0.234215
14620  0.234215
14630  0.234215
14640  0.234215
14650  0.234215
14660  0.234215
14670  0.234215
14680  0.234215
14690  0.234215
14700  0.234215
14710  0.234215
14720  0.234215
14730  0.234215
14740  0.234215
14750  0.234215
14760  0.234215
14770  0.234215
14780  0.234215
14790  0.234215
14800  0.234215
14810  0.234215
14820  0.234215
14830  0.234215
14840  0.234215
14850  0.234215
14860  0.234215
14870  0.234215
14880  0.234215
14890  0.234215
14900  0.234215
14910  0.234215
14920  0.234215
14930  0.234215
14940  0.234215
14950  0.234215
14960  0.234215
14970  0.234215
14980  0.234215
14990  0.234215
15000  0.234215
15010  0.234215
15020  0.234215
15030  0.234215
15040  0.234215
15050  0.234215
15060  0.234215
15070  0.234215
15080  0.234215
15090  0.234215
15100  0.234215
15110  0.234215
15120  0.234215
15130  0.234215
15140  0.234215
15150  0.234215
15160  0.234215
15170  0.234215
15180  0.234215
15190  0.234215
15200  0.234215
15210  0.234215
15220  0.234215
15230  0.234215
15240  0.234215
15250  0.234215
15260  0.234215
15270  0.234215
15280  0.234215
15290  0.234215
15300  0.234215
15310  0.234215
15320  0.234215
15330  0.234215
15340  0.234215
15350  0.234215
15360  0.234215
15370  0.234215
15380  0.234215
15390  0.234215
15400  0.234215
15410  0.234215
15420  0.234215
15430  0.234215
15440  0.234215
15450  0.234215
15460  0.234215
15470  0.234215
15480  0.234215
15490  0.234215
15500  0.234215
15510  0.234215
15520  0.234215
15530  0.234215
15540  0.234215
15550  0.234215
15560  0.234215
15570  0.234215
15580  0.234215
15590  0.234215
15600  0.234215
15610  0.234215
15620  0.234215
15630  0.234215
15640  0.234215
15650  0.234215
15660  0.234215
15670  0.234215
15680  0.234215
15690  0.234215
15700  0.234215
15710  0.234215
15720  0.234215
15730  0.234215
15740  0.234215
15750  0.234215
15760  0.234215
15770  0.234215
15780  0.234215
15790  0.234215
15800  0.234215
15810  0.234215
15820  0.234215
15830  0.234215
15840  0.234215
15850  0.234215
15860  0.234215
15870  0.234215
15880  0.234215
15890  0.234215
15900  0.234215
15910  0.234215
15920  0.234215
15930  0.234215
15940  0.234215
15950  0.234215
15960  0.234215
15970  0.234215
15980  0.234215
15990  0.234215
16000  0.234215
16010  0.234215
16020  0.234215
16030  0.234215
16040  0.234215
16050  0.234215
16060  0.234215
16070  0.234215
16080  0.234215
16090  0.234215
16100  0.234215
16110  0.234215
16120  0.234215
16130  0.234215
16140  0.234215
16150  0.234215
16160  0.234215
16170  0.234215
16180  0.234215
16190  0.234215
16200  0.234215
16210  0.234215
16220  0.234215
16230  0.234215
16240  0.234215
16250  0.234215
16260  0.234215
16270  0.234215
16280  0.234215
16290  0.234215
16300  0.234215
16310  0.234215
16320  0.234215
16330  0.234215
16340  0.234215
16350  0.234215
16360  0.234215
16370  0.234215
16380  0.234215
16390  0.234215
16400  0.234215
16410  0.234215
16420  0.234215
16430  0.234215
16440  0.234215
16450  0.234215
16460  0.234215
16470  0.234215
16480  0.234215
16490  0.234215
16500  0.234215
16510  0.234215
16520  0.234215
16530  0.234215
16540  0.234215
16550  0.234215
16560  0.234215
16570  0.234215
16580  0.234215
16590  0.234215
16600  0.234215
16610  0.234215
16620  0.234215
16630  0.234215
16640  0.234215
16650  0.234215
16660  0.234215
16670  0.234215
16680  0.234215
16690  0.234215
16700  0.234215
16710  0.234215
16720  0.234215
16730  0.234215
16740  0.234215
16750  0.234215
16760  0.234215
16770  0.234215
16780  0.234215
16790  0.234215
16800  0.234215
16810  0.234215
16820  0.234215
16830  0.234215
16840  0.234215
16850  0.234215
16860  0.234215
16870  0.234215
16880  0.234215
16890  0.234215
16900  0.234215
16910  0.234215
16920  0.234215
16930  0.234215
16940  0.234215
16950  0.234215
16960  0.234215
16970  0.234215
16980  0.234215
16990  0.234215
17000  0.234215
17010  0.234215
17020  0.234215
17030  0.234215
17040  0.234215
17050  0.234215
17060  0.234215
17070  0.234215
17080  0.234215
17090  0.234215
17100  0.234215
17110  0.234215
17120  0.234215
17130  0.234215
17140  0.234215
17150  0.234215
17160  0.234215
17170  0.234215
17180  0.234215
17190  0.234215
17200  0.234215
17210  0.234215
17220  0.234215
17230  0.234215
17240  0.234215
17250  0.234215
17260  0.234215
17270  0.234215
17280  0.234215
17290  0.234215
17300  0.234215
17310  0.234215
17320  0.234215
17330  0.234215
17340  0.234215
17350  0.234215
17360  0.234215
17370  0.234215
17380  0.234215
17390  0.234215
17400  0.234215
17410  0.234215
17420  0.234215
17430  0.234215
17440  0.234215
17450  0.234215
17460  0.234215
17470  0.234215
17480  0.234215
17490  0.234215
17500  0.234215
17510  0.234215
17520  0.234215
17530  0.234215
17540  0.234215
17550  0.234215
17560  0.234215
17570  0.234215
17580  0.234215
17590  0.234215
17600  0.234215
17610  0.234215
17620  0.234215
17630  0.234215
17640  0.234215
17650  0.234215
17660  0.234215
17670  0.234215
17680  0.234215
17690  0.234215
17700  0.234215
17710  0.234215
17720  0.234215
17730  0.234215
17740  0.234215
17750  0.234215
17760  0.234215
17770  0.234215
17780  0.234215
17790  0.234215
17800  0.234215
17810  0.234215
17820  0.234215
17830  0.234215
17840  0.234215
17850  0.234215
17860  0.234215
17870  0.234215
17880  0.234215
17890  0.234215
17900  0.234215
17910  0.234215
17920  0.234215
17930  0.234215
17940  0.234215
17950  0.234215
17960  0.234215
17970  0.234215
17980  0.234215
17990  0.234215
18000  0.234215
18010  0.234215
18020  0.234215
18030  0.234215
18040  0.234215
18050  0.234215
18060  0.234215
18070  0.234215
18080  0.234215
18090  0.234215
18100  0.234215
18110  0.234215
18120  0.234215
18130  0.234215
18140  0.234215
18150  0.234215
18160  0.234215
18170  0.234215
18180  0.234215
18190  0.234215
18200  0.234215
18210  0.234215
18220  0.234215
18230  0.234215
18240  0.234215
18250  0.234215
18260  0.234215
18270  0.234215
18280  0.234215
18290  0.234215
18300  0.234215
18310  0.234215
18320  0.234215
18330  0.234215
18340  0.234215
18350  0.234215
18360  0.234215
18370  0.234215
18380  0.234215
18390  0.234215
18400  0.234215
18410  0.234215
18420  0.234215
18430  0.234215
18440  0.234215
18450  0.234215
18460  0.234215
18470  0.234215
18480  0.234215
18490  0.234215
18500  0.234215
18510  0.234215
18520  0.234215
18530  0.234215
18540  0.234215
18550  0.234215
18560  0.234215
18570  0.234215
18580  0.234215
18590  0.234215
18600  0.234215
18610  0.234215
18620  0.234215
18630  0.234215
18640  0.234215
18650  0.234215
18660  0.234215
18670  0.234215
18680  0.234215
18690  0.234215
18700  0.234215
18710  0.234215
18720  0.234215
18730  0.234215
18740  0.234215
18750  0.234215
18760  0.234215
18770  0.234215
18780  0.234215
18790  0.234215
18800  0.234215
18810  0.234215
18820  0.234215
18830  0.234215
18840  0.234215
18850  0.234215
18860  0.234215
18870  0.234215
18880  0.234215
18890  0.234215
18900  0.234215
18910  0.234215
18920  0.234215
18930  0.234215
18940  0.234215
18950  0.234215
18960  0.234215
18970  0.234215
18980  0.234215
18990  0.234215
19000  0.234215
19010  0.234215
19020  0.234215
19030  0.234215
19040  0.234215
19050  0.234215
19060  0.234215
19070  0.234215
19080  0.234215
19090  0.234215
19100  0.234215
19110  0.234215
19120  0.234215
19130  0.234215
19140  0.234215
19150  0.234215
19160  0.234215
19170  0.234215
19180  0.234215
19190  0.234215
19200  0.234215
19210  0.234215
19220  0.234215
19230  0.234215
19240  0.234215
19250  0.234215
19260  0.234215
19270  0.234215
19280  0.234215
19290  0.234215
19300  0.234215
19310  0.234215
19320  0.234215
19330  0.234215
19340  0.234215
19350  0.234215
19360  0.234215
19370  0.234215
19380  0.234215
19390  0.234215
19400  0.234215
19410  0.234215
19420  0.234215
19430  0.234215
19440  0.234215
19450  0.234215
19460  0.234215
19470  0.234215
19480  0.234215
19490  0.234215
19500  0.234215
19510  0.234215
19520  0.234215
19530  0.234215
19540  0.234215
19550  0.234215
19560  0.234215
19570  0.234215
19580  0.234215
19590  0.234215
19600  0.234215
19610  0.234215
19620  0.234215
19630  0.234215
19640  0.234215
19650  0.234215
19660  0.234215
19670  0.234215
19680  0.234215
19690  0.234215
19700  0.234215
19710  0.234215
19720  0.234215
19730  0.234215
19740  0.234215
19750  0.234215
19760  0.234215
19770  0.234215
19780  0.234215
19790  0.234215
19800  0.234215
19810  0.234215
19820  0.234215
19830  0.234215
19840  0.234215
19850  0.234215
19860  0.234215
19870  0.234215
19880  0.234215
19890  0.234215
19900  0.234215
19910  0.234215
19920  0.234215
19930  0.234215
19940  0.234215
19950  0.234215
19960  0.234215
19970  0.234215
19980  0.234215
19990  0.234215
20000  0.234215
20010  0.234215
20020  0.234215
20030  0.234215
20040  0.234215
20050  0.234215
20060  0.234215
20070  0.234215
20080  0.234215
20090  0.234215
20100  0.234215
20110  0.234215
20120  0.234215
20130  0.234215
20140  0.234215
20150  0.234215
20160  0.234215
20170  0.234215
20180  0.234215
20190  0.234215
20200  0.234215
20210  0.234215
20220  0.234215
20230  0.234215
20240  0.234215
20250  0.234215
20260  0.234215
20270  0.234215
20280  0.234215
20290  0.234215
20300  0.234215
20310  0.234215
20320  0.234215
20330  0.234215
20340  0.234215
20350  0.234215
20360  0.234215
20370  0.234215
20380  0.234215
20390  0.234215
20400  0.234215
20410  0.234215
20420  0.234215
20430  0.234215
20440  0.234215
20450  0.234215
20460  0.234215
20470  0.234215
20480  0.234215
20490  0.234215
20500  0.234215
20510  0.234215
20520  0.234215
20530  0.234215
20540  0.234215
20550  0.234215
20560  0.234215
20570  0.234215
20580  0.234215
20590  0.234215
20600  0.234215
20610  0.234215
20620  0.234215
20630  0.234215
20640  0.234215
20650  0.234215
20660  0.234215
20670  0.234215
20680  0.234215
20690  0.234215
20700  0.234215
20710  0.234215
20720  0.234215
20730  0.234215
20740  0.234215
20750  0.234215
20760  0.234215
20770  0.234215
20780  0.234215
20790  0.234215
20800  0.234215
20810  0.234215
20820  0.234215
20830  0.234215
20840  0.234215
20850  0.234215
20860  0.234215
20870  0.234215
20880  0.234215
20890  0.234215
20900  0.234215
20910  0.234215
20920  0.234215
20930  0.234215
20940  0.234215
20950  0.234215
20960  0.234215
20970  0.234215
20980  0.234215
20990  0.234215
21000  0.234215
21010  0.234215
21020  0.234215
21030  0.234215
21040  0.234215
21050  0.234215
21060  0.234215
21070  0.234215
21080  0.234215
21090  0.234215
21100  0.234215
21110  0.234215
21120  0.234215
21130  0.234215
21140  0.234215
21150  0.234215
21160  0.234215
21170  0.234215
21180  0.234215
21190  0.234215
21200  0.234215
21210  0.234215
21220  0.234215
21230  0.234215
21240  0.234215
21250  0.234215
21260  0.234215
21270  0.234215
21280  0.234215
21290  0.234215
21300  0.234215
21310  0.234215
21320  0.234215
21330  0.234215
21340  0.234215
21350  0.234215
21360  0.234215
21370  0.234215
21380  0.234215
21390  0.234215
21400  0.234215
21410  0.234215
21420  0.234215
21430  0.234215
21440  0.234215
21450  0.234215
21460  0.234215
21470  0.234215
21480  0.234215
21490  0.234215
21500  0.234215
21510  0.234215
21520  0.234215
21530  0.234215
21540  0.234215
21550  0.234215
21560  0.234215
21570  0.234215
21580  0.234215
21590  0.234215
21600  0.234215
21610  0.234215
21620  0.234215
21630  0.234215
21640  0.234215
21650  0.234215
21660  0.234215
21670  0.234215
21680  0.234215
21690  0.234215
21700  0.234215
21710  0.234215
21720  0.234215
21730  0.234215
21740  0.234215
21750  0.234215
21760  0.234215
21770  0.234215
21780  0.234215
21790  0.234215
21800  0.234215
21810  0.234215
21820  0.234215
21830  0.234215
21840  0.234215
21850  0.234215
21860  0.234215
21870  0.234215
21880  0.234215
21890  0.234215
21900  0.234215
21910  0.234215
21920  0.234215
21930  0.234215
21940  0.234215
21950  0.234215
21960  0.234215
21970  0.234215
21980  0.234215
21990  0.234215
22000  0.234215
22010  0.234215
22020  0.234215
22030  0.234215
22040  0.234215
22050  0.234215
22060  0.234215
22070  0.234215
22080  0.234215
22090  0.234215
22100  0.234215
22110  0.234215
22120  0.234215
22130  0.234215
22140  0.234215
22150  0.234215
22160  0.234215
22170  0.234215
22180  0.234215
22190  0.234215
22200  0.234215
22210  0.234215
22220  0.234215
22230  0.234215
22240  0.234215
22250  0.234215
22260  0.234215
22270  0.234215
22280  0.234215
22290  0.234215
22300  0.234215
22310  0.234215
22320  0.234215
22330  0.234215
22340  0.234215
22350  0.234215
22360  0.234215
22370  0.234215
22380  0.234215
22390  0.234215
22400  0.234215
22410  0.234215
22420  0.234215
22430  0.234215
22440  0.234215
22450  0.234215
22460  0.234215
22470  0.234215
22480  0.234215
22490  0.234215
22500  0.234215
22510  0.234215
22520  0.234215
22530  0.234215
22540  0.234215
22550  0.234215
22560  0.234215
22570  0.234215
22580  0.234215
22590  0.234215
22600  0.234215
22610  0.234215
22620  0.234215
22630  0.234215
22640  0.234215
22650  0.234215
22660  0.234215
22670  0.234215
22680  0.234215
22690  0.234215
22700  0.234215
22710  0.234215
22720  0.234215
22730  0.234215
22740  0.234215
22750  0.234215
22760  0.234215
22770  0.234215
22780  0.234215
22790  0.234215
22800  0.234215
22810  0.234215
22820  0.234215
22830  0.234215
22840  0.234215
22850  0.234215
22860  0.234215
22870  0.234215
22880  0.234215
22890  0.234215
22900  0.234215
22910  0.234215
22920  0.234215
22930  0.234215
22940  0.234215
22950  0.234215
22960  0.234215
22970  0.234215
22980  0.234215
22990  0.234215
23000  0.234215
23010  0.234215
23020  0.234215
23030  0.234215
23040  0.234215
23050  0.234215
23060  0.234215
23070  0.234215
23080  0.234215
23090  0.234215
23100  0.234215
23110  0.234215
23120  0.234215
23130  0.234215
23140  0.234215
23150  0.234215
23160  0.234215
23170  0.234215
23180  0.234215
23190  0.234215
23200  0.234215
23210  0.234215
23220  0.234215
23230  0.234215
23240  0.234215
23250  0.234215
23260  0.234215
23270  0.234215
23280  0.234215
23290  0.234215
23300  0.234215
23310  0.234215
23320  0.234215
23330  0.234215
23340  0.234215
23350  0.234215
23360  0.234215
23370  0.234215
23380  0.234215
23390  0.234215
23400  0.234215
23410  0.234215
23420  0.234215
23430  0.234215
23440  0.234215
23450  0.234215
23460  0.234215
23470  0.234215
23480  0.234215
23490  0.234215
23500  0.234215
23510  0.234215
23520  0.234215
23530  0.234215
23540  0.234215
23550  0.234215
23560  0.234215
23570  0.234215
23580  0.234215
23590  0.234215
23600  0.234215
23610  0.234215
23620  0.234215
23630  0.234215
23640  0.234215
23650  0.234215
23660  0.234215
23670  0.234215
23680  0.234215
23690  0.234215
23700  0.234215
23710  0.234215
23720  0.234215
23730  0.234215
23740  0.234215
23750  0.234215
23760  0.234215
23770  0.234215
23780  0.234215
23790  0.234215
23800  0.234215
23810  0.234215
23820  0.234215
23830  0.234215
23840  0.234215
23850  0.234215
23860  0.234215
23870  0.234215
23880  0.234215
23890  0.234215
23900  0.234215
23910  0.234215
23920  0.234215
23930  0.234215
23940  0.234215
23950  0.234215
23960  0.234215
23970  0.234215
23980  0.234215
23990  0.234215
24000  0.234215
24010  0.234215
24020  0.234215
24030  0.234215
24040  0.234215
24050  0.234215
24060  0.234215
24070  0.234215
24080  0.234215
24090  0.234215
24100  0.234215
24110  0.234215
24120  0.234215
24130  0.234215
24140  0.234215
24150  0.234215
24160  0.234215
24170  0.234215
24180  0.234215
24190  0.234215
24200  0.234215
24210  0.234215
24220  0.234215
24230  0.234215
24240  0.234215
24250  0.234215
24260  0.234215
24270  0.234215
24280  0.234215
24290  0.234215
24300  0.234215
24310  0.234215
24320  0.234215
24330  0.234215
24340  0.234215
24350  0.234215
24360  0.234215
24370  0.234215
24380  0.234215
24390  0.234215
24400  0.234215
24410  0.234215
24420  0.234215
24430  0.234215
24440  0.234215
24450  0.234215
24460  0.234215
24470  0.234215
24480  0.234215
24490  0.234215
24500  0.234215
24510  0.234215
24520  0.234215
24530  0.234215
24540  0.234215
24550  0.234215
24560  0.234215
24570  0.234215
24580  0.234215
24590  0.234215
24600  0.234215
24610  0.234215
24620  0.234215
24630  0.234215
24640  0.234215
24650  0.234215
24660  0.234215
24670  0.234215
24680  0.234215
24690  0.234215
24700  0.234215
24710  0.234215
24720  0.234215
24730  0.234215
24740  0.234215
24750  0.234215
24760  0.234215
24770  0.234215
24780  0.234215
24790  0.234215
24800  0.234215
24810  0.234215
24820  0.234215
24830  0.234215
24840  0.234215
24850  0.234215
24860  0.234215
24870  0.234215
24880  0.234215
24890  0.234215
24900  0.234215
24910  0.234215
24920  0.234215
24930  0.234215
24940  0.234215
24950  0.234215
24960  0.234215
24970  0.234215
24980  0.234215
24990  0.234215
25000  0.234215
25010  0.234215
25020  0.234215
25030  0.234215
25040  0.234215
25050  0.234215
25060  0.234215
25070  0.234215
25080  0.234215
25090  0.234215
25100  0.234215
25110  0.234215
25120  0.234215
25130  0.234215
25140  0.234215
25150  0.234215
25160  0.234215
25170  0.234215
25180  0.234215
25190  0.234215
25200  0.234215
25210  0.234215
25220  0.234215
25230  0.234215
25240  0.234215
25250  0.234215
25260  0.234215
25270  0.234215
25280  0.234215
25290  0.234215
25300  0.234215
25310  0.234215
25320  0.234215
25330  0.234215
25340  0.234215
25350  0.234215
25360  0.234215
25370  0.234215
25380  0.234215
25390  0.233755
25400  0.233755
25410  0.233755
25420  0.233755
25430  0.233755
25440  0.233755
25450  0.233755
25460  0.233755
25470  0.233755
25480  0.233755
25490  0.233755
25500  0.233755
25510  0.233755
25520  0.233755
25530  0.233755
25540  0.233755
25550  0.233755
25560  0.233755
25570  0.233755
25580  0.233755
25590  0.233755
25600  0.233755
25610  0.233755
25620  0.233755
25630  0.233755
25640  0.233755
25650  0.233755
25660  0.233755
25670  0.233755
25680  0.233755
25690  0.233755
25700  0.233755
25710  0.233755
25720  0.233755
25730  0.233755
25740  0.233755
25750  0.233755
25760  0.233755
25770  0.233755
25780  0.233755
25790  0.233755
25800  0.233755
25810  0.233755
25820  0.233755
25830  0.233755
25840  0.233755
25850  0.233755
25860  0.233755
25870  0.233755
25880  0.233755
25890  0.233755
25900  0.233755
25910  0.233755
25920  0.233755
25930  0.233755
25940  0.233755
25950  0.233755
25960  0.233755
25970  0.233755
25980  0.233755
25990  0.233755
26000  0.233755
26010  0.233755
26020  0.233755
26030  0.233755
26040  0.233755
26050  0.233755
26060  0.233755
26070  0.233755
26080  0.233755
26090  0.233755
26100  0.233755
26110  0.233755
26120  0.233755
26130  0.233755
26140  0.233755
26150  0.233755
26160  0.233755
26170  0.233755
26180  0.233755
26190  0.233755
26200  0.233755
26210  0.233755
26220  0.233755
26230  0.233755
26240  0.233755
26250  0.233755
26260  0.233755
26270  0.233755
26280  0.233755
26290  0.233755
26300  0.233755
26310  0.233755
26320  0.233755
26330  0.233755
26340  0.233755
26350  0.233755
26360  0.233755
26370  0.233755
26380  0.233755
26390  0.233755
26400  0.233755
26410  0.233755
26420  0.233755
26430  0.233755
26440  0.233755
26450  0.233755
26460  0.233755
26470  0.233755
26480  0.233755
26490  0.233755
26500  0.233755
26510  0.233755
26520  0.233755
26530  0.233755
26540  0.233755
26550  0.233755
26560  0.233755
26570  0.233755
26580  0.233755
26590  0.233755
26600  0.233755
26610  0.233755
26620  0.233755
26630  0.233755
26640  0.233755
26650  0.233755
26660  0.233755
26670  0.233755
26680  0.233755
26690  0.233755
26700  0.233755
26710  0.233755
26720  0.233755
26730  0.233755
26740  0.233755
26750  0.233755
26760  0.233755
26770  0.233755
26780  0.233755
26790  0.233755
26800  0.233755
26810  0.233755
26820  0.233755
26830  0.233755
26840  0.233755
26850  0.233755
26860  0.233755
26870  0.233755
26880  0.233755
26890  0.233755
26900  0.233755
26910  0.233755
26920  0.233755
26930  0.233755
26940  0.233755
26950  0.233755
26960  0.233755
26970  0.233755
26980  0.233755
26990  0.233755
27000  0.233755
27010  0.233755
27020  0.233755
27030  0.233755
27040  0.233755
27050  0.233755
27060  0.233755
27070  0.233755
27080  0.233755
27090  0.233755
27100  0.233755
27110  0.233755
27120  0.233755
27130  0.233755
27140  0.233755
27150  0.233755
27160  0.233755
27170  0.233755
27180  0.233755
27190  0.233755
27200  0.233755
27210  0.233755
27220  0.233755
27230  0.233755
27240  0.233755
27250  0.233755
27260  0.233755
27270  0.233755
27280  0.233755
27290  0.233755
27300  0.233755
27310  0.233755
27320  0.233755
27330  0.233755
27340  0.233755
27350  0.233755
27360  0.233755
27370  0.233755
27380  0.233755
27390  0.233755
27400  0.233755
27410  0.233755
27420  0.233755
27430  0.233755
27440  0.233755
27450  0.233755
27460  0.233755
27470  0.233755
27480  0.233755
27490  0.233755
27500  0.233755
27510  0.233755
27520  0.233755
27530  0.233755
27540  0.233755
27550  0.233755
27560  0.233755
27570  0.233755
27580  0.233755
27590  0.233755
27600  0.233755
27610  0.233755
27620  0.233755
27630  0.233755
27640  0.233755
27650  0.233755
27660  0.233755
27670  0.233755
27680  0.233755
27690  0.233755
27700  0.233755
27710  0.233755
27720  0.233755
27730  0.233755
27740  0.233755
27750  0.233755
27760  0.233755
27770  0.233755
27780  0.233755
27790  0.233755
27800  0.233755
27810  0.233755
27820  0.233755
27830  0.233755
27840  0.233755
27850  0.233755
27860  0.233755
27870  0.233755
27880  0.233755
27890  0.233755
27900  0.233755
27910  0.233755
27920  0.233755
27930  0.233755
27940  0.233755
27950  0.233755
27960  0.233755
27970  0.233755
27980  0.233755
27990  0.233755
28000  0.233755
28010  0.233755
28020  0.233755
28030  0.233755
28040  0.233755
28050  0.233755
28060  0.233755
28070  0.233755
28080  0.233755
28090  0.233755
28100  0.233755
28110  0.233755
28120  0.233755
28130  0.233755
28140  0.233755
28150  0.233755
28160  0.233755
28170  0.233755
28180  0.233755
28190  0.233755
28200  0.233755
28210  0.233755
28220  0.233755
28230  0.233755
28240  0.233755
28250  0.233755
28260  0.233755
28270  0.233755
28280  0.233755
28290  0.233755
28300  0.233755
28310  0.233755
28320  0.233755
28330  0.233755
28340  0.233755
28350  0.233755
28360  0.233755
28370  0.233755
28380  0.233755
28390  0.233755
28400  0.233755
28410  0.233755
28420  0.233755
28430  0.233755
28440  0.233755
28450  0.233755
28460  0.233755
28470  0.233755
28480  0.233755
28490  0.233755
28500  0.233755
28510  0.233755
28520  0.233755
28530  0.233755
28540  0.233755
28550  0.233755
28560  0.233755
28570  0.233755
28580  0.233755
28590  0.233755
28600  0.233755
28610  0.233755
28620  0.233755
28630  0.233755
28640  0.233755
28650  0.233755
28660  0.233755
28670  0.233755
28680  0.233755
28690  0.233755
28700  0.233755
28710  0.233755
28720  0.233755
28730  0.233755
28740  0.233755
28750  0.233755
28760  0.233755
28770  0.233755
28780  0.233755
28790  0.233755
28800  0.233755
28810  0.233755
28820  0.233755
28830  0.233755
28840  0.233755
28850  0.233755
28860  0.233755
28870  0.233755
28880  0.233755
28890  0.233755
28900  0.233755
28910  0.233755
28920  0.233755
28930  0.233755
28940  0.233755
28950  0.233755
28960  0.233755
28970  0.233755
28980  0.233755
28990  0.233755
29000  0.233755
29010  0.233755
29020  0.233755
29030  0.233755
29040  0.233755
29050  0.233755
29060  0.233755
29070  0.233755
29080  0.233755
29090  0.233755
29100  0.233755
29110  0.233755
29120  0.233755
29130  0.233755
29140  0.233755
29150  0.233755
29160  0.233755
29170  0.233755
29180  0.233755
29190  0.233755
29200  0.233755
29210  0.233755
29220  0.233755
29230  0.233755
29240  0.233755
29250  0.233755
29260  0.233755
29270  0.233755
29280  0.233755
29290  0.233755
29300  0.233755
29310  0.233755
29320  0.233755
29330  0.233755
29340  0.233755
29350  0.233755
29360  0.233755
29370  0.233755
29380  0.233755
29390  0.233755
29400  0.233755
29410  0.233755
29420  0.233755
29430  0.233755
29440  0.233755
29450  0.233755
29460  0.233755
29470  0.233755
29480  0.233755
29490  0.233755
29500  0.233755
29510  0.233755
29520  0.233755
29530  0.233755
29540  0.233755
29550  0.233755
29560  0.233755
29570  0.233755
29580  0.233755
29590  0.233755
29600  0.233755
29610  0.233755
29620  0.233755
29630  0.233755
29640  0.233755
29650  0.233755
29660  0.233755
29670  0.233755
29680  0.233755
29690  0.233755
29700  0.233755
29710  0.233755
29720  0.233755
29730  0.233755
29740  0.233755
29750  0.233755
29760  0.233755
29770  0.233755
29780  0.233755
29790  0.233755
29800  0.233755
29810  0.233755
29820  0.233755
29830  0.233755
29840  0.233755
29850  0.233755
29860  0.233755
29870  0.233755
29880  0.233755
29890  0.233755
29900  0.233755
29910  0.233755
29920  0.233755
29930  0.233755
29940  0.233755
29950  0.233755
29960  0.233755
29970  0.233755
29980  0.233755
29990  0.233755
30000  0.233755
30010  0.233755
