Step  Penalty
100  0.47919
200  0.470933
300  0.470933
400  0.461087
500  0.43678
600  0.430009
700  0.42631
800  0.42631
900  0.410896
1000  0.38493
1100  0.38493
1200  0.370501
1300  0.359188
1400  0.345481
1500  0.33677
1600  0.316224
1700  0.31488
1800  0.305314
1900  0.296622
2000  0.276245
2100  0.266711
2200  0.264614
2300  0.256669
2400  0.246598
2500  0.240416
2600  0.233169
2700  0.231543
2800  0.220696
2900  0.2128
3000  0.2128
3100  0.209405
3200  0.20389
3300  0.200827
3400  0.200827
3500  0.195193
3600  0.193202
3700  0.191217
3800  0.187941
3900  0.185148
4000  0.183495
4100  0.18164
4200  0.178819
4300  0.178556
4400  0.177936
4500  0.173936
4600  0.173936
4700  0.173936
4800  0.173936
4900  0.173936
5000  0.173936
5100  0.171006
5200  0.171006
5300  0.171006
5400  0.171006
5500  0.171006
5600  0.171006
5700  0.169993
5800  0.169993
5900  0.169847
6000  0.169847
6100  0.169257
6200  0.167731
6300  0.167731
6400  0.166956
6500  0.166956
6600  0.166956
6700  0.166956
6800  0.165418
6900  0.165418
7000  0.165006
7100  0.163209
7200  0.163209
7300  0.163209
7400  0.163209
7500  0.163209
7600  0.163209
7700  0.163209
7800  0.163209
7900  0.163209
8000  0.163209
8100  0.163209
8200  0.162288
8300  0.162288
8400  0.162288
8500  0.162288
8600  0.162288
8700  0.162288
8800  0.162288
8900  0.162288
9000  0.162288
9100  0.162288
9200  0.162288
9300  0.162288
9400  0.162288
9500  0.162288
9600  0.162288
9700  0.162288
9800  0.162268
9900  0.162268
10000  0.162268
10100  0.162268
10200  0.162268
10300  0.162268
10400  0.162268
10500  0.162268
10600  0.162268
10700  0.162268
10800  0.162268
10900  0.162268
11000  0.161525
11100  0.161525
11200  0.161525
11300  0.161525
11400  0.161525
11500  0.161525
11600  0.161525
11700  0.161525
11800  0.161525
11900  0.161525
12000  0.161525
12100  0.161525
12200  0.161525
12300  0.161525
12400  0.161525
12500  0.161525
12600  0.161388
12700  0.161388
12800  0.161388
12900  0.161388
13000  0.161388
13100  0.161388
13200  0.161388
13300  0.161388
13400  0.161388
13500  0.161388
13600  0.161388
13700  0.161388
13800  0.161388
13900  0.161388
14000  0.161388
14100  0.160871
14200  0.160871
14300  0.160871
14400  0.160871
14500  0.160871
14600  0.160871
14700  0.160599
14800  0.160599
14900  0.160599
15000  0.160599
15100  0.160599
15200  0.160599
15300  0.160599
15400  0.160599
15500  0.160599
15600  0.160599
15700  0.160599
15800  0.160599
15900  0.160599
16000  0.160599
16100  0.160599
16200  0.160599
16300  0.160599
16400  0.160599
16500  0.160599
16600  0.160599
16700  0.160599
16800  0.160599
16900  0.160599
17000  0.160493
17100  0.160493
17200  0.160493
17300  0.160493
17400  0.160493
17500  0.160493
17600  0.160493
17700  0.159647
17800  0.159647
17900  0.159647
18000  0.159647
18100  0.159647
18200  0.159647
18300  0.159647
18400  0.159647
18500  0.159647
18600  0.159647
18700  0.159647
18800  0.159647
18900  0.159647
19000  0.159647
19100  0.159647
19200  0.159647
19300  0.159647
19400  0.159647
19500  0.159647
19600  0.159647
19700  0.159647
19800  0.159647
19900  0.159647
20000  0.159647
20100  0.159647
20200  0.159647
20300  0.159647
20400  0.159647
20500  0.159647
20600  0.159647
20700  0.159647
20800  0.159647
20900  0.159647
21000  0.159647
21100  0.159647
21200  0.159647
21300  0.159647
21400  0.159647
21500  0.159647
21600  0.159647
21700  0.159647
21800  0.159647
21900  0.159647
22000  0.159647
22100  0.159647
22200  0.159647
22300  0.159647
22400  0.159647
22500  0.159647
22600  0.159647
22700  0.159647
22800  0.159647
22900  0.159647
23000  0.159647
23100  0.159647
23200  0.159647
23300  0.159647
23400  0.159647
23500  0.159647
23600  0.159647
23700  0.159647
23800  0.159647
23900  0.159647
24000  0.159647
24100  0.159647
24200  0.159647
24300  0.159647
24400  0.159647
24500  0.159647
24600  0.157743
24700  0.157743
24800  0.157743
24900  0.157743
25000  0.157743
25100  0.157743
25200  0.157743
25300  0.157743
25400  0.157743
25500  0.157743
25600  0.157743
25700  0.157743
25800  0.157743
25900  0.157743
26000  0.157743
26100  0.157743
26200  0.157743
26300  0.157743
26400  0.157743
26500  0.157743
26600  0.157743
26700  0.157743
26800  0.157743
26900  0.157743
27000  0.157743
27100  0.157743
27200  0.157743
27300  0.157743
27400  0.157743
27500  0.157743
27600  0.157743
27700  0.157743
27800  0.157743
27900  0.157743
28000  0.157743
28100  0.157743
28200  0.157743
28300  0.157743
28400  0.157743
28500  0.157743
28600  0.157743
28700  0.157743
28800  0.157743
28900  0.157743
29000  0.157743
29100  0.157743
29200  0.157743
29300  0.157743
29400  0.157743
29500  0.157743
29600  0.157743
29700  0.157743
29800  0.157743
29900  0.157743
30000  0.157743
30100  0.157743
30200  0.157743
30300  0.157743
30400  0.157743
30500  0.157743
30600  0.157743
30700  0.157743
30800  0.157743
30900  0.157743
31000  0.157743
31100  0.157743
31200  0.157743
31300  0.157743
31400  0.157743
31500  0.157743
31600  0.157743
31700  0.157743
31800  0.157743
31900  0.157743
32000  0.157743
32100  0.157743
32200  0.157743
32300  0.157743
32400  0.157743
32500  0.157743
32600  0.157743
32700  0.157743
32800  0.157743
32900  0.157743
33000  0.157743
33100  0.157743
33200  0.157743
33300  0.157743
33400  0.157743
33500  0.157743
33600  0.157743
33700  0.157743
33800  0.157743
33900  0.157743
34000  0.157743
34100  0.157743
34200  0.157743
34300  0.157743
34400  0.157743
34500  0.157743
34600  0.157743
34700  0.157743
34800  0.157743
34900  0.157743
35000  0.157743
35100  0.157743
35200  0.157743
35300  0.157743
35400  0.157743
35500  0.157743
35600  0.157743
35700  0.157743
35800  0.157743
35900  0.157743
36000  0.157743
36100  0.157743
36200  0.157743
36300  0.157743
36400  0.157743
36500  0.157743
36600  0.157743
36700  0.157743
36800  0.157743
36900  0.157743
37000  0.157743
37100  0.157743
37200  0.157743
37300  0.157743
37400  0.157743
37500  0.157743
37600  0.157743
37700  0.157743
37800  0.157743
37900  0.157743
38000  0.157743
38100  0.157743
38200  0.157743
38300  0.157743
38400  0.157743
38500  0.157743
38600  0.157743
38700  0.157743
38800  0.157743
38900  0.157743
39000  0.157743
39100  0.157743
39200  0.157743
39300  0.157743
39400  0.157743
39500  0.157743
39600  0.157743
39700  0.157743
39800  0.157743
39900  0.157743
40000  0.157743
40100  0.157743
40200  0.157743
40300  0.157743
40400  0.157743
40500  0.157743
40600  0.157743
40700  0.157743
40800  0.157743
40900  0.157743
41000  0.157743
41100  0.157743
41200  0.157743
41300  0.157743
41400  0.157743
41500  0.157743
41600  0.157743
41700  0.157743
41800  0.157743
41900  0.157743
42000  0.157743
42100  0.157743
42200  0.157743
42300  0.157743
42400  0.157743
42500  0.157743
42600  0.157743
42700  0.157743
42800  0.157743
42900  0.157743
43000  0.157743
43100  0.157743
43200  0.157743
43300  0.157743
43400  0.157743
43500  0.157743
43600  0.157743
43700  0.157743
43800  0.157743
43900  0.157743
44000  0.157743
44100  0.157743
44200  0.157743
44300  0.157743
44400  0.157743
44500  0.157743
44600  0.157743
44700  0.15742
44800  0.15742
44900  0.15742
45000  0.15742
45100  0.15742
45200  0.15742
45300  0.15742
45400  0.15742
45500  0.15742
45600  0.15742
45700  0.15742
45800  0.15742
45900  0.15742
46000  0.15742
46100  0.15742
46200  0.15742
46300  0.15742
46400  0.15742
46500  0.15742
46600  0.15742
46700  0.15742
46800  0.15742
46900  0.15742
47000  0.15742
47100  0.15742
47200  0.15742
47300  0.15742
47400  0.15742
47500  0.15742
47600  0.15742
47700  0.15742
47800  0.15742
47900  0.15742
48000  0.15742
48100  0.15742
48200  0.15742
48300  0.15742
48400  0.15742
48500  0.15742
48600  0.15742
48700  0.15742
48800  0.15742
48900  0.15742
49000  0.15742
49100  0.15742
49200  0.15742
49300  0.15742
49400  0.15742
49500  0.15742
49600  0.15742
49700  0.15742
49800  0.15742
49900  0.15742
50000  0.15742
50100  0.15742
50200  0.15742
50300  0.15742
50400  0.15742
50500  0.15742
50600  0.15742
50700  0.15742
50800  0.15742
50900  0.15742
51000  0.15742
51100  0.15742
51200  0.15742
51300  0.15742
51400  0.15742
51500  0.15742
51600  0.15742
51700  0.15742
51800  0.15742
51900  0.15742
52000  0.15742
52100  0.15742
52200  0.15742
52300  0.15742
52400  0.15742
52500  0.15742
52600  0.15742
52700  0.15742
52800  0.15742
52900  0.15742
53000  0.15742
53100  0.15742
53200  0.15742
53300  0.15742
53400  0.15742
53500  0.15742
53600  0.15742
53700  0.15742
53800  0.15742
53900  0.15742
54000  0.15742
54100  0.15742
54200  0.15742
54300  0.15742
54400  0.15742
54500  0.15742
54600  0.15742
54700  0.15742
54800  0.15742
54900  0.15742
55000  0.15742
55100  0.15742
55200  0.15742
55300  0.15742
55400  0.15742
55500  0.15742
55600  0.15742
55700  0.15742
55800  0.15742
55900  0.15742
56000  0.15742
56100  0.15742
56200  0.15742
56300  0.15742
56400  0.15742
56500  0.15742
56600  0.15742
56700  0.15742
56800  0.15742
56900  0.15742
57000  0.15742
57100  0.15742
57200  0.15742
57300  0.15742
57400  0.15742
57500  0.15742
57600  0.15742
57700  0.15742
57800  0.15742
57900  0.15742
58000  0.15742
58100  0.15742
58200  0.15742
58300  0.15742
58400  0.15742
58500  0.15742
58600  0.15742
58700  0.15742
58800  0.15742
58900  0.15742
59000  0.15742
59100  0.15742
59200  0.15742
59300  0.15742
59400  0.15742
59500  0.15742
59600  0.15742
59700  0.15742
59800  0.15742
59900  0.15742
60000  0.15742
60100  0.15742
60200  0.15742
60300  0.15742
60400  0.15742
60500  0.15742
60600  0.15742
60700  0.15742
60800  0.15742
60900  0.15742
61000  0.15742
61100  0.15742
61200  0.15742
61300  0.15742
61400  0.15742
61500  0.15742
61600  0.15742
61700  0.15742
61800  0.15742
61900  0.15742
62000  0.15742
62100  0.15742
62200  0.15742
62300  0.15742
62400  0.15742
62500  0.15742
62600  0.15742
62700  0.15742
62800  0.15742
62900  0.15742
63000  0.15742
63100  0.15742
63200  0.15742
63300  0.15742
63400  0.15742
63500  0.15742
63600  0.15742
63700  0.15742
63800  0.15742
63900  0.15742
64000  0.15742
64100  0.15742
64200  0.15742
64300  0.15742
64400  0.15742
64500  0.15742
64600  0.15742
64700  0.15742
64800  0.15742
64900  0.15742
65000  0.15742
65100  0.15742
65200  0.15742
65300  0.15742
65400  0.15742
65500  0.15742
65600  0.15742
65700  0.15742
65800  0.15742
65900  0.15742
66000  0.15742
66100  0.15742
66200  0.15742
66300  0.15742
66400  0.15742
66500  0.15742
66600  0.15742
66700  0.15742
66800  0.15742
66900  0.15742
67000  0.15742
67100  0.15742
67200  0.15742
67300  0.15742
67400  0.15742
67500  0.15742
67600  0.15742
67700  0.15742
67800  0.15742
67900  0.15742
68000  0.15742
68100  0.15742
68200  0.15742
68300  0.15742
68400  0.15742
68500  0.15742
68600  0.15742
68700  0.15742
68800  0.15742
68900  0.15742
69000  0.15742
69100  0.15742
69200  0.15742
69300  0.15742
69400  0.15742
69500  0.15742
69600  0.15742
69700  0.15742
69800  0.15742
69900  0.15742
70000  0.15742
70100  0.15742
70200  0.15742
70300  0.15742
70400  0.15742
70500  0.15742
70600  0.15742
70700  0.15742
70800  0.15742
70900  0.15742
71000  0.15742
71100  0.15742
71200  0.15742
71300  0.15742
71400  0.15742
71500  0.15742
71600  0.15742
71700  0.15742
71800  0.15742
71900  0.15742
72000  0.15742
72100  0.15742
72200  0.15742
72300  0.15742
72400  0.15742
72500  0.15742
72600  0.15742
72700  0.15742
72800  0.15742
72900  0.15742
73000  0.15742
73100  0.15742
73200  0.15742
73300  0.15742
73400  0.15742
73500  0.15742
73600  0.15742
73700  0.15742
73800  0.15742
73900  0.15742
74000  0.15742
74100  0.15742
74200  0.15742
74300  0.15742
74400  0.15742
74500  0.15742
74600  0.15742
74700  0.15742
74800  0.15742
74900  0.15742
75000  0.15742
75100  0.15742
75200  0.15742
75300  0.15742
75400  0.15742
75500  0.15742
75600  0.15742
75700  0.15742
75800  0.15742
75900  0.15742
76000  0.15742
76100  0.15742
76200  0.15742
76300  0.15742
76400  0.15742
76500  0.15742
76600  0.15742
76700  0.15742
76800  0.15742
76900  0.15742
77000  0.15742
77100  0.15742
77200  0.15742
77300  0.15742
77400  0.15742
77500  0.15742
77600  0.15742
77700  0.15742
77800  0.15742
77900  0.15742
78000  0.15742
78100  0.15742
78200  0.15742
78300  0.15742
78400  0.15742
78500  0.15742
78600  0.15742
78700  0.15742
78800  0.15742
78900  0.15742
79000  0.15742
79100  0.15742
79200  0.15742
79300  0.15742
79400  0.15742
79500  0.15742
79600  0.15742
79700  0.15742
79800  0.15742
79900  0.15742
80000  0.15742
80100  0.15742
80200  0.15742
80300  0.15742
80400  0.15742
80500  0.15742
80600  0.156866
80700  0.156866
80800  0.156866
80900  0.156866
81000  0.156866
81100  0.156866
81200  0.156866
81300  0.156866
81400  0.156866
81500  0.156866
81600  0.156866
81700  0.156866
81800  0.156866
81900  0.156866
82000  0.156866
82100  0.156866
82200  0.156866
82300  0.156866
82400  0.156866
82500  0.156866
82600  0.156866
82700  0.156866
82800  0.156866
82900  0.156866
83000  0.156866
83100  0.156866
83200  0.156866
83300  0.156866
83400  0.156866
83500  0.156866
83600  0.156866
83700  0.156866
83800  0.156866
83900  0.156866
84000  0.156866
84100  0.156866
84200  0.156866
84300  0.156866
84400  0.156866
84500  0.156866
84600  0.156866
84700  0.156866
84800  0.156866
84900  0.156866
85000  0.156866
85100  0.156866
85200  0.156866
85300  0.156866
85400  0.156866
85500  0.156866
85600  0.156866
85700  0.156866
85800  0.156866
85900  0.156866
86000  0.156866
86100  0.156866
86200  0.156866
86300  0.156866
86400  0.156866
86500  0.156866
86600  0.156866
86700  0.156866
86800  0.156866
86900  0.156866
87000  0.156866
87100  0.156866
87200  0.156866
87300  0.156866
87400  0.156866
87500  0.156866
87600  0.156866
87700  0.156866
87800  0.156866
87900  0.156866
88000  0.156866
88100  0.156866
88200  0.156866
88300  0.156866
88400  0.156866
88500  0.156866
88600  0.156866
88700  0.156866
88800  0.156866
88900  0.156866
89000  0.156866
89100  0.156866
89200  0.156866
89300  0.156866
89400  0.156866
89500  0.156866
89600  0.156866
89700  0.156866
89800  0.156866
89900  0.156866
90000  0.156866
90100  0.156866
90200  0.156866
90300  0.156866
90400  0.156866
90500  0.156866
90600  0.156866
90700  0.156866
90800  0.156866
90900  0.156866
91000  0.156866
91100  0.156866
91200  0.156866
91300  0.156866
91400  0.156866
91500  0.156866
91600  0.156866
91700  0.156866
91800  0.156866
91900  0.156866
92000  0.156866
92100  0.156866
92200  0.156866
92300  0.156866
92400  0.156866
92500  0.156866
92600  0.156866
92700  0.156866
92800  0.156866
92900  0.156866
93000  0.156866
93100  0.156866
93200  0.156866
93300  0.156866
93400  0.156866
93500  0.156866
93600  0.156866
93700  0.156866
93800  0.156866
93900  0.156866
94000  0.156866
94100  0.156866
94200  0.156866
94300  0.156866
94400  0.156866
94500  0.156866
94600  0.156866
94700  0.156866
94800  0.156866
94900  0.156866
95000  0.156866
95100  0.156866
95200  0.156866
95300  0.156866
95400  0.156866
95500  0.156866
95600  0.156866
95700  0.156866
95800  0.156866
95900  0.156866
96000  0.156866
96100  0.156866
96200  0.156866
96300  0.156866
96400  0.156866
96500  0.156866
96600  0.156866
96700  0.156866
96800  0.156866
96900  0.156866
97000  0.156866
97100  0.156866
97200  0.156866
97300  0.156866
97400  0.156866
97500  0.156866
97600  0.156866
97700  0.156866
97800  0.156866
97900  0.156866
98000  0.156866
98100  0.156866
98200  0.156866
98300  0.156866
98400  0.156866
98500  0.156866
98600  0.156866
98700  0.156866
98800  0.156866
98900  0.156866
99000  0.156866
99100  0.156866
99200  0.156866
99300  0.156866
99400  0.156866
99500  0.156866
99600  0.156866
99700  0.156866
99800  0.156866
99900  0.156866
100000  0.156866
100100  0.156866
100200  0.156866
100300  0.156866
100400  0.156866
100500  0.156866
100600  0.156866
100700  0.156866
100800  0.156866
100900  0.156866
101000  0.156866
101100  0.156866
101200  0.156866
101300  0.156866
101400  0.156866
101500  0.156866
101600  0.156866
101700  0.156866
101800  0.156866
101900  0.156866
102000  0.156866
102100  0.156866
102200  0.156866
102300  0.156866
102400  0.156866
102500  0.156866
102600  0.156866
102700  0.156866
102800  0.156866
102900  0.156866
103000  0.156866
103100  0.156866
103200  0.156866
103300  0.156866
103400  0.156866
103500  0.156866
103600  0.156866
103700  0.156866
103800  0.156866
103900  0.156866
104000  0.156866
104100  0.156866
104200  0.156866
104300  0.156866
104400  0.156866
104500  0.156866
104600  0.156866
104700  0.156866
104800  0.156866
104900  0.156866
105000  0.156866
105100  0.156866
105200  0.156866
105300  0.156866
105400  0.156866
105500  0.156866
105600  0.156866
105700  0.156866
105800  0.156866
105900  0.156866
106000  0.156866
106100  0.156866
106200  0.156866
106300  0.156866
106400  0.156866
106500  0.156866
106600  0.156866
106700  0.156866
106800  0.156866
106900  0.156866
107000  0.156866
107100  0.156866
107200  0.156866
107300  0.156866
107400  0.156866
107500  0.156866
107600  0.156866
107700  0.156866
107800  0.156866
107900  0.156866
108000  0.156866
108100  0.156866
108200  0.156866
108300  0.156866
108400  0.156866
108500  0.156866
108600  0.156866
108700  0.156866
108800  0.156866
108900  0.156866
109000  0.156866
109100  0.156866
109200  0.156866
109300  0.156866
109400  0.156866
109500  0.156866
109600  0.156866
109700  0.156866
109800  0.156866
109900  0.156866
110000  0.156866
110100  0.156866
110200  0.156866
110300  0.156866
110400  0.156866
110500  0.156866
110600  0.156866
110700  0.156866
110800  0.156866
110900  0.156866
111000  0.156866
111100  0.156866
111200  0.156866
111300  0.156866
111400  0.156866
111500  0.156866
111600  0.156866
111700  0.156866
111800  0.156866
111900  0.156866
112000  0.156866
112100  0.156866
112200  0.156866
112300  0.156866
112400  0.156866
112500  0.156866
112600  0.156866
112700  0.156866
112800  0.155943
112900  0.155943
113000  0.155943
113100  0.155943
113200  0.155943
113300  0.155943
113400  0.155943
113500  0.155943
113600  0.155943
113700  0.155943
113800  0.155943
113900  0.155943
114000  0.155943
114100  0.155943
114200  0.155943
114300  0.155943
114400  0.155943
114500  0.155943
114600  0.155943
114700  0.155943
114800  0.155943
114900  0.155943
115000  0.155943
115100  0.155943
115200  0.155943
115300  0.155943
115400  0.155943
115500  0.155943
115600  0.155943
115700  0.155943
115800  0.155943
115900  0.155943
116000  0.155943
116100  0.155943
116200  0.155943
116300  0.155943
116400  0.155943
116500  0.155943
116600  0.155943
116700  0.155943
116800  0.155943
116900  0.155943
117000  0.155943
117100  0.155943
117200  0.155943
117300  0.155943
117400  0.155943
117500  0.155943
117600  0.155943
117700  0.155943
117800  0.155943
117900  0.155943
118000  0.155943
118100  0.155943
118200  0.155943
118300  0.155943
118400  0.155943
118500  0.155943
118600  0.155943
118700  0.155943
118800  0.155943
118900  0.155943
119000  0.155943
119100  0.155943
119200  0.155943
119300  0.155943
119400  0.155943
119500  0.155943
119600  0.155943
119700  0.155943
119800  0.155943
119900  0.155943
120000  0.155943
120100  0.155943
120200  0.155943
120300  0.155943
120400  0.155943
120500  0.155943
120600  0.155943
120700  0.155943
120800  0.155943
120900  0.155943
121000  0.155943
121100  0.155943
121200  0.155943
121300  0.155943
121400  0.155943
121500  0.155943
121600  0.155943
121700  0.155943
121800  0.155943
121900  0.155943
122000  0.155943
122100  0.155943
122200  0.155943
122300  0.155943
122400  0.155943
122500  0.155943
122600  0.155943
122700  0.155943
122800  0.155943
122900  0.155943
123000  0.155943
123100  0.155943
123200  0.155943
123300  0.155943
123400  0.155943
123500  0.155943
123600  0.155943
123700  0.155943
123800  0.155943
123900  0.155943
124000  0.155943
124100  0.155943
124200  0.155943
124300  0.155943
124400  0.155943
124500  0.155943
124600  0.155943
124700  0.155943
124800  0.155943
124900  0.155943
125000  0.155943
125100  0.155943
125200  0.155943
125300  0.155943
125400  0.155943
125500  0.155943
125600  0.155943
