Step  Penalty
50  0.601711
100  0.529021
150  0.518756
200  0.506092
250  0.496752
300  0.489999
350  0.482762
400  0.472933
450  0.465307
500  0.458418
550  0.451525
600  0.43739
650  0.426672
700  0.421983
750  0.414448
800  0.406294
850  0.400043
900  0.394228
950  0.388756
1000  0.382857
1050  0.37758
1100  0.371479
1150  0.365634
1200  0.360511
1250  0.356897
1300  0.351006
1350  0.346899
1400  0.34197
1450  0.336532
1500  0.331031
1550  0.326564
1600  0.320851
1650  0.317223
1700  0.31248
1750  0.308808
1800  0.304439
1850  0.301262
1900  0.297841
1950  0.294628
2000  0.292637
2050  0.288503
2100  0.285695
2150  0.283553
2200  0.280778
2250  0.277932
2300  0.274855
2350  0.272904
2400  0.270967
2450  0.268339
2500  0.264892
2550  0.261928
2600  0.259512
2650  0.258075
2700  0.25641
2750  0.254237
2800  0.251766
2850  0.250272
2900  0.249236
2950  0.248097
3000  0.246643
3050  0.244849
3100  0.2439
3150  0.243245
3200  0.241852
3250  0.241444
3300  0.239889
3350  0.239085
3400  0.238612
3450  0.238069
3500  0.23731
3550  0.236633
3600  0.235978
3650  0.235039
3700  0.234204
3750  0.233585
3800  0.233178
3850  0.232674
3900  0.2323
3950  0.231638
4000  0.231363
4050  0.231024
4100  0.230888
4150  0.230599
4200  0.230443
4250  0.22996
4300  0.22975
4350  0.229612
4400  0.229403
4450  0.228896
4500  0.228522
4550  0.228282
4600  0.227817
4650  0.227703
4700  0.227294
4750  0.227185
4800  0.22693
4850  0.226647
4900  0.226472
4950  0.22617
5000  0.225995
5050  0.225849
5100  0.22572
5150  0.225492
5200  0.225058
5250  0.224847
5300  0.224679
5350  0.224236
5400  0.224199
5450  0.223998
5500  0.223914
5550  0.22364
5600  0.223075
5650  0.223016
5700  0.222696
5750  0.222209
5800  0.221906
5850  0.221625
5900  0.221354
5950  0.221082
6000  0.220905
6050  0.220872
6100  0.220776
6150  0.220685
6200  0.220515
6250  0.220294
6300  0.219995
6350  0.219781
6400  0.219284
6450  0.21915
6500  0.21915
6550  0.219114
6600  0.218938
6650  0.218535
6700  0.218427
6750  0.218319
6800  0.218268
6850  0.218159
6900  0.218159
6950  0.218027
7000  0.218027
7050  0.218018
7100  0.217626
7150  0.217475
7200  0.217272
7250  0.217171
7300  0.217059
7350  0.216914
7400  0.216914
7450  0.216769
7500  0.216762
7550  0.216567
7600  0.216567
7650  0.216492
7700  0.216408
7750  0.216325
7800  0.215924
7850  0.215856
7900  0.215788
7950  0.215728
8000  0.215495
8050  0.215374
8100  0.215331
8150  0.215096
8200  0.215067
8250  0.215067
8300  0.214813
8350  0.214751
8400  0.214596
8450  0.214596
8500  0.214596
8550  0.21453
8600  0.214412
8650  0.214375
8700  0.214375
8750  0.214046
8800  0.214046
8850  0.213998
8900  0.213893
8950  0.213893
9000  0.213893
9050  0.213738
9100  0.213693
9150  0.213371
9200  0.213229
9250  0.213108
9300  0.213053
9350  0.213037
9400  0.213037
9450  0.212934
9500  0.212906
9550  0.212778
9600  0.212614
9650  0.212512
9700  0.212483
9750  0.212483
9800  0.212483
9850  0.212457
9900  0.212378
9950  0.212378
10000  0.212313
10050  0.212082
10100  0.212071
10150  0.212071
10200  0.212071
10250  0.212071
10300  0.212048
10350  0.212048
10400  0.211981
10450  0.211857
10500  0.211692
10550  0.211572
10600  0.211377
10650  0.211377
10700  0.211377
10750  0.211328
10800  0.211328
10850  0.211294
10900  0.211294
10950  0.211294
11000  0.211235
11050  0.211219
11100  0.211208
11150  0.211075
11200  0.210923
11250  0.210923
11300  0.210923
11350  0.210848
11400  0.210848
11450  0.210752
11500  0.210584
11550  0.210584
11600  0.210584
11650  0.210596
11700  0.210558
11750  0.210558
11800  0.210558
11850  0.210538
11900  0.210538
11950  0.210515
12000  0.210426
12050  0.210426
12100  0.210426
12150  0.210426
12200  0.210426
12250  0.210246
12300  0.210246
12350  0.210246
12400  0.210111
12450  0.210065
12500  0.209882
12550  0.209882
12600  0.209882
12650  0.209882
12700  0.209743
12750  0.209743
12800  0.209743
12850  0.209743
12900  0.209697
12950  0.209697
13000  0.209697
13050  0.209695
13100  0.209695
13150  0.209695
13200  0.209604
13250  0.209604
13300  0.209604
13350  0.209469
13400  0.209468
13450  0.209468
13500  0.209349
13550  0.209349
13600  0.209238
13650  0.209238
13700  0.209238
13750  0.209238
13800  0.209056
13850  0.209056
13900  0.208929
13950  0.208929
14000  0.208929
14050  0.208929
14100  0.208929
14150  0.208929
14200  0.208929
14250  0.208881
14300  0.208881
14350  0.208633
14400  0.208633
14450  0.208633
14500  0.208633
14550  0.208565
14600  0.208565
14650  0.208525
14700  0.208525
14750  0.208525
14800  0.208393
14850  0.208393
14900  0.208393
14950  0.208393
15000  0.208393
15050  0.208371
15100  0.208205
15150  0.20815
15200  0.208139
15250  0.208139
15300  0.208139
15350  0.208124
15400  0.208124
15450  0.208124
15500  0.208124
15550  0.208124
15600  0.20811
15650  0.20811
15700  0.20811
15750  0.20811
15800  0.20811
15850  0.20811
15900  0.207984
15950  0.207984
16000  0.207984
16050  0.207984
16100  0.207984
16150  0.207984
16200  0.207984
16250  0.207902
16300  0.207902
16350  0.207902
16400  0.207902
16450  0.207902
16500  0.207902
16550  0.207902
16600  0.207848
16650  0.207848
16700  0.207848
16750  0.207848
16800  0.207848
16850  0.207848
16900  0.207848
16950  0.207788
17000  0.207788
17050  0.207788
17100  0.207682
17150  0.207682
17200  0.207682
17250  0.207682
17300  0.207618
17350  0.207618
17400  0.207444
17450  0.207444
17500  0.207444
17550  0.207444
17600  0.207444
17650  0.207444
17700  0.207444
17750  0.207444
17800  0.207444
17850  0.207444
17900  0.207444
17950  0.207444
18000  0.207444
18050  0.207444
18100  0.207379
18150  0.207298
18200  0.207298
18250  0.207298
18300  0.207298
18350  0.207298
18400  0.207298
18450  0.207298
18500  0.207298
18550  0.207298
18600  0.207282
18650  0.207282
18700  0.207282
18750  0.207282
18800  0.207282
18850  0.207282
18900  0.207281
18950  0.207281
19000  0.207281
19050  0.207281
19100  0.207281
19150  0.207152
19200  0.207152
19250  0.207152
19300  0.207152
19350  0.207146
19400  0.207146
19450  0.207134
19500  0.207134
19550  0.207063
19600  0.207063
19650  0.207063
19700  0.207063
19750  0.207063
19800  0.207063
19850  0.20702
19900  0.20702
19950  0.206926
20000  0.206926
20050  0.206831
20100  0.206831
20150  0.206831
20200  0.206755
20250  0.206755
20300  0.206755
20350  0.206755
20400  0.206711
20450  0.206659
20500  0.206659
20550  0.20657
20600  0.20657
20650  0.20657
20700  0.20657
20750  0.20657
20800  0.206528
20850  0.206528
20900  0.206528
20950  0.206462
21000  0.206462
21050  0.206462
21100  0.206462
21150  0.206434
21200  0.206434
21250  0.206434
21300  0.206434
21350  0.206269
21400  0.206269
21450  0.206269
21500  0.206269
21550  0.206234
21600  0.206234
21650  0.206234
21700  0.206234
21750  0.206182
21800  0.206182
21850  0.206182
21900  0.206182
21950  0.206182
22000  0.206121
22050  0.206121
22100  0.206121
22150  0.206082
22200  0.206082
22250  0.205952
22300  0.205881
22350  0.205881
22400  0.205881
22450  0.205881
22500  0.205878
22550  0.205823
22600  0.205591
22650  0.205591
22700  0.205591
22750  0.205591
22800  0.205552
22850  0.205513
22900  0.205513
22950  0.205513
23000  0.205513
23050  0.205513
23100  0.205513
23150  0.205513
23200  0.205513
23250  0.205513
23300  0.205513
23350  0.205513
23400  0.205481
23450  0.205446
23500  0.205446
23550  0.205412
23600  0.205412
23650  0.205412
23700  0.205412
23750  0.205412
23800  0.205359
23850  0.205022
23900  0.205022
23950  0.205022
24000  0.205022
24050  0.205022
24100  0.205022
24150  0.205022
24200  0.205018
24250  0.204963
24300  0.204929
24350  0.204888
24400  0.204799
24450  0.204799
24500  0.204799
24550  0.204799
24600  0.204799
24650  0.204799
24700  0.204799
24750  0.204799
24800  0.204772
24850  0.204772
24900  0.204772
24950  0.204772
25000  0.204772
25050  0.204772
25100  0.204772
25150  0.204772
25200  0.204772
25250  0.204772
25300  0.204772
25350  0.204772
25400  0.204772
25450  0.204772
25500  0.204772
25550  0.204772
25600  0.204772
25650  0.204772
25700  0.204772
25750  0.204772
25800  0.204772
25850  0.204772
25900  0.204772
25950  0.204772
26000  0.204772
26050  0.204772
26100  0.204772
26150  0.204772
26200  0.204685
26250  0.204685
26300  0.204685
26350  0.204685
26400  0.204685
26450  0.204685
26500  0.204685
26550  0.204685
26600  0.204685
26650  0.204613
26700  0.204613
26750  0.204613
26800  0.204613
26850  0.204613
26900  0.204613
26950  0.204613
27000  0.204613
27050  0.204613
27100  0.204613
27150  0.204613
27200  0.204613
27250  0.204613
27300  0.204613
27350  0.204613
27400  0.204613
27450  0.204613
27500  0.204514
27550  0.204491
27600  0.204491
27650  0.204491
27700  0.204325
27750  0.204325
27800  0.204325
27850  0.204325
27900  0.204325
27950  0.204325
28000  0.204325
28050  0.204325
28100  0.204325
28150  0.204228
28200  0.204228
28250  0.204166
28300  0.204156
28350  0.204142
28400  0.204142
28450  0.204142
28500  0.204142
28550  0.20412
28600  0.204111
28650  0.204045
28700  0.204045
28750  0.204045
28800  0.204045
28850  0.204045
28900  0.204045
28950  0.204045
29000  0.203973
29050  0.203973
29100  0.203973
29150  0.203973
29200  0.203973
29250  0.203971
29300  0.203971
29350  0.203971
29400  0.203802
29450  0.203802
29500  0.203802
29550  0.203686
29600  0.203686
29650  0.203686
29700  0.203618
29750  0.203618
29800  0.203618
29850  0.203618
29900  0.203618
29950  0.203618
30000  0.203618
30050  0.203618
30100  0.203576
30150  0.203576
30200  0.203576
30250  0.203494
30300  0.203494
30350  0.203494
30400  0.203494
30450  0.203494
30500  0.203494
30550  0.203494
30600  0.203488
30650  0.203488
30700  0.203488
30750  0.203488
30800  0.203488
30850  0.203488
30900  0.203488
30950  0.203488
31000  0.203488
31050  0.203488
31100  0.203488
31150  0.203479
31200  0.203479
31250  0.203479
31300  0.203479
31350  0.203479
31400  0.203479
31450  0.203479
31500  0.20343
31550  0.203298
31600  0.203173
31650  0.203173
31700  0.203111
31750  0.203111
31800  0.203111
31850  0.203111
31900  0.203111
31950  0.203111
32000  0.203111
32050  0.203111
32100  0.202993
32150  0.202993
32200  0.202993
32250  0.202993
32300  0.202993
32350  0.202993
32400  0.202993
32450  0.202993
32500  0.202993
32550  0.202993
32600  0.202993
32650  0.202993
32700  0.202977
32750  0.202977
32800  0.202977
32850  0.202977
32900  0.202977
32950  0.202977
33000  0.202977
33050  0.202977
33100  0.202977
33150  0.202977
33200  0.202977
33250  0.202977
33300  0.202977
33350  0.202921
33400  0.202921
33450  0.202921
33500  0.202921
33550  0.202921
33600  0.202921
33650  0.202921
33700  0.202903
33750  0.202903
33800  0.202903
33850  0.202863
33900  0.202863
33950  0.202863
34000  0.202863
34050  0.202722
34100  0.202675
34150  0.202675
34200  0.202675
34250  0.202675
34300  0.202675
34350  0.202675
34400  0.20263
34450  0.20263
34500  0.20263
34550  0.20263
34600  0.20263
34650  0.20263
34700  0.20263
34750  0.20247
34800  0.20247
34850  0.20247
34900  0.20247
34950  0.202363
35000  0.202363
35050  0.202363
35100  0.202363
35150  0.202363
35200  0.202363
35250  0.202363
35300  0.202363
35350  0.202363
35400  0.202363
35450  0.202363
35500  0.202363
35550  0.202363
35600  0.202363
35650  0.202363
35700  0.202363
35750  0.202363
35800  0.202351
35850  0.202351
35900  0.202351
35950  0.202351
36000  0.202351
36050  0.202351
36100  0.202351
36150  0.202317
36200  0.202215
36250  0.202215
36300  0.20213
36350  0.202117
36400  0.202117
36450  0.202117
36500  0.202117
36550  0.202117
36600  0.202117
36650  0.202117
36700  0.202117
36750  0.202117
36800  0.202117
36850  0.202117
36900  0.202117
36950  0.202089
37000  0.202089
37050  0.202089
37100  0.202046
37150  0.202046
37200  0.202046
37250  0.202046
37300  0.202046
37350  0.202046
37400  0.202046
37450  0.202046
37500  0.202046
37550  0.202046
37600  0.202046
37650  0.202046
37700  0.202046
37750  0.202046
37800  0.202046
37850  0.202001
37900  0.202001
37950  0.202001
38000  0.202001
38050  0.202001
38100  0.202001
38150  0.202001
38200  0.202001
38250  0.202001
38300  0.202001
38350  0.202001
38400  0.201893
38450  0.201886
38500  0.201877
38550  0.201877
38600  0.201877
38650  0.201877
38700  0.201877
38750  0.201877
38800  0.201877
38850  0.201877
38900  0.201877
38950  0.201877
39000  0.201877
39050  0.201877
39100  0.201877
39150  0.201877
39200  0.201877
39250  0.201877
39300  0.201809
39350  0.201809
39400  0.201809
39450  0.201809
39500  0.201809
39550  0.201809
39600  0.201809
39650  0.201809
39700  0.201809
39750  0.201809
39800  0.201809
39850  0.201809
39900  0.201764
39950  0.201764
40000  0.201764
40050  0.201764
40100  0.201764
40150  0.201692
40200  0.201692
40250  0.201692
40300  0.201692
40350  0.201692
40400  0.201692
40450  0.201692
40500  0.201692
40550  0.201692
40600  0.201692
40650  0.201692
40700  0.201692
40750  0.201692
40800  0.201692
40850  0.201692
40900  0.201692
40950  0.201692
41000  0.201692
41050  0.201692
41100  0.201692
41150  0.201692
41200  0.201692
41250  0.201692
41300  0.201692
41350  0.201692
41400  0.201692
41450  0.201692
41500  0.201692
41550  0.201692
41600  0.201692
41650  0.201692
41700  0.201692
41750  0.201692
41800  0.201692
41850  0.201692
41900  0.201692
41950  0.201692
42000  0.201692
42050  0.201692
42100  0.201675
42150  0.201675
42200  0.201675
42250  0.201675
42300  0.201675
42350  0.201675
42400  0.201675
42450  0.201675
42500  0.201675
42550  0.201675
42600  0.201675
42650  0.201675
42700  0.201675
42750  0.201675
42800  0.201675
42850  0.201675
42900  0.201675
42950  0.201675
43000  0.201675
43050  0.201675
43100  0.201675
43150  0.201675
43200  0.201675
43250  0.201675
43300  0.201675
43350  0.201675
43400  0.201675
43450  0.201675
43500  0.201631
43550  0.201631
43600  0.201578
43650  0.201493
43700  0.201493
43750  0.201493
43800  0.201493
43850  0.201493
43900  0.201493
43950  0.201493
44000  0.201493
44050  0.201493
44100  0.201493
44150  0.201493
44200  0.201493
44250  0.201493
44300  0.201493
44350  0.201493
44400  0.201493
44450  0.201493
44500  0.201493
44550  0.201493
44600  0.201493
44650  0.201493
44700  0.201493
44750  0.201493
44800  0.201493
44850  0.201493
44900  0.201493
44950  0.201493
45000  0.201493
45050  0.201493
45100  0.20146
45150  0.20146
45200  0.201413
45250  0.201413
45300  0.201413
45350  0.201413
45400  0.201413
45450  0.201413
45500  0.201413
45550  0.201413
45600  0.201413
45650  0.201373
45700  0.201373
45750  0.201373
45800  0.201373
45850  0.201373
45900  0.201373
45950  0.201373
46000  0.201373
46050  0.201373
46100  0.201373
46150  0.201373
46200  0.201373
46250  0.201373
46300  0.201373
46350  0.201373
46400  0.201373
46450  0.201373
46500  0.201373
46550  0.201369
46600  0.201369
46650  0.201369
46700  0.201369
46750  0.201369
46800  0.201369
46850  0.201369
46900  0.201369
46950  0.201369
47000  0.201369
47050  0.201369
47100  0.201369
47150  0.201369
47200  0.201369
47250  0.201369
47300  0.201369
47350  0.201369
47400  0.201369
47450  0.201369
47500  0.201369
47550  0.201369
47600  0.201369
47650  0.201369
47700  0.201369
47750  0.201369
47800  0.201369
47850  0.201369
47900  0.201369
47950  0.201369
48000  0.201338
48050  0.201338
48100  0.201338
48150  0.201338
48200  0.201338
48250  0.201338
48300  0.201338
48350  0.201338
48400  0.201338
48450  0.201338
48500  0.201338
48550  0.201338
48600  0.201338
48650  0.201338
48700  0.201338
48750  0.201338
48800  0.201338
48850  0.201338
48900  0.201338
48950  0.201338
49000  0.201338
49050  0.201338
49100  0.201338
49150  0.201338
49200  0.201338
49250  0.201338
49300  0.201338
49350  0.2013
49400  0.2013
49450  0.2013
49500  0.2013
49550  0.2013
49600  0.2013
49650  0.2013
49700  0.2013
49750  0.2013
49800  0.2013
49850  0.2013
49900  0.2013
49950  0.2013
50000  0.2013
50050  0.2013
50100  0.2013
50150  0.2013
50200  0.2013
50250  0.2013
50300  0.2013
50350  0.2013
50400  0.2013
50450  0.2013
50500  0.2013
50550  0.2013
50600  0.2013
50650  0.2013
50700  0.2013
50750  0.2013
50800  0.2013
50850  0.2013
50900  0.2013
50950  0.2013
51000  0.2013
51050  0.2013
51100  0.2013
51150  0.2013
51200  0.2013
51250  0.2013
51300  0.2013
51350  0.2013
51400  0.2013
51450  0.2013
51500  0.2013
51550  0.2013
51600  0.2013
51650  0.2013
51700  0.2013
51750  0.2013
51800  0.2013
51850  0.2013
51900  0.2013
51950  0.2013
52000  0.2013
52050  0.2013
52100  0.2013
52150  0.2013
52200  0.2013
52250  0.2013
52300  0.2013
52350  0.2013
52400  0.2013
52450  0.2013
52500  0.2013
52550  0.2013
52600  0.2013
52650  0.2013
52700  0.2013
52750  0.2013
52800  0.2013
52850  0.2013
52900  0.2013
52950  0.2013
53000  0.2013
53050  0.2013
53100  0.2013
53150  0.2013
53200  0.2013
53250  0.2013
53300  0.2013
53350  0.2013
53400  0.2013
53450  0.2013
53500  0.2013
53550  0.2013
53600  0.2013
53650  0.2013
53700  0.201259
53750  0.201259
53800  0.201259
53850  0.201259
53900  0.201259
53950  0.201259
54000  0.201259
54050  0.201259
54100  0.201259
54150  0.201259
54200  0.201208
54250  0.201208
54300  0.201208
54350  0.201208
54400  0.201208
54450  0.201208
54500  0.201208
54550  0.201208
54600  0.201208
54650  0.201208
54700  0.201208
54750  0.201208
54800  0.201208
54850  0.201208
54900  0.201208
54950  0.201208
55000  0.201208
55050  0.201208
55100  0.201208
55150  0.201208
55200  0.201089
55250  0.201089
55300  0.201089
55350  0.201089
55400  0.201089
55450  0.201089
55500  0.201089
55550  0.201089
55600  0.201089
55650  0.201089
55700  0.201089
55750  0.201089
55800  0.201089
55850  0.201073
55900  0.201073
55950  0.20102
56000  0.20102
56050  0.20102
56100  0.20102
56150  0.20102
56200  0.20102
56250  0.20102
56300  0.20102
56350  0.20102
56400  0.20102
56450  0.20102
56500  0.20102
56550  0.20102
56600  0.20102
56650  0.20102
56700  0.20102
56750  0.20102
56800  0.20102
56850  0.20102
56900  0.20102
56950  0.20102
57000  0.20102
57050  0.20102
57100  0.20102
57150  0.20102
57200  0.20102
57250  0.20102
57300  0.20102
57350  0.20102
57400  0.20102
57450  0.20102
57500  0.20102
57550  0.20102
57600  0.20102
57650  0.20102
57700  0.20102
57750  0.20102
57800  0.20102
57850  0.20102
57900  0.20102
57950  0.20102
58000  0.20102
58050  0.20102
58100  0.20102
58150  0.20102
58200  0.20102
58250  0.20102
58300  0.20102
58350  0.20102
58400  0.20102
58450  0.20102
58500  0.20102
58550  0.20102
58600  0.200983
58650  0.200929
58700  0.200929
58750  0.200929
58800  0.200929
58850  0.200929
58900  0.200929
58950  0.200929
59000  0.200929
59050  0.200929
59100  0.200929
59150  0.200929
59200  0.200929
59250  0.200929
59300  0.200929
59350  0.200929
59400  0.200929
59450  0.200929
59500  0.200929
59550  0.200929
59600  0.200929
59650  0.200929
59700  0.200929
59750  0.200929
59800  0.200929
59850  0.200929
59900  0.200929
59950  0.200929
60000  0.200929
60050  0.200929
60100  0.200897
60150  0.200897
60200  0.200897
60250  0.200897
60300  0.200897
60350  0.200897
60400  0.200897
60450  0.200897
60500  0.200897
60550  0.200897
60600  0.200897
60650  0.200897
60700  0.200897
60750  0.200897
60800  0.200897
60850  0.200879
60900  0.200879
60950  0.200879
61000  0.200879
61050  0.200879
61100  0.200879
61150  0.200879
61200  0.200879
61250  0.200879
61300  0.200811
61350  0.200811
61400  0.200811
61450  0.200811
61500  0.200811
61550  0.200811
61600  0.200811
61650  0.200811
61700  0.200811
61750  0.200811
61800  0.200811
61850  0.200811
61900  0.200811
61950  0.200811
62000  0.200811
62050  0.200811
62100  0.200811
62150  0.200811
62200  0.200811
62250  0.200811
62300  0.200811
62350  0.200811
62400  0.200811
62450  0.200811
62500  0.200811
62550  0.200811
62600  0.200811
62650  0.200811
62700  0.200811
62750  0.200811
62800  0.200811
62850  0.200811
62900  0.200811
62950  0.200811
63000  0.200797
63050  0.20076
63100  0.20076
63150  0.20076
63200  0.20076
63250  0.20076
63300  0.200711
63350  0.200711
63400  0.200711
63450  0.200711
63500  0.200711
63550  0.200711
63600  0.200711
63650  0.200711
63700  0.200711
63750  0.200711
63800  0.200711
63850  0.200711
63900  0.200711
63950  0.200711
64000  0.200711
64050  0.200711
64100  0.200711
64150  0.200711
64200  0.200711
64250  0.200711
64300  0.200673
64350  0.200673
64400  0.200673
64450  0.200673
64500  0.200645
64550  0.200645
64600  0.200645
64650  0.200645
64700  0.200645
64750  0.200645
64800  0.200645
64850  0.200645
64900  0.200645
64950  0.200645
65000  0.200645
65050  0.200645
65100  0.200645
65150  0.200645
65200  0.200645
65250  0.200645
65300  0.200645
65350  0.200645
65400  0.200645
65450  0.200645
65500  0.200645
65550  0.200645
65600  0.200645
65650  0.200645
65700  0.200645
65750  0.200645
65800  0.200645
65850  0.20051
65900  0.20051
65950  0.20051
66000  0.20051
66050  0.20051
66100  0.20051
66150  0.200471
66200  0.200471
66250  0.200471
66300  0.200471
66350  0.200471
66400  0.200471
66450  0.200471
66500  0.200404
66550  0.200404
66600  0.200404
66650  0.200404
66700  0.200404
66750  0.200404
66800  0.200404
66850  0.200404
66900  0.200404
66950  0.200404
67000  0.200404
67050  0.200404
67100  0.200404
67150  0.200404
67200  0.200404
67250  0.200404
67300  0.200404
67350  0.200404
67400  0.200404
67450  0.200404
67500  0.200404
67550  0.200404
67600  0.200404
67650  0.200404
67700  0.200404
67750  0.200404
67800  0.200404
67850  0.200404
67900  0.200404
67950  0.200404
68000  0.200404
68050  0.200404
68100  0.200404
68150  0.200404
68200  0.200404
68250  0.200365
68300  0.200365
68350  0.200365
68400  0.200365
68450  0.200365
68500  0.200365
68550  0.200365
68600  0.200365
68650  0.200365
68700  0.200365
68750  0.200365
68800  0.200365
68850  0.200365
68900  0.200365
68950  0.200365
69000  0.200365
69050  0.200365
69100  0.200365
69150  0.200365
69200  0.200365
69250  0.200365
69300  0.200365
69350  0.200365
69400  0.200365
69450  0.200365
69500  0.200365
69550  0.200365
69600  0.200365
69650  0.200365
69700  0.200365
69750  0.200365
69800  0.200365
69850  0.200365
69900  0.200365
69950  0.200365
70000  0.200365
70050  0.200365
70100  0.200365
70150  0.200365
70200  0.200364
70250  0.200364
70300  0.200364
70350  0.200364
70400  0.200364
70450  0.200364
70500  0.200364
70550  0.200364
70600  0.200364
70650  0.200364
70700  0.200364
70750  0.200364
70800  0.200364
70850  0.200364
70900  0.200364
70950  0.200364
71000  0.200364
71050  0.200364
71100  0.200364
71150  0.200325
71200  0.200325
71250  0.200325
71300  0.200325
71350  0.200325
71400  0.200325
71450  0.200325
71500  0.200325
71550  0.200325
71600  0.200325
71650  0.200325
71700  0.200325
71750  0.200325
71800  0.200325
71850  0.200325
71900  0.200325
71950  0.200325
72000  0.200325
72050  0.200325
72100  0.200325
72150  0.200325
72200  0.200325
72250  0.200325
72300  0.200325
72350  0.200325
72400  0.200325
72450  0.200325
72500  0.200325
72550  0.200325
72600  0.200325
72650  0.200325
72700  0.200325
72750  0.200325
72800  0.200325
72850  0.200325
72900  0.200325
72950  0.200238
73000  0.200238
73050  0.200238
73100  0.200238
73150  0.200238
73200  0.200238
73250  0.200238
73300  0.200238
73350  0.200238
73400  0.200238
73450  0.200238
73500  0.200238
73550  0.200238
73600  0.200238
73650  0.200238
73700  0.200238
73750  0.200238
73800  0.200238
73850  0.200238
73900  0.200238
73950  0.200238
74000  0.200238
74050  0.200238
74100  0.200238
74150  0.200202
74200  0.200202
74250  0.200202
74300  0.200171
74350  0.200171
74400  0.200171
74450  0.200171
74500  0.200171
74550  0.200171
74600  0.200171
74650  0.200171
74700  0.200171
74750  0.200171
74800  0.200171
74850  0.200171
74900  0.200171
74950  0.200171
75000  0.200171
75050  0.200171
75100  0.200171
75150  0.200171
75200  0.200171
75250  0.200171
75300  0.200171
75350  0.200171
75400  0.200171
75450  0.200171
75500  0.200171
75550  0.200171
75600  0.200171
75650  0.200171
75700  0.200171
75750  0.200171
75800  0.200171
75850  0.200171
75900  0.200171
75950  0.200171
76000  0.200171
76050  0.200171
76100  0.200171
76150  0.200171
76200  0.200171
76250  0.200171
76300  0.200171
76350  0.200171
76400  0.200171
76450  0.200171
76500  0.200171
76550  0.200171
76600  0.200171
76650  0.200171
76700  0.200171
76750  0.200171
76800  0.200171
76850  0.200171
76900  0.200171
76950  0.200171
77000  0.200171
77050  0.200171
77100  0.200171
77150  0.200171
77200  0.200171
77250  0.200171
77300  0.200171
77350  0.200171
77400  0.200171
77450  0.200171
77500  0.200171
77550  0.200106
77600  0.200106
77650  0.200106
77700  0.200106
77750  0.200106
77800  0.200106
77850  0.200106
77900  0.200106
77950  0.200106
78000  0.200106
78050  0.200106
78100  0.200106
78150  0.200106
78200  0.200106
78250  0.200106
78300  0.200106
78350  0.200106
78400  0.200106
78450  0.200106
78500  0.200106
78550  0.200106
78600  0.200106
78650  0.200106
78700  0.200106
78750  0.200106
78800  0.200106
78850  0.200106
78900  0.200106
78950  0.200106
79000  0.200106
79050  0.200106
79100  0.200106
79150  0.200106
79200  0.200106
79250  0.200106
79300  0.200106
79350  0.200106
79400  0.200086
79450  0.200086
79500  0.200086
79550  0.200067
79600  0.200067
79650  0.200067
79700  0.200067
79750  0.200067
79800  0.200067
79850  0.200067
79900  0.200067
79950  0.200067
80000  0.200067
80050  0.200067
80100  0.200067
80150  0.200067
80200  0.200067
80250  0.200067
80300  0.200067
80350  0.200067
80400  0.200067
80450  0.200067
80500  0.200067
80550  0.200067
80600  0.200067
80650  0.200067
80700  0.200067
80750  0.200067
80800  0.200067
80850  0.200067
80900  0.200067
80950  0.200067
81000  0.200067
81050  0.200067
81100  0.200067
81150  0.200067
81200  0.200067
81250  0.200067
81300  0.200067
81350  0.200067
81400  0.200067
81450  0.200067
81500  0.200067
81550  0.200013
81600  0.200013
81650  0.200013
81700  0.200013
81750  0.200013
81800  0.200013
81850  0.200013
81900  0.200013
81950  0.200013
82000  0.200013
82050  0.200013
82100  0.200013
82150  0.200013
82200  0.200013
82250  0.200013
82300  0.200013
82350  0.200013
82400  0.200013
82450  0.200013
82500  0.200013
82550  0.200013
82600  0.200013
82650  0.200013
82700  0.200013
82750  0.200013
82800  0.200013
82850  0.200013
82900  0.200013
82950  0.200013
83000  0.200013
83050  0.200013
83100  0.200013
83150  0.200013
83200  0.200013
83250  0.200013
83300  0.199947
83350  0.199947
83400  0.199947
83450  0.199947
83500  0.199947
83550  0.199947
83600  0.199947
83650  0.199947
83700  0.199947
83750  0.199947
83800  0.199947
83850  0.199947
83900  0.199947
83950  0.199947
84000  0.199947
84050  0.199947
84100  0.199947
84150  0.199947
84200  0.199947
84250  0.199947
84300  0.199947
84350  0.199947
84400  0.199947
84450  0.199947
84500  0.199947
84550  0.199947
84600  0.199947
84650  0.199947
84700  0.199947
84750  0.199947
84800  0.199947
84850  0.199947
84900  0.199947
84950  0.199947
85000  0.199947
85050  0.199947
85100  0.199947
85150  0.199947
85200  0.199947
85250  0.199947
85300  0.199947
85350  0.199947
85400  0.199947
85450  0.199947
85500  0.199947
85550  0.199947
85600  0.199947
85650  0.199945
85700  0.199945
85750  0.199945
85800  0.199945
85850  0.199945
85900  0.199945
85950  0.199945
86000  0.199945
86050  0.199945
86100  0.199945
86150  0.199945
86200  0.199945
86250  0.199945
86300  0.199945
86350  0.199945
86400  0.199945
86450  0.199945
86500  0.199945
86550  0.199945
86600  0.199945
86650  0.199945
86700  0.199945
86750  0.199945
86800  0.199945
86850  0.199945
86900  0.199945
86950  0.199945
87000  0.199945
87050  0.199945
87100  0.199945
87150  0.199945
87200  0.199945
87250  0.199945
87300  0.199945
87350  0.199945
87400  0.199945
87450  0.199945
87500  0.199821
87550  0.199821
87600  0.199821
87650  0.199821
87700  0.199821
87750  0.199821
87800  0.199821
87850  0.199821
87900  0.199821
87950  0.199821
88000  0.199821
88050  0.199821
88100  0.199821
88150  0.199821
88200  0.199821
88250  0.199821
88300  0.199821
88350  0.199821
88400  0.199821
88450  0.199821
88500  0.199821
88550  0.199821
88600  0.199821
88650  0.199821
88700  0.199821
88750  0.199821
88800  0.199821
88850  0.199821
88900  0.199821
88950  0.199821
89000  0.199821
89050  0.199821
89100  0.199821
89150  0.199821
89200  0.199821
89250  0.199821
89300  0.199821
89350  0.199821
89400  0.199821
89450  0.199821
89500  0.199821
89550  0.199821
89600  0.199821
89650  0.199821
89700  0.199821
89750  0.199821
89800  0.199821
89850  0.199821
89900  0.199821
89950  0.199821
90000  0.199821
90050  0.199821
90100  0.199821
90150  0.199821
90200  0.199821
90250  0.199821
90300  0.199821
90350  0.199821
90400  0.199753
90450  0.199753
90500  0.199753
90550  0.199753
90600  0.199753
90650  0.199753
90700  0.199753
90750  0.199753
90800  0.199753
90850  0.199753
90900  0.199753
90950  0.199753
91000  0.199753
91050  0.199753
91100  0.199753
91150  0.199753
91200  0.199753
91250  0.199753
91300  0.199753
91350  0.199753
91400  0.199753
91450  0.199753
91500  0.199747
91550  0.199747
91600  0.199747
91650  0.199747
91700  0.199747
91750  0.199747
91800  0.199747
91850  0.199747
91900  0.199747
91950  0.199747
92000  0.199747
92050  0.199747
92100  0.199747
92150  0.199747
92200  0.199747
92250  0.199747
92300  0.199747
92350  0.199747
92400  0.199747
92450  0.199747
92500  0.199747
92550  0.199747
92600  0.199747
92650  0.199747
92700  0.199747
92750  0.199747
92800  0.199747
92850  0.199747
92900  0.199747
92950  0.199747
93000  0.199747
93050  0.199747
93100  0.199747
93150  0.199747
93200  0.199747
93250  0.199747
93300  0.199747
93350  0.199747
93400  0.199747
93450  0.199747
93500  0.199747
93550  0.199747
93600  0.199747
93650  0.199747
93700  0.199747
93750  0.199747
93800  0.199747
93850  0.199747
93900  0.199747
93950  0.199747
94000  0.199747
94050  0.199747
94100  0.199747
94150  0.199747
94200  0.199747
94250  0.199747
94300  0.199716
94350  0.199716
94400  0.199716
94450  0.199716
94500  0.199716
94550  0.199716
94600  0.199716
94650  0.199716
94700  0.199716
94750  0.199716
94800  0.199716
94850  0.199716
94900  0.199716
94950  0.199716
95000  0.199716
95050  0.199716
95100  0.199716
95150  0.199716
95200  0.199716
95250  0.199716
95300  0.199716
95350  0.199716
95400  0.199716
95450  0.199716
95500  0.199716
95550  0.199716
95600  0.199716
95650  0.199716
95700  0.199716
95750  0.199716
95800  0.199716
95850  0.199716
95900  0.199716
95950  0.199716
96000  0.199716
96050  0.199649
96100  0.199649
96150  0.199649
96200  0.199649
96250  0.199649
96300  0.199649
96350  0.199649
96400  0.199649
96450  0.199649
96500  0.199649
96550  0.199649
96600  0.199649
96650  0.199649
96700  0.199632
96750  0.199632
96800  0.199632
96850  0.199632
96900  0.199632
96950  0.199632
97000  0.199632
97050  0.199632
97100  0.199632
97150  0.199632
97200  0.199632
97250  0.199632
97300  0.199632
97350  0.199632
97400  0.199632
97450  0.199632
97500  0.199632
97550  0.199632
97600  0.199632
97650  0.199632
97700  0.199632
97750  0.199632
97800  0.199632
97850  0.199632
97900  0.199632
97950  0.199632
98000  0.199632
98050  0.199632
98100  0.199632
98150  0.199622
98200  0.199622
98250  0.199622
98300  0.199622
98350  0.199622
98400  0.199622
98450  0.199622
98500  0.199622
98550  0.199622
98600  0.199622
98650  0.199622
98700  0.199622
98750  0.199622
98800  0.199622
98850  0.199622
98900  0.199622
98950  0.199622
99000  0.199622
99050  0.199622
99100  0.199622
99150  0.199558
99200  0.199558
99250  0.199558
99300  0.199558
99350  0.199558
99400  0.199558
99450  0.199558
99500  0.199558
99550  0.199558
99600  0.199558
99650  0.199558
99700  0.199558
99750  0.199558
99800  0.199558
99850  0.199558
99900  0.199558
99950  0.199558
100000  0.199558
100050  0.199558
100100  0.199558
100150  0.199558
100200  0.199558
100250  0.199558
100300  0.199558
100350  0.199558
100400  0.199558
100450  0.199558
100500  0.199558
100550  0.199558
100600  0.199558
100650  0.19954
100700  0.19954
100750  0.19954
100800  0.19954
100850  0.19954
100900  0.19954
100950  0.19954
101000  0.19954
101050  0.19954
101100  0.19954
101150  0.19954
101200  0.19954
101250  0.19954
101300  0.19954
101350  0.19954
101400  0.19954
101450  0.19954
101500  0.19954
101550  0.19954
101600  0.19954
101650  0.19954
101700  0.19954
101750  0.19954
101800  0.19954
101850  0.19954
101900  0.19954
101950  0.19954
102000  0.19954
102050  0.19954
102100  0.19954
102150  0.19954
102200  0.19954
102250  0.19954
102300  0.19954
102350  0.19954
102400  0.19954
102450  0.19954
102500  0.19954
102550  0.19954
102600  0.19954
102650  0.19954
102700  0.19954
102750  0.19954
102800  0.19954
102850  0.19954
102900  0.19954
102950  0.19954
103000  0.19954
103050  0.19954
103100  0.19954
103150  0.19954
103200  0.19954
103250  0.19954
103300  0.199488
103350  0.199488
103400  0.199488
103450  0.199488
103500  0.199488
103550  0.199488
103600  0.199488
103650  0.199488
103700  0.199488
103750  0.199488
103800  0.199488
103850  0.199488
103900  0.199488
103950  0.199488
104000  0.199488
104050  0.199488
104100  0.199488
104150  0.199488
104200  0.199488
104250  0.199488
104300  0.199488
104350  0.199488
104400  0.199488
104450  0.199488
104500  0.199488
104550  0.199488
104600  0.199488
104650  0.199488
104700  0.199488
104750  0.199488
104800  0.199488
104850  0.199488
104900  0.199488
104950  0.199488
105000  0.199488
105050  0.199488
105100  0.199488
105150  0.199488
105200  0.199488
105250  0.199488
105300  0.199488
105350  0.199488
105400  0.199488
105450  0.199488
105500  0.199488
105550  0.199488
105600  0.199488
105650  0.199488
105700  0.199488
105750  0.199488
105800  0.199488
105850  0.199488
105900  0.199488
105950  0.199488
106000  0.199488
106050  0.199488
106100  0.199488
106150  0.199488
106200  0.199488
106250  0.199488
106300  0.199488
106350  0.199488
106400  0.199488
106450  0.199488
106500  0.199488
106550  0.199434
106600  0.199434
106650  0.199434
106700  0.199434
106750  0.199434
106800  0.199434
106850  0.199434
106900  0.199434
106950  0.199434
107000  0.199434
107050  0.199434
107100  0.199434
107150  0.199434
107200  0.199434
107250  0.199434
107300  0.199434
107350  0.199434
107400  0.199434
107450  0.199434
107500  0.199434
107550  0.199434
107600  0.199434
107650  0.199434
107700  0.199434
107750  0.199434
107800  0.199434
107850  0.199434
107900  0.199434
107950  0.199434
108000  0.199434
108050  0.199434
108100  0.199434
108150  0.199434
108200  0.199434
108250  0.199434
108300  0.199434
108350  0.199434
108400  0.199434
108450  0.199434
108500  0.199434
108550  0.199434
108600  0.199434
108650  0.199434
108700  0.199434
108750  0.199434
108800  0.199434
108850  0.199434
108900  0.199434
108950  0.199434
109000  0.199434
109050  0.199434
109100  0.199434
109150  0.199434
109200  0.199434
109250  0.199434
109300  0.199434
109350  0.199434
109400  0.199434
109450  0.199434
109500  0.199434
109550  0.199434
109600  0.199434
109650  0.199434
109700  0.199434
109750  0.199434
109800  0.199434
109850  0.199434
109900  0.199434
109950  0.199434
110000  0.199434
110050  0.199434
110100  0.199434
110150  0.199434
110200  0.199434
110250  0.199434
110300  0.199434
110350  0.199434
110400  0.199434
110450  0.199434
110500  0.199434
110550  0.199434
110600  0.199434
110650  0.199434
110700  0.199434
110750  0.199434
110800  0.199434
110850  0.199434
110900  0.199434
110950  0.199434
111000  0.199434
111050  0.199434
111100  0.199434
111150  0.199434
111200  0.199384
111250  0.199384
111300  0.199384
111350  0.199384
111400  0.199384
111450  0.199384
111500  0.199384
111550  0.199384
111600  0.199384
111650  0.199384
111700  0.199384
111750  0.199384
111800  0.199384
111850  0.199384
111900  0.199384
111950  0.199384
112000  0.199384
112050  0.199384
112100  0.199384
112150  0.199384
112200  0.199384
112250  0.199384
112300  0.199384
112350  0.199384
112400  0.199384
112450  0.199384
112500  0.199384
112550  0.199384
112600  0.199384
112650  0.199384
112700  0.199384
112750  0.199384
112800  0.199384
112850  0.199384
112900  0.199384
112950  0.199384
113000  0.199384
113050  0.199384
113100  0.199384
113150  0.199384
113200  0.199384
113250  0.199384
113300  0.199384
113350  0.199384
113400  0.199384
113450  0.199384
113500  0.199384
113550  0.199384
113600  0.199384
113650  0.199384
113700  0.199384
113750  0.199384
113800  0.199384
113850  0.199384
113900  0.199384
113950  0.199384
114000  0.199384
114050  0.199384
114100  0.199384
114150  0.199384
114200  0.199384
114250  0.199384
114300  0.199384
114350  0.199384
114400  0.199384
114450  0.199384
114500  0.199384
114550  0.199384
114600  0.199384
114650  0.199384
114700  0.199384
114750  0.199384
114800  0.199384
114850  0.199384
114900  0.199384
114950  0.199384
115000  0.199384
115050  0.199384
115100  0.199384
115150  0.199384
115200  0.199384
115250  0.199384
115300  0.199365
115350  0.199365
115400  0.199365
115450  0.199365
115500  0.199365
115550  0.199365
115600  0.199365
115650  0.199365
115700  0.199365
115750  0.199365
115800  0.199365
115850  0.199365
115900  0.199365
115950  0.199365
116000  0.199365
116050  0.199365
116100  0.199358
116150  0.199358
116200  0.199358
116250  0.199358
116300  0.199358
116350  0.199358
116400  0.199303
116450  0.199303
116500  0.199303
116550  0.199303
116600  0.199303
116650  0.199303
116700  0.199303
116750  0.199303
116800  0.199303
116850  0.199303
116900  0.199303
116950  0.199303
117000  0.199303
117050  0.199303
117100  0.199303
117150  0.199303
117200  0.199303
117250  0.199303
117300  0.199303
117350  0.199303
117400  0.199303
117450  0.199303
117500  0.199303
117550  0.199303
117600  0.199303
117650  0.199303
117700  0.199303
117750  0.199303
117800  0.199243
117850  0.199243
117900  0.199243
117950  0.199243
118000  0.199243
118050  0.199243
118100  0.199243
118150  0.199243
118200  0.199243
118250  0.199243
118300  0.199243
118350  0.199243
118400  0.199243
118450  0.199243
118500  0.199243
118550  0.199243
118600  0.199243
118650  0.199225
118700  0.199225
118750  0.199225
118800  0.199225
118850  0.199225
118900  0.199225
118950  0.199225
119000  0.199225
119050  0.199225
119100  0.199225
119150  0.199225
119200  0.199225
119250  0.199225
119300  0.199225
119350  0.199225
119400  0.199225
119450  0.199225
119500  0.199225
119550  0.199225
119600  0.199225
119650  0.199225
119700  0.199225
119750  0.199225
119800  0.199225
119850  0.199225
119900  0.199225
119950  0.199225
120000  0.199225
120050  0.199225
120100  0.199225
120150  0.199225
120200  0.199225
120250  0.199225
120300  0.199225
120350  0.199225
120400  0.199225
120450  0.199225
120500  0.199225
120550  0.199225
120600  0.199225
120650  0.199225
120700  0.199225
120750  0.199225
120800  0.199225
120850  0.199225
120900  0.199225
120950  0.199225
121000  0.199225
121050  0.199203
121100  0.199203
121150  0.199203
121200  0.199203
121250  0.199203
121300  0.199203
121350  0.199203
121400  0.199203
121450  0.199203
121500  0.199203
121550  0.199203
121600  0.199203
121650  0.199203
121700  0.199203
121750  0.199203
121800  0.199203
121850  0.199203
121900  0.199203
121950  0.199203
122000  0.199165
122050  0.199165
122100  0.199165
122150  0.199165
122200  0.199165
122250  0.199165
122300  0.199165
122350  0.199165
122400  0.199165
122450  0.199165
122500  0.199165
122550  0.199165
122600  0.199165
122650  0.199165
122700  0.199165
122750  0.199165
122800  0.199165
122850  0.199165
122900  0.199165
122950  0.199165
123000  0.199165
123050  0.199165
123100  0.199165
123150  0.199165
123200  0.199165
123250  0.199165
123300  0.199165
123350  0.199165
123400  0.199165
123450  0.199165
123500  0.199165
123550  0.199165
123600  0.199165
123650  0.199165
123700  0.199165
123750  0.199165
123800  0.199165
123850  0.199165
123900  0.199165
123950  0.199165
124000  0.199165
124050  0.199165
124100  0.199165
124150  0.199165
124200  0.199165
124250  0.199165
124300  0.199165
124350  0.199165
124400  0.199165
124450  0.199165
124500  0.199165
124550  0.199165
124600  0.199165
124650  0.199165
124700  0.199165
124750  0.199165
124800  0.199165
124850  0.199165
124900  0.199165
124950  0.199165
125000  0.199165
125050  0.199165
125100  0.199165
125150  0.199165
125200  0.199165
125250  0.199165
125300  0.199165
125350  0.199165
125400  0.199165
125450  0.199165
125500  0.199165
125550  0.199165
125600  0.199165
125650  0.199165
125700  0.199165
125750  0.199165
125800  0.199165
125850  0.199165
125900  0.199165
125950  0.199165
126000  0.199165
126050  0.199165
126100  0.199165
126150  0.199165
126200  0.199165
126250  0.199165
126300  0.199165
126350  0.199165
126400  0.199107
126450  0.199107
126500  0.199107
126550  0.199107
126600  0.199107
126650  0.199107
126700  0.199107
126750  0.199107
126800  0.199107
126850  0.199107
126900  0.199107
126950  0.199107
127000  0.199107
127050  0.199107
127100  0.199107
127150  0.199107
127200  0.199107
127250  0.199107
127300  0.199107
127350  0.199107
127400  0.199107
127450  0.199107
127500  0.199107
127550  0.199107
127600  0.199107
127650  0.199107
127700  0.199107
127750  0.199107
127800  0.199107
127850  0.199107
127900  0.199107
127950  0.199107
128000  0.199107
128050  0.199107
128100  0.199107
128150  0.1991
128200  0.1991
128250  0.1991
128300  0.1991
128350  0.1991
128400  0.1991
128450  0.1991
128500  0.1991
128550  0.1991
128600  0.1991
128650  0.1991
128700  0.1991
128750  0.1991
128800  0.1991
128850  0.1991
128900  0.1991
128950  0.1991
129000  0.1991
129050  0.1991
129100  0.1991
129150  0.1991
129200  0.1991
129250  0.1991
129300  0.1991
129350  0.1991
129400  0.1991
129450  0.1991
129500  0.1991
129550  0.1991
129600  0.1991
129650  0.1991
129700  0.1991
129750  0.1991
129800  0.1991
129850  0.1991
129900  0.1991
129950  0.1991
130000  0.1991
130050  0.1991
130100  0.1991
130150  0.1991
130200  0.1991
130250  0.1991
130300  0.1991
130350  0.1991
130400  0.1991
130450  0.1991
130500  0.1991
130550  0.1991
