Step  Penalty
50  0.480067
100  0.474633
150  0.457974
200  0.448421
250  0.448421
300  0.428805
350  0.423727
400  0.401481
450  0.395305
500  0.388126
550  0.368252
600  0.354833
650  0.33237
700  0.319764
750  0.319764
800  0.310205
850  0.30778
900  0.290706
950  0.289325
1000  0.280793
1050  0.268085
1100  0.255249
1150  0.246129
1200  0.240034
1250  0.240034
1300  0.22859
1350  0.225943
1400  0.213393
1450  0.20852
1500  0.204434
1550  0.202734
1600  0.198483
1650  0.194045
1700  0.191351
1750  0.186642
1800  0.181149
1850  0.176718
1900  0.176718
1950  0.176718
2000  0.175631
2050  0.169536
2100  0.169536
2150  0.169536
2200  0.165082
2250  0.165082
2300  0.164895
2350  0.164895
2400  0.164466
2450  0.164466
2500  0.163336
2550  0.163336
2600  0.163336
2650  0.163336
2700  0.163336
2750  0.162983
2800  0.162983
2850  0.16223
2900  0.16223
2950  0.16223
3000  0.161311
3050  0.160637
3100  0.160637
3150  0.160637
3200  0.160637
3250  0.160637
3300  0.160637
3350  0.160637
3400  0.160637
3450  0.160637
3500  0.160637
3550  0.160637
3600  0.160637
3650  0.160637
3700  0.160637
3750  0.160224
3800  0.160224
3850  0.160224
3900  0.159671
3950  0.159671
4000  0.159671
4050  0.159671
4100  0.159671
4150  0.159671
4200  0.159671
4250  0.159671
4300  0.159034
4350  0.159034
4400  0.159034
4450  0.159034
4500  0.159034
4550  0.158989
4600  0.158989
4650  0.158989
4700  0.158989
4750  0.158989
4800  0.158989
4850  0.158989
4900  0.158989
4950  0.158989
5000  0.158914
5050  0.158914
5100  0.158914
5150  0.158199
5200  0.158199
5250  0.158199
5300  0.158199
5350  0.158199
5400  0.158199
5450  0.158199
5500  0.158199
5550  0.158199
5600  0.158199
5650  0.158199
5700  0.158199
5750  0.158199
5800  0.158199
5850  0.158199
5900  0.158199
5950  0.158199
6000  0.158199
6050  0.158199
6100  0.158199
6150  0.157537
6200  0.157537
6250  0.157537
6300  0.157537
6350  0.157537
6400  0.157537
6450  0.157537
6500  0.157537
6550  0.157537
6600  0.157537
6650  0.157537
6700  0.157537
6750  0.157537
6800  0.157537
6850  0.157537
6900  0.157537
6950  0.157537
7000  0.157537
7050  0.157453
7100  0.157453
7150  0.157453
7200  0.15712
7250  0.15712
7300  0.15712
7350  0.15712
7400  0.15712
7450  0.15712
7500  0.15712
7550  0.15712
7600  0.15712
7650  0.15712
7700  0.15712
7750  0.15712
7800  0.15712
7850  0.15712
7900  0.156828
7950  0.156828
8000  0.156828
8050  0.156828
8100  0.156828
8150  0.156828
8200  0.156828
8250  0.156828
8300  0.156828
8350  0.156828
8400  0.156828
8450  0.156828
8500  0.156828
8550  0.156828
8600  0.156828
8650  0.156828
8700  0.156828
8750  0.156828
8800  0.156828
8850  0.156828
8900  0.156828
8950  0.156828
9000  0.156828
9050  0.156828
9100  0.156828
9150  0.156828
9200  0.156828
9250  0.156625
9300  0.156625
9350  0.156625
9400  0.156625
9450  0.156625
9500  0.156625
9550  0.156625
9600  0.155717
9650  0.155717
9700  0.155717
9750  0.155717
9800  0.155717
9850  0.155717
9900  0.155717
9950  0.155717
10000  0.155717
10050  0.155717
10100  0.155717
10150  0.155717
10200  0.155717
10250  0.155717
10300  0.155717
10350  0.155717
10400  0.155717
10450  0.155717
10500  0.155717
10550  0.155717
10600  0.155717
10650  0.155717
10700  0.155717
10750  0.155717
10800  0.155717
10850  0.155717
10900  0.155717
10950  0.155717
11000  0.155717
11050  0.155717
11100  0.155717
11150  0.155717
11200  0.155717
11250  0.155717
11300  0.155717
11350  0.155717
11400  0.155717
11450  0.155717
11500  0.155717
11550  0.155717
11600  0.155717
11650  0.155717
11700  0.155717
11750  0.15565
11800  0.15565
11850  0.15565
11900  0.15565
11950  0.15565
12000  0.15565
12050  0.15565
12100  0.15565
12150  0.155195
12200  0.155195
12250  0.155195
12300  0.155195
12350  0.155195
12400  0.155195
12450  0.155195
12500  0.155195
12550  0.155195
12600  0.155195
12650  0.155195
12700  0.155195
12750  0.155195
12800  0.155195
12850  0.155195
12900  0.155195
12950  0.155195
13000  0.155195
13050  0.155195
13100  0.155195
13150  0.155195
13200  0.155195
13250  0.155195
13300  0.155195
13350  0.155195
13400  0.154748
13450  0.154748
13500  0.154748
13550  0.154748
13600  0.154748
13650  0.154748
13700  0.154748
13750  0.154748
13800  0.154748
13850  0.154748
13900  0.154748
13950  0.154748
14000  0.154748
14050  0.154748
14100  0.154748
14150  0.154748
14200  0.154748
14250  0.154748
14300  0.154748
14350  0.154748
14400  0.154748
14450  0.154748
14500  0.154748
14550  0.154748
14600  0.154748
14650  0.154748
14700  0.154748
14750  0.154748
14800  0.154748
14850  0.154748
14900  0.154748
14950  0.154748
15000  0.154748
15050  0.154748
15100  0.154748
15150  0.154748
15200  0.154748
15250  0.154748
15300  0.154748
15350  0.154748
15400  0.154748
15450  0.154748
15500  0.154748
15550  0.154748
15600  0.154748
15650  0.154748
15700  0.154748
15750  0.154748
15800  0.154748
15850  0.154748
15900  0.154748
15950  0.154748
16000  0.154748
16050  0.154748
16100  0.154748
16150  0.154748
16200  0.154748
16250  0.154748
16300  0.154748
16350  0.154748
16400  0.154748
16450  0.154748
16500  0.154748
16550  0.154748
16600  0.154748
16650  0.154748
16700  0.154748
16750  0.154748
16800  0.154747
16850  0.15466
16900  0.15466
16950  0.153663
17000  0.153663
17050  0.153663
17100  0.153663
17150  0.153663
17200  0.153663
17250  0.153663
17300  0.153663
17350  0.153663
17400  0.153663
17450  0.153663
17500  0.153663
17550  0.153663
17600  0.153663
17650  0.153663
17700  0.153663
17750  0.153663
17800  0.153663
17850  0.153663
17900  0.153663
17950  0.153663
18000  0.153663
18050  0.153663
18100  0.153663
18150  0.153663
18200  0.153663
18250  0.153663
18300  0.153663
18350  0.153663
18400  0.153663
18450  0.153663
18500  0.153663
18550  0.153663
18600  0.153663
18650  0.153663
18700  0.153663
18750  0.153663
18800  0.153663
18850  0.153663
18900  0.153658
18950  0.153658
19000  0.153658
19050  0.153658
19100  0.153658
19150  0.153658
19200  0.153658
19250  0.153658
19300  0.153658
19350  0.153658
19400  0.153658
19450  0.153658
19500  0.153658
19550  0.153658
19600  0.153658
19650  0.153658
19700  0.153658
19750  0.153658
19800  0.153658
19850  0.153658
19900  0.153658
19950  0.153658
20000  0.153164
20050  0.153164
20100  0.153164
20150  0.153164
20200  0.153164
20250  0.153164
20300  0.153164
20350  0.153164
20400  0.153164
20450  0.153164
20500  0.153164
20550  0.153164
20600  0.153164
20650  0.153164
20700  0.153164
20750  0.153164
20800  0.153164
20850  0.153164
20900  0.153164
20950  0.153164
21000  0.153164
21050  0.153164
21100  0.153164
21150  0.153164
21200  0.153164
21250  0.153164
21300  0.153164
21350  0.153164
21400  0.153031
21450  0.153031
21500  0.153031
21550  0.153031
21600  0.153031
21650  0.153031
21700  0.153031
21750  0.153031
21800  0.153031
21850  0.153031
21900  0.153031
21950  0.153031
22000  0.153031
22050  0.153031
22100  0.153031
22150  0.153031
22200  0.153031
22250  0.153031
22300  0.153031
22350  0.153031
22400  0.153031
22450  0.153031
22500  0.153031
22550  0.153031
22600  0.153031
22650  0.153031
22700  0.153031
22750  0.153031
22800  0.153031
22850  0.153031
22900  0.153031
22950  0.153031
23000  0.153031
23050  0.153031
23100  0.153031
23150  0.153031
23200  0.153031
23250  0.153031
23300  0.153031
23350  0.153031
23400  0.153031
23450  0.153031
23500  0.153031
23550  0.153031
23600  0.153031
23650  0.152828
23700  0.152828
23750  0.152828
23800  0.152828
23850  0.152693
23900  0.152693
23950  0.152693
24000  0.152693
24050  0.152693
24100  0.152693
24150  0.152693
24200  0.152693
24250  0.152693
24300  0.152693
24350  0.152693
24400  0.152693
24450  0.152693
24500  0.152693
24550  0.152693
24600  0.152693
24650  0.152693
24700  0.152693
24750  0.152693
24800  0.152693
24850  0.152693
24900  0.152693
24950  0.152693
25000  0.152693
25050  0.152693
25100  0.152693
25150  0.152693
25200  0.152693
25250  0.152693
25300  0.152693
25350  0.152693
25400  0.152693
25450  0.152693
25500  0.152693
25550  0.152693
25600  0.152693
25650  0.152693
25700  0.152693
25750  0.152693
25800  0.152693
25850  0.152693
25900  0.152693
25950  0.152693
26000  0.152693
26050  0.152693
26100  0.152693
26150  0.152693
26200  0.152693
26250  0.152693
26300  0.152693
26350  0.152693
26400  0.152693
26450  0.152693
26500  0.152693
26550  0.152693
26600  0.152693
26650  0.152693
26700  0.152693
26750  0.152693
26800  0.152693
26850  0.152693
26900  0.152693
26950  0.152693
27000  0.152693
27050  0.152693
27100  0.152693
27150  0.152693
27200  0.152693
27250  0.152693
27300  0.152693
27350  0.152693
27400  0.152693
27450  0.152693
27500  0.152693
27550  0.152693
27600  0.152693
27650  0.152595
27700  0.152595
27750  0.152595
27800  0.152595
27850  0.152595
27900  0.151792
27950  0.151792
28000  0.151792
28050  0.151792
28100  0.151792
28150  0.151792
28200  0.151792
28250  0.151792
28300  0.151792
28350  0.151792
28400  0.151792
28450  0.151792
28500  0.151792
28550  0.151792
28600  0.151792
28650  0.151792
28700  0.151792
28750  0.151792
28800  0.151792
28850  0.151792
28900  0.15171
28950  0.15171
29000  0.15171
29050  0.15171
29100  0.15171
29150  0.15171
29200  0.15171
29250  0.15171
29300  0.15171
29350  0.15171
29400  0.15171
29450  0.15171
29500  0.15171
29550  0.15171
29600  0.15171
29650  0.15171
29700  0.15171
29750  0.15171
29800  0.15171
29850  0.15171
29900  0.15171
29950  0.15171
30000  0.15171
30050  0.15171
30100  0.15171
30150  0.15171
30200  0.15171
30250  0.15171
30300  0.15171
30350  0.15171
30400  0.15171
30450  0.15171
30500  0.15171
30550  0.15171
30600  0.15171
30650  0.15171
30700  0.15171
30750  0.15171
30800  0.15171
30850  0.15171
30900  0.15171
30950  0.15171
31000  0.15171
31050  0.15171
31100  0.15171
31150  0.15171
31200  0.15171
31250  0.15171
31300  0.15171
31350  0.15171
31400  0.15171
31450  0.15171
31500  0.15171
31550  0.15171
31600  0.15171
31650  0.15171
31700  0.15171
31750  0.15171
31800  0.15171
31850  0.15171
31900  0.15171
31950  0.15171
32000  0.15171
32050  0.15171
32100  0.15171
32150  0.15171
32200  0.15171
32250  0.15171
32300  0.15171
32350  0.15171
32400  0.15171
32450  0.15171
32500  0.15171
32550  0.15171
32600  0.15171
32650  0.15171
32700  0.15171
32750  0.15171
32800  0.15171
32850  0.15171
32900  0.15171
32950  0.15171
33000  0.15171
33050  0.15171
33100  0.15171
33150  0.15171
33200  0.15171
33250  0.15171
33300  0.15171
33350  0.15171
33400  0.15171
33450  0.15171
33500  0.15171
33550  0.15171
33600  0.15171
33650  0.15171
33700  0.15171
33750  0.15171
33800  0.15171
33850  0.15171
33900  0.15171
33950  0.15171
34000  0.15171
34050  0.15171
34100  0.15171
34150  0.15171
34200  0.15171
34250  0.15171
34300  0.15171
34350  0.15171
34400  0.15171
34450  0.15171
34500  0.15171
34550  0.15171
34600  0.15171
34650  0.151675
34700  0.151675
34750  0.151675
34800  0.151675
34850  0.151675
34900  0.151675
34950  0.151675
35000  0.151675
35050  0.151675
35100  0.151675
35150  0.151675
35200  0.151675
35250  0.151675
35300  0.151675
35350  0.151675
35400  0.151675
35450  0.151675
35500  0.151675
35550  0.151675
35600  0.151675
35650  0.151675
35700  0.151675
35750  0.151675
35800  0.151675
35850  0.151675
35900  0.151675
35950  0.151675
36000  0.151675
36050  0.151675
36100  0.151675
36150  0.151675
36200  0.151675
36250  0.151675
36300  0.151675
36350  0.151675
36400  0.151675
36450  0.151675
36500  0.151675
36550  0.151675
36600  0.151675
36650  0.151675
36700  0.151675
36750  0.151675
36800  0.151675
36850  0.151675
36900  0.151675
36950  0.151675
37000  0.151675
37050  0.151675
37100  0.151675
37150  0.151675
37200  0.151675
37250  0.151675
37300  0.151675
37350  0.151675
37400  0.151675
37450  0.151675
37500  0.151675
37550  0.151675
37600  0.151675
37650  0.151675
37700  0.151675
37750  0.151675
37800  0.151675
37850  0.151675
37900  0.151675
37950  0.151675
38000  0.151675
38050  0.151675
38100  0.151675
38150  0.151675
38200  0.151675
38250  0.151675
38300  0.151675
38350  0.151675
38400  0.151675
38450  0.151675
38500  0.151675
38550  0.151675
38600  0.151675
38650  0.151675
38700  0.151675
38750  0.151675
38800  0.151675
38850  0.151675
38900  0.151675
38950  0.151675
39000  0.151675
39050  0.151675
39100  0.151675
39150  0.151675
39200  0.151675
39250  0.151675
39300  0.151675
39350  0.151675
39400  0.151675
39450  0.151675
39500  0.151675
39550  0.151675
39600  0.151675
39650  0.151675
39700  0.151675
39750  0.151675
39800  0.151675
39850  0.151675
39900  0.151675
39950  0.151675
40000  0.151675
40050  0.151675
40100  0.151675
40150  0.151675
40200  0.151675
40250  0.151675
40300  0.151675
40350  0.151675
40400  0.151675
40450  0.151675
40500  0.151675
40550  0.151675
40600  0.151675
40650  0.151675
40700  0.151675
40750  0.151675
40800  0.151675
40850  0.151675
40900  0.151675
40950  0.151675
41000  0.151675
41050  0.151675
41100  0.151675
41150  0.151675
41200  0.151675
41250  0.151675
41300  0.151675
41350  0.151675
41400  0.151675
41450  0.151675
41500  0.151675
41550  0.151675
41600  0.151675
41650  0.151675
41700  0.151675
41750  0.151675
41800  0.151675
41850  0.151675
41900  0.151675
41950  0.151675
42000  0.151675
42050  0.151675
42100  0.151675
42150  0.151675
42200  0.151675
42250  0.151675
42300  0.151675
42350  0.151675
42400  0.151675
42450  0.151675
42500  0.151675
42550  0.151675
42600  0.151675
42650  0.151675
42700  0.151675
42750  0.151675
42800  0.151675
42850  0.151675
42900  0.151675
42950  0.151675
43000  0.151675
43050  0.151675
43100  0.151675
43150  0.151675
43200  0.151675
43250  0.151675
43300  0.151675
43350  0.151675
43400  0.151675
43450  0.151675
43500  0.151675
43550  0.151675
43600  0.151675
43650  0.151675
43700  0.151675
43750  0.151675
43800  0.151675
43850  0.151675
43900  0.151675
43950  0.151668
44000  0.151668
44050  0.151668
44100  0.151668
44150  0.151668
44200  0.151668
44250  0.151668
44300  0.151668
44350  0.151668
44400  0.151668
44450  0.151668
44500  0.151668
44550  0.151668
44600  0.151668
44650  0.151668
44700  0.151668
44750  0.151668
44800  0.151668
44850  0.151668
44900  0.151668
44950  0.151668
45000  0.151668
45050  0.151668
45100  0.151668
45150  0.151668
45200  0.151668
45250  0.151668
45300  0.151668
45350  0.151668
45400  0.151668
45450  0.151668
45500  0.151668
45550  0.151668
45600  0.151668
45650  0.151668
45700  0.151668
45750  0.151668
45800  0.151668
45850  0.151668
45900  0.151668
45950  0.151668
46000  0.151668
46050  0.151668
46100  0.151668
46150  0.151668
46200  0.151668
46250  0.151668
46300  0.151668
46350  0.151668
46400  0.151668
46450  0.151668
46500  0.151668
46550  0.151668
46600  0.151668
46650  0.151668
46700  0.151668
46750  0.151668
46800  0.151668
46850  0.151668
46900  0.151668
46950  0.151668
47000  0.151668
47050  0.151668
47100  0.151668
47150  0.151668
47200  0.151668
47250  0.151668
47300  0.151668
47350  0.151668
47400  0.151668
47450  0.151668
47500  0.151668
47550  0.151668
47600  0.151668
47650  0.151668
47700  0.151668
47750  0.151668
47800  0.151668
47850  0.151668
47900  0.151668
47950  0.151668
48000  0.151668
48050  0.151668
48100  0.151668
48150  0.151668
48200  0.151668
48250  0.151668
48300  0.151668
48350  0.151668
48400  0.151668
48450  0.151668
48500  0.151668
48550  0.151668
48600  0.151668
48650  0.151668
48700  0.151668
48750  0.151668
48800  0.151668
48850  0.151668
48900  0.151668
48950  0.151668
49000  0.151668
49050  0.151668
49100  0.151668
49150  0.151668
49200  0.151668
49250  0.151668
49300  0.151668
49350  0.151668
49400  0.151668
49450  0.151668
49500  0.151668
49550  0.151668
49600  0.151668
49650  0.151668
49700  0.151668
49750  0.151668
49800  0.151668
49850  0.151668
49900  0.151668
49950  0.151668
50000  0.151668
50050  0.151668
50100  0.151668
50150  0.151668
50200  0.151668
50250  0.151668
50300  0.151668
50350  0.151668
50400  0.151668
50450  0.151668
50500  0.151668
50550  0.151668
50600  0.151668
50650  0.151668
50700  0.15166
50750  0.15166
50800  0.15166
50850  0.15166
50900  0.15166
50950  0.15166
51000  0.15166
51050  0.15166
51100  0.15166
51150  0.15166
51200  0.15166
51250  0.15166
51300  0.15166
51350  0.15166
51400  0.15166
51450  0.15166
51500  0.15166
51550  0.15166
51600  0.15166
51650  0.15166
51700  0.15166
51750  0.15166
51800  0.15166
51850  0.15166
51900  0.15166
51950  0.15166
52000  0.15166
52050  0.15166
52100  0.15166
52150  0.15166
52200  0.15166
52250  0.15166
52300  0.15166
52350  0.15166
52400  0.15166
52450  0.151289
52500  0.151289
52550  0.151289
52600  0.151289
52650  0.151289
52700  0.151289
52750  0.151289
52800  0.151289
52850  0.151289
52900  0.151289
52950  0.151289
53000  0.151289
53050  0.151289
53100  0.151289
53150  0.151289
53200  0.151289
53250  0.151289
53300  0.151289
53350  0.151289
53400  0.151289
53450  0.151289
53500  0.151289
53550  0.151289
53600  0.151289
53650  0.151289
53700  0.151289
53750  0.151289
53800  0.151289
53850  0.151289
53900  0.151289
53950  0.151289
54000  0.151289
54050  0.151289
54100  0.151289
54150  0.151289
54200  0.151289
54250  0.151289
54300  0.151289
54350  0.151289
54400  0.151289
54450  0.151289
54500  0.151289
54550  0.151289
54600  0.151289
54650  0.151289
54700  0.151289
54750  0.151289
54800  0.151289
54850  0.151289
54900  0.151289
54950  0.151289
55000  0.151289
55050  0.151289
55100  0.151289
55150  0.151289
55200  0.151289
55250  0.151289
55300  0.151289
55350  0.151289
55400  0.151289
55450  0.151289
55500  0.151289
55550  0.151289
55600  0.151289
55650  0.151289
55700  0.151289
55750  0.151289
55800  0.151289
55850  0.151289
55900  0.151289
55950  0.151289
56000  0.151289
56050  0.151289
56100  0.151289
56150  0.151289
56200  0.151289
56250  0.151289
56300  0.151289
56350  0.151289
56400  0.151289
56450  0.151289
56500  0.151289
56550  0.151289
56600  0.151289
56650  0.151289
56700  0.151289
56750  0.151289
56800  0.151289
56850  0.151289
56900  0.151289
56950  0.151289
57000  0.151289
57050  0.151289
57100  0.151289
57150  0.151289
57200  0.151289
57250  0.151289
57300  0.151289
57350  0.151289
57400  0.151289
57450  0.151289
57500  0.151289
57550  0.151289
57600  0.151289
57650  0.151289
57700  0.151289
57750  0.151289
57800  0.151289
57850  0.151289
57900  0.151289
57950  0.151289
58000  0.151289
58050  0.151289
58100  0.151289
58150  0.151289
58200  0.151289
58250  0.151289
58300  0.151289
58350  0.151289
58400  0.151289
58450  0.151289
58500  0.151289
58550  0.151289
58600  0.151289
58650  0.151289
58700  0.151289
58750  0.151289
58800  0.151289
58850  0.151289
58900  0.151289
58950  0.151289
59000  0.151289
59050  0.151289
59100  0.151289
59150  0.151289
59200  0.151289
59250  0.151289
59300  0.151289
59350  0.151289
59400  0.151289
59450  0.151289
59500  0.151289
59550  0.151289
59600  0.151289
59650  0.151289
59700  0.151289
59750  0.151289
59800  0.151289
59850  0.151289
59900  0.151289
59950  0.151289
60000  0.151289
60050  0.151289
60100  0.151289
60150  0.151289
60200  0.151289
60250  0.151289
60300  0.151289
60350  0.151289
60400  0.151289
60450  0.151289
60500  0.151289
60550  0.151289
60600  0.151289
60650  0.151289
60700  0.151289
60750  0.151289
60800  0.151289
60850  0.150806
60900  0.150806
60950  0.150806
61000  0.150806
61050  0.150806
61100  0.150806
61150  0.150806
61200  0.150806
61250  0.150806
61300  0.150806
61350  0.150806
61400  0.150806
61450  0.150806
61500  0.150806
61550  0.150806
61600  0.150806
61650  0.150806
61700  0.150806
61750  0.150806
61800  0.150806
61850  0.150806
61900  0.150806
61950  0.150806
62000  0.150806
62050  0.150806
62100  0.150806
62150  0.150806
62200  0.150806
62250  0.150806
62300  0.150806
62350  0.150806
62400  0.150806
62450  0.150806
62500  0.150806
62550  0.150806
62600  0.150806
62650  0.150806
62700  0.150806
62750  0.150806
62800  0.150806
62850  0.150806
62900  0.150806
62950  0.150806
63000  0.150806
63050  0.150806
63100  0.150806
63150  0.150806
63200  0.150806
63250  0.150806
63300  0.150806
63350  0.150806
63400  0.150806
63450  0.150806
63500  0.150806
63550  0.150806
63600  0.150806
63650  0.150806
63700  0.150806
63750  0.150806
63800  0.150806
63850  0.150806
63900  0.150806
63950  0.150806
64000  0.150806
64050  0.150806
64100  0.150806
64150  0.150806
64200  0.150806
64250  0.150806
64300  0.150806
64350  0.150806
64400  0.150806
64450  0.150806
64500  0.150806
64550  0.150806
64600  0.150806
64650  0.150806
64700  0.150806
64750  0.150806
64800  0.150806
64850  0.150806
64900  0.150806
64950  0.150806
65000  0.150806
65050  0.150806
65100  0.150806
65150  0.150806
65200  0.150806
65250  0.150806
65300  0.150806
65350  0.150806
65400  0.150806
65450  0.150806
65500  0.150806
65550  0.150806
65600  0.150806
65650  0.150806
65700  0.150806
65750  0.150806
65800  0.150806
65850  0.150806
65900  0.150806
65950  0.150806
66000  0.150806
66050  0.150806
66100  0.150806
66150  0.150806
66200  0.150806
66250  0.150806
66300  0.150806
66350  0.150806
66400  0.150806
66450  0.150806
66500  0.150806
66550  0.150806
66600  0.150806
66650  0.150806
66700  0.150806
66750  0.150806
66800  0.150806
66850  0.150806
66900  0.150806
66950  0.150806
67000  0.150806
67050  0.150806
67100  0.150806
67150  0.150806
67200  0.150806
67250  0.150806
67300  0.150806
67350  0.150806
67400  0.150806
67450  0.150806
67500  0.150806
67550  0.150806
67600  0.150806
67650  0.150806
67700  0.150806
67750  0.150806
67800  0.150806
67850  0.150806
67900  0.150806
67950  0.150806
68000  0.150806
68050  0.150806
68100  0.150806
68150  0.150806
68200  0.150806
68250  0.150806
68300  0.150806
68350  0.150806
68400  0.150806
68450  0.150806
68500  0.150806
68550  0.150806
68600  0.150806
68650  0.150806
68700  0.150806
68750  0.150806
68800  0.150806
68850  0.150806
68900  0.150806
68950  0.150806
69000  0.150806
69050  0.150806
69100  0.150806
69150  0.150806
69200  0.150806
69250  0.150806
69300  0.150806
69350  0.150806
69400  0.150806
69450  0.150806
69500  0.150806
69550  0.150806
69600  0.150806
69650  0.150806
69700  0.150806
69750  0.150806
69800  0.150806
69850  0.150806
69900  0.150806
69950  0.150806
70000  0.150806
70050  0.150806
70100  0.150806
70150  0.150806
70200  0.150806
70250  0.150806
70300  0.150806
70350  0.150806
70400  0.150806
70450  0.150806
70500  0.150806
70550  0.150806
70600  0.150806
70650  0.150806
70700  0.150806
70750  0.150806
70800  0.150806
70850  0.150806
70900  0.150806
70950  0.150806
71000  0.150806
71050  0.150806
71100  0.150806
71150  0.150806
71200  0.150806
71250  0.150806
71300  0.150806
71350  0.150806
71400  0.150806
71450  0.150806
71500  0.150806
71550  0.150806
71600  0.150806
71650  0.150806
71700  0.150806
71750  0.150806
71800  0.150806
71850  0.150806
71900  0.150806
71950  0.150806
72000  0.150806
72050  0.150806
72100  0.150806
72150  0.150806
72200  0.150806
72250  0.150806
72300  0.150806
72350  0.150806
72400  0.150806
72450  0.150806
72500  0.150806
72550  0.150806
72600  0.150806
72650  0.150806
72700  0.150806
72750  0.150806
72800  0.150806
72850  0.150806
72900  0.150806
72950  0.150806
73000  0.150806
73050  0.150806
73100  0.150806
73150  0.150806
73200  0.150806
73250  0.150806
73300  0.150806
73350  0.150806
73400  0.150806
73450  0.150806
73500  0.150806
73550  0.150806
73600  0.150806
73650  0.150806
73700  0.150806
73750  0.150806
73800  0.150806
73850  0.150806
73900  0.150806
73950  0.150806
74000  0.150806
74050  0.150806
74100  0.150806
74150  0.150806
74200  0.150806
74250  0.150806
74300  0.150806
74350  0.150806
74400  0.150806
74450  0.150806
74500  0.150806
74550  0.150806
74600  0.150806
74650  0.150806
74700  0.150806
74750  0.150806
74800  0.150806
74850  0.150806
74900  0.150806
74950  0.150806
75000  0.150806
75050  0.150806
75100  0.150806
75150  0.150806
75200  0.150806
75250  0.150806
75300  0.150806
75350  0.150806
75400  0.150806
75450  0.150806
75500  0.150806
75550  0.150806
75600  0.150806
75650  0.150806
75700  0.150806
75750  0.150806
75800  0.150806
75850  0.150806
75900  0.150806
75950  0.150806
76000  0.150806
76050  0.150806
76100  0.150806
76150  0.150806
76200  0.150806
76250  0.150806
76300  0.150806
76350  0.150806
76400  0.150806
76450  0.150806
76500  0.150806
76550  0.150806
76600  0.150806
76650  0.150806
76700  0.150806
76750  0.150806
76800  0.150806
76850  0.150806
76900  0.150806
76950  0.150806
77000  0.150806
77050  0.150806
77100  0.150806
77150  0.150806
77200  0.150806
77250  0.150806
77300  0.150806
77350  0.150806
77400  0.150806
77450  0.150806
77500  0.150806
77550  0.150806
77600  0.150806
77650  0.150806
77700  0.150806
77750  0.150806
77800  0.150806
77850  0.150806
77900  0.150806
77950  0.150806
78000  0.150806
78050  0.150806
78100  0.150806
78150  0.150806
78200  0.150806
78250  0.150806
78300  0.150806
78350  0.150806
78400  0.150806
78450  0.150806
78500  0.150806
78550  0.150806
78600  0.150806
78650  0.150806
78700  0.150806
78750  0.150806
78800  0.150806
78850  0.150806
78900  0.150806
78950  0.150806
79000  0.150806
79050  0.150806
79100  0.150806
79150  0.150806
79200  0.150806
79250  0.150806
79300  0.150806
79350  0.150806
79400  0.150806
79450  0.150806
79500  0.150806
79550  0.150806
79600  0.150806
79650  0.150806
79700  0.150806
79750  0.150806
79800  0.150806
79850  0.150806
79900  0.150806
79950  0.150806
80000  0.150806
80050  0.150806
80100  0.150806
80150  0.150806
80200  0.150806
80250  0.150806
80300  0.150806
80350  0.150806
80400  0.150806
80450  0.150806
80500  0.150806
80550  0.150806
80600  0.150806
80650  0.150806
80700  0.150806
80750  0.150806
80800  0.150806
80850  0.150806
80900  0.150806
80950  0.150806
81000  0.150806
81050  0.150806
81100  0.150806
81150  0.150806
81200  0.150806
81250  0.150806
81300  0.150806
81350  0.150806
81400  0.150806
81450  0.150806
81500  0.150806
81550  0.150806
81600  0.150806
81650  0.150806
81700  0.150806
81750  0.150806
81800  0.150806
81850  0.150806
81900  0.150806
81950  0.150806
82000  0.150806
82050  0.150806
82100  0.150806
82150  0.150806
82200  0.150806
82250  0.150806
82300  0.150806
82350  0.150806
82400  0.150806
82450  0.150806
82500  0.150806
82550  0.150806
82600  0.150806
82650  0.150806
82700  0.150806
82750  0.150806
82800  0.150806
82850  0.150806
82900  0.150806
82950  0.150806
83000  0.150806
83050  0.150806
83100  0.150806
83150  0.150806
83200  0.150806
83250  0.150806
83300  0.150806
83350  0.150806
83400  0.150806
83450  0.150806
83500  0.150806
83550  0.150806
83600  0.150806
83650  0.150806
83700  0.150806
83750  0.150806
83800  0.150806
83850  0.150806
83900  0.150806
83950  0.150806
84000  0.150806
84050  0.150806
84100  0.150806
84150  0.150806
84200  0.150806
84250  0.150806
84300  0.150806
84350  0.150806
84400  0.150806
84450  0.150806
84500  0.150806
84550  0.150806
84600  0.150806
84650  0.150806
84700  0.150806
84750  0.150806
84800  0.150806
84850  0.150806
84900  0.150806
84950  0.150806
85000  0.150806
85050  0.150806
85100  0.150806
85150  0.150806
85200  0.150806
85250  0.150806
85300  0.150806
85350  0.150806
85400  0.150806
85450  0.150806
85500  0.150806
85550  0.150806
85600  0.150806
85650  0.150806
85700  0.150806
85750  0.150806
85800  0.150806
85850  0.150806
85900  0.150806
85950  0.150806
86000  0.150806
86050  0.150806
86100  0.150806
86150  0.150806
86200  0.150806
86250  0.150806
86300  0.150806
86350  0.150806
86400  0.150806
86450  0.150806
86500  0.150806
86550  0.150806
86600  0.150806
86650  0.150806
86700  0.150806
86750  0.150806
86800  0.150806
86850  0.150806
86900  0.150806
86950  0.150806
87000  0.150806
87050  0.150806
87100  0.150806
87150  0.150806
87200  0.150806
87250  0.150806
87300  0.150806
87350  0.150806
87400  0.150806
87450  0.150806
87500  0.150806
87550  0.150806
87600  0.150806
87650  0.150806
87700  0.150806
87750  0.150806
87800  0.150806
87850  0.150806
87900  0.150806
87950  0.150806
88000  0.150806
88050  0.150806
88100  0.150806
88150  0.150806
88200  0.150806
88250  0.150806
88300  0.150806
88350  0.150806
88400  0.150806
88450  0.150806
88500  0.150806
88550  0.150806
88600  0.150806
88650  0.150806
88700  0.150806
88750  0.150715
88800  0.150715
88850  0.150715
88900  0.150715
88950  0.150715
89000  0.150715
89050  0.150715
89100  0.150715
89150  0.150715
89200  0.150715
89250  0.150715
89300  0.150715
89350  0.150715
89400  0.150715
89450  0.150715
89500  0.150715
89550  0.150715
89600  0.150715
89650  0.150715
89700  0.150715
89750  0.150715
89800  0.150715
89850  0.150715
89900  0.150715
89950  0.150715
90000  0.150715
90050  0.150715
90100  0.150715
90150  0.150715
90200  0.150715
90250  0.150715
90300  0.150715
90350  0.150715
90400  0.150715
90450  0.150715
90500  0.150715
90550  0.150715
90600  0.150715
90650  0.150715
90700  0.150715
90750  0.150715
90800  0.150715
90850  0.150715
90900  0.150715
90950  0.150715
91000  0.150715
91050  0.150715
91100  0.150715
91150  0.150715
91200  0.150715
91250  0.150715
91300  0.150715
91350  0.150715
91400  0.150715
91450  0.150715
91500  0.150715
91550  0.150715
91600  0.150715
91650  0.150715
91700  0.150715
91750  0.150715
91800  0.150715
91850  0.150715
91900  0.150715
91950  0.150715
92000  0.150715
92050  0.150715
92100  0.150715
92150  0.150715
92200  0.150715
92250  0.150715
92300  0.150715
92350  0.150715
92400  0.150715
92450  0.150715
92500  0.150715
92550  0.150715
92600  0.150715
92650  0.150715
92700  0.150715
92750  0.150715
92800  0.150715
92850  0.150715
92900  0.150658
92950  0.150658
93000  0.150658
93050  0.150658
93100  0.150658
93150  0.150658
93200  0.150658
93250  0.150658
93300  0.150658
93350  0.150658
93400  0.150658
93450  0.150658
93500  0.150658
93550  0.150658
93600  0.150658
93650  0.150658
93700  0.150658
93750  0.150658
93800  0.150658
93850  0.150658
93900  0.150658
93950  0.150658
94000  0.150658
94050  0.150658
94100  0.150658
94150  0.150658
94200  0.150658
94250  0.150658
94300  0.150658
94350  0.150658
94400  0.150658
94450  0.150658
94500  0.150658
94550  0.150658
94600  0.150658
94650  0.150658
94700  0.150658
94750  0.150658
94800  0.150658
94850  0.150658
94900  0.150658
94950  0.150658
95000  0.150658
95050  0.150658
95100  0.150658
95150  0.150658
95200  0.150658
95250  0.150658
95300  0.150658
95350  0.150658
95400  0.150658
95450  0.150658
95500  0.150658
95550  0.150658
95600  0.150658
95650  0.150658
95700  0.150658
95750  0.150658
95800  0.150658
95850  0.150658
95900  0.150658
95950  0.150658
96000  0.150658
96050  0.150658
96100  0.150658
96150  0.150658
96200  0.150658
96250  0.150658
96300  0.150658
96350  0.150658
96400  0.150658
96450  0.150658
96500  0.150658
96550  0.150658
96600  0.150658
96650  0.150658
96700  0.150658
96750  0.150658
96800  0.150658
96850  0.150658
96900  0.150658
96950  0.150658
97000  0.150658
97050  0.150658
97100  0.150658
97150  0.150658
97200  0.150658
97250  0.150658
97300  0.150658
97350  0.150658
97400  0.150658
97450  0.150658
97500  0.150658
97550  0.150658
97600  0.150658
97650  0.150658
97700  0.150658
97750  0.150658
97800  0.150658
97850  0.150658
97900  0.150658
97950  0.150658
98000  0.150658
98050  0.150658
98100  0.150658
98150  0.150658
98200  0.150658
98250  0.150658
98300  0.150658
98350  0.150658
98400  0.150658
98450  0.150658
98500  0.150658
98550  0.150658
98600  0.150658
98650  0.150658
98700  0.150658
98750  0.150658
98800  0.150658
98850  0.150658
98900  0.150658
98950  0.150658
99000  0.150658
99050  0.150658
99100  0.150658
99150  0.150658
99200  0.150658
99250  0.150658
99300  0.150658
99350  0.150658
99400  0.150658
99450  0.150658
99500  0.150658
99550  0.150658
99600  0.150658
99650  0.150658
99700  0.150658
99750  0.150658
99800  0.150658
99850  0.150658
99900  0.150658
99950  0.150658
100000  0.150658
100050  0.150658
100100  0.150658
100150  0.150658
100200  0.150658
100250  0.150658
100300  0.150658
100350  0.150563
100400  0.150563
100450  0.150563
100500  0.150563
100550  0.150563
100600  0.150563
100650  0.150563
100700  0.150563
100750  0.150563
100800  0.150563
100850  0.150563
100900  0.150563
100950  0.150563
101000  0.150563
101050  0.150563
101100  0.150563
101150  0.150563
101200  0.150563
101250  0.150563
101300  0.150563
101350  0.150563
101400  0.150563
101450  0.150563
101500  0.150563
101550  0.150563
101600  0.150563
101650  0.150563
101700  0.150563
101750  0.150563
101800  0.150563
101850  0.150563
101900  0.150563
101950  0.150563
102000  0.150563
102050  0.150563
102100  0.150563
102150  0.150563
102200  0.150563
102250  0.150563
102300  0.150563
102350  0.150563
102400  0.150563
102450  0.150563
102500  0.150563
102550  0.150563
102600  0.150563
102650  0.150563
102700  0.150563
102750  0.150563
102800  0.150563
102850  0.150563
102900  0.150563
102950  0.150563
103000  0.150563
103050  0.150563
103100  0.150563
103150  0.150563
103200  0.150563
103250  0.150563
103300  0.150563
103350  0.150563
103400  0.150563
103450  0.150563
103500  0.150563
103550  0.150563
103600  0.150563
103650  0.150563
103700  0.150563
103750  0.150563
103800  0.150563
103850  0.150563
103900  0.150563
103950  0.150563
104000  0.150563
104050  0.150563
104100  0.150563
104150  0.150563
104200  0.150563
104250  0.150563
104300  0.150563
104350  0.150563
104400  0.150563
104450  0.150563
104500  0.150563
104550  0.150563
104600  0.150563
104650  0.150563
104700  0.150563
104750  0.150563
104800  0.150563
104850  0.150563
104900  0.150563
104950  0.150563
105000  0.150563
105050  0.150563
105100  0.150563
105150  0.150563
105200  0.150563
105250  0.150563
105300  0.150563
105350  0.150563
105400  0.150563
105450  0.150563
105500  0.150563
105550  0.150563
105600  0.15041
105650  0.15041
105700  0.15041
105750  0.15041
105800  0.15041
105850  0.15041
105900  0.15041
105950  0.15041
106000  0.15041
106050  0.15041
106100  0.15041
106150  0.15041
106200  0.15041
106250  0.15041
106300  0.15041
106350  0.15041
106400  0.15041
106450  0.15041
106500  0.15041
106550  0.15041
106600  0.15041
106650  0.15041
106700  0.15041
106750  0.15041
106800  0.15041
106850  0.15041
106900  0.15041
106950  0.15041
107000  0.15041
107050  0.15041
107100  0.15041
107150  0.15041
107200  0.15041
107250  0.15041
107300  0.15041
107350  0.15041
107400  0.15041
107450  0.15041
107500  0.15041
107550  0.15041
107600  0.15041
107650  0.15041
107700  0.15041
107750  0.15041
107800  0.15041
107850  0.15041
107900  0.15041
107950  0.15041
108000  0.15041
108050  0.15041
108100  0.15041
108150  0.15041
108200  0.15041
108250  0.15041
108300  0.15041
108350  0.15041
108400  0.15041
108450  0.15041
108500  0.15041
108550  0.15041
108600  0.15041
108650  0.15041
108700  0.15041
108750  0.15041
108800  0.15041
108850  0.15041
108900  0.15041
108950  0.15041
109000  0.15041
109050  0.15041
109100  0.15041
109150  0.150169
109200  0.150169
109250  0.150169
109300  0.150169
109350  0.150169
109400  0.150169
109450  0.150169
109500  0.150169
109550  0.150169
109600  0.150169
109650  0.150169
109700  0.150169
109750  0.150169
109800  0.150169
109850  0.150169
109900  0.150169
109950  0.150169
110000  0.150169
110050  0.150169
110100  0.150169
110150  0.150169
110200  0.150169
110250  0.150169
110300  0.150169
110350  0.150169
110400  0.150169
110450  0.150169
110500  0.150169
110550  0.150169
110600  0.150169
110650  0.150169
110700  0.150169
110750  0.150169
110800  0.150169
110850  0.150169
110900  0.150169
110950  0.150169
111000  0.150169
111050  0.150169
111100  0.150169
111150  0.150169
111200  0.150169
111250  0.150169
111300  0.150169
111350  0.150169
111400  0.150169
111450  0.150169
111500  0.150169
111550  0.150169
111600  0.150169
111650  0.150169
111700  0.150169
111750  0.150169
111800  0.150169
111850  0.150169
111900  0.150169
111950  0.150169
112000  0.150169
112050  0.150169
112100  0.150169
112150  0.150169
112200  0.150169
112250  0.150169
112300  0.150169
112350  0.150169
112400  0.150169
112450  0.150169
112500  0.150169
112550  0.150169
112600  0.150169
112650  0.150169
112700  0.150169
112750  0.150169
112800  0.150169
112850  0.150169
112900  0.150169
112950  0.150169
113000  0.150169
113050  0.150169
113100  0.150169
113150  0.150169
113200  0.150169
113250  0.150169
113300  0.150169
113350  0.150169
113400  0.150169
113450  0.150169
113500  0.150169
113550  0.150169
113600  0.150169
113650  0.150169
113700  0.150169
113750  0.150169
113800  0.150169
113850  0.150169
113900  0.150169
113950  0.150169
114000  0.150169
114050  0.150169
114100  0.150169
114150  0.150169
114200  0.150169
114250  0.150169
114300  0.150169
114350  0.150169
114400  0.150169
114450  0.150169
114500  0.150169
114550  0.150169
114600  0.150169
114650  0.150169
114700  0.150169
114750  0.150169
114800  0.150169
114850  0.150169
114900  0.150169
114950  0.150169
115000  0.150169
115050  0.150169
115100  0.150169
115150  0.150169
115200  0.150169
115250  0.150169
115300  0.150169
115350  0.150169
115400  0.150169
115450  0.150169
115500  0.150169
115550  0.150169
115600  0.150169
115650  0.150169
115700  0.150169
115750  0.150169
115800  0.150169
115850  0.150169
115900  0.150169
115950  0.150169
116000  0.150169
116050  0.150169
116100  0.150169
116150  0.150169
116200  0.150169
116250  0.150169
116300  0.150169
116350  0.150169
116400  0.150169
116450  0.150169
116500  0.150169
116550  0.150169
116600  0.150169
116650  0.150169
116700  0.150169
116750  0.150169
116800  0.150169
116850  0.150169
116900  0.150169
116950  0.150169
117000  0.150169
117050  0.150169
117100  0.150169
117150  0.150169
117200  0.150169
117250  0.150169
117300  0.150169
117350  0.150169
117400  0.150169
117450  0.150169
117500  0.150169
117550  0.150169
117600  0.150169
117650  0.150169
117700  0.150169
117750  0.150169
117800  0.150169
117850  0.150169
117900  0.150169
117950  0.150169
118000  0.150169
118050  0.150169
118100  0.150169
118150  0.150169
118200  0.150169
118250  0.150169
118300  0.150169
118350  0.150169
118400  0.150169
118450  0.150169
118500  0.150169
118550  0.150169
118600  0.14937
118650  0.14937
118700  0.14937
118750  0.14937
118800  0.14937
118850  0.14937
118900  0.14937
118950  0.14937
119000  0.14937
119050  0.14937
119100  0.14937
119150  0.14937
119200  0.14937
119250  0.14937
119300  0.14937
119350  0.14937
119400  0.14937
119450  0.14937
119500  0.14937
119550  0.14937
119600  0.14937
119650  0.14937
119700  0.14937
119750  0.14937
119800  0.14937
119850  0.14937
119900  0.14937
119950  0.14937
120000  0.14937
120050  0.14937
120100  0.14937
120150  0.14937
120200  0.14937
120250  0.14937
120300  0.14937
120350  0.14937
120400  0.14937
120450  0.14937
120500  0.149163
120550  0.149163
120600  0.149163
120650  0.149163
120700  0.149163
120750  0.149163
120800  0.149163
120850  0.149163
120900  0.149163
120950  0.149163
121000  0.149163
121050  0.149163
121100  0.149163
121150  0.149163
121200  0.149163
121250  0.149163
121300  0.149163
121350  0.149163
121400  0.149163
121450  0.149163
121500  0.149163
121550  0.149163
121600  0.149163
121650  0.149163
121700  0.149163
121750  0.149163
121800  0.149163
121850  0.149163
121900  0.149163
121950  0.149163
122000  0.149163
122050  0.149163
122100  0.149163
122150  0.149163
122200  0.149163
122250  0.149163
122300  0.149163
122350  0.149163
122400  0.149163
122450  0.149163
122500  0.149163
122550  0.149163
122600  0.149163
122650  0.149163
122700  0.149163
122750  0.149163
122800  0.149163
122850  0.149163
122900  0.149163
122950  0.149163
123000  0.149163
123050  0.149163
123100  0.149163
123150  0.149163
123200  0.149163
123250  0.149163
123300  0.149163
123350  0.149163
123400  0.149163
123450  0.149163
123500  0.149163
123550  0.149163
123600  0.149163
123650  0.149163
123700  0.149163
123750  0.149163
123800  0.149163
123850  0.149163
123900  0.149163
123950  0.149163
124000  0.149163
124050  0.149163
124100  0.149163
124150  0.149163
124200  0.149163
124250  0.149163
124300  0.149163
124350  0.149163
124400  0.149163
124450  0.149163
124500  0.149163
124550  0.149163
124600  0.149163
124650  0.149163
124700  0.149163
124750  0.149163
124800  0.149163
124850  0.149163
124900  0.149163
124950  0.149163
125000  0.149163
125050  0.149163
125100  0.149163
125150  0.149163
125200  0.149163
125250  0.149163
125300  0.149163
125350  0.149163
125400  0.149163
125450  0.149163
125500  0.149163
125550  0.149163
125600  0.149163
125650  0.149163
125700  0.149163
125750  0.149163
125800  0.149163
125850  0.149163
125900  0.149163
125950  0.149163
126000  0.149163
126050  0.149163
126100  0.149163
126150  0.149163
126200  0.149163
126250  0.149163
126300  0.149163
126350  0.149163
126400  0.149163
126450  0.149163
126500  0.149163
126550  0.149163
126600  0.149163
126650  0.149163
126700  0.149163
126750  0.149163
126800  0.149163
126850  0.149163
126900  0.149163
126950  0.149163
127000  0.149163
127050  0.149163
127100  0.149163
127150  0.149163
127200  0.149163
127250  0.149163
127300  0.149163
127350  0.149163
127400  0.149163
127450  0.149163
127500  0.149163
127550  0.149163
127600  0.149163
127650  0.149163
127700  0.149163
127750  0.149163
127800  0.149163
127850  0.149163
127900  0.149163
127950  0.149163
128000  0.149163
128050  0.149163
128100  0.149163
128150  0.149163
128200  0.149163
128250  0.149163
128300  0.149163
128350  0.149163
128400  0.149163
128450  0.149163
128500  0.149163
128550  0.149163
128600  0.149163
128650  0.149163
128700  0.149163
128750  0.149163
128800  0.149163
128850  0.149163
128900  0.149163
128950  0.149163
129000  0.149163
129050  0.149163
129100  0.149163
129150  0.149163
129200  0.149163
129250  0.149163
129300  0.149163
129350  0.149163
129400  0.149163
129450  0.149163
129500  0.149163
129550  0.149163
129600  0.149163
129650  0.149163
129700  0.149163
129750  0.149163
129800  0.149163
129850  0.149163
129900  0.149163
129950  0.149163
130000  0.149163
130050  0.149163
130100  0.149163
130150  0.149163
130200  0.149163
130250  0.149163
130300  0.149163
130350  0.149163
130400  0.149163
130450  0.149163
130500  0.149163
130550  0.149163
130600  0.149163
130650  0.149163
130700  0.149163
130750  0.149163
130800  0.149163
130850  0.149163
130900  0.149163
130950  0.149163
131000  0.149163
131050  0.149163
131100  0.149163
131150  0.149163
131200  0.149163
131250  0.149163
131300  0.149163
131350  0.149163
131400  0.149163
131450  0.149163
131500  0.149163
131550  0.149163
131600  0.149163
131650  0.149163
131700  0.149163
131750  0.149163
131800  0.149163
131850  0.149163
131900  0.149163
131950  0.149163
132000  0.149163
132050  0.149163
132100  0.149163
132150  0.149163
132200  0.149163
132250  0.149163
132300  0.149163
132350  0.149163
132400  0.149163
132450  0.149163
132500  0.149163
132550  0.149163
132600  0.149163
132650  0.149163
132700  0.149163
132750  0.149163
132800  0.149163
132850  0.149163
132900  0.149163
132950  0.149163
133000  0.149163
133050  0.149163
133100  0.149163
133150  0.149163
133200  0.149163
133250  0.149163
133300  0.149163
133350  0.149163
133400  0.149163
133450  0.149163
133500  0.149163
133550  0.149163
133600  0.149163
133650  0.149163
133700  0.149163
133750  0.149163
133800  0.149163
133850  0.149163
133900  0.149163
133950  0.149163
134000  0.149163
134050  0.149163
134100  0.149163
134150  0.149163
134200  0.149163
134250  0.149163
134300  0.149163
134350  0.149163
134400  0.149163
134450  0.149163
134500  0.149163
134550  0.149163
134600  0.149163
134650  0.149163
134700  0.149163
134750  0.149163
134800  0.149163
134850  0.149163
134900  0.149163
134950  0.149163
135000  0.149163
135050  0.149163
135100  0.149163
135150  0.149163
135200  0.149163
135250  0.149163
135300  0.149163
135350  0.149163
135400  0.149163
135450  0.149163
135500  0.149163
135550  0.149163
135600  0.149163
135650  0.149163
135700  0.149163
135750  0.149163
135800  0.149163
135850  0.149163
135900  0.149163
135950  0.149163
136000  0.149163
136050  0.149163
136100  0.149163
136150  0.149163
136200  0.149163
136250  0.149163
136300  0.149163
136350  0.149163
136400  0.149163
136450  0.149163
136500  0.149163
136550  0.149163
136600  0.149163
136650  0.149163
136700  0.149163
136750  0.149163
136800  0.149163
136850  0.149163
136900  0.149163
136950  0.149163
137000  0.149163
137050  0.149163
137100  0.149163
137150  0.149163
137200  0.149163
137250  0.149163
137300  0.149163
137350  0.149163
137400  0.149163
137450  0.149163
137500  0.149163
137550  0.149163
137600  0.149163
137650  0.149163
137700  0.149163
137750  0.149163
137800  0.149163
137850  0.149163
137900  0.149163
137950  0.149163
138000  0.149163
138050  0.149163
138100  0.149163
