Step  Penalty
50  0.592118
100  0.552388
150  0.552388
200  0.550677
250  0.549791
300  0.54517
350  0.544187
400  0.54228
450  0.538977
500  0.536209
550  0.535235
600  0.534411
650  0.531641
700  0.530347
750  0.529585
800  0.527981
850  0.526064
900  0.522446
950  0.519092
1000  0.512954
1050  0.508631
1100  0.501845
1150  0.497573
1200  0.491548
1250  0.487575
1300  0.481779
1350  0.471044
1400  0.464872
1450  0.460317
1500  0.455974
1550  0.450207
1600  0.446584
1650  0.444345
1700  0.442595
1750  0.438994
1800  0.437382
1850  0.434225
1900  0.430648
1950  0.429893
2000  0.427499
2050  0.425586
2100  0.423589
2150  0.420813
2200  0.418807
2250  0.416148
2300  0.414734
2350  0.413607
2400  0.411902
2450  0.410713
2500  0.40873
2550  0.406205
2600  0.40451
2650  0.402241
2700  0.400699
2750  0.399239
2800  0.398692
2850  0.396375
2900  0.395158
2950  0.393959
3000  0.393179
3050  0.392575
3100  0.391497
3150  0.390334
3200  0.38993
3250  0.38875
3300  0.387768
3350  0.386869
3400  0.386046
3450  0.384998
3500  0.383938
3550  0.383402
3600  0.382288
3650  0.380838
3700  0.379809
3750  0.379037
3800  0.377126
3850  0.375769
3900  0.374198
3950  0.372847
4000  0.371811
4050  0.370995
4100  0.370305
4150  0.369379
4200  0.367854
4250  0.367216
4300  0.365941
4350  0.364994
4400  0.363861
4450  0.3615
4500  0.359692
4550  0.358732
4600  0.356735
4650  0.355661
4700  0.35466
4750  0.353311
4800  0.352407
4850  0.350804
4900  0.349634
4950  0.347887
5000  0.345036
5050  0.343436
5100  0.341746
5150  0.340598
5200  0.337562
5250  0.33692
5300  0.33587
5350  0.335441
5400  0.333601
5450  0.332403
5500  0.330263
5550  0.328202
5600  0.327547
5650  0.326233
5700  0.325752
5750  0.325223
5800  0.323744
5850  0.322535
5900  0.320992
5950  0.320146
6000  0.319229
6050  0.318851
6100  0.31708
6150  0.315883
6200  0.314532
6250  0.313874
6300  0.313294
6350  0.312829
6400  0.312077
6450  0.311337
6500  0.310618
6550  0.309675
6600  0.308571
6650  0.308002
6700  0.306991
6750  0.306705
6800  0.305704
6850  0.305135
6900  0.304337
6950  0.303532
7000  0.302822
7050  0.302251
7100  0.301474
7150  0.301069
7200  0.299958
7250  0.29932
7300  0.299115
7350  0.298105
7400  0.297634
7450  0.296908
7500  0.296175
7550  0.295354
7600  0.294774
7650  0.293672
7700  0.292353
7750  0.29185
7800  0.291224
7850  0.290377
7900  0.289405
7950  0.288961
8000  0.28807
8050  0.287132
8100  0.286453
8150  0.285858
8200  0.284938
8250  0.284735
8300  0.284385
8350  0.283522
8400  0.283255
8450  0.282685
8500  0.282039
8550  0.28171
8600  0.281062
8650  0.280006
8700  0.279381
8750  0.279019
8800  0.278214
8850  0.277588
8900  0.276882
8950  0.27656
9000  0.275887
9050  0.275306
9100  0.274552
9150  0.273751
9200  0.273016
9250  0.27236
9300  0.272011
9350  0.271923
9400  0.271777
9450  0.271564
9500  0.27105
9550  0.270732
9600  0.270216
9650  0.2698
9700  0.269407
9750  0.269018
9800  0.268864
9850  0.268051
9900  0.267406
9950  0.26702
10000  0.266271
10050  0.266034
10100  0.265769
10150  0.265611
10200  0.265192
10250  0.264907
10300  0.264572
10350  0.264293
10400  0.263994
10450  0.263656
10500  0.263379
10550  0.263171
10600  0.262895
10650  0.262553
10700  0.261956
10750  0.261353
10800  0.26072
10850  0.260555
10900  0.260458
10950  0.259784
11000  0.259391
11050  0.259301
11100  0.25903
11150  0.258944
11200  0.258787
11250  0.25868
11300  0.25841
11350  0.258138
11400  0.258041
11450  0.257821
11500  0.257778
11550  0.25714
11600  0.25665
11650  0.256518
11700  0.256449
11750  0.256315
11800  0.256315
11850  0.256208
11900  0.256208
11950  0.256166
12000  0.255722
12050  0.255387
12100  0.255312
12150  0.254835
12200  0.254642
12250  0.25435
12300  0.254061
12350  0.253859
12400  0.253532
12450  0.25322
12500  0.252962
12550  0.252634
12600  0.252309
12650  0.252024
12700  0.251883
12750  0.251672
12800  0.251153
12850  0.250727
12900  0.250446
12950  0.250229
13000  0.250015
13050  0.249774
13100  0.249195
13150  0.249043
13200  0.248465
13250  0.247988
13300  0.247656
13350  0.247279
13400  0.246795
13450  0.246244
13500  0.245952
13550  0.245608
13600  0.245167
13650  0.244563
13700  0.244385
13750  0.243998
13800  0.243666
13850  0.243253
13900  0.24297
13950  0.242051
14000  0.241841
14050  0.241217
14100  0.240724
14150  0.240208
14200  0.239802
14250  0.23957
14300  0.239166
14350  0.238781
14400  0.238642
14450  0.238298
14500  0.238006
14550  0.237649
14600  0.237463
14650  0.237023
14700  0.236855
14750  0.236334
14800  0.236031
14850  0.235695
14900  0.235331
14950  0.234816
15000  0.234381
15050  0.233823
15100  0.233291
15150  0.233074
15200  0.232767
15250  0.232707
15300  0.232458
15350  0.232393
15400  0.232183
15450  0.232013
15500  0.231808
15550  0.231105
15600  0.230826
15650  0.230568
15700  0.23048
15750  0.230359
15800  0.229811
15850  0.229612
15900  0.229518
15950  0.229432
16000  0.229189
16050  0.229149
16100  0.22902
16150  0.228881
16200  0.2287
16250  0.228532
16300  0.228337
16350  0.22832
16400  0.228226
16450  0.228073
16500  0.227925
16550  0.227545
16600  0.227368
16650  0.227223
16700  0.226829
16750  0.226618
16800  0.226349
16850  0.225959
16900  0.225858
16950  0.225619
17000  0.225501
17050  0.225501
17100  0.225286
17150  0.2251
17200  0.224927
17250  0.224645
17300  0.224392
17350  0.224364
17400  0.224304
17450  0.224098
17500  0.224055
17550  0.223993
17600  0.223897
17650  0.223875
17700  0.223739
17750  0.223573
17800  0.223457
17850  0.223374
17900  0.223269
17950  0.223075
18000  0.222948
18050  0.222877
18100  0.222832
18150  0.222653
18200  0.222608
18250  0.222608
18300  0.222523
18350  0.222502
18400  0.222357
18450  0.222357
18500  0.222282
18550  0.222199
18600  0.222067
18650  0.222009
18700  0.221837
18750  0.221777
18800  0.221622
18850  0.221527
18900  0.221262
18950  0.221099
19000  0.221006
19050  0.220987
19100  0.220832
19150  0.220764
19200  0.220569
19250  0.220569
19300  0.220473
19350  0.220419
19400  0.220316
19450  0.219988
19500  0.219881
19550  0.219852
19600  0.219843
19650  0.219501
19700  0.219501
19750  0.219497
19800  0.219375
19850  0.219235
19900  0.219186
19950  0.218974
20000  0.218974
20050  0.218852
20100  0.218831
20150  0.218658
20200  0.218572
20250  0.218497
20300  0.218336
20350  0.218291
20400  0.218253
20450  0.218253
20500  0.218223
20550  0.217912
20600  0.217789
20650  0.217782
20700  0.21753
20750  0.21753
20800  0.21749
20850  0.21737
20900  0.217195
20950  0.217072
21000  0.216899
21050  0.21664
21100  0.21655
21150  0.216216
21200  0.216108
21250  0.215957
21300  0.215826
21350  0.215578
21400  0.215474
21450  0.21513
21500  0.214905
21550  0.214788
21600  0.214689
21650  0.214664
21700  0.214244
21750  0.214234
21800  0.214176
21850  0.214117
21900  0.214006
21950  0.213789
22000  0.21363
22050  0.213458
22100  0.213419
22150  0.21331
22200  0.213139
22250  0.212917
22300  0.212798
22350  0.212561
22400  0.212417
22450  0.212031
22500  0.211673
22550  0.2116
22600  0.21148
22650  0.211311
22700  0.211213
22750  0.211036
22800  0.21099
22850  0.210917
22900  0.210754
22950  0.210552
23000  0.210447
23050  0.210264
23100  0.210015
23150  0.209841
23200  0.20982
23250  0.209752
23300  0.209746
23350  0.209446
23400  0.209394
23450  0.209304
23500  0.209115
23550  0.208921
23600  0.2089
23650  0.208644
23700  0.208615
23750  0.208559
23800  0.208497
23850  0.208459
23900  0.208417
23950  0.208283
24000  0.208191
24050  0.208147
24100  0.208108
24150  0.207869
24200  0.207795
24250  0.207623
24300  0.20756
24350  0.207452
24400  0.207357
24450  0.207357
24500  0.207313
24550  0.207213
24600  0.207087
24650  0.20698
24700  0.206787
24750  0.206496
24800  0.206423
24850  0.206384
24900  0.206302
24950  0.20623
25000  0.206093
25050  0.206008
25100  0.205967
25150  0.205859
25200  0.205543
25250  0.205385
25300  0.20535
25350  0.20535
25400  0.205327
25450  0.205
25500  0.204958
25550  0.204858
25600  0.204734
25650  0.204625
25700  0.204425
25750  0.204425
25800  0.204236
25850  0.20421
25900  0.204109
25950  0.204006
26000  0.203972
26050  0.203863
26100  0.203813
26150  0.203679
26200  0.203638
26250  0.203607
26300  0.203607
26350  0.203393
26400  0.203391
26450  0.20319
26500  0.203064
26550  0.202963
26600  0.202809
26650  0.202739
26700  0.202574
26750  0.202403
26800  0.202376
26850  0.202236
26900  0.20219
26950  0.202097
27000  0.202049
27050  0.202049
27100  0.20191
27150  0.20185
27200  0.201805
27250  0.201805
27300  0.201805
27350  0.201732
27400  0.201732
27450  0.201674
27500  0.201615
27550  0.201599
27600  0.201537
27650  0.201489
27700  0.201431
27750  0.201241
27800  0.201219
27850  0.201209
27900  0.201209
27950  0.201194
28000  0.20113
28050  0.201021
28100  0.201021
28150  0.200985
28200  0.200891
28250  0.200815
28300  0.200787
28350  0.200787
28400  0.200787
28450  0.200757
28500  0.200705
28550  0.200693
28600  0.200506
28650  0.200448
28700  0.200425
28750  0.200336
28800  0.200316
28850  0.2003
28900  0.200218
28950  0.200218
29000  0.200134
29050  0.200008
29100  0.19996
29150  0.19996
29200  0.199926
29250  0.199882
29300  0.199783
29350  0.199783
29400  0.199783
29450  0.199757
29500  0.199709
29550  0.199655
29600  0.199655
29650  0.199655
29700  0.199655
29750  0.19956
29800  0.19956
29850  0.199367
29900  0.199288
29950  0.199287
30000  0.199248
30050  0.199201
30100  0.199201
30150  0.199201
30200  0.199201
30250  0.199135
30300  0.199135
30350  0.199135
30400  0.199111
30450  0.198937
30500  0.198806
30550  0.198787
30600  0.198791
30650  0.198791
30700  0.198791
30750  0.198764
30800  0.198632
30850  0.198632
30900  0.198484
30950  0.198369
31000  0.198332
31050  0.198244
31100  0.198233
31150  0.198164
31200  0.198078
31250  0.197981
31300  0.197914
31350  0.197886
31400  0.197819
31450  0.197819
31500  0.197658
31550  0.197638
31600  0.19758
31650  0.19758
31700  0.197538
31750  0.197391
31800  0.197364
31850  0.197262
31900  0.197181
31950  0.196979
32000  0.19686
32050  0.196851
32100  0.196711
32150  0.196709
32200  0.196709
32250  0.196703
32300  0.196659
32350  0.196659
32400  0.196464
32450  0.196451
32500  0.196451
32550  0.196451
32600  0.196444
32650  0.196444
32700  0.196273
32750  0.196273
32800  0.196107
32850  0.196006
32900  0.19596
32950  0.19596
33000  0.19596
33050  0.195844
33100  0.195763
33150  0.195735
33200  0.195735
33250  0.195735
33300  0.195735
33350  0.195735
33400  0.195618
33450  0.195618
33500  0.195597
33550  0.195539
33600  0.195539
33650  0.195521
33700  0.195499
33750  0.195499
33800  0.195499
33850  0.19542
33900  0.195405
33950  0.195212
34000  0.195208
34050  0.19513
34100  0.195109
34150  0.195109
34200  0.194977
34250  0.194923
34300  0.194865
34350  0.1948
34400  0.194722
34450  0.194716
34500  0.194679
34550  0.194679
34600  0.194642
34650  0.194635
34700  0.19442
34750  0.194354
34800  0.194281
34850  0.194175
34900  0.194097
34950  0.194062
35000  0.194062
35050  0.194
35100  0.193979
35150  0.193986
35200  0.193986
35250  0.193865
35300  0.193815
35350  0.193801
35400  0.193801
35450  0.193671
35500  0.193671
35550  0.193596
35600  0.193518
35650  0.193433
35700  0.193361
35750  0.193361
35800  0.193293
35850  0.193156
35900  0.193156
35950  0.193115
36000  0.193115
36050  0.193059
36100  0.192906
36150  0.192862
36200  0.192828
36250  0.19267
36300  0.192552
36350  0.192463
36400  0.192348
36450  0.19234
36500  0.192284
36550  0.192284
36600  0.19225
36650  0.19225
36700  0.192216
36750  0.192162
36800  0.192153
36850  0.19204
36900  0.191981
36950  0.191916
37000  0.191916
37050  0.191916
37100  0.191856
37150  0.191796
37200  0.191635
37250  0.191566
37300  0.191533
37350  0.191516
37400  0.1915
37450  0.191427
37500  0.19134
37550  0.191318
37600  0.191317
37650  0.191196
37700  0.191196
37750  0.191138
37800  0.191109
37850  0.191109
37900  0.191071
37950  0.190913
38000  0.1909
38050  0.190888
38100  0.190824
38150  0.190798
38200  0.190798
38250  0.190751
38300  0.190751
38350  0.190546
38400  0.190469
38450  0.190451
38500  0.190451
38550  0.190395
38600  0.190291
38650  0.190291
38700  0.190273
38750  0.190271
38800  0.190235
38850  0.190125
38900  0.190125
38950  0.190125
39000  0.190101
39050  0.190101
39100  0.190073
39150  0.190073
39200  0.190073
39250  0.190073
39300  0.190073
39350  0.189939
39400  0.189939
39450  0.189939
39500  0.189939
39550  0.18993
39600  0.18993
39650  0.189878
39700  0.189871
39750  0.189831
39800  0.189802
39850  0.189764
39900  0.189735
39950  0.189735
40000  0.189735
40050  0.189728
40100  0.189705
40150  0.189705
40200  0.189619
40250  0.189619
40300  0.189566
40350  0.189566
40400  0.189566
40450  0.189566
40500  0.189566
40550  0.189566
40600  0.189491
40650  0.189458
40700  0.189458
40750  0.189438
40800  0.189438
40850  0.18936
40900  0.18936
40950  0.18936
41000  0.18936
41050  0.18936
41100  0.189304
41150  0.189254
41200  0.189252
41250  0.189252
41300  0.18922
41350  0.189137
41400  0.189097
41450  0.189087
41500  0.189081
41550  0.189058
41600  0.18905
41650  0.188979
41700  0.188979
41750  0.188959
41800  0.188908
41850  0.188881
41900  0.188881
41950  0.188881
42000  0.188817
42050  0.188741
42100  0.188741
42150  0.188741
42200  0.188741
42250  0.188741
42300  0.188667
42350  0.188554
42400  0.188553
42450  0.188372
42500  0.18836
42550  0.188344
42600  0.188313
42650  0.188313
42700  0.188313
42750  0.188313
42800  0.188249
42850  0.188249
42900  0.188235
42950  0.188186
43000  0.188186
43050  0.188176
43100  0.188133
43150  0.188064
43200  0.188064
43250  0.188036
43300  0.187994
43350  0.187961
43400  0.18796
43450  0.187856
43500  0.187856
43550  0.187798
43600  0.187793
43650  0.187706
43700  0.187706
43750  0.187689
43800  0.187689
43850  0.187689
43900  0.187623
43950  0.187623
44000  0.187589
44050  0.187487
44100  0.187477
44150  0.187345
44200  0.187287
44250  0.187287
44300  0.187287
44350  0.187252
44400  0.187194
44450  0.187194
44500  0.187079
44550  0.187051
44600  0.186963
44650  0.186919
44700  0.186906
44750  0.18686
44800  0.186839
44850  0.186826
44900  0.186748
44950  0.186748
45000  0.18665
45050  0.186579
45100  0.186562
45150  0.186539
45200  0.186428
45250  0.186428
45300  0.186346
45350  0.186269
45400  0.186093
45450  0.186122
45500  0.186062
45550  0.18605
45600  0.186049
45650  0.186041
45700  0.186002
45750  0.18587
45800  0.185867
45850  0.185852
45900  0.185826
45950  0.185826
46000  0.185781
46050  0.18573
46100  0.185688
46150  0.185688
46200  0.185688
46250  0.185698
46300  0.185637
46350  0.185632
46400  0.185585
46450  0.185585
46500  0.185585
46550  0.18555
46600  0.185488
46650  0.185428
46700  0.185404
46750  0.185388
46800  0.185388
46850  0.185401
46900  0.185321
46950  0.185321
47000  0.185301
47050  0.185301
47100  0.185301
47150  0.185301
47200  0.185144
47250  0.185144
47300  0.185144
47350  0.185062
47400  0.185062
47450  0.185055
47500  0.18502
47550  0.184989
47600  0.184989
47650  0.184973
47700  0.184948
47750  0.184948
47800  0.184888
47850  0.184874
47900  0.184818
47950  0.184818
48000  0.184805
48050  0.184739
48100  0.184739
48150  0.184692
48200  0.184648
48250  0.184648
48300  0.184648
48350  0.184648
48400  0.184648
48450  0.184498
48500  0.184498
48550  0.184436
48600  0.184436
48650  0.184436
48700  0.184401
48750  0.184401
48800  0.184401
48850  0.184401
48900  0.184387
48950  0.184398
49000  0.184369
49050  0.184276
49100  0.184249
49150  0.184246
49200  0.184226
49250  0.184226
49300  0.184186
49350  0.184153
49400  0.184143
49450  0.184143
49500  0.184036
49550  0.184036
49600  0.183909
49650  0.183909
49700  0.18388
49750  0.18388
49800  0.18388
49850  0.18384
49900  0.183814
49950  0.183706
50000  0.183706
50050  0.183689
50100  0.183689
50150  0.183689
50200  0.183689
50250  0.183656
50300  0.183656
50350  0.183628
50400  0.183628
50450  0.183628
50500  0.183607
50550  0.183577
50600  0.183577
50650  0.183541
50700  0.18352
50750  0.183488
50800  0.183439
50850  0.183439
50900  0.183431
50950  0.183431
51000  0.18341
51050  0.183398
51100  0.183398
51150  0.183363
51200  0.183312
51250  0.183261
51300  0.18326
51350  0.18326
51400  0.18326
51450  0.183235
51500  0.183203
51550  0.183203
51600  0.183192
51650  0.183192
51700  0.183192
51750  0.183192
51800  0.183192
51850  0.183143
51900  0.183127
51950  0.18308
52000  0.18308
52050  0.18308
52100  0.183064
52150  0.183011
52200  0.182942
52250  0.182942
52300  0.182909
52350  0.182909
52400  0.182909
52450  0.182901
52500  0.182901
52550  0.182901
52600  0.182841
52650  0.182841
52700  0.182791
52750  0.182791
52800  0.182791
52850  0.182791
52900  0.182768
52950  0.182768
53000  0.182763
53050  0.182763
53100  0.182707
53150  0.182707
53200  0.182707
53250  0.182707
53300  0.182707
53350  0.182663
53400  0.182663
53450  0.182663
53500  0.182663
53550  0.182668
53600  0.182668
53650  0.182635
53700  0.182603
53750  0.182603
53800  0.182582
53850  0.182582
53900  0.182582
53950  0.182582
54000  0.182582
54050  0.182494
54100  0.182494
54150  0.182461
54200  0.182461
54250  0.182461
54300  0.182461
54350  0.182461
54400  0.182461
54450  0.182377
54500  0.182377
54550  0.182377
54600  0.182377
54650  0.182377
54700  0.18233
54750  0.182321
54800  0.182321
54850  0.182321
54900  0.182303
54950  0.182303
55000  0.182303
55050  0.18223
55100  0.18223
55150  0.18223
55200  0.18223
55250  0.18223
55300  0.18223
55350  0.182213
55400  0.182164
55450  0.182164
55500  0.182145
55550  0.182145
55600  0.182145
55650  0.182098
55700  0.181993
55750  0.181993
55800  0.18196
55850  0.18196
55900  0.18196
55950  0.18196
56000  0.181925
56050  0.181925
56100  0.181924
56150  0.18191
56200  0.18191
56250  0.18191
56300  0.18186
56350  0.18186
56400  0.181832
56450  0.181767
56500  0.181733
56550  0.181697
56600  0.181665
56650  0.181665
56700  0.181659
56750  0.181615
56800  0.181615
56850  0.181562
56900  0.181562
56950  0.181545
57000  0.181545
57050  0.181545
57100  0.181413
57150  0.181413
57200  0.181413
57250  0.181406
57300  0.181406
57350  0.181406
57400  0.181406
57450  0.181406
57500  0.181394
57550  0.181394
57600  0.181391
57650  0.181391
57700  0.181391
57750  0.181391
57800  0.181391
57850  0.181391
57900  0.181368
57950  0.181368
58000  0.181368
58050  0.181368
58100  0.181292
58150  0.181254
58200  0.181254
58250  0.181167
58300  0.181153
58350  0.181119
58400  0.181118
58450  0.181065
58500  0.181025
58550  0.181025
58600  0.181025
58650  0.181023
58700  0.180967
58750  0.180967
58800  0.180921
58850  0.180921
58900  0.180908
58950  0.180908
59000  0.180908
59050  0.180891
59100  0.180801
59150  0.18077
59200  0.180768
59250  0.180768
59300  0.180745
59350  0.180729
59400  0.180729
59450  0.180672
59500  0.180664
59550  0.180664
59600  0.180664
59650  0.180664
59700  0.180664
59750  0.180664
59800  0.180664
59850  0.18063
59900  0.18062
59950  0.18062
60000  0.18062
60050  0.180517
60100  0.180477
60150  0.180477
60200  0.180477
60250  0.180377
60300  0.180377
60350  0.180332
60400  0.180305
60450  0.180305
60500  0.1802
60550  0.180199
60600  0.180199
60650  0.180199
60700  0.180139
60750  0.180139
60800  0.180133
60850  0.180105
60900  0.18002
60950  0.18002
61000  0.18002
61050  0.18002
61100  0.18002
61150  0.18002
61200  0.179995
61250  0.179995
61300  0.179995
61350  0.179995
61400  0.179995
61450  0.179973
61500  0.179954
61550  0.179954
61600  0.179954
61650  0.179954
61700  0.179937
61750  0.179896
61800  0.179896
61850  0.179896
61900  0.179896
61950  0.179896
62000  0.179881
62050  0.179877
62100  0.179877
62150  0.179877
62200  0.179877
62250  0.179877
62300  0.179861
62350  0.179853
62400  0.179853
62450  0.179853
62500  0.179853
62550  0.179838
62600  0.179838
62650  0.179838
62700  0.17983
62750  0.17983
62800  0.179794
62850  0.179794
62900  0.179786
62950  0.179786
63000  0.179769
63050  0.179728
63100  0.17969
63150  0.17969
63200  0.17969
63250  0.179685
63300  0.179685
63350  0.179681
63400  0.179681
63450  0.179681
63500  0.179681
63550  0.179681
63600  0.179681
63650  0.179626
63700  0.179626
63750  0.179614
63800  0.179577
63850  0.179577
63900  0.179561
63950  0.179561
64000  0.179561
64050  0.179561
64100  0.179561
64150  0.179561
64200  0.179519
64250  0.179519
64300  0.179519
64350  0.179432
64400  0.179428
64450  0.179428
64500  0.179428
64550  0.179407
64600  0.179407
64650  0.179407
64700  0.179407
64750  0.179407
64800  0.179386
64850  0.179386
64900  0.179386
64950  0.179386
65000  0.179364
65050  0.179364
65100  0.179308
65150  0.179301
65200  0.179301
65250  0.179296
65300  0.179296
65350  0.179296
65400  0.179275
65450  0.179275
65500  0.179275
65550  0.179223
65600  0.179223
65650  0.179223
65700  0.179156
65750  0.179101
65800  0.179101
65850  0.179095
65900  0.17907
65950  0.179002
66000  0.179002
66050  0.179002
66100  0.179002
66150  0.178978
66200  0.178978
66250  0.178933
66300  0.178933
66350  0.178933
66400  0.178933
66450  0.178933
66500  0.178933
66550  0.178933
66600  0.178911
66650  0.178911
66700  0.178911
66750  0.178842
66800  0.178823
66850  0.178823
66900  0.178823
66950  0.178778
67000  0.178778
67050  0.178778
67100  0.178756
67150  0.178756
67200  0.178756
67250  0.178756
67300  0.178756
67350  0.178756
67400  0.178756
67450  0.178756
67500  0.178625
67550  0.178606
67600  0.178606
67650  0.178599
67700  0.178599
67750  0.178599
67800  0.178599
67850  0.178599
67900  0.178621
67950  0.178621
68000  0.178572
68050  0.178569
68100  0.178557
68150  0.178525
68200  0.178525
68250  0.178486
68300  0.178486
68350  0.178541
68400  0.178469
68450  0.178466
68500  0.178466
68550  0.178466
68600  0.178466
68650  0.178395
68700  0.178395
68750  0.17837
68800  0.17837
68850  0.17836
68900  0.178319
68950  0.178319
69000  0.178319
69050  0.178319
69100  0.17831
69150  0.17831
69200  0.17831
69250  0.17831
69300  0.17831
69350  0.178272
69400  0.178282
69450  0.178282
69500  0.178223
69550  0.178223
69600  0.178223
69650  0.178223
69700  0.178223
69750  0.178154
69800  0.178154
69850  0.178112
69900  0.178079
69950  0.178047
70000  0.178047
70050  0.178047
70100  0.178036
70150  0.177986
70200  0.177986
70250  0.177986
70300  0.177977
70350  0.177977
70400  0.177977
70450  0.177956
70500  0.177956
70550  0.177956
70600  0.177956
70650  0.177956
70700  0.177956
70750  0.177956
70800  0.177909
70850  0.177889
70900  0.177889
70950  0.177889
71000  0.177857
71050  0.177857
71100  0.177825
71150  0.177825
71200  0.177818
71250  0.177818
71300  0.177779
71350  0.177779
71400  0.177748
71450  0.177748
71500  0.17774
71550  0.177739
71600  0.177739
71650  0.177739
71700  0.177739
71750  0.177728
71800  0.177728
71850  0.177728
71900  0.177728
71950  0.177669
72000  0.177669
72050  0.177666
72100  0.177661
72150  0.177661
72200  0.177661
72250  0.177644
72300  0.177643
72350  0.177688
72400  0.177688
72450  0.177688
72500  0.177688
72550  0.177515
72600  0.17748
72650  0.17748
72700  0.17748
72750  0.17748
72800  0.17746
72850  0.177418
72900  0.177418
72950  0.177418
73000  0.177418
73050  0.177418
73100  0.177395
73150  0.177395
73200  0.177344
73250  0.17732
73300  0.17732
73350  0.17732
73400  0.17732
73450  0.177304
73500  0.177321
73550  0.177321
73600  0.177321
73650  0.177321
73700  0.177271
73750  0.177271
73800  0.177271
73850  0.177271
73900  0.177271
73950  0.177271
74000  0.177271
74050  0.177271
74100  0.177271
74150  0.177271
74200  0.17727
74250  0.17727
74300  0.17727
74350  0.177229
74400  0.177219
74450  0.177213
74500  0.177213
74550  0.177213
74600  0.177213
74650  0.177213
74700  0.177189
74750  0.177189
74800  0.17718
74850  0.177149
74900  0.177149
74950  0.17713
75000  0.17713
75050  0.177075
75100  0.177075
75150  0.177075
75200  0.177075
75250  0.177075
75300  0.177075
75350  0.177075
75400  0.177042
75450  0.177042
75500  0.177009
75550  0.177009
75600  0.176986
75650  0.176986
75700  0.176986
75750  0.176986
75800  0.176986
75850  0.176986
75900  0.176943
75950  0.176943
76000  0.176933
76050  0.176933
76100  0.176906
76150  0.176906
76200  0.176906
76250  0.176906
76300  0.176906
76350  0.176906
76400  0.176906
76450  0.176906
76500  0.176906
76550  0.176886
76600  0.176886
76650  0.176886
76700  0.176886
76750  0.176886
76800  0.176886
76850  0.176853
76900  0.176853
76950  0.176853
77000  0.176853
77050  0.176783
77100  0.176783
77150  0.176783
77200  0.17677
77250  0.176755
77300  0.176754
77350  0.176754
77400  0.176751
77450  0.176751
77500  0.176747
77550  0.17671
77600  0.17671
77650  0.17671
77700  0.17671
77750  0.17671
77800  0.17671
77850  0.17671
77900  0.17671
77950  0.176657
78000  0.176657
78050  0.176657
78100  0.176657
78150  0.176657
78200  0.176631
78250  0.176631
78300  0.176631
78350  0.176631
78400  0.176623
78450  0.176623
78500  0.176623
78550  0.176623
78600  0.176623
78650  0.176596
78700  0.176596
78750  0.176596
78800  0.176558
78850  0.176551
78900  0.176551
78950  0.176551
79000  0.176551
79050  0.176551
79100  0.176551
79150  0.176551
79200  0.176551
79250  0.176551
79300  0.176551
79350  0.176551
79400  0.176551
79450  0.176532
79500  0.176471
79550  0.176444
79600  0.176444
79650  0.176444
79700  0.176444
79750  0.176444
79800  0.176424
79850  0.176424
79900  0.176424
79950  0.176424
80000  0.176424
80050  0.176424
80100  0.176374
80150  0.17632
80200  0.17632
80250  0.17632
80300  0.17632
80350  0.17632
80400  0.17632
80450  0.17632
80500  0.17632
80550  0.17627
80600  0.17627
80650  0.17627
80700  0.17627
80750  0.17627
80800  0.17627
80850  0.17627
80900  0.17627
80950  0.17627
81000  0.17627
81050  0.176248
81100  0.176248
81150  0.176248
81200  0.176248
81250  0.176248
81300  0.176248
81350  0.176248
81400  0.176248
81450  0.176248
81500  0.176229
81550  0.176229
81600  0.17622
81650  0.17622
81700  0.17622
81750  0.17622
81800  0.176217
81850  0.176217
81900  0.176197
81950  0.176197
82000  0.176197
82050  0.176197
82100  0.176197
82150  0.176197
82200  0.17616
82250  0.17616
82300  0.17616
82350  0.17616
82400  0.17616
82450  0.17616
82500  0.17613
82550  0.176129
82600  0.176129
82650  0.176129
82700  0.176129
82750  0.176092
82800  0.176067
82850  0.176067
82900  0.176033
82950  0.176033
83000  0.176033
83050  0.176033
83100  0.176033
83150  0.176033
83200  0.175995
83250  0.175995
83300  0.175995
83350  0.175975
83400  0.175975
83450  0.175975
83500  0.175962
83550  0.175945
83600  0.175945
83650  0.175945
83700  0.175945
83750  0.175945
83800  0.175945
83850  0.175945
83900  0.175945
83950  0.175945
84000  0.175945
84050  0.175945
84100  0.175945
84150  0.175945
84200  0.175945
84250  0.175945
84300  0.175945
84350  0.175899
84400  0.175899
84450  0.175882
84500  0.175868
84550  0.175868
84600  0.175868
84650  0.175865
84700  0.175865
84750  0.175865
84800  0.175865
84850  0.175865
84900  0.175865
84950  0.175865
85000  0.175865
85050  0.175865
85100  0.175865
85150  0.175865
85200  0.175865
85250  0.175865
85300  0.175865
85350  0.175865
85400  0.175865
85450  0.175865
85500  0.175865
85550  0.175848
85600  0.175848
85650  0.175848
85700  0.175848
85750  0.175848
85800  0.175794
85850  0.175793
85900  0.17577
85950  0.175741
86000  0.175731
86050  0.175731
86100  0.175731
86150  0.175689
86200  0.175639
86250  0.175624
86300  0.175624
86350  0.175507
86400  0.175507
86450  0.175507
86500  0.175459
86550  0.175459
86600  0.175458
86650  0.175458
86700  0.175458
86750  0.175458
86800  0.175417
86850  0.175417
86900  0.175417
86950  0.175375
87000  0.175375
87050  0.175375
87100  0.175375
87150  0.175301
87200  0.175301
87250  0.175301
87300  0.17525
87350  0.17525
87400  0.17525
87450  0.17525
87500  0.17525
87550  0.175224
87600  0.175205
87650  0.175205
87700  0.175205
87750  0.175205
87800  0.175205
87850  0.175205
87900  0.175174
87950  0.175162
88000  0.175097
88050  0.175097
88100  0.175167
88150  0.175075
88200  0.17507
88250  0.17507
88300  0.17507
88350  0.17507
88400  0.17507
88450  0.17504
88500  0.17504
88550  0.175024
88600  0.175024
88650  0.175024
88700  0.175024
88750  0.175024
88800  0.175024
88850  0.175017
88900  0.175017
88950  0.175017
89000  0.175017
89050  0.175017
89100  0.17497
89150  0.174961
89200  0.174961
89250  0.174961
89300  0.174961
89350  0.174961
89400  0.174961
89450  0.174961
89500  0.174909
89550  0.174909
89600  0.174909
89650  0.174902
89700  0.174902
89750  0.174902
89800  0.174902
89850  0.174898
89900  0.174898
89950  0.174898
90000  0.174898
90050  0.174861
90100  0.174861
90150  0.174861
90200  0.174877
90250  0.174877
90300  0.174851
90350  0.174851
90400  0.174851
90450  0.174851
90500  0.174851
90550  0.174811
90600  0.174811
90650  0.174769
90700  0.174769
90750  0.174696
90800  0.174696
90850  0.174696
90900  0.174696
90950  0.174696
91000  0.174696
91050  0.174696
91100  0.174624
91150  0.174624
91200  0.174624
91250  0.174615
91300  0.174615
91350  0.174615
91400  0.174593
91450  0.174593
91500  0.174593
91550  0.174593
91600  0.174593
91650  0.174593
91700  0.174532
91750  0.174532
91800  0.174532
91850  0.174532
91900  0.174532
91950  0.174532
92000  0.174532
92050  0.174506
92100  0.174506
92150  0.174506
92200  0.174451
92250  0.174438
92300  0.174409
92350  0.174409
92400  0.174409
92450  0.174393
92500  0.174338
92550  0.174338
92600  0.174338
92650  0.174338
92700  0.174314
92750  0.174314
92800  0.174314
92850  0.174314
92900  0.174314
92950  0.174314
93000  0.174281
93050  0.174281
93100  0.174281
93150  0.174238
93200  0.174219
93250  0.174219
93300  0.174219
93350  0.174219
93400  0.17418
93450  0.174108
93500  0.174108
93550  0.174062
93600  0.174062
93650  0.174062
93700  0.174062
93750  0.174049
93800  0.174049
93850  0.174001
93900  0.174001
93950  0.173982
94000  0.173972
94050  0.173972
94100  0.174027
94150  0.174027
94200  0.173972
94250  0.173972
94300  0.173972
94350  0.173972
94400  0.173972
94450  0.173909
94500  0.173909
94550  0.173815
94600  0.173815
94650  0.173809
94700  0.17385
94750  0.173809
94800  0.173809
94850  0.17379
94900  0.17379
94950  0.17379
95000  0.17379
95050  0.17379
95100  0.173787
95150  0.173787
95200  0.173787
95250  0.173787
95300  0.173787
95350  0.173787
95400  0.173787
95450  0.173787
95500  0.173723
95550  0.173707
95600  0.173707
95650  0.173707
95700  0.173707
95750  0.173707
95800  0.173707
95850  0.173707
95900  0.173707
95950  0.173696
96000  0.173696
96050  0.173696
96100  0.173686
96150  0.173686
96200  0.173686
96250  0.173686
96300  0.173656
96350  0.173656
96400  0.173656
96450  0.173656
96500  0.173656
96550  0.173648
96600  0.173607
96650  0.173607
96700  0.173607
96750  0.173607
96800  0.173607
96850  0.173607
96900  0.173578
96950  0.173578
97000  0.173578
97050  0.173578
97100  0.173578
97150  0.173578
97200  0.173578
97250  0.173578
97300  0.173578
97350  0.173578
97400  0.173578
97450  0.173578
97500  0.173578
97550  0.173501
97600  0.173493
97650  0.173493
97700  0.173487
97750  0.173487
97800  0.173487
97850  0.173487
97900  0.173487
97950  0.173487
98000  0.173487
98050  0.173487
98100  0.173487
98150  0.173487
98200  0.173487
98250  0.173487
98300  0.173487
98350  0.173487
98400  0.173486
98450  0.173486
98500  0.173486
98550  0.173486
98600  0.173486
98650  0.173454
98700  0.173454
98750  0.173454
98800  0.173449
98850  0.173449
98900  0.173449
98950  0.173449
99000  0.173449
99050  0.173449
99100  0.173449
99150  0.173449
99200  0.173449
99250  0.173449
99300  0.173449
99350  0.173468
99400  0.173468
99450  0.173468
99500  0.173434
99550  0.173434
99600  0.173391
99650  0.173391
99700  0.173373
99750  0.173373
99800  0.173373
99850  0.173312
99900  0.173312
99950  0.173279
100000  0.173235
100050  0.173235
100100  0.173235
100150  0.173235
100200  0.173213
100250  0.173213
100300  0.173213
100350  0.173213
100400  0.173213
100450  0.173213
100500  0.173213
100550  0.173213
100600  0.173213
100650  0.173213
100700  0.173213
100750  0.173213
100800  0.173213
100850  0.173213
100900  0.173213
100950  0.173213
101000  0.173213
101050  0.173213
101100  0.173187
101150  0.173187
101200  0.173187
101250  0.173187
101300  0.173187
101350  0.173187
101400  0.173187
101450  0.173187
101500  0.173187
101550  0.173187
101600  0.173187
101650  0.173187
101700  0.173141
101750  0.173141
101800  0.173141
101850  0.173141
101900  0.173133
101950  0.173133
102000  0.173133
102050  0.173093
102100  0.173088
102150  0.173088
102200  0.173088
102250  0.173088
102300  0.173088
102350  0.173088
102400  0.173088
102450  0.173088
102500  0.173088
102550  0.173088
102600  0.173057
102650  0.173057
102700  0.173057
102750  0.173057
102800  0.173034
102850  0.173034
102900  0.173034
102950  0.173034
103000  0.173034
103050  0.173034
103100  0.173034
103150  0.173034
103200  0.173034
103250  0.17299
103300  0.172973
103350  0.17297
103400  0.17297
103450  0.17297
103500  0.17297
103550  0.17297
103600  0.17297
103650  0.17297
103700  0.17297
103750  0.17297
103800  0.17297
103850  0.17297
103900  0.172912
103950  0.172912
104000  0.172912
104050  0.172912
104100  0.172912
104150  0.172912
104200  0.172912
104250  0.172912
104300  0.172912
104350  0.172912
104400  0.172912
104450  0.172912
104500  0.172912
104550  0.172925
104600  0.172925
104650  0.172925
104700  0.172925
104750  0.172925
104800  0.172925
104850  0.172869
104900  0.172869
104950  0.172869
105000  0.172869
105050  0.172869
105100  0.172842
105150  0.172842
105200  0.172842
105250  0.172842
105300  0.172842
105350  0.172842
105400  0.172842
105450  0.172842
105500  0.172842
105550  0.172842
105600  0.172842
105650  0.172842
105700  0.172842
105750  0.172842
105800  0.172814
105850  0.172757
105900  0.172757
105950  0.172757
106000  0.172728
106050  0.172722
106100  0.172722
106150  0.172722
106200  0.172722
106250  0.172722
106300  0.172722
106350  0.172722
106400  0.172722
106450  0.172722
106500  0.172722
106550  0.172722
106600  0.172722
106650  0.172681
106700  0.172681
106750  0.172681
106800  0.172681
106850  0.172681
106900  0.172681
106950  0.172681
107000  0.172655
107050  0.172655
107100  0.172655
107150  0.172655
107200  0.172655
107250  0.172655
107300  0.172655
107350  0.172655
107400  0.172655
107450  0.172655
107500  0.172655
107550  0.172655
107600  0.172655
107650  0.172655
107700  0.172655
107750  0.172655
107800  0.172645
107850  0.172645
107900  0.172645
107950  0.172645
108000  0.172645
108050  0.172645
108100  0.172607
108150  0.172607
108200  0.172613
108250  0.172613
108300  0.172613
108350  0.172613
108400  0.172613
108450  0.172613
108500  0.172613
108550  0.172613
108600  0.172591
108650  0.172591
108700  0.172591
108750  0.172573
108800  0.172557
108850  0.172556
108900  0.172556
108950  0.172556
109000  0.172556
109050  0.172556
109100  0.172556
109150  0.172556
109200  0.172556
109250  0.172597
109300  0.172597
109350  0.172597
109400  0.172556
109450  0.172556
109500  0.172556
109550  0.172556
109600  0.172556
109650  0.172556
109700  0.172556
109750  0.172556
109800  0.172556
109850  0.172556
109900  0.172556
109950  0.172556
110000  0.172529
110050  0.172553
110100  0.172553
110150  0.172553
110200  0.172553
110250  0.172506
110300  0.172495
110350  0.172495
110400  0.172495
110450  0.172495
110500  0.172495
110550  0.172495
110600  0.172495
110650  0.172495
110700  0.172495
110750  0.172495
110800  0.172495
110850  0.172462
110900  0.172462
110950  0.172462
111000  0.172462
111050  0.172462
111100  0.172462
111150  0.172462
111200  0.172462
111250  0.172462
111300  0.172439
111350  0.172439
111400  0.172439
111450  0.17242
111500  0.17239
111550  0.17239
111600  0.172362
111650  0.172352
111700  0.172352
111750  0.172352
111800  0.172352
111850  0.172352
111900  0.172352
111950  0.172352
112000  0.172352
112050  0.172352
112100  0.172331
112150  0.172331
112200  0.172331
112250  0.172331
112300  0.172331
112350  0.172331
112400  0.172331
112450  0.172331
112500  0.172331
112550  0.172331
112600  0.172331
112650  0.172331
112700  0.172331
112750  0.172331
112800  0.172331
112850  0.17233
112900  0.172257
112950  0.172257
113000  0.172257
113050  0.172257
113100  0.172257
113150  0.172257
113200  0.172257
113250  0.172257
113300  0.172244
113350  0.172244
113400  0.172244
113450  0.172244
113500  0.172234
113550  0.172234
113600  0.172234
113650  0.172234
113700  0.172161
113750  0.172161
113800  0.172161
113850  0.172191
113900  0.172191
113950  0.172191
114000  0.172191
114050  0.172191
114100  0.172123
114150  0.172123
114200  0.172123
114250  0.172123
114300  0.172123
114350  0.172123
114400  0.172123
114450  0.172099
114500  0.172099
114550  0.172099
114600  0.172099
114650  0.172099
114700  0.172062
114750  0.172062
114800  0.172062
114850  0.172062
114900  0.172062
114950  0.172062
115000  0.172062
115050  0.172062
115100  0.172062
115150  0.172062
115200  0.172062
115250  0.172062
115300  0.172054
115350  0.172054
115400  0.172054
115450  0.172054
115500  0.172054
115550  0.172054
115600  0.172054
115650  0.172054
115700  0.172054
115750  0.172054
115800  0.172054
115850  0.172054
115900  0.172054
115950  0.172054
116000  0.172054
116050  0.172054
116100  0.172054
116150  0.17207
116200  0.17207
116250  0.172058
116300  0.172058
116350  0.172058
116400  0.172058
116450  0.172058
116500  0.172058
116550  0.171993
116600  0.171993
116650  0.171993
116700  0.171993
116750  0.171993
116800  0.171993
116850  0.171993
116900  0.171942
116950  0.171942
117000  0.171942
117050  0.171942
117100  0.171956
117150  0.171956
117200  0.171956
117250  0.171956
117300  0.171956
117350  0.171956
117400  0.171956
117450  0.171956
117500  0.171956
117550  0.171956
117600  0.171956
117650  0.171956
117700  0.171956
117750  0.171956
117800  0.171932
117850  0.171932
117900  0.171932
117950  0.171932
118000  0.171932
118050  0.171874
118100  0.171874
118150  0.171874
118200  0.171874
118250  0.171874
118300  0.171874
118350  0.171864
118400  0.171864
118450  0.171864
118500  0.171847
118550  0.171788
118600  0.171788
118650  0.171788
118700  0.171784
118750  0.171784
118800  0.171784
118850  0.171768
118900  0.171768
118950  0.171768
119000  0.171751
119050  0.171751
119100  0.171751
119150  0.171696
119200  0.171679
119250  0.171673
119300  0.171673
119350  0.171673
119400  0.171673
119450  0.171673
119500  0.171673
119550  0.171673
119600  0.171626
119650  0.171626
119700  0.171608
119750  0.171608
119800  0.171608
119850  0.171608
119900  0.171608
119950  0.171608
120000  0.171608
120050  0.171608
120100  0.171604
120150  0.171604
120200  0.171604
120250  0.17155
120300  0.17155
120350  0.17155
120400  0.17155
120450  0.17155
120500  0.171533
120550  0.171476
120600  0.171476
120650  0.171476
120700  0.171476
120750  0.171435
120800  0.171435
120850  0.17142
120900  0.17142
120950  0.17142
121000  0.17142
121050  0.17142
121100  0.17142
121150  0.17142
121200  0.17142
121250  0.171397
121300  0.171397
121350  0.171311
121400  0.17125
121450  0.17125
121500  0.17125
121550  0.171225
121600  0.171225
121650  0.171225
121700  0.171218
121750  0.171193
121800  0.171193
121850  0.171193
121900  0.171193
121950  0.171193
122000  0.171193
122050  0.171193
122100  0.171159
122150  0.171159
122200  0.171159
122250  0.171159
122300  0.171159
122350  0.171159
122400  0.171159
122450  0.171159
122500  0.171159
122550  0.171159
122600  0.171159
122650  0.171159
122700  0.171159
122750  0.171146
122800  0.171094
122850  0.171057
122900  0.171057
122950  0.171057
123000  0.171057
123050  0.171057
123100  0.171056
123150  0.171056
123200  0.171045
123250  0.171045
123300  0.171045
123350  0.171045
123400  0.171045
123450  0.171045
123500  0.171045
123550  0.171045
123600  0.171033
123650  0.171017
123700  0.171029
123750  0.171008
123800  0.170926
123850  0.170909
123900  0.170909
123950  0.170915
124000  0.170915
124050  0.170915
124100  0.170915
124150  0.170879
124200  0.170879
124250  0.170879
124300  0.170879
124350  0.170879
124400  0.170839
124450  0.170835
124500  0.170813
124550  0.170813
124600  0.170813
124650  0.170813
124700  0.170813
124750  0.170813
124800  0.170813
124850  0.170813
124900  0.1708
124950  0.17079
125000  0.17079
125050  0.170768
125100  0.170768
125150  0.170768
125200  0.170768
125250  0.170768
125300  0.170753
125350  0.170753
125400  0.170753
125450  0.170753
125500  0.170753
125550  0.170753
125600  0.170753
125650  0.170753
125700  0.170753
125750  0.170753
125800  0.170753
125850  0.170743
125900  0.170743
125950  0.170743
126000  0.170743
126050  0.170743
126100  0.170743
126150  0.170743
126200  0.170743
126250  0.170743
126300  0.170671
126350  0.170671
126400  0.170671
126450  0.170671
126500  0.170671
126550  0.170671
126600  0.170663
126650  0.170663
126700  0.170663
126750  0.170607
126800  0.170607
126850  0.170607
126900  0.170607
126950  0.170607
127000  0.170607
127050  0.170607
127100  0.170584
127150  0.170584
127200  0.170584
127250  0.170584
127300  0.170584
127350  0.170584
127400  0.170543
127450  0.170543
127500  0.170543
127550  0.170543
127600  0.170543
127650  0.170543
127700  0.170543
127750  0.170543
127800  0.170543
127850  0.170543
127900  0.170543
127950  0.170543
128000  0.170543
128050  0.170543
128100  0.17049
128150  0.17049
128200  0.170459
128250  0.170453
128300  0.170453
128350  0.170453
128400  0.170453
128450  0.170445
128500  0.170445
128550  0.170424
128600  0.170391
128650  0.170362
128700  0.170362
128750  0.170362
128800  0.170362
128850  0.170333
128900  0.170333
128950  0.170333
129000  0.170333
129050  0.170305
129100  0.170305
129150  0.170305
129200  0.170305
129250  0.170305
129300  0.170305
129350  0.170305
129400  0.170305
129450  0.170284
129500  0.170284
129550  0.170284
129600  0.170284
129650  0.170284
129700  0.170284
129750  0.170284
129800  0.170284
129850  0.17027
129900  0.17027
129950  0.170252
130000  0.170252
130050  0.170252
130100  0.170252
130150  0.170252
130200  0.170252
130250  0.170235
130300  0.170235
130350  0.170235
130400  0.170235
130450  0.170235
130500  0.170219
130550  0.170208
130600  0.170198
130650  0.170198
130700  0.170198
130750  0.170148
130800  0.170145
130850  0.17013
130900  0.17013
130950  0.170145
131000  0.170145
131050  0.170145
131100  0.170145
131150  0.170105
131200  0.170105
131250  0.170105
131300  0.170105
131350  0.170058
131400  0.170058
131450  0.170058
131500  0.170058
131550  0.170058
131600  0.170058
131650  0.170023
131700  0.170023
131750  0.170023
131800  0.170023
131850  0.170023
131900  0.170023
131950  0.170016
132000  0.170016
132050  0.170016
132100  0.170016
132150  0.169993
132200  0.169993
132250  0.169983
132300  0.169963
132350  0.169963
132400  0.169963
132450  0.169954
132500  0.169954
132550  0.169954
132600  0.169954
132650  0.169954
132700  0.169954
132750  0.169943
132800  0.169928
132850  0.169928
132900  0.169928
132950  0.169928
133000  0.169887
133050  0.169887
133100  0.169887
133150  0.169887
133200  0.169887
133250  0.169894
133300  0.169894
133350  0.169894
133400  0.169894
133450  0.169894
133500  0.169872
133550  0.169872
133600  0.169872
133650  0.169872
133700  0.169828
133750  0.169773
133800  0.169773
133850  0.169759
133900  0.169759
133950  0.169759
134000  0.169737
134050  0.169737
134100  0.169727
134150  0.169672
134200  0.169672
134250  0.169672
134300  0.169641
134350  0.169608
134400  0.169601
134450  0.169601
134500  0.169601
134550  0.169601
134600  0.169591
134650  0.169591
134700  0.169591
134750  0.169591
134800  0.169591
134850  0.169535
134900  0.169535
134950  0.169535
135000  0.169535
135050  0.169535
135100  0.169535
135150  0.169496
135200  0.169496
135250  0.169496
135300  0.169496
135350  0.169496
135400  0.169496
135450  0.169496
135500  0.169496
135550  0.169475
135600  0.169475
135650  0.169475
135700  0.169475
135750  0.169475
135800  0.169475
135850  0.169475
135900  0.169475
135950  0.169475
136000  0.16945
136050  0.169405
136100  0.169405
136150  0.169405
136200  0.169405
136250  0.169405
136300  0.169405
136350  0.169405
136400  0.169405
136450  0.169405
136500  0.169405
136550  0.169405
136600  0.169405
136650  0.169405
136700  0.169405
136750  0.169405
136800  0.169389
136850  0.169389
136900  0.169349
136950  0.169349
137000  0.169347
137050  0.169347
137100  0.169347
137150  0.169347
137200  0.169347
137250  0.169347
137300  0.169347
137350  0.169347
137400  0.169346
137450  0.169346
137500  0.169346
137550  0.169346
137600  0.169346
137650  0.169346
137700  0.169346
137750  0.169346
137800  0.169346
137850  0.169332
137900  0.169306
137950  0.169306
138000  0.169306
138050  0.169306
138100  0.169286
138150  0.169268
138200  0.169218
138250  0.169218
138300  0.169218
138350  0.169218
138400  0.169178
138450  0.169178
138500  0.169178
138550  0.169178
138600  0.169111
138650  0.169111
138700  0.169111
138750  0.169111
138800  0.169111
138850  0.169111
138900  0.169099
138950  0.169099
139000  0.169099
139050  0.169099
139100  0.169084
139150  0.169083
139200  0.169083
139250  0.169083
139300  0.169083
139350  0.169083
139400  0.169083
139450  0.169083
139500  0.169083
139550  0.169083
139600  0.169083
139650  0.169083
139700  0.169083
139750  0.169083
139800  0.169083
139850  0.169083
139900  0.169003
139950  0.169003
140000  0.169003
140050  0.169003
140100  0.169003
140150  0.169003
140200  0.168983
140250  0.168978
140300  0.168978
140350  0.168978
140400  0.168978
140450  0.168978
140500  0.168978
140550  0.168978
140600  0.168978
140650  0.168978
140700  0.168978
140750  0.168978
140800  0.168978
140850  0.168978
140900  0.168978
140950  0.168978
141000  0.168978
141050  0.168978
141100  0.168978
141150  0.168978
141200  0.168978
141250  0.168975
141300  0.168975
141350  0.168975
141400  0.168975
141450  0.168973
141500  0.168973
141550  0.168973
141600  0.168973
141650  0.168973
141700  0.168973
141750  0.168973
141800  0.168973
141850  0.168973
141900  0.168973
141950  0.168973
142000  0.168973
142050  0.168935
142100  0.168935
142150  0.168935
142200  0.168935
142250  0.168935
142300  0.168935
142350  0.168935
142400  0.168935
142450  0.168935
142500  0.168935
142550  0.168935
142600  0.168935
142650  0.168935
142700  0.168935
142750  0.168935
142800  0.168944
142850  0.168935
142900  0.168935
142950  0.168935
143000  0.168935
143050  0.16886
143100  0.16886
143150  0.16886
143200  0.16886
143250  0.16886
143300  0.16886
143350  0.16886
143400  0.16886
143450  0.16886
143500  0.16886
143550  0.16886
143600  0.168826
143650  0.168826
143700  0.168826
143750  0.168826
143800  0.168826
143850  0.168826
143900  0.168826
143950  0.168826
144000  0.168826
144050  0.168826
144100  0.168826
144150  0.168826
144200  0.168826
144250  0.168826
144300  0.168792
144350  0.168783
144400  0.168783
144450  0.168783
144500  0.168783
144550  0.168783
