Step  Penalty
10  0.536199
20  0.517767
30  0.511574
40  0.496706
50  0.493288
60  0.478201
70  0.468436
80  0.460195
90  0.446712
100  0.439527
110  0.428959
120  0.41624
130  0.408723
140  0.399521
150  0.392715
160  0.38419
170  0.382085
180  0.374386
190  0.373042
200  0.365676
210  0.361278
220  0.355583
230  0.348549
240  0.344764
250  0.34006
260  0.335118
270  0.330384
280  0.328501
290  0.327443
300  0.32532
310  0.323076
320  0.320091
330  0.319633
340  0.319134
350  0.317464
360  0.315498
370  0.313958
380  0.308613
390  0.304603
400  0.301971
410  0.300455
420  0.296708
430  0.295276
440  0.293225
450  0.290561
460  0.29042
470  0.289285
480  0.287838
490  0.285255
500  0.28341
510  0.281265
520  0.279979
530  0.278996
540  0.277538
550  0.276178
560  0.274095
570  0.272676
580  0.271985
590  0.270828
600  0.269259
610  0.268968
620  0.267266
630  0.267266
640  0.266345
650  0.26622
660  0.26622
670  0.265676
680  0.264258
690  0.264258
700  0.264205
710  0.264205
720  0.263492
730  0.262824
740  0.262403
750  0.261641
760  0.261462
770  0.261462
780  0.260082
790  0.257413
800  0.256999
810  0.256683
820  0.256683
830  0.25561
840  0.25561
850  0.25487
860  0.25487
870  0.25487
880  0.2544
890  0.254374
900  0.253973
910  0.253973
920  0.253973
930  0.253928
940  0.253928
950  0.253617
960  0.253571
970  0.252716
980  0.252716
990  0.252716
1000  0.2523
1010  0.2523
1020  0.2523
1030  0.2523
1040  0.251765
1050  0.251523
1060  0.251523
1070  0.251523
1080  0.251517
1090  0.25123
1100  0.25123
1110  0.250596
1120  0.250596
1130  0.250394
1140  0.250394
1150  0.250219
1160  0.249481
1170  0.249481
1180  0.248571
1190  0.248571
1200  0.248463
1210  0.248069
1220  0.248034
1230  0.247836
1240  0.246493
1250  0.246493
1260  0.246003
1270  0.246003
1280  0.245793
1290  0.245697
1300  0.245697
1310  0.244921
1320  0.244921
1330  0.244921
1340  0.244921
1350  0.244921
1360  0.244921
1370  0.244618
1380  0.244618
1390  0.244618
1400  0.24436
1410  0.24436
1420  0.24436
1430  0.244212
1440  0.243718
1450  0.243382
1460  0.242851
1470  0.242735
1480  0.242735
1490  0.242735
1500  0.242198
1510  0.242198
1520  0.242198
1530  0.242198
1540  0.242198
1550  0.242198
1560  0.24188
1570  0.24188
1580  0.241708
1590  0.241708
1600  0.241708
1610  0.241708
1620  0.241394
1630  0.241394
1640  0.241394
1650  0.241394
1660  0.241124
1670  0.241124
1680  0.240742
1690  0.240742
1700  0.240742
1710  0.240742
1720  0.240468
1730  0.240468
1740  0.240468
1750  0.240468
1760  0.2403
1770  0.2403
1780  0.2403
1790  0.2403
1800  0.2403
1810  0.2403
1820  0.240117
1830  0.240117
1840  0.239729
1850  0.239729
1860  0.239729
1870  0.239729
1880  0.239729
1890  0.239359
1900  0.237944
1910  0.237944
1920  0.237944
1930  0.237944
1940  0.237944
1950  0.237944
1960  0.237944
1970  0.237532
1980  0.237532
1990  0.237532
2000  0.237532
2010  0.237336
2020  0.237336
2030  0.237336
2040  0.237336
2050  0.23716
2060  0.23716
2070  0.23716
2080  0.23716
2090  0.23716
2100  0.236647
2110  0.236647
2120  0.236448
2130  0.236401
2140  0.235902
2150  0.23583
2160  0.23583
2170  0.23583
2180  0.23583
2190  0.23583
2200  0.23583
2210  0.235586
2220  0.235376
2230  0.235376
2240  0.235376
2250  0.235376
2260  0.235376
2270  0.235376
2280  0.235376
2290  0.235376
2300  0.235376
2310  0.235376
2320  0.235376
2330  0.235376
2340  0.235376
2350  0.235303
2360  0.235303
2370  0.235303
2380  0.235303
2390  0.235099
2400  0.235099
2410  0.235099
2420  0.235099
2430  0.235099
2440  0.235099
2450  0.235099
2460  0.235099
2470  0.235099
2480  0.235099
2490  0.235099
2500  0.235099
2510  0.235099
2520  0.235099
2530  0.235099
2540  0.235099
2550  0.235099
2560  0.235099
2570  0.235099
2580  0.235099
2590  0.235099
2600  0.235099
2610  0.235099
2620  0.235099
2630  0.235005
2640  0.235005
2650  0.235005
2660  0.235005
2670  0.235005
2680  0.235005
2690  0.235005
2700  0.234981
2710  0.234981
2720  0.234981
2730  0.234981
2740  0.234981
2750  0.234682
2760  0.234682
2770  0.234682
2780  0.234682
2790  0.234682
2800  0.234682
2810  0.234682
2820  0.234682
2830  0.234682
2840  0.234682
2850  0.234682
2860  0.234682
2870  0.234682
2880  0.234682
2890  0.234682
2900  0.234682
2910  0.234682
2920  0.234682
2930  0.234682
2940  0.234682
2950  0.234682
2960  0.234682
2970  0.234682
2980  0.234682
2990  0.234682
3000  0.234682
3010  0.234682
3020  0.234682
3030  0.234682
3040  0.234682
3050  0.234682
3060  0.234682
3070  0.234682
3080  0.234682
3090  0.234682
3100  0.234682
3110  0.234682
3120  0.234369
3130  0.234369
3140  0.234369
3150  0.234369
3160  0.234369
3170  0.234369
3180  0.234369
3190  0.234369
3200  0.234369
3210  0.234369
3220  0.234369
3230  0.234369
3240  0.234369
3250  0.234369
3260  0.234369
3270  0.234369
3280  0.234369
3290  0.234369
3300  0.234369
3310  0.234369
3320  0.234369
3330  0.234369
3340  0.234369
3350  0.234369
3360  0.234369
3370  0.234369
3380  0.234369
3390  0.234369
3400  0.234369
3410  0.234369
3420  0.234369
3430  0.234369
3440  0.234369
3450  0.234369
3460  0.234369
3470  0.234369
3480  0.234132
3490  0.234132
3500  0.234132
3510  0.234132
3520  0.234132
3530  0.234132
3540  0.234132
3550  0.234132
3560  0.234132
3570  0.234132
3580  0.234132
3590  0.234132
3600  0.234132
3610  0.234132
3620  0.234132
3630  0.233968
3640  0.233968
3650  0.233968
3660  0.233968
3670  0.233968
3680  0.233968
3690  0.233968
3700  0.233968
3710  0.233968
3720  0.233968
3730  0.233968
3740  0.233968
3750  0.233968
3760  0.233968
3770  0.233968
3780  0.233968
3790  0.233968
3800  0.233968
3810  0.233968
3820  0.233968
3830  0.233968
3840  0.233968
3850  0.233968
3860  0.233707
3870  0.233707
3880  0.233707
3890  0.233707
3900  0.233707
3910  0.233707
3920  0.233707
3930  0.233707
3940  0.233707
3950  0.233707
3960  0.233707
3970  0.233707
3980  0.233707
3990  0.233707
4000  0.233707
4010  0.233707
4020  0.233707
4030  0.233707
4040  0.233707
4050  0.233707
4060  0.233707
4070  0.233707
4080  0.233707
4090  0.233707
4100  0.233707
4110  0.233707
4120  0.233707
4130  0.233241
4140  0.233241
4150  0.233241
4160  0.233241
4170  0.233241
4180  0.233069
4190  0.233069
4200  0.233069
4210  0.233069
4220  0.233069
4230  0.233069
4240  0.233069
4250  0.233069
4260  0.233069
4270  0.233069
4280  0.233069
4290  0.233069
4300  0.233069
4310  0.233069
4320  0.233069
4330  0.233069
4340  0.233069
4350  0.233069
4360  0.233069
4370  0.233069
4380  0.233069
4390  0.233069
4400  0.233069
4410  0.233069
4420  0.233069
4430  0.233069
4440  0.233069
4450  0.233069
4460  0.233069
4470  0.233069
4480  0.23278
4490  0.23278
4500  0.23278
4510  0.23278
4520  0.23278
4530  0.23278
4540  0.23278
4550  0.23278
4560  0.23278
4570  0.23278
4580  0.23278
4590  0.23278
4600  0.23278
4610  0.23278
4620  0.23278
4630  0.23278
4640  0.23278
4650  0.23278
4660  0.23278
4670  0.23278
4680  0.23278
4690  0.23278
4700  0.23278
4710  0.23278
4720  0.23278
4730  0.23278
4740  0.23278
4750  0.23278
4760  0.23278
4770  0.23278
4780  0.23278
4790  0.23278
4800  0.23278
4810  0.23278
4820  0.23278
4830  0.23278
4840  0.23278
4850  0.23278
4860  0.23278
4870  0.23278
4880  0.23278
4890  0.23278
4900  0.23278
4910  0.23278
4920  0.232618
4930  0.232618
4940  0.232618
4950  0.232618
4960  0.232618
4970  0.232618
4980  0.232618
4990  0.232618
5000  0.232618
5010  0.232541
5020  0.232541
5030  0.232541
5040  0.232541
5050  0.232541
5060  0.232541
5070  0.232541
5080  0.232541
5090  0.232541
5100  0.232541
5110  0.232541
5120  0.232541
5130  0.232541
5140  0.232541
5150  0.232541
5160  0.232367
5170  0.232367
5180  0.232367
5190  0.232367
5200  0.232367
5210  0.232367
5220  0.232367
5230  0.232238
5240  0.232238
5250  0.232238
5260  0.232238
5270  0.232238
5280  0.232238
5290  0.232238
5300  0.232238
5310  0.232238
5320  0.232238
5330  0.232238
5340  0.232238
5350  0.232238
5360  0.232238
5370  0.232238
5380  0.232238
5390  0.232238
5400  0.232238
5410  0.232238
5420  0.232238
5430  0.232238
5440  0.232238
5450  0.232238
5460  0.232238
5470  0.232238
5480  0.232238
5490  0.232238
5500  0.232238
5510  0.232014
5520  0.232014
5530  0.232014
5540  0.232014
5550  0.232014
5560  0.232014
5570  0.232014
5580  0.232014
5590  0.232014
5600  0.232014
5610  0.232014
5620  0.232014
5630  0.232014
5640  0.232014
5650  0.232014
5660  0.232014
5670  0.232014
5680  0.232014
5690  0.232014
5700  0.232014
5710  0.232014
5720  0.232014
5730  0.232014
5740  0.232014
5750  0.232014
5760  0.232014
5770  0.232014
5780  0.232014
5790  0.232014
5800  0.232014
5810  0.232014
5820  0.232014
5830  0.232014
5840  0.232014
5850  0.232014
5860  0.232014
5870  0.232014
5880  0.232014
5890  0.232014
5900  0.232014
5910  0.232014
5920  0.232014
5930  0.232014
5940  0.232014
5950  0.232014
5960  0.232014
5970  0.232014
5980  0.232014
5990  0.232014
6000  0.232014
6010  0.232014
6020  0.232014
6030  0.232014
6040  0.232014
6050  0.232014
6060  0.232014
6070  0.231696
6080  0.231696
6090  0.231696
6100  0.231696
6110  0.231696
6120  0.231696
6130  0.231696
6140  0.231696
6150  0.231696
6160  0.231696
6170  0.231696
6180  0.231696
6190  0.231696
6200  0.231696
6210  0.231696
6220  0.231696
6230  0.231696
6240  0.231696
6250  0.231696
6260  0.231696
6270  0.231696
6280  0.231696
6290  0.231696
6300  0.231696
6310  0.231192
6320  0.231192
6330  0.231192
6340  0.231192
6350  0.231192
6360  0.231192
6370  0.231192
6380  0.231192
6390  0.231192
6400  0.231192
6410  0.231192
6420  0.231192
6430  0.231192
6440  0.231192
6450  0.231192
6460  0.231192
6470  0.231192
6480  0.231192
6490  0.231192
6500  0.231192
6510  0.231192
6520  0.231192
6530  0.231192
6540  0.231192
6550  0.231192
6560  0.231192
6570  0.231192
6580  0.231192
6590  0.231192
6600  0.231192
6610  0.231192
6620  0.231192
6630  0.231192
6640  0.231192
6650  0.231192
6660  0.231005
6670  0.231005
6680  0.231005
6690  0.231005
6700  0.231005
6710  0.231005
6720  0.231005
6730  0.231005
6740  0.231005
6750  0.231005
6760  0.231005
6770  0.231005
6780  0.231005
6790  0.231005
6800  0.231005
6810  0.231005
6820  0.231005
6830  0.231005
6840  0.231005
6850  0.231005
6860  0.231005
6870  0.230649
6880  0.230649
6890  0.230649
6900  0.230649
6910  0.230649
6920  0.230649
6930  0.230649
6940  0.230649
6950  0.230649
6960  0.230649
6970  0.230649
6980  0.230649
6990  0.230649
7000  0.230649
7010  0.230649
7020  0.230649
7030  0.230649
7040  0.230649
7050  0.230649
7060  0.230649
7070  0.230649
7080  0.230649
7090  0.230649
7100  0.230649
7110  0.230649
7120  0.230649
7130  0.230649
7140  0.230649
7150  0.230649
7160  0.230649
7170  0.230649
7180  0.230649
7190  0.230649
7200  0.230649
7210  0.230649
7220  0.230649
7230  0.230649
7240  0.230649
7250  0.230649
7260  0.230649
7270  0.230649
7280  0.230649
7290  0.230649
7300  0.230649
7310  0.230649
7320  0.230649
7330  0.230649
7340  0.230649
7350  0.230649
7360  0.230649
7370  0.230649
7380  0.230649
7390  0.230649
7400  0.230649
7410  0.230649
7420  0.230649
7430  0.230649
7440  0.230649
7450  0.230649
7460  0.230649
7470  0.230649
7480  0.230649
7490  0.230649
7500  0.230649
7510  0.230649
7520  0.230649
7530  0.230649
7540  0.230649
7550  0.230649
7560  0.230649
7570  0.230649
7580  0.230649
7590  0.230649
7600  0.230649
7610  0.230649
7620  0.230649
7630  0.230649
7640  0.230649
7650  0.230649
7660  0.230649
7670  0.230649
7680  0.230649
7690  0.230649
7700  0.230649
7710  0.230649
7720  0.230649
7730  0.230649
7740  0.230649
7750  0.230649
7760  0.230649
7770  0.230649
7780  0.230649
7790  0.230649
7800  0.230649
7810  0.230649
7820  0.230649
7830  0.230649
7840  0.230649
7850  0.230649
7860  0.230649
7870  0.230649
7880  0.230649
7890  0.230649
7900  0.230649
7910  0.230649
7920  0.230649
7930  0.230649
7940  0.230649
7950  0.230649
7960  0.230649
7970  0.230649
7980  0.230649
7990  0.230649
8000  0.230649
8010  0.230649
8020  0.230649
8030  0.230649
8040  0.230649
8050  0.230649
8060  0.230649
8070  0.230649
8080  0.230649
8090  0.230649
8100  0.230649
8110  0.230649
8120  0.230649
8130  0.230649
8140  0.230649
8150  0.230649
8160  0.230649
8170  0.230649
8180  0.230649
8190  0.230649
8200  0.230649
8210  0.230649
8220  0.230649
8230  0.230649
8240  0.230649
8250  0.230649
8260  0.230649
8270  0.230649
8280  0.230649
8290  0.230649
8300  0.230649
8310  0.230649
8320  0.230649
8330  0.230649
8340  0.230649
8350  0.230649
8360  0.230649
8370  0.230649
8380  0.230649
8390  0.230649
8400  0.230649
8410  0.230649
8420  0.230649
8430  0.230649
8440  0.230649
8450  0.230649
8460  0.230649
8470  0.230649
8480  0.230649
8490  0.230649
8500  0.230649
8510  0.230649
8520  0.230649
8530  0.230649
8540  0.230649
8550  0.230649
8560  0.230649
8570  0.230649
8580  0.230649
8590  0.230649
8600  0.230649
8610  0.230649
8620  0.230649
8630  0.230649
8640  0.230649
8650  0.230649
8660  0.230649
8670  0.230649
8680  0.230649
8690  0.230649
8700  0.230649
8710  0.230649
8720  0.230649
8730  0.230649
8740  0.230649
8750  0.230649
8760  0.230649
8770  0.230649
8780  0.230649
8790  0.230649
8800  0.230649
8810  0.230649
8820  0.230649
8830  0.230649
8840  0.230649
8850  0.230649
8860  0.230649
8870  0.230649
8880  0.230649
8890  0.230649
8900  0.230649
8910  0.230649
8920  0.230649
8930  0.230649
8940  0.230649
8950  0.230649
8960  0.230649
8970  0.230649
8980  0.230649
8990  0.230649
9000  0.230649
9010  0.230649
9020  0.230649
9030  0.230649
9040  0.230649
9050  0.230649
9060  0.230649
9070  0.230362
9080  0.230362
9090  0.230362
9100  0.230362
9110  0.230362
9120  0.230362
9130  0.230362
9140  0.230362
9150  0.230362
9160  0.230362
9170  0.230362
9180  0.230362
9190  0.230362
9200  0.230362
9210  0.230362
9220  0.230362
9230  0.230362
9240  0.230362
9250  0.230362
9260  0.230362
9270  0.230362
9280  0.230362
9290  0.230362
9300  0.230362
9310  0.230362
9320  0.230362
9330  0.230362
9340  0.230362
9350  0.230362
9360  0.230362
9370  0.230362
9380  0.230362
9390  0.230362
9400  0.230362
9410  0.230362
9420  0.230362
9430  0.230362
9440  0.230321
9450  0.230321
9460  0.230321
9470  0.230321
9480  0.230321
9490  0.230321
9500  0.230321
9510  0.230321
9520  0.230321
9530  0.230321
9540  0.230321
9550  0.230321
9560  0.230321
9570  0.230321
9580  0.230321
9590  0.230321
9600  0.230321
9610  0.230321
9620  0.230321
9630  0.230321
9640  0.230321
9650  0.230321
9660  0.230321
9670  0.230321
9680  0.230321
9690  0.230321
9700  0.230321
9710  0.230321
9720  0.230321
9730  0.230321
9740  0.230321
9750  0.230321
9760  0.230321
9770  0.230321
9780  0.230321
9790  0.230321
9800  0.230321
9810  0.230321
9820  0.230321
9830  0.230321
9840  0.230321
9850  0.230321
9860  0.230321
9870  0.230321
9880  0.230321
9890  0.230321
9900  0.230321
9910  0.230321
9920  0.230321
9930  0.230321
9940  0.230321
9950  0.230321
9960  0.230321
9970  0.230321
9980  0.230321
9990  0.230321
10000  0.230321
10010  0.230321
10020  0.230321
10030  0.230321
10040  0.230321
10050  0.230321
10060  0.230321
10070  0.230321
10080  0.230321
10090  0.230321
10100  0.230321
10110  0.230321
10120  0.230321
10130  0.230321
10140  0.230321
10150  0.230321
10160  0.230321
10170  0.230321
10180  0.230321
10190  0.230321
10200  0.230321
10210  0.230321
10220  0.230321
10230  0.230321
10240  0.230321
10250  0.230321
10260  0.230321
10270  0.230321
10280  0.230321
10290  0.230321
10300  0.230321
10310  0.230321
10320  0.230321
10330  0.230321
10340  0.230321
10350  0.230321
10360  0.230321
10370  0.230321
10380  0.230321
10390  0.230321
10400  0.230321
10410  0.230321
10420  0.230321
10430  0.230321
10440  0.230321
10450  0.230321
10460  0.230321
10470  0.230321
10480  0.230321
10490  0.230321
10500  0.230321
10510  0.230321
10520  0.230321
10530  0.230321
10540  0.230321
10550  0.230321
10560  0.230321
10570  0.230321
10580  0.230321
10590  0.230321
10600  0.230321
10610  0.230321
10620  0.230321
10630  0.230321
10640  0.230321
10650  0.230321
10660  0.230321
10670  0.230321
10680  0.230321
10690  0.230321
10700  0.230321
10710  0.230321
10720  0.230321
10730  0.230321
10740  0.230321
10750  0.230321
10760  0.230321
10770  0.230321
10780  0.230321
10790  0.230321
10800  0.230321
10810  0.230321
10820  0.230321
10830  0.230321
10840  0.230321
10850  0.230321
10860  0.230321
10870  0.230321
10880  0.230321
10890  0.230321
10900  0.230321
10910  0.230321
10920  0.230321
10930  0.230321
10940  0.230321
10950  0.230321
10960  0.230321
10970  0.230321
10980  0.230321
10990  0.230321
11000  0.230321
11010  0.230321
11020  0.230321
11030  0.230321
11040  0.230321
11050  0.230321
11060  0.230321
11070  0.230321
11080  0.230321
11090  0.230321
11100  0.230321
11110  0.230321
11120  0.230321
11130  0.230321
11140  0.230321
11150  0.230321
11160  0.230321
11170  0.230321
11180  0.230321
11190  0.230321
11200  0.230321
11210  0.230321
11220  0.230321
11230  0.230321
11240  0.230321
11250  0.230321
11260  0.230321
11270  0.230321
11280  0.230321
11290  0.230321
11300  0.230321
11310  0.230321
11320  0.230321
11330  0.230321
11340  0.230321
11350  0.230321
11360  0.230321
11370  0.230321
11380  0.230321
11390  0.230321
11400  0.230321
11410  0.230321
11420  0.230321
11430  0.230321
11440  0.230321
11450  0.230321
11460  0.230321
11470  0.230321
11480  0.230321
11490  0.230321
11500  0.230321
11510  0.230321
11520  0.230321
11530  0.230321
11540  0.230321
11550  0.230321
11560  0.230321
11570  0.230321
11580  0.230321
11590  0.230321
11600  0.230321
11610  0.230321
11620  0.230321
11630  0.230321
11640  0.230321
11650  0.230321
11660  0.230321
11670  0.230321
11680  0.230321
11690  0.230321
11700  0.230321
11710  0.230321
11720  0.230321
11730  0.230321
11740  0.230321
11750  0.230321
11760  0.230321
11770  0.230321
11780  0.230321
11790  0.230321
11800  0.230321
11810  0.230321
11820  0.230321
11830  0.230321
11840  0.230321
11850  0.230321
11860  0.230321
11870  0.230321
11880  0.230321
11890  0.230321
11900  0.230321
11910  0.230321
11920  0.230321
11930  0.230321
11940  0.230321
11950  0.230321
11960  0.230321
11970  0.230321
11980  0.230321
11990  0.230321
12000  0.230321
12010  0.230321
12020  0.230321
12030  0.230321
12040  0.230321
12050  0.230321
12060  0.230321
12070  0.230321
12080  0.230321
12090  0.230321
12100  0.230321
12110  0.230321
12120  0.230321
12130  0.230321
12140  0.230321
12150  0.230321
12160  0.230321
12170  0.230321
12180  0.230321
12190  0.230321
12200  0.230321
12210  0.230321
12220  0.230321
12230  0.230321
12240  0.230321
12250  0.230321
12260  0.230321
12270  0.230321
12280  0.230321
12290  0.230321
12300  0.230321
12310  0.230321
12320  0.230321
12330  0.230321
12340  0.230321
12350  0.230321
12360  0.230321
12370  0.230321
12380  0.230321
12390  0.230321
12400  0.230321
12410  0.230321
12420  0.230321
12430  0.230321
12440  0.230321
12450  0.230321
12460  0.230321
12470  0.230321
12480  0.230321
12490  0.230321
12500  0.230321
12510  0.230321
12520  0.230321
12530  0.230321
12540  0.230321
12550  0.230321
12560  0.230321
12570  0.230321
12580  0.230321
12590  0.230321
12600  0.230321
12610  0.230321
12620  0.230321
12630  0.230321
12640  0.230321
12650  0.230321
12660  0.230321
12670  0.230321
12680  0.230321
12690  0.230188
12700  0.230188
12710  0.230188
12720  0.230188
12730  0.230188
12740  0.230188
12750  0.230188
12760  0.230188
12770  0.230188
12780  0.230188
12790  0.230188
12800  0.230188
12810  0.230188
12820  0.230188
12830  0.230188
12840  0.230188
12850  0.230188
12860  0.230188
12870  0.230188
12880  0.230188
12890  0.230188
12900  0.230188
12910  0.230188
12920  0.230188
12930  0.230188
12940  0.230188
12950  0.230188
12960  0.230188
12970  0.230188
12980  0.230188
12990  0.230188
13000  0.230188
13010  0.230188
13020  0.230188
13030  0.230188
13040  0.230188
13050  0.230188
13060  0.230188
13070  0.230188
13080  0.230188
13090  0.230188
13100  0.230188
13110  0.230188
13120  0.230188
13130  0.230188
13140  0.230188
13150  0.230188
13160  0.230188
13170  0.230188
13180  0.230188
13190  0.230188
13200  0.230188
13210  0.230188
13220  0.230188
13230  0.230188
13240  0.230188
13250  0.230188
13260  0.230188
13270  0.230188
13280  0.230188
13290  0.230188
13300  0.230188
13310  0.230188
13320  0.230188
13330  0.230188
13340  0.230188
13350  0.230188
13360  0.230188
13370  0.230188
13380  0.230188
13390  0.230188
13400  0.230188
13410  0.230188
13420  0.230188
13430  0.230188
13440  0.230188
13450  0.230188
13460  0.230188
13470  0.230188
13480  0.230188
13490  0.230188
13500  0.230188
13510  0.230188
13520  0.230188
13530  0.230188
13540  0.230188
13550  0.230188
13560  0.230188
13570  0.230188
13580  0.230188
13590  0.230188
13600  0.230188
13610  0.230188
13620  0.230188
13630  0.230188
13640  0.230188
13650  0.230188
13660  0.230188
13670  0.230188
13680  0.230188
13690  0.230188
13700  0.230188
13710  0.230188
13720  0.230188
13730  0.230188
13740  0.230188
13750  0.230188
13760  0.230188
13770  0.230188
13780  0.230188
13790  0.230188
13800  0.230188
13810  0.230188
13820  0.230188
13830  0.230188
13840  0.230188
13850  0.230188
13860  0.230188
13870  0.230188
13880  0.230188
13890  0.230188
13900  0.230188
13910  0.230188
13920  0.229846
13930  0.229846
13940  0.229846
13950  0.229846
13960  0.229846
13970  0.229846
13980  0.229846
13990  0.229846
14000  0.229846
14010  0.229846
14020  0.229846
14030  0.229846
14040  0.229846
14050  0.229846
14060  0.229846
14070  0.229846
14080  0.229846
14090  0.229846
14100  0.229846
14110  0.229846
14120  0.229846
14130  0.229846
14140  0.229846
14150  0.229846
14160  0.229846
14170  0.229846
14180  0.229846
14190  0.229846
14200  0.229846
14210  0.229846
14220  0.229846
14230  0.229846
14240  0.229846
14250  0.229846
14260  0.229846
14270  0.229846
14280  0.229846
14290  0.229846
14300  0.229846
14310  0.229846
14320  0.229846
14330  0.229846
14340  0.229846
14350  0.229846
14360  0.229846
14370  0.229846
14380  0.229846
14390  0.229846
14400  0.229846
14410  0.22983
14420  0.22983
14430  0.22983
14440  0.22983
14450  0.22983
14460  0.22983
14470  0.22983
14480  0.22983
14490  0.22983
14500  0.22983
14510  0.22983
14520  0.22983
14530  0.22983
14540  0.22983
14550  0.22983
14560  0.22983
14570  0.22983
14580  0.22983
14590  0.22983
14600  0.22983
14610  0.22983
14620  0.22983
14630  0.22983
14640  0.22983
14650  0.22983
14660  0.22983
14670  0.22983
14680  0.22983
14690  0.22983
14700  0.22983
14710  0.22983
14720  0.22983
14730  0.22983
14740  0.22983
14750  0.22983
14760  0.22983
14770  0.22983
14780  0.22983
14790  0.22983
14800  0.22983
14810  0.22983
14820  0.22983
14830  0.22983
14840  0.22983
14850  0.22983
14860  0.22983
14870  0.22983
14880  0.22983
14890  0.22983
14900  0.22983
14910  0.22983
14920  0.22983
14930  0.22983
14940  0.22983
14950  0.22983
14960  0.22983
14970  0.22983
14980  0.22983
14990  0.22983
15000  0.22983
15010  0.22983
15020  0.22983
15030  0.22983
15040  0.22983
15050  0.22983
15060  0.22983
15070  0.22983
15080  0.22983
15090  0.22983
15100  0.22983
15110  0.22983
15120  0.22983
15130  0.22983
15140  0.22983
15150  0.22983
15160  0.22983
15170  0.22983
15180  0.22983
15190  0.22983
15200  0.22983
15210  0.22983
15220  0.22983
15230  0.22983
15240  0.22983
15250  0.22983
15260  0.22983
15270  0.22983
15280  0.22983
15290  0.22983
15300  0.22983
15310  0.22983
15320  0.22983
15330  0.22983
15340  0.22983
15350  0.22983
15360  0.22983
15370  0.22983
15380  0.22983
15390  0.22983
15400  0.22983
15410  0.22983
15420  0.22983
15430  0.22983
15440  0.22983
15450  0.22983
15460  0.22983
15470  0.22983
15480  0.22983
15490  0.22983
15500  0.22983
15510  0.22983
15520  0.22983
15530  0.22983
15540  0.22983
15550  0.22983
15560  0.22983
15570  0.22983
15580  0.22983
15590  0.22983
15600  0.22983
15610  0.22983
15620  0.22983
15630  0.22983
15640  0.22983
15650  0.22983
15660  0.22983
15670  0.22983
15680  0.22983
15690  0.22983
15700  0.22983
15710  0.22983
15720  0.22983
15730  0.22983
15740  0.22983
15750  0.22983
15760  0.22983
15770  0.22983
15780  0.22983
15790  0.22983
15800  0.22983
15810  0.22983
15820  0.22983
15830  0.22983
15840  0.22983
15850  0.22983
15860  0.22983
15870  0.22983
15880  0.22983
15890  0.22983
15900  0.22983
15910  0.22983
15920  0.22983
15930  0.22983
15940  0.22983
15950  0.22983
15960  0.22983
15970  0.22983
15980  0.22983
15990  0.22983
16000  0.22983
16010  0.22983
16020  0.22983
16030  0.22983
16040  0.22983
16050  0.22983
16060  0.22983
16070  0.22983
16080  0.22983
16090  0.22983
16100  0.22983
16110  0.22983
16120  0.22983
16130  0.22983
16140  0.22983
16150  0.22983
16160  0.22983
16170  0.22983
16180  0.22983
16190  0.22983
16200  0.22983
16210  0.22983
16220  0.22983
16230  0.22983
16240  0.22983
16250  0.22983
16260  0.22983
16270  0.22983
16280  0.22983
16290  0.22983
16300  0.22983
16310  0.22983
16320  0.22983
16330  0.22983
16340  0.22983
16350  0.22983
16360  0.22983
16370  0.22983
16380  0.22983
16390  0.22983
16400  0.22983
16410  0.22983
16420  0.22983
16430  0.22983
16440  0.22983
16450  0.22983
16460  0.22983
16470  0.22983
16480  0.22983
16490  0.22983
16500  0.22983
16510  0.22983
16520  0.22983
16530  0.22983
16540  0.22983
16550  0.22983
16560  0.22983
16570  0.22983
16580  0.22983
16590  0.22983
16600  0.22983
16610  0.22983
16620  0.22983
16630  0.22983
16640  0.22983
16650  0.22983
16660  0.22983
16670  0.22983
16680  0.22983
16690  0.22983
16700  0.22983
16710  0.22983
16720  0.22983
16730  0.22983
16740  0.22983
16750  0.22983
16760  0.22983
16770  0.22983
16780  0.22983
16790  0.22983
16800  0.22983
16810  0.22983
16820  0.22983
16830  0.22983
16840  0.22983
16850  0.22983
16860  0.22983
16870  0.22983
16880  0.22983
16890  0.22983
16900  0.22983
16910  0.22983
16920  0.22983
16930  0.229739
16940  0.229739
16950  0.229739
16960  0.229739
16970  0.229739
16980  0.229739
16990  0.229739
17000  0.229739
17010  0.229739
17020  0.229739
17030  0.229739
17040  0.229739
17050  0.229739
17060  0.229739
17070  0.229739
17080  0.229739
17090  0.229739
17100  0.229739
17110  0.229739
17120  0.229739
17130  0.229739
17140  0.229739
17150  0.229739
17160  0.229739
17170  0.229739
17180  0.229739
17190  0.229739
17200  0.229739
17210  0.229739
17220  0.229739
17230  0.229739
17240  0.229739
17250  0.229739
17260  0.229739
17270  0.229739
17280  0.229739
17290  0.229739
17300  0.229739
17310  0.229739
17320  0.229739
17330  0.229739
17340  0.229707
17350  0.229707
17360  0.229707
17370  0.229707
17380  0.229707
17390  0.229707
17400  0.229707
17410  0.229707
17420  0.229707
17430  0.229707
17440  0.229707
17450  0.229707
17460  0.229707
17470  0.229707
17480  0.229707
17490  0.229707
17500  0.229707
17510  0.229707
17520  0.229707
17530  0.229707
17540  0.229707
17550  0.229707
17560  0.229707
17570  0.229707
17580  0.229707
17590  0.229707
17600  0.229707
17610  0.229707
17620  0.229707
17630  0.229707
17640  0.229707
17650  0.229707
17660  0.229707
17670  0.229707
17680  0.229707
17690  0.229707
17700  0.229707
17710  0.229707
17720  0.229707
17730  0.229707
17740  0.229707
17750  0.229707
17760  0.229707
17770  0.229707
17780  0.229707
17790  0.229707
17800  0.229707
17810  0.229707
17820  0.229707
17830  0.229707
17840  0.229707
17850  0.229707
17860  0.229707
17870  0.229707
17880  0.229707
17890  0.229707
17900  0.229707
17910  0.229707
17920  0.229707
17930  0.229707
17940  0.229707
17950  0.229707
17960  0.229707
17970  0.229707
17980  0.229707
17990  0.229707
18000  0.229707
18010  0.229707
18020  0.229707
18030  0.229707
18040  0.229707
18050  0.229707
18060  0.229707
18070  0.229707
18080  0.229707
18090  0.229707
18100  0.229707
18110  0.229707
18120  0.229707
18130  0.229707
18140  0.229707
18150  0.229707
18160  0.229707
18170  0.229707
18180  0.229707
18190  0.229707
18200  0.229707
18210  0.229707
18220  0.229707
18230  0.229707
18240  0.229707
18250  0.229707
18260  0.229707
18270  0.229707
18280  0.229707
18290  0.229707
18300  0.229707
18310  0.229707
18320  0.229707
18330  0.229707
18340  0.229707
18350  0.229707
18360  0.229707
18370  0.229707
18380  0.229707
18390  0.229707
18400  0.229707
18410  0.229707
18420  0.229707
18430  0.229707
18440  0.229707
18450  0.229707
18460  0.229707
18470  0.229707
18480  0.229707
18490  0.229707
18500  0.229707
18510  0.229707
18520  0.229707
18530  0.229707
18540  0.229707
18550  0.229707
18560  0.229707
18570  0.229707
18580  0.229707
18590  0.229707
18600  0.229707
18610  0.229707
18620  0.229707
18630  0.229707
18640  0.229707
18650  0.229707
18660  0.229707
18670  0.229707
18680  0.229707
18690  0.229707
18700  0.229707
18710  0.229707
18720  0.229707
18730  0.229707
18740  0.229707
18750  0.229707
18760  0.229707
18770  0.229707
18780  0.229707
18790  0.229707
18800  0.229707
18810  0.229707
18820  0.229707
18830  0.229707
18840  0.229707
18850  0.229707
18860  0.229707
18870  0.229707
18880  0.229707
18890  0.229707
18900  0.229707
18910  0.229707
18920  0.229707
18930  0.229707
18940  0.229707
18950  0.229707
18960  0.229707
18970  0.229707
18980  0.229707
18990  0.229707
19000  0.229707
19010  0.229707
19020  0.229707
19030  0.229707
19040  0.229707
19050  0.229707
19060  0.229707
19070  0.229707
19080  0.229707
19090  0.229707
19100  0.229707
19110  0.229707
19120  0.229707
19130  0.229707
19140  0.229707
19150  0.229707
19160  0.229707
19170  0.229707
19180  0.229707
19190  0.229707
19200  0.229707
19210  0.229707
19220  0.229707
19230  0.229707
19240  0.229707
19250  0.229707
19260  0.229707
19270  0.229707
19280  0.229707
19290  0.229707
19300  0.229707
19310  0.229707
19320  0.229707
19330  0.229707
19340  0.229707
19350  0.229707
19360  0.229707
19370  0.229707
19380  0.229707
19390  0.229707
19400  0.229707
19410  0.229707
19420  0.229707
19430  0.229707
19440  0.229707
19450  0.229707
19460  0.229707
19470  0.229707
19480  0.229707
19490  0.229707
19500  0.229707
19510  0.229707
19520  0.229707
19530  0.229707
19540  0.229707
19550  0.229707
19560  0.229707
19570  0.229707
19580  0.229707
19590  0.229707
19600  0.229707
19610  0.229707
19620  0.229707
19630  0.229707
19640  0.229707
19650  0.229707
19660  0.229707
19670  0.229707
19680  0.229707
19690  0.229707
19700  0.229707
19710  0.229707
19720  0.229707
19730  0.229707
19740  0.229707
19750  0.229707
19760  0.229707
19770  0.229707
19780  0.229707
19790  0.229707
19800  0.229707
19810  0.229707
19820  0.229707
19830  0.229707
19840  0.229707
19850  0.229707
19860  0.229707
19870  0.229707
19880  0.229707
19890  0.229707
19900  0.229707
19910  0.229707
19920  0.229707
19930  0.229707
19940  0.229707
19950  0.229707
19960  0.229707
19970  0.229707
19980  0.229707
19990  0.229707
20000  0.229707
20010  0.229707
20020  0.229707
20030  0.229707
20040  0.229707
20050  0.229707
20060  0.229707
20070  0.229707
20080  0.229707
20090  0.229707
20100  0.229707
20110  0.229707
20120  0.229707
20130  0.229707
20140  0.229707
20150  0.229707
20160  0.229707
20170  0.229707
20180  0.229707
20190  0.229707
20200  0.229707
20210  0.229707
20220  0.229707
20230  0.229707
20240  0.229707
20250  0.229707
20260  0.229707
20270  0.229707
20280  0.229707
20290  0.229707
20300  0.229707
20310  0.229707
20320  0.229707
20330  0.229707
20340  0.229707
20350  0.229707
20360  0.229707
20370  0.229707
20380  0.229707
20390  0.229707
20400  0.229707
20410  0.229707
20420  0.229707
20430  0.229707
20440  0.229707
20450  0.229707
20460  0.229707
20470  0.229707
20480  0.229707
20490  0.229707
20500  0.229707
20510  0.229707
20520  0.229707
20530  0.229707
20540  0.229707
20550  0.229707
20560  0.229707
20570  0.229707
20580  0.229707
20590  0.229707
20600  0.229707
20610  0.229707
20620  0.229707
20630  0.229707
20640  0.229707
20650  0.229707
20660  0.229707
20670  0.229707
20680  0.229707
20690  0.229707
20700  0.229707
20710  0.229707
20720  0.229707
20730  0.229707
20740  0.229707
20750  0.229707
20760  0.229556
20770  0.229556
20780  0.229556
20790  0.229556
20800  0.229556
20810  0.229556
20820  0.229318
20830  0.229318
20840  0.229318
20850  0.229318
20860  0.229318
20870  0.229318
20880  0.229318
20890  0.229318
20900  0.229318
20910  0.229318
20920  0.229318
20930  0.229318
20940  0.229318
20950  0.229318
20960  0.229318
20970  0.229318
20980  0.229318
20990  0.229318
21000  0.229318
21010  0.229318
21020  0.229318
21030  0.229318
21040  0.229318
21050  0.229318
21060  0.229318
21070  0.229318
21080  0.229318
21090  0.229318
21100  0.229318
21110  0.229318
21120  0.229318
21130  0.229318
21140  0.229318
21150  0.229318
21160  0.229318
21170  0.229318
21180  0.229318
21190  0.229318
21200  0.229318
21210  0.229318
21220  0.229318
21230  0.229318
21240  0.229318
21250  0.229318
21260  0.229318
21270  0.229318
21280  0.229318
21290  0.229318
21300  0.229318
21310  0.229318
21320  0.229318
21330  0.229318
21340  0.229318
21350  0.229318
21360  0.229318
21370  0.229318
21380  0.229318
21390  0.229318
21400  0.229318
21410  0.229318
21420  0.229318
21430  0.229318
21440  0.229318
21450  0.229318
21460  0.229318
21470  0.229318
21480  0.229318
21490  0.229318
21500  0.229318
21510  0.229318
21520  0.229318
21530  0.229318
21540  0.229318
21550  0.229318
21560  0.229318
21570  0.229318
21580  0.229318
21590  0.229318
21600  0.229318
21610  0.229318
21620  0.229318
21630  0.229318
21640  0.229318
21650  0.229318
21660  0.229318
21670  0.229318
21680  0.229318
21690  0.229318
21700  0.229318
21710  0.229318
21720  0.229318
21730  0.229318
21740  0.229318
21750  0.229318
21760  0.229318
21770  0.229318
21780  0.229318
21790  0.229318
21800  0.229318
21810  0.229318
21820  0.229318
21830  0.229318
21840  0.229318
21850  0.229318
21860  0.229318
21870  0.229318
21880  0.229318
21890  0.229318
21900  0.229318
21910  0.229318
21920  0.229318
21930  0.229318
21940  0.229318
21950  0.229318
21960  0.229318
21970  0.229318
21980  0.229318
21990  0.229318
22000  0.229318
22010  0.229318
22020  0.229318
22030  0.229318
22040  0.229318
22050  0.229318
22060  0.229318
22070  0.229318
22080  0.229318
22090  0.229318
22100  0.229318
22110  0.229318
22120  0.229318
22130  0.229318
22140  0.229318
22150  0.229318
22160  0.229318
22170  0.229318
22180  0.229318
22190  0.229318
22200  0.229318
22210  0.229318
22220  0.229318
22230  0.229318
22240  0.229318
22250  0.229318
22260  0.229318
22270  0.229318
22280  0.229318
22290  0.229318
22300  0.229318
22310  0.229318
22320  0.229318
22330  0.229318
22340  0.229318
22350  0.229318
22360  0.229318
22370  0.229318
22380  0.229318
22390  0.229318
22400  0.229318
22410  0.229318
22420  0.229318
22430  0.229318
22440  0.229318
22450  0.229318
22460  0.229318
22470  0.229318
22480  0.229318
22490  0.229318
22500  0.229318
22510  0.229318
22520  0.229318
22530  0.229318
22540  0.229318
22550  0.229318
22560  0.229318
22570  0.229318
22580  0.229318
22590  0.229318
22600  0.229318
22610  0.229318
22620  0.229318
22630  0.229318
22640  0.229318
22650  0.229318
22660  0.229318
22670  0.229318
22680  0.229318
22690  0.229318
22700  0.229318
22710  0.229318
22720  0.229318
22730  0.229318
22740  0.229318
22750  0.229318
22760  0.229318
22770  0.229318
22780  0.229318
22790  0.229318
22800  0.229318
22810  0.229318
22820  0.229318
22830  0.229318
22840  0.229318
22850  0.229318
22860  0.229318
22870  0.229318
22880  0.229318
22890  0.229318
22900  0.229318
22910  0.229318
22920  0.229318
22930  0.229318
22940  0.229318
22950  0.229318
22960  0.229318
22970  0.229318
22980  0.229318
22990  0.229318
23000  0.229318
23010  0.229318
23020  0.229318
23030  0.229318
23040  0.229318
23050  0.229318
23060  0.229318
23070  0.229318
23080  0.229318
23090  0.229318
23100  0.229318
23110  0.229318
23120  0.229318
23130  0.229318
23140  0.229318
23150  0.229318
23160  0.229318
23170  0.229318
23180  0.229318
23190  0.229318
23200  0.229318
23210  0.229318
23220  0.229318
23230  0.229318
23240  0.229318
23250  0.229318
23260  0.229318
23270  0.229318
23280  0.229318
23290  0.229318
23300  0.229318
23310  0.229318
23320  0.229318
23330  0.229318
23340  0.229318
23350  0.229318
23360  0.229318
23370  0.229318
23380  0.229318
23390  0.229318
23400  0.229318
23410  0.229318
23420  0.229318
23430  0.229318
23440  0.229318
23450  0.229318
23460  0.229318
23470  0.229318
23480  0.229318
23490  0.229318
23500  0.229318
23510  0.229318
23520  0.229318
23530  0.229318
23540  0.229318
23550  0.229318
23560  0.229318
23570  0.229318
23580  0.229318
23590  0.229318
23600  0.229318
23610  0.229318
23620  0.229318
23630  0.229318
23640  0.229318
23650  0.229318
23660  0.229318
23670  0.229318
23680  0.229318
23690  0.229318
23700  0.229318
23710  0.229318
23720  0.229318
23730  0.229318
23740  0.229318
23750  0.229318
23760  0.229318
23770  0.229318
23780  0.229318
23790  0.229318
23800  0.229318
23810  0.229318
23820  0.229318
23830  0.229318
23840  0.229318
23850  0.229318
23860  0.229318
23870  0.229318
23880  0.229318
23890  0.229318
23900  0.229318
23910  0.229318
23920  0.229318
23930  0.229318
23940  0.229318
23950  0.229318
23960  0.229318
23970  0.229318
23980  0.229318
23990  0.229318
24000  0.229318
24010  0.229318
24020  0.229318
24030  0.229318
24040  0.229318
24050  0.229318
24060  0.229318
24070  0.229318
24080  0.229318
24090  0.229318
24100  0.229318
24110  0.229318
24120  0.229318
24130  0.229318
24140  0.229318
24150  0.229318
24160  0.229318
24170  0.229318
24180  0.229318
24190  0.229318
24200  0.229318
24210  0.229318
24220  0.229318
24230  0.229318
24240  0.229318
24250  0.229318
24260  0.229318
24270  0.229318
24280  0.229318
24290  0.229318
24300  0.229318
24310  0.229318
24320  0.229318
24330  0.229318
24340  0.229318
24350  0.229318
24360  0.229318
24370  0.229318
24380  0.229318
24390  0.229318
24400  0.229318
24410  0.229318
24420  0.229318
24430  0.229318
24440  0.229318
24450  0.229318
24460  0.229318
24470  0.229318
24480  0.229318
24490  0.229318
24500  0.229318
24510  0.229318
24520  0.229318
24530  0.229318
24540  0.229318
24550  0.229318
24560  0.229318
24570  0.229318
24580  0.229318
24590  0.229318
24600  0.229318
24610  0.229318
24620  0.229318
24630  0.229318
24640  0.229318
24650  0.229318
24660  0.229318
24670  0.229318
24680  0.229318
24690  0.229318
24700  0.229318
24710  0.229318
24720  0.229318
24730  0.229318
24740  0.229318
24750  0.229318
24760  0.229318
24770  0.229318
24780  0.229318
24790  0.229318
24800  0.229318
24810  0.229318
24820  0.229318
24830  0.229318
24840  0.229318
24850  0.229318
24860  0.229318
24870  0.229318
24880  0.229318
24890  0.229318
24900  0.229318
24910  0.229318
24920  0.229318
24930  0.229318
24940  0.229318
24950  0.229318
24960  0.229318
24970  0.229318
24980  0.229318
24990  0.229318
25000  0.229318
25010  0.229318
25020  0.229318
25030  0.229318
25040  0.229318
25050  0.229318
25060  0.229318
25070  0.229318
25080  0.229318
25090  0.229318
25100  0.229318
25110  0.229318
25120  0.229318
25130  0.229318
25140  0.229318
25150  0.229318
25160  0.229318
25170  0.229318
25180  0.229318
25190  0.229318
25200  0.229318
25210  0.229318
25220  0.229318
25230  0.229318
25240  0.229318
25250  0.229318
25260  0.229318
25270  0.229318
25280  0.229318
25290  0.229318
25300  0.229318
25310  0.229318
25320  0.229318
25330  0.229318
25340  0.229318
25350  0.229318
25360  0.229318
25370  0.229318
25380  0.229318
25390  0.229318
25400  0.229318
25410  0.229318
25420  0.229318
25430  0.229318
25440  0.229318
25450  0.229318
25460  0.229318
25470  0.229318
25480  0.229318
25490  0.229318
25500  0.229318
25510  0.229318
25520  0.229318
25530  0.229318
25540  0.229318
25550  0.229318
25560  0.229318
25570  0.229318
25580  0.229318
25590  0.229318
25600  0.229318
25610  0.229318
25620  0.229318
25630  0.229318
25640  0.229318
25650  0.229318
25660  0.229318
25670  0.229318
25680  0.229318
25690  0.229318
25700  0.229318
25710  0.229318
25720  0.229318
25730  0.229318
25740  0.229318
25750  0.229318
25760  0.229318
25770  0.229318
25780  0.229318
25790  0.229318
25800  0.229318
25810  0.229318
25820  0.229318
25830  0.229318
25840  0.229318
25850  0.229318
25860  0.229318
25870  0.229318
25880  0.229318
25890  0.229318
25900  0.229318
25910  0.229318
25920  0.229318
25930  0.229318
25940  0.229318
25950  0.229318
25960  0.229318
25970  0.229318
25980  0.229318
25990  0.229318
26000  0.229318
26010  0.229318
26020  0.229318
26030  0.229318
26040  0.229318
26050  0.229318
26060  0.229318
26070  0.229318
26080  0.229318
26090  0.229318
26100  0.229318
26110  0.229318
26120  0.229318
26130  0.229318
26140  0.229318
26150  0.229318
26160  0.229318
26170  0.229318
26180  0.229318
26190  0.229318
26200  0.229318
26210  0.229318
26220  0.229318
26230  0.229318
26240  0.229318
26250  0.229318
26260  0.229318
26270  0.229318
26280  0.229318
26290  0.229318
26300  0.229318
26310  0.229318
26320  0.229318
26330  0.229318
26340  0.229318
26350  0.229318
26360  0.229318
26370  0.229318
26380  0.229318
26390  0.229318
26400  0.229318
26410  0.229318
26420  0.229318
26430  0.229318
26440  0.229318
26450  0.229318
26460  0.229318
26470  0.229318
26480  0.229318
26490  0.229318
26500  0.229318
26510  0.229318
26520  0.229318
26530  0.229191
26540  0.229191
26550  0.229191
26560  0.229191
26570  0.229191
26580  0.229191
26590  0.229191
26600  0.229191
26610  0.229191
26620  0.229191
26630  0.229191
26640  0.229191
26650  0.229191
26660  0.229191
26670  0.229191
26680  0.229191
26690  0.229191
26700  0.229191
26710  0.229191
26720  0.229191
26730  0.229191
26740  0.229191
26750  0.229191
26760  0.229191
26770  0.229191
26780  0.229191
26790  0.229191
26800  0.229191
26810  0.229191
26820  0.229191
26830  0.229191
26840  0.229191
26850  0.229191
26860  0.229191
26870  0.229191
26880  0.229191
26890  0.229191
26900  0.229191
26910  0.229191
26920  0.229191
26930  0.229191
26940  0.229191
26950  0.229191
26960  0.229191
26970  0.229191
26980  0.229191
26990  0.229191
27000  0.229191
27010  0.229191
27020  0.229191
27030  0.229191
27040  0.229191
27050  0.229191
27060  0.229191
27070  0.229191
27080  0.229191
27090  0.229191
27100  0.229191
27110  0.229191
27120  0.229191
27130  0.229191
27140  0.229191
27150  0.229191
27160  0.229191
27170  0.229191
27180  0.229191
27190  0.229191
27200  0.229191
27210  0.229191
27220  0.229191
27230  0.229191
27240  0.229191
27250  0.229191
27260  0.229191
27270  0.229191
27280  0.229191
27290  0.229191
27300  0.229191
27310  0.229191
27320  0.229191
27330  0.229191
27340  0.229191
27350  0.229191
27360  0.229191
27370  0.229191
27380  0.229191
27390  0.229191
27400  0.229191
27410  0.229191
27420  0.229191
27430  0.229191
27440  0.229191
27450  0.229191
27460  0.229191
27470  0.229191
27480  0.229191
27490  0.229191
27500  0.229191
27510  0.229191
27520  0.229191
27530  0.229191
27540  0.229191
27550  0.229191
27560  0.229191
27570  0.229191
27580  0.229191
27590  0.229191
27600  0.229191
27610  0.229191
27620  0.229191
27630  0.229191
27640  0.229191
27650  0.229191
27660  0.229191
27670  0.229191
27680  0.229191
27690  0.229191
27700  0.229191
27710  0.229191
27720  0.229191
27730  0.229191
27740  0.229191
27750  0.229191
27760  0.229191
27770  0.229191
27780  0.229191
27790  0.229191
27800  0.229191
27810  0.229191
27820  0.229191
27830  0.229191
27840  0.229191
27850  0.229191
27860  0.229191
27870  0.229191
27880  0.229191
27890  0.229191
27900  0.229191
27910  0.229191
27920  0.229191
27930  0.229191
27940  0.229191
27950  0.229191
27960  0.229191
27970  0.229191
27980  0.229191
27990  0.229191
28000  0.229191
28010  0.229191
28020  0.229191
28030  0.229191
28040  0.229191
28050  0.229191
28060  0.229191
28070  0.229191
28080  0.229191
28090  0.229191
28100  0.229191
28110  0.229191
28120  0.229191
28130  0.229191
28140  0.229191
28150  0.229191
28160  0.229191
28170  0.229191
28180  0.229191
28190  0.229191
28200  0.229191
28210  0.229191
28220  0.229191
28230  0.229191
28240  0.229191
28250  0.229191
28260  0.229191
28270  0.229191
28280  0.229191
28290  0.229191
28300  0.229191
28310  0.229191
28320  0.229191
28330  0.229191
28340  0.229191
28350  0.229191
28360  0.229191
28370  0.229191
28380  0.229191
28390  0.229191
28400  0.229045
28410  0.229045
28420  0.229045
28430  0.229045
28440  0.229045
28450  0.229045
28460  0.229045
28470  0.229045
28480  0.229045
28490  0.229045
28500  0.229045
28510  0.229045
28520  0.229045
28530  0.229045
28540  0.229045
28550  0.229045
28560  0.229045
28570  0.229045
28580  0.229045
28590  0.229045
28600  0.229045
28610  0.229045
28620  0.229045
28630  0.228757
28640  0.228757
28650  0.228757
28660  0.228757
28670  0.228757
28680  0.228757
28690  0.228757
28700  0.228757
28710  0.228757
28720  0.228757
28730  0.228757
28740  0.228757
28750  0.228757
28760  0.228757
28770  0.228757
28780  0.228757
28790  0.228757
28800  0.228757
28810  0.228757
28820  0.228757
28830  0.228757
28840  0.228757
28850  0.228757
28860  0.228757
28870  0.228757
28880  0.228757
28890  0.228757
28900  0.228757
28910  0.228757
28920  0.228757
28930  0.228762
28940  0.228762
28950  0.228762
28960  0.228762
28970  0.228762
28980  0.228762
28990  0.228762
29000  0.228762
29010  0.228762
29020  0.228762
29030  0.228762
29040  0.228762
29050  0.228762
29060  0.228762
29070  0.228762
29080  0.228762
29090  0.228762
29100  0.228762
29110  0.228762
29120  0.228762
29130  0.228762
29140  0.228762
29150  0.228762
29160  0.228762
29170  0.228762
29180  0.228762
29190  0.228762
29200  0.228762
29210  0.228762
29220  0.228762
29230  0.228762
29240  0.228762
29250  0.228762
29260  0.228762
29270  0.228762
29280  0.228762
29290  0.228762
29300  0.228762
29310  0.228762
29320  0.228762
29330  0.228762
29340  0.228762
29350  0.228762
29360  0.228762
29370  0.228762
29380  0.228762
29390  0.228762
29400  0.228762
29410  0.228762
29420  0.228762
29430  0.228762
29440  0.228762
29450  0.228762
29460  0.228762
29470  0.228762
29480  0.228762
29490  0.228762
29500  0.228762
29510  0.228762
29520  0.228588
29530  0.228588
29540  0.228588
29550  0.228588
29560  0.228588
29570  0.228588
29580  0.228588
29590  0.228588
29600  0.228588
29610  0.228588
29620  0.228588
29630  0.228588
29640  0.228588
29650  0.228588
29660  0.228588
29670  0.228588
29680  0.228588
29690  0.228588
29700  0.228588
29710  0.228588
29720  0.228588
29730  0.228588
29740  0.228588
29750  0.228588
29760  0.228588
29770  0.228588
29780  0.228588
29790  0.228588
29800  0.228588
29810  0.228588
29820  0.228588
29830  0.228588
29840  0.228526
29850  0.228526
29860  0.228526
29870  0.228526
29880  0.228526
29890  0.228526
29900  0.228526
29910  0.228526
29920  0.228526
29930  0.228526
29940  0.228526
29950  0.228526
29960  0.228526
29970  0.228526
29980  0.228526
29990  0.228526
30000  0.228526
30010  0.228526
