Step  Penalty
50  0.563595
100  0.527774
150  0.5125
200  0.504006
250  0.497898
300  0.488876
350  0.482691
400  0.479666
450  0.475937
500  0.471881
550  0.467998
600  0.463519
650  0.459165
700  0.45324
750  0.444732
800  0.438578
850  0.42568
900  0.419457
950  0.412311
1000  0.404531
1050  0.400048
1100  0.391732
1150  0.383942
1200  0.37716
1250  0.370786
1300  0.361582
1350  0.354735
1400  0.346539
1450  0.340383
1500  0.331226
1550  0.325293
1600  0.320355
1650  0.314036
1700  0.309468
1750  0.305032
1800  0.301192
1850  0.296895
1900  0.290747
1950  0.286002
2000  0.281651
2050  0.278107
2100  0.27577
2150  0.272923
2200  0.268741
2250  0.26608
2300  0.263107
2350  0.261583
2400  0.258689
2450  0.255391
2500  0.251995
2550  0.248472
2600  0.245575
2650  0.243393
2700  0.241599
2750  0.23878
2800  0.237298
2850  0.235618
2900  0.234046
2950  0.231942
3000  0.230478
3050  0.228591
3100  0.226358
3150  0.22482
3200  0.223467
3250  0.221705
3300  0.218945
3350  0.216538
3400  0.214609
3450  0.212481
3500  0.208762
3550  0.206763
3600  0.205491
3650  0.204188
3700  0.202498
3750  0.200952
3800  0.200457
3850  0.199173
3900  0.198113
3950  0.197611
4000  0.196947
4050  0.195903
4100  0.195176
4150  0.193995
4200  0.192622
4250  0.191902
4300  0.191145
4350  0.1907
4400  0.190289
4450  0.189742
4500  0.188927
4550  0.188504
4600  0.187551
4650  0.186998
4700  0.186719
4750  0.186572
4800  0.186338
4850  0.186338
4900  0.186085
4950  0.185604
5000  0.18507
5050  0.185021
5100  0.184993
5150  0.184906
5200  0.184856
5250  0.184766
5300  0.184518
5350  0.184306
5400  0.184306
5450  0.184306
5500  0.184001
5550  0.183881
5600  0.183704
5650  0.183659
5700  0.183578
5750  0.183443
5800  0.183347
5850  0.183347
5900  0.183312
5950  0.183174
6000  0.182981
6050  0.182861
6100  0.182861
6150  0.182689
6200  0.182486
6250  0.182344
6300  0.182274
6350  0.182152
6400  0.181812
6450  0.181702
6500  0.181702
6550  0.181598
6600  0.18157
6650  0.18151
6700  0.181458
6750  0.181447
6800  0.181302
6850  0.181302
6900  0.18125
6950  0.181032
7000  0.181032
7050  0.180878
7100  0.18068
7150  0.18068
7200  0.180618
7250  0.180618
7300  0.180518
7350  0.180306
7400  0.180279
7450  0.180134
7500  0.180051
7550  0.179359
7600  0.179247
7650  0.179116
7700  0.17903
7750  0.178835
7800  0.178548
7850  0.1782
7900  0.178073
7950  0.178004
8000  0.177994
8050  0.177987
8100  0.177876
8150  0.177876
8200  0.177791
8250  0.177791
8300  0.177751
8350  0.177706
8400  0.177313
8450  0.177293
8500  0.177217
8550  0.177182
8600  0.177182
8650  0.177117
8700  0.177009
8750  0.176958
8800  0.176958
8850  0.176825
8900  0.176613
8950  0.176613
9000  0.176613
9050  0.176613
9100  0.176488
9150  0.176486
9200  0.176486
9250  0.176374
9300  0.176356
9350  0.176203
9400  0.176128
9450  0.176128
9500  0.176027
9550  0.175915
9600  0.17582
9650  0.175676
9700  0.175676
9750  0.175651
9800  0.175601
9850  0.175581
9900  0.17554
9950  0.175478
10000  0.175396
10050  0.175372
10100  0.175116
10150  0.175075
10200  0.175075
10250  0.174962
10300  0.174922
10350  0.174785
10400  0.174728
10450  0.174578
10500  0.174521
10550  0.174376
10600  0.174157
10650  0.174013
10700  0.173956
10750  0.17392
10800  0.173835
10850  0.173835
10900  0.1738
10950  0.173696
11000  0.173689
11050  0.173558
11100  0.173508
11150  0.173486
11200  0.173486
11250  0.173486
11300  0.17319
11350  0.173087
11400  0.173087
11450  0.173087
11500  0.172995
11550  0.172902
11600  0.172845
11650  0.172845
11700  0.172845
11750  0.172845
11800  0.172845
11850  0.172655
11900  0.172647
11950  0.172613
12000  0.172577
12050  0.172565
12100  0.172417
12150  0.172417
12200  0.1722
12250  0.172183
12300  0.172085
12350  0.171964
12400  0.171954
12450  0.171925
12500  0.171905
12550  0.171869
12600  0.171788
12650  0.171584
12700  0.171539
12750  0.171276
12800  0.171156
12850  0.171087
12900  0.170981
12950  0.170981
13000  0.170928
13050  0.170928
13100  0.170864
13150  0.170801
13200  0.170733
13250  0.170586
13300  0.170456
13350  0.170427
13400  0.170427
13450  0.170386
13500  0.170386
13550  0.170386
13600  0.170386
13650  0.170386
13700  0.170225
13750  0.170225
13800  0.170225
13850  0.170225
13900  0.170225
13950  0.170225
14000  0.170225
14050  0.170225
14100  0.170225
14150  0.170129
14200  0.170129
14250  0.170129
14300  0.170129
14350  0.170129
14400  0.170129
14450  0.169968
14500  0.16994
14550  0.16994
14600  0.16994
14650  0.16994
14700  0.169923
14750  0.169923
14800  0.169897
14850  0.169817
14900  0.169817
14950  0.169751
15000  0.169675
15050  0.169632
15100  0.169632
15150  0.169583
15200  0.169583
15250  0.169583
15300  0.169583
15350  0.169546
15400  0.169546
15450  0.169546
15500  0.169546
15550  0.169546
15600  0.169546
15650  0.169546
15700  0.169546
15750  0.169546
15800  0.169433
15850  0.169433
15900  0.169433
15950  0.169381
16000  0.169312
16050  0.169312
16100  0.169312
16150  0.169262
16200  0.169262
16250  0.169262
16300  0.16919
16350  0.16919
16400  0.16919
16450  0.16919
16500  0.16919
16550  0.16919
16600  0.16919
16650  0.16915
16700  0.16915
16750  0.16915
16800  0.169148
16850  0.169148
16900  0.169148
16950  0.169114
17000  0.169114
17050  0.169114
17100  0.169102
17150  0.169102
17200  0.169077
17250  0.169063
17300  0.169063
17350  0.169063
17400  0.169063
17450  0.169063
17500  0.169063
17550  0.169063
17600  0.169005
17650  0.169005
17700  0.168989
17750  0.168989
17800  0.168989
17850  0.168924
17900  0.168924
17950  0.168857
18000  0.168842
18050  0.168799
18100  0.168799
18150  0.168799
18200  0.168799
18250  0.16879
18300  0.16879
18350  0.168703
18400  0.168703
18450  0.168703
18500  0.168703
18550  0.168703
18600  0.168679
18650  0.168679
18700  0.168655
18750  0.168655
18800  0.168655
18850  0.168655
18900  0.168655
18950  0.168605
19000  0.168605
19050  0.168605
19100  0.168605
19150  0.168605
19200  0.168486
19250  0.168486
19300  0.168486
19350  0.168486
19400  0.168486
19450  0.168486
19500  0.168435
19550  0.168435
19600  0.168435
19650  0.168435
19700  0.168387
19750  0.168387
19800  0.168387
19850  0.168387
19900  0.168387
19950  0.168387
20000  0.168387
20050  0.168361
20100  0.168361
20150  0.168361
20200  0.168344
20250  0.16834
20300  0.168335
20350  0.168335
20400  0.168335
20450  0.168335
20500  0.168193
20550  0.168193
20600  0.168193
20650  0.168193
20700  0.168193
20750  0.168193
20800  0.168158
20850  0.168158
20900  0.168121
20950  0.168121
21000  0.168121
21050  0.168121
21100  0.168121
21150  0.168121
21200  0.168121
21250  0.168121
21300  0.168121
21350  0.168108
21400  0.168108
21450  0.168108
21500  0.168108
21550  0.168108
21600  0.168108
21650  0.168108
21700  0.168108
21750  0.168108
21800  0.167946
21850  0.167946
21900  0.167946
21950  0.167939
22000  0.167939
22050  0.167939
22100  0.167939
22150  0.167939
22200  0.167933
22250  0.167933
22300  0.16792
22350  0.16792
22400  0.16792
22450  0.16792
22500  0.16792
22550  0.16792
22600  0.16792
22650  0.16792
22700  0.16792
22750  0.16792
22800  0.167873
22850  0.167873
22900  0.167873
22950  0.167873
23000  0.167873
23050  0.167873
23100  0.167873
23150  0.167873
23200  0.167822
23250  0.167822
23300  0.167821
23350  0.167821
23400  0.167821
23450  0.167821
23500  0.167821
23550  0.167821
23600  0.167821
23650  0.167821
23700  0.167821
23750  0.167821
23800  0.167821
23850  0.167817
23900  0.167817
23950  0.167817
24000  0.167781
24050  0.167781
24100  0.167772
24150  0.167772
24200  0.167772
24250  0.167772
24300  0.167772
24350  0.167772
24400  0.167772
24450  0.167736
24500  0.167732
24550  0.167732
24600  0.167732
24650  0.167732
24700  0.167732
24750  0.167732
24800  0.167732
24850  0.167732
24900  0.167732
24950  0.167732
25000  0.167732
25050  0.167732
25100  0.167682
25150  0.167682
25200  0.167682
25250  0.167682
25300  0.167682
25350  0.167682
25400  0.167682
25450  0.167682
25500  0.167682
25550  0.167682
25600  0.167682
25650  0.1676
25700  0.167544
25750  0.167544
25800  0.167544
25850  0.167506
25900  0.167506
25950  0.16749
26000  0.16749
26050  0.16749
26100  0.167462
26150  0.167462
26200  0.167462
26250  0.167462
26300  0.167353
26350  0.167353
26400  0.167353
26450  0.167353
26500  0.167353
26550  0.167353
26600  0.167353
26650  0.167353
26700  0.167353
26750  0.167353
26800  0.167353
26850  0.167353
26900  0.167347
26950  0.167309
27000  0.167309
27050  0.167235
27100  0.167224
27150  0.167224
27200  0.167214
27250  0.167099
27300  0.167099
27350  0.167099
27400  0.167099
27450  0.167052
27500  0.167052
27550  0.167052
27600  0.167052
27650  0.167052
27700  0.167052
27750  0.167052
27800  0.167052
27850  0.167052
27900  0.167052
27950  0.167052
28000  0.167052
28050  0.167052
28100  0.167052
28150  0.167052
28200  0.167052
28250  0.166945
28300  0.166945
28350  0.166945
28400  0.166945
28450  0.166945
28500  0.166877
28550  0.166877
28600  0.166864
28650  0.166864
28700  0.166686
28750  0.166686
28800  0.166686
28850  0.166686
28900  0.166686
28950  0.166686
29000  0.166686
29050  0.166593
29100  0.166593
29150  0.166593
29200  0.166593
29250  0.166593
29300  0.166527
29350  0.16652
29400  0.16652
29450  0.16652
29500  0.16652
29550  0.16652
29600  0.16652
29650  0.16652
29700  0.166504
29750  0.166504
29800  0.166504
29850  0.166442
29900  0.166442
29950  0.166427
30000  0.166427
30050  0.166407
30100  0.166407
30150  0.166407
30200  0.166407
30250  0.166407
30300  0.166397
30350  0.166397
30400  0.166397
30450  0.166397
30500  0.166397
30550  0.166397
30600  0.166397
30650  0.166305
30700  0.166305
30750  0.166222
30800  0.166222
30850  0.166222
30900  0.166222
30950  0.166222
31000  0.166157
31050  0.166157
31100  0.166157
31150  0.166157
31200  0.166157
31250  0.166157
31300  0.166157
31350  0.166157
31400  0.166157
31450  0.166157
31500  0.166157
31550  0.166157
31600  0.166157
31650  0.166157
31700  0.166122
31750  0.166122
31800  0.166122
31850  0.1661
31900  0.166067
31950  0.166067
32000  0.166067
32050  0.166067
32100  0.166067
32150  0.165985
32200  0.165985
32250  0.165985
32300  0.165954
32350  0.165954
32400  0.165954
32450  0.165912
32500  0.165912
32550  0.165912
32600  0.165912
32650  0.165912
32700  0.165858
32750  0.165858
32800  0.165858
32850  0.165839
32900  0.165839
32950  0.165839
33000  0.165839
33050  0.165839
33100  0.165839
33150  0.165839
33200  0.165839
33250  0.165839
33300  0.165833
33350  0.165819
33400  0.165819
33450  0.165819
33500  0.165819
33550  0.165819
33600  0.165819
33650  0.165819
33700  0.165819
33750  0.165819
33800  0.165819
33850  0.165819
33900  0.165819
33950  0.165813
34000  0.165813
34050  0.165762
34100  0.165762
34150  0.165762
34200  0.165617
34250  0.165563
34300  0.165563
34350  0.165522
34400  0.165522
34450  0.165522
34500  0.165522
34550  0.165522
34600  0.165522
34650  0.165522
34700  0.165522
34750  0.165496
34800  0.165496
34850  0.165496
34900  0.165394
34950  0.165394
35000  0.165394
35050  0.165394
35100  0.165394
35150  0.165372
35200  0.165372
35250  0.165372
35300  0.165372
35350  0.165248
35400  0.165248
35450  0.165248
35500  0.165248
35550  0.165146
35600  0.165146
35650  0.165146
35700  0.165146
35750  0.165146
35800  0.165146
35850  0.165198
35900  0.165198
35950  0.165198
36000  0.165124
36050  0.165124
36100  0.165124
36150  0.165124
36200  0.165003
36250  0.165003
36300  0.165003
36350  0.165003
36400  0.165003
36450  0.165003
36500  0.164926
36550  0.164926
36600  0.164926
36650  0.164876
36700  0.164876
36750  0.164876
36800  0.164876
36850  0.164876
36900  0.164771
36950  0.164771
37000  0.164771
37050  0.164771
37100  0.164771
37150  0.164724
37200  0.164724
37250  0.164724
37300  0.164724
37350  0.164749
37400  0.164749
37450  0.164749
37500  0.164704
37550  0.164704
37600  0.164704
37650  0.164704
37700  0.164704
37750  0.164619
37800  0.164619
37850  0.164619
37900  0.164619
37950  0.164619
38000  0.164615
38050  0.164615
38100  0.164615
38150  0.164615
38200  0.164573
38250  0.164573
38300  0.164573
38350  0.164573
38400  0.164573
38450  0.164573
38500  0.164573
38550  0.164573
38600  0.164573
38650  0.164511
38700  0.164511
38750  0.164487
38800  0.164487
38850  0.164487
38900  0.164487
38950  0.16436
39000  0.16436
39050  0.164355
39100  0.164355
39150  0.164355
39200  0.164308
39250  0.164308
39300  0.164308
39350  0.164276
39400  0.164276
39450  0.164276
39500  0.164276
39550  0.164276
39600  0.164276
39650  0.164276
39700  0.164276
39750  0.164276
39800  0.164276
39850  0.164276
39900  0.164276
39950  0.164276
40000  0.164276
40050  0.164227
40100  0.164227
40150  0.164169
40200  0.164169
40250  0.164169
40300  0.164169
40350  0.164169
40400  0.164169
40450  0.164169
40500  0.164169
40550  0.164161
40600  0.164161
40650  0.164161
40700  0.164161
40750  0.164161
40800  0.164161
40850  0.164161
40900  0.164161
40950  0.164161
41000  0.164161
41050  0.164161
41100  0.164161
41150  0.164161
41200  0.164161
41250  0.164161
41300  0.164125
41350  0.164057
41400  0.164057
41450  0.164057
41500  0.164057
41550  0.164057
41600  0.164057
41650  0.164057
41700  0.164057
41750  0.164057
41800  0.164057
41850  0.164057
41900  0.164057
41950  0.164057
42000  0.164057
42050  0.164057
42100  0.164057
42150  0.164057
42200  0.164038
42250  0.164038
42300  0.163953
42350  0.163953
42400  0.163953
42450  0.16392
42500  0.163905
42550  0.163896
42600  0.163896
42650  0.1638
42700  0.1638
42750  0.1638
42800  0.1638
42850  0.1638
42900  0.163751
42950  0.163751
43000  0.163713
43050  0.163713
43100  0.163713
43150  0.163713
43200  0.163713
43250  0.163672
43300  0.163672
43350  0.163672
43400  0.163672
43450  0.163672
43500  0.163672
43550  0.163672
43600  0.163672
43650  0.163606
43700  0.163606
43750  0.163551
43800  0.163329
43850  0.163329
43900  0.163329
43950  0.16328
44000  0.16328
44050  0.16328
44100  0.16328
44150  0.16328
44200  0.16328
44250  0.16328
44300  0.163203
44350  0.163203
44400  0.163203
44450  0.163203
44500  0.163203
44550  0.163203
44600  0.163203
44650  0.163203
44700  0.163203
44750  0.163203
44800  0.163176
44850  0.163117
44900  0.163117
44950  0.163117
45000  0.16311
45050  0.16311
45100  0.16311
45150  0.163101
45200  0.163101
45250  0.163101
45300  0.163101
45350  0.163101
45400  0.163101
45450  0.163101
45500  0.163101
45550  0.163101
45600  0.163089
45650  0.163089
45700  0.163089
45750  0.163089
45800  0.163089
45850  0.163089
45900  0.163089
45950  0.163089
46000  0.163089
46050  0.16294
46100  0.16294
46150  0.162921
46200  0.162921
46250  0.162921
46300  0.162915
46350  0.162878
46400  0.162878
46450  0.162878
46500  0.162878
46550  0.162878
46600  0.162878
46650  0.162878
46700  0.162878
46750  0.162878
46800  0.162878
46850  0.162878
46900  0.162878
46950  0.162878
47000  0.162878
47050  0.162833
47100  0.162817
47150  0.162817
47200  0.162817
47250  0.162817
47300  0.162774
47350  0.162774
47400  0.162774
47450  0.162774
47500  0.162774
47550  0.162774
47600  0.162763
47650  0.162763
47700  0.162763
47750  0.162763
47800  0.162763
47850  0.162763
47900  0.162763
47950  0.162763
48000  0.162763
48050  0.162763
48100  0.162763
48150  0.162763
48200  0.162763
48250  0.162763
48300  0.162763
48350  0.162763
48400  0.162654
48450  0.162654
48500  0.16262
48550  0.16262
48600  0.162578
48650  0.162578
48700  0.162578
48750  0.162578
48800  0.162578
48850  0.162571
48900  0.162546
48950  0.162546
49000  0.162546
49050  0.162546
49100  0.162546
49150  0.162546
49200  0.162546
49250  0.162546
49300  0.162546
49350  0.162473
49400  0.162473
49450  0.162473
49500  0.162473
49550  0.162473
49600  0.162473
49650  0.162473
49700  0.162473
49750  0.162473
49800  0.162473
49850  0.162427
49900  0.162427
49950  0.162388
50000  0.162383
50050  0.162326
50100  0.162326
50150  0.162326
50200  0.162326
50250  0.162326
50300  0.162326
50350  0.162326
50400  0.162326
50450  0.162326
50500  0.162326
50550  0.162326
50600  0.162326
50650  0.162326
50700  0.162326
50750  0.162326
50800  0.162326
50850  0.162326
50900  0.162326
50950  0.162326
51000  0.162326
51050  0.162326
51100  0.162326
51150  0.162326
51200  0.162326
51250  0.162326
51300  0.162326
51350  0.162342
51400  0.162342
51450  0.162342
51500  0.162342
51550  0.162342
51600  0.162342
51650  0.162342
51700  0.162342
51750  0.162342
51800  0.162342
51850  0.162342
51900  0.162342
51950  0.162342
52000  0.162342
52050  0.162342
52100  0.162342
52150  0.162342
52200  0.162342
52250  0.162342
52300  0.162342
52350  0.162342
52400  0.162223
52450  0.162223
52500  0.162223
52550  0.162223
52600  0.162183
52650  0.162183
52700  0.162183
52750  0.162183
52800  0.162183
52850  0.162183
52900  0.162183
52950  0.162183
53000  0.162183
53050  0.162183
53100  0.162183
53150  0.162183
53200  0.162183
53250  0.162183
53300  0.162177
53350  0.162117
53400  0.162117
53450  0.162117
53500  0.162117
53550  0.162117
53600  0.162117
53650  0.162117
53700  0.162117
53750  0.162117
53800  0.162028
53850  0.162028
53900  0.162024
53950  0.162022
54000  0.162022
54050  0.162022
54100  0.162022
54150  0.162022
54200  0.162022
54250  0.162022
54300  0.162022
54350  0.162022
54400  0.162022
54450  0.162022
54500  0.162022
54550  0.162022
54600  0.162022
54650  0.162022
54700  0.162022
54750  0.162022
54800  0.162022
54850  0.162022
54900  0.162022
54950  0.162022
55000  0.162022
55050  0.162022
55100  0.162022
55150  0.162022
55200  0.162022
55250  0.162022
55300  0.162022
55350  0.162022
55400  0.162022
55450  0.162022
55500  0.162022
55550  0.162022
55600  0.162022
55650  0.162022
55700  0.162022
55750  0.162022
55800  0.162022
55850  0.162022
55900  0.162022
55950  0.162022
56000  0.162022
56050  0.162022
56100  0.162022
56150  0.161968
56200  0.161968
56250  0.161968
56300  0.161968
56350  0.161968
56400  0.161968
56450  0.161968
56500  0.161968
56550  0.161968
56600  0.161968
56650  0.161939
56700  0.161939
56750  0.161939
56800  0.161939
56850  0.161926
56900  0.161922
56950  0.161922
57000  0.161922
57050  0.161922
57100  0.161922
57150  0.161895
57200  0.161895
57250  0.161895
57300  0.161895
57350  0.161895
57400  0.161895
57450  0.161895
57500  0.161895
57550  0.161895
57600  0.161889
57650  0.161889
57700  0.161889
57750  0.161889
57800  0.161889
57850  0.161889
57900  0.161889
57950  0.161889
58000  0.161889
58050  0.161889
58100  0.161889
58150  0.161889
58200  0.161889
58250  0.161889
58300  0.161889
58350  0.161889
58400  0.161889
58450  0.161806
58500  0.161806
58550  0.161806
58600  0.161773
58650  0.161773
58700  0.161773
58750  0.161773
58800  0.161773
58850  0.161773
58900  0.161773
58950  0.161773
59000  0.161773
59050  0.161773
59100  0.161773
59150  0.161773
59200  0.161773
59250  0.161773
59300  0.161773
59350  0.161773
59400  0.161736
59450  0.161704
59500  0.161606
59550  0.161606
59600  0.161606
59650  0.161606
59700  0.161606
59750  0.161606
59800  0.161606
59850  0.161606
59900  0.161583
59950  0.161583
60000  0.161583
60050  0.161583
60100  0.161583
60150  0.161583
60200  0.161575
60250  0.161575
60300  0.161575
60350  0.161575
60400  0.161575
60450  0.161575
60500  0.161575
60550  0.161575
60600  0.161575
60650  0.161575
60700  0.161575
60750  0.161548
60800  0.161548
60850  0.161524
60900  0.161517
60950  0.161517
61000  0.161517
61050  0.16151
61100  0.16151
61150  0.16151
61200  0.16151
61250  0.16151
61300  0.16151
61350  0.16151
61400  0.16151
61450  0.161452
61500  0.161452
61550  0.161452
61600  0.161448
61650  0.161448
61700  0.161413
61750  0.161413
61800  0.161413
61850  0.161385
61900  0.161385
61950  0.161378
62000  0.161378
62050  0.161378
62100  0.161378
62150  0.161378
62200  0.161378
62250  0.161378
62300  0.161378
62350  0.161378
62400  0.161378
62450  0.161378
62500  0.161378
62550  0.161378
62600  0.161378
62650  0.161378
62700  0.161378
62750  0.161378
62800  0.161378
62850  0.161378
62900  0.161378
62950  0.161378
63000  0.161378
63050  0.161378
63100  0.161355
63150  0.161355
63200  0.161355
63250  0.161355
63300  0.16134
63350  0.1613
63400  0.161261
63450  0.161261
63500  0.161206
63550  0.161205
63600  0.161205
63650  0.161205
63700  0.161205
63750  0.161205
63800  0.161205
63850  0.161205
63900  0.161205
63950  0.161205
64000  0.161205
64050  0.161205
64100  0.161205
64150  0.161184
64200  0.161184
64250  0.161136
64300  0.161136
64350  0.161136
64400  0.161136
64450  0.161054
64500  0.161054
64550  0.161054
64600  0.161054
64650  0.161054
64700  0.161054
64750  0.161054
64800  0.161054
64850  0.161054
64900  0.161054
64950  0.160938
65000  0.160887
65050  0.160887
65100  0.160887
65150  0.160887
65200  0.160887
65250  0.160887
65300  0.160887
65350  0.160887
65400  0.160887
65450  0.160887
65500  0.160887
65550  0.160887
65600  0.160887
65650  0.160887
65700  0.160887
65750  0.160887
65800  0.160887
65850  0.160887
65900  0.160887
65950  0.160887
66000  0.160887
66050  0.160887
66100  0.160833
66150  0.160833
66200  0.160833
66250  0.160833
66300  0.160833
66350  0.160833
66400  0.160833
66450  0.160833
66500  0.160833
66550  0.160833
66600  0.160833
66650  0.160764
66700  0.160764
66750  0.16076
66800  0.16076
66850  0.16076
66900  0.16076
66950  0.16076
67000  0.16076
67050  0.16076
67100  0.16076
67150  0.160745
67200  0.160745
67250  0.160745
67300  0.160745
67350  0.160745
67400  0.160745
67450  0.160745
67500  0.160745
67550  0.160673
67600  0.160673
67650  0.160673
67700  0.160673
67750  0.160673
67800  0.160673
67850  0.160673
67900  0.160673
67950  0.160673
68000  0.160673
68050  0.160673
68100  0.160673
68150  0.160673
68200  0.160673
68250  0.160673
68300  0.160673
68350  0.160673
68400  0.160673
68450  0.160673
68500  0.160673
68550  0.160659
68600  0.160659
68650  0.160659
68700  0.160659
68750  0.160659
68800  0.160659
68850  0.160645
68900  0.160645
68950  0.160645
69000  0.160645
69050  0.160645
69100  0.160645
69150  0.160645
69200  0.160645
69250  0.160441
69300  0.160441
69350  0.160441
69400  0.160441
69450  0.160441
69500  0.160441
69550  0.160441
69600  0.160441
69650  0.160441
69700  0.160394
69750  0.160394
69800  0.160394
69850  0.160352
69900  0.160286
69950  0.160286
70000  0.160286
70050  0.160286
70100  0.160286
70150  0.160286
70200  0.160286
70250  0.160286
70300  0.160243
70350  0.160243
70400  0.160126
70450  0.160126
70500  0.160126
70550  0.160126
70600  0.160083
70650  0.160035
70700  0.160035
70750  0.160005
70800  0.159929
70850  0.159929
70900  0.159896
70950  0.159829
71000  0.159829
71050  0.159814
71100  0.159739
71150  0.159739
71200  0.159739
71250  0.159739
71300  0.159739
71350  0.159739
71400  0.159735
71450  0.159735
71500  0.159735
71550  0.159636
71600  0.159636
71650  0.159636
71700  0.159636
71750  0.159636
71800  0.159623
71850  0.159623
71900  0.159623
71950  0.159623
72000  0.159623
72050  0.159572
72100  0.159572
72150  0.159572
72200  0.159572
72250  0.159512
72300  0.159512
72350  0.159512
72400  0.159512
72450  0.159512
72500  0.159456
72550  0.159456
72600  0.159456
72650  0.159456
72700  0.159456
72750  0.159456
72800  0.159415
72850  0.159376
72900  0.159376
72950  0.159352
73000  0.159352
73050  0.159352
73100  0.159352
73150  0.159308
73200  0.159308
73250  0.159308
73300  0.159308
73350  0.159262
73400  0.159262
73450  0.159262
73500  0.159262
73550  0.159262
73600  0.159262
73650  0.159262
73700  0.159245
73750  0.159245
73800  0.159245
73850  0.159245
73900  0.159184
73950  0.159184
74000  0.159113
74050  0.159113
74100  0.159113
74150  0.159113
74200  0.159069
74250  0.158958
74300  0.158958
74350  0.158958
74400  0.158958
74450  0.158958
74500  0.158958
74550  0.158958
74600  0.158955
74650  0.158955
74700  0.158955
74750  0.158955
74800  0.158955
74850  0.158955
74900  0.158955
74950  0.158955
75000  0.158929
75050  0.158929
75100  0.158805
75150  0.158805
75200  0.158775
75250  0.158775
75300  0.158781
75350  0.158707
75400  0.158707
75450  0.158672
75500  0.158672
75550  0.158672
75600  0.158634
75650  0.158634
75700  0.158634
75750  0.158634
75800  0.158634
75850  0.158476
75900  0.158417
75950  0.158417
76000  0.158387
76050  0.158373
76100  0.158373
76150  0.15834
76200  0.15833
76250  0.15833
76300  0.15833
76350  0.15833
76400  0.15833
76450  0.15833
76500  0.15833
76550  0.15833
76600  0.15833
76650  0.15833
76700  0.15833
76750  0.15833
76800  0.158188
76850  0.158188
76900  0.158188
76950  0.158188
77000  0.158188
77050  0.158188
77100  0.158188
77150  0.158185
77200  0.158185
77250  0.158185
77300  0.158185
77350  0.158185
77400  0.158185
77450  0.158185
77500  0.158182
77550  0.158182
77600  0.158182
77650  0.158172
77700  0.158099
77750  0.158099
77800  0.158085
77850  0.158085
77900  0.158085
77950  0.158085
78000  0.158085
78050  0.158084
78100  0.158084
78150  0.158084
78200  0.158084
78250  0.158084
78300  0.158084
78350  0.158024
78400  0.158024
78450  0.158024
78500  0.158024
78550  0.158024
78600  0.158024
78650  0.158024
78700  0.158024
78750  0.158024
78800  0.158024
78850  0.157874
78900  0.157874
78950  0.157874
79000  0.157874
79050  0.157874
79100  0.157874
79150  0.157874
79200  0.157874
79250  0.15785
79300  0.15785
79350  0.15785
79400  0.15785
79450  0.15785
79500  0.15785
79550  0.15785
79600  0.157822
79650  0.157822
79700  0.157822
79750  0.157822
79800  0.157774
79850  0.157774
79900  0.157774
79950  0.157774
80000  0.157774
80050  0.157774
80100  0.157752
80150  0.157752
80200  0.157768
80250  0.157768
80300  0.157768
80350  0.157768
80400  0.157768
80450  0.157768
80500  0.157768
80550  0.157768
80600  0.157768
80650  0.157768
80700  0.157768
80750  0.15766
80800  0.15766
80850  0.15766
80900  0.15766
80950  0.15766
81000  0.15766
81050  0.15766
81100  0.15766
81150  0.15766
81200  0.15766
81250  0.15766
81300  0.15766
81350  0.15766
81400  0.15766
81450  0.15766
81500  0.157653
81550  0.157653
81600  0.157653
81650  0.157653
81700  0.157653
81750  0.157647
81800  0.15762
81850  0.15762
81900  0.15762
81950  0.15762
82000  0.15762
82050  0.15762
82100  0.15762
82150  0.15762
82200  0.157569
82250  0.157569
82300  0.157569
82350  0.157569
82400  0.157569
82450  0.157569
82500  0.157539
82550  0.157539
82600  0.157539
82650  0.157492
82700  0.157492
82750  0.157488
82800  0.157488
82850  0.157488
82900  0.157488
82950  0.157488
83000  0.157488
83050  0.157488
83100  0.157488
83150  0.157488
83200  0.157488
83250  0.157488
83300  0.157488
83350  0.157488
83400  0.157488
83450  0.157488
83500  0.157392
83550  0.157392
83600  0.157392
83650  0.157392
83700  0.157392
83750  0.157287
83800  0.157287
83850  0.157287
83900  0.157287
83950  0.157287
84000  0.157287
84050  0.157287
84100  0.157287
84150  0.157254
84200  0.157254
84250  0.157254
84300  0.157254
84350  0.157254
84400  0.157254
84450  0.157254
84500  0.157254
84550  0.157254
84600  0.157254
84650  0.157254
84700  0.157254
84750  0.157254
84800  0.157226
84850  0.157226
84900  0.157226
84950  0.157226
85000  0.157199
85050  0.157199
85100  0.157199
85150  0.157199
85200  0.157199
85250  0.157199
85300  0.157199
85350  0.157199
85400  0.157199
85450  0.157199
85500  0.157199
85550  0.157199
85600  0.157199
85650  0.157199
85700  0.157199
85750  0.157183
85800  0.157183
85850  0.157183
85900  0.157183
85950  0.157183
86000  0.157183
86050  0.157183
86100  0.157183
86150  0.157183
86200  0.157183
86250  0.157183
86300  0.157183
86350  0.157183
86400  0.157183
86450  0.157183
86500  0.157183
86550  0.157183
86600  0.157183
86650  0.157183
86700  0.157183
86750  0.157183
86800  0.157183
86850  0.157183
86900  0.157183
86950  0.157112
87000  0.157112
87050  0.157112
87100  0.157112
87150  0.157112
87200  0.157028
87250  0.157028
87300  0.157028
87350  0.157028
87400  0.157028
87450  0.157028
87500  0.157028
87550  0.157028
87600  0.157036
87650  0.157036
87700  0.157036
87750  0.157036
87800  0.157036
87850  0.157028
87900  0.157028
87950  0.157028
88000  0.156969
88050  0.156957
88100  0.156957
88150  0.156957
88200  0.156957
88250  0.156957
88300  0.156957
88350  0.156957
88400  0.156948
88450  0.156948
88500  0.156948
88550  0.156948
88600  0.156948
88650  0.156948
88700  0.156948
88750  0.156874
88800  0.156748
88850  0.156748
88900  0.156748
88950  0.156748
89000  0.156742
89050  0.156742
89100  0.156742
89150  0.156742
89200  0.156742
89250  0.156742
89300  0.156742
89350  0.156742
89400  0.156742
89450  0.156742
89500  0.156742
89550  0.156708
89600  0.156708
89650  0.156708
89700  0.156708
89750  0.156708
89800  0.156708
89850  0.156708
89900  0.156708
89950  0.156708
90000  0.156708
90050  0.156708
90100  0.156663
90150  0.156663
90200  0.156663
90250  0.156663
90300  0.156663
90350  0.156663
90400  0.156663
90450  0.156663
90500  0.156663
90550  0.156663
90600  0.156572
90650  0.156572
90700  0.156572
90750  0.156572
90800  0.156572
90850  0.156572
90900  0.156572
90950  0.156572
91000  0.156572
91050  0.156572
91100  0.156551
91150  0.156551
91200  0.156551
91250  0.156551
91300  0.156551
91350  0.156551
91400  0.156551
91450  0.156551
91500  0.156551
91550  0.156551
91600  0.156551
91650  0.156551
91700  0.156551
91750  0.156551
91800  0.156551
91850  0.156551
91900  0.156551
91950  0.156551
92000  0.156551
92050  0.156551
92100  0.156551
92150  0.156551
92200  0.156551
92250  0.156551
92300  0.156551
92350  0.156551
92400  0.156551
92450  0.156551
92500  0.156551
92550  0.156551
92600  0.156551
92650  0.156551
92700  0.156551
92750  0.156551
92800  0.156551
92850  0.156551
92900  0.156551
92950  0.156551
93000  0.156551
93050  0.156551
93100  0.156551
93150  0.156551
93200  0.156551
93250  0.156551
93300  0.156551
93350  0.156551
93400  0.156514
93450  0.156514
93500  0.156514
93550  0.156514
93600  0.156514
93650  0.156514
93700  0.156514
93750  0.156514
93800  0.156514
93850  0.156476
93900  0.156476
93950  0.156476
94000  0.156476
94050  0.156476
94100  0.156476
94150  0.156476
94200  0.156476
94250  0.156476
94300  0.156476
94350  0.156476
94400  0.156476
94450  0.156476
94500  0.156476
94550  0.156414
94600  0.156414
94650  0.156414
94700  0.156414
94750  0.156414
94800  0.156414
94850  0.156393
94900  0.156393
94950  0.156393
95000  0.156393
95050  0.156393
95100  0.156393
95150  0.156393
95200  0.156393
95250  0.156383
95300  0.156383
95350  0.156383
95400  0.156383
95450  0.156383
95500  0.156383
95550  0.156383
95600  0.156383
95650  0.156383
95700  0.156326
95750  0.156326
95800  0.156326
95850  0.156326
95900  0.156326
95950  0.156326
96000  0.156326
96050  0.156326
96100  0.156326
96150  0.156326
96200  0.156326
96250  0.156326
96300  0.156326
96350  0.156326
96400  0.156326
96450  0.156326
96500  0.156326
96550  0.156326
96600  0.156326
96650  0.156326
96700  0.156326
96750  0.156326
96800  0.156326
96850  0.156326
96900  0.156307
96950  0.156307
97000  0.156307
97050  0.156307
97100  0.156307
97150  0.156307
97200  0.156307
97250  0.156307
97300  0.156307
97350  0.156307
97400  0.156307
97450  0.156307
97500  0.156307
97550  0.156307
97600  0.156307
97650  0.156307
97700  0.156307
97750  0.156307
97800  0.156307
97850  0.156307
97900  0.156307
97950  0.156307
98000  0.156307
98050  0.156307
98100  0.156307
98150  0.156307
98200  0.156307
98250  0.156307
98300  0.156307
98350  0.156307
98400  0.156307
98450  0.156307
98500  0.156307
98550  0.156307
98600  0.156307
98650  0.156307
98700  0.156298
98750  0.156298
98800  0.156298
98850  0.156273
98900  0.156273
98950  0.156273
99000  0.156273
99050  0.156273
99100  0.156273
99150  0.156273
99200  0.156273
99250  0.156273
99300  0.156273
99350  0.156273
99400  0.156273
99450  0.156273
99500  0.156273
99550  0.156273
99600  0.156273
99650  0.156273
99700  0.156273
99750  0.15624
99800  0.15624
99850  0.15624
99900  0.15624
99950  0.15624
100000  0.15624
100050  0.15624
100100  0.15624
100150  0.15624
100200  0.15624
100250  0.15624
100300  0.15624
100350  0.15624
100400  0.15624
100450  0.15624
100500  0.15624
100550  0.15624
100600  0.15624
100650  0.15624
100700  0.15624
100750  0.15624
100800  0.15624
100850  0.15624
100900  0.15624
100950  0.15624
101000  0.15624
101050  0.15624
101100  0.15624
101150  0.15624
101200  0.15624
101250  0.15624
101300  0.15624
101350  0.15624
101400  0.15624
101450  0.15624
101500  0.15624
101550  0.15624
101600  0.15624
101650  0.15624
101700  0.15624
101750  0.15624
101800  0.15624
101850  0.15624
101900  0.15624
101950  0.15624
102000  0.156181
102050  0.156181
102100  0.156181
102150  0.156181
102200  0.156181
102250  0.156181
102300  0.156181
102350  0.156181
102400  0.156181
102450  0.156181
102500  0.156181
102550  0.156181
102600  0.156181
102650  0.156181
102700  0.156181
102750  0.156181
102800  0.156181
102850  0.156181
102900  0.156181
102950  0.156121
103000  0.156121
103050  0.156121
103100  0.156121
103150  0.156121
103200  0.156121
103250  0.156121
103300  0.156121
103350  0.156121
103400  0.156121
103450  0.156121
103500  0.156121
103550  0.156121
103600  0.156121
103650  0.156121
103700  0.156121
103750  0.156121
103800  0.156121
103850  0.156121
103900  0.156121
103950  0.156121
104000  0.156121
104050  0.156121
104100  0.156121
104150  0.156121
104200  0.156121
104250  0.156121
104300  0.156121
104350  0.156121
104400  0.156121
104450  0.156121
104500  0.156121
104550  0.156121
104600  0.156121
104650  0.156121
104700  0.156121
104750  0.156121
104800  0.156121
104850  0.156121
104900  0.156121
104950  0.156121
105000  0.156121
105050  0.156121
105100  0.156121
105150  0.156118
105200  0.156118
105250  0.156118
105300  0.156118
105350  0.156118
105400  0.156118
105450  0.156118
105500  0.156118
105550  0.156118
105600  0.15607
105650  0.15607
105700  0.15607
105750  0.15607
105800  0.15607
105850  0.15607
105900  0.15607
105950  0.15607
106000  0.15607
106050  0.15607
106100  0.15607
106150  0.15607
106200  0.15607
106250  0.15607
106300  0.15607
106350  0.15607
106400  0.15607
106450  0.15607
106500  0.15607
106550  0.156039
106600  0.156039
106650  0.156039
106700  0.156039
106750  0.156039
106800  0.156039
106850  0.156039
106900  0.156039
106950  0.156039
107000  0.156039
107050  0.156039
107100  0.156039
107150  0.156039
107200  0.156039
107250  0.156039
107300  0.156039
107350  0.156039
107400  0.156039
107450  0.156039
107500  0.156032
107550  0.156032
107600  0.156032
107650  0.156012
107700  0.156012
107750  0.156012
107800  0.155985
107850  0.155985
107900  0.155985
107950  0.155985
108000  0.155985
108050  0.155985
108100  0.155985
108150  0.155985
108200  0.155985
108250  0.155985
108300  0.155985
108350  0.155985
108400  0.155985
108450  0.155985
108500  0.155985
108550  0.155985
108600  0.155985
108650  0.155985
108700  0.155985
108750  0.155985
108800  0.155985
108850  0.155985
108900  0.155985
108950  0.155985
109000  0.155985
109050  0.155985
109100  0.155985
109150  0.155985
109200  0.155985
109250  0.155985
109300  0.155985
109350  0.155985
109400  0.155985
109450  0.155985
109500  0.155985
109550  0.155985
109600  0.155985
109650  0.155985
109700  0.155985
109750  0.155985
109800  0.155985
109850  0.155985
109900  0.155985
109950  0.155938
110000  0.155938
110050  0.155938
110100  0.155938
110150  0.155938
110200  0.155938
110250  0.155938
110300  0.155938
110350  0.155938
110400  0.155938
110450  0.155938
110500  0.15587
110550  0.15587
110600  0.15587
110650  0.15587
110700  0.15587
110750  0.15587
110800  0.15587
110850  0.15587
110900  0.15587
110950  0.15587
111000  0.15587
111050  0.15587
111100  0.15587
111150  0.15587
111200  0.15587
111250  0.15587
111300  0.15587
111350  0.15587
111400  0.15587
111450  0.15587
111500  0.15587
111550  0.15587
111600  0.15587
111650  0.15587
111700  0.15587
111750  0.15587
111800  0.15587
111850  0.15587
111900  0.15587
111950  0.15587
112000  0.15587
112050  0.15587
112100  0.15587
112150  0.15587
112200  0.15587
112250  0.15587
112300  0.15587
112350  0.15587
112400  0.15587
112450  0.15587
112500  0.15587
112550  0.15587
112600  0.15587
112650  0.15587
112700  0.155836
112750  0.155836
112800  0.155836
112850  0.155836
112900  0.155836
112950  0.155836
113000  0.155836
113050  0.155836
113100  0.155836
113150  0.155836
113200  0.155836
113250  0.155836
113300  0.155836
113350  0.155836
113400  0.155836
113450  0.155799
113500  0.155799
113550  0.155799
113600  0.155799
113650  0.155799
113700  0.155799
113750  0.155799
113800  0.155799
113850  0.155799
113900  0.155799
113950  0.155799
114000  0.155799
114050  0.155799
114100  0.155799
114150  0.155799
114200  0.155799
114250  0.155799
114300  0.155799
114350  0.155799
114400  0.155799
114450  0.155799
114500  0.155724
114550  0.155724
114600  0.155724
114650  0.155724
114700  0.155724
114750  0.155724
114800  0.155724
114850  0.155724
114900  0.155724
114950  0.155724
115000  0.155724
115050  0.155724
115100  0.155702
115150  0.155702
115200  0.155702
115250  0.155702
115300  0.155702
115350  0.155702
115400  0.155702
115450  0.155702
115500  0.155702
115550  0.155702
115600  0.155702
115650  0.155702
115700  0.155702
115750  0.155702
115800  0.155702
115850  0.155702
115900  0.155702
115950  0.155702
116000  0.155702
116050  0.155702
116100  0.155702
116150  0.155661
116200  0.155661
116250  0.155661
116300  0.155661
116350  0.155661
116400  0.155661
116450  0.155661
116500  0.155661
116550  0.155661
116600  0.155661
116650  0.155661
116700  0.155661
116750  0.155661
116800  0.155661
116850  0.155661
116900  0.155661
116950  0.155661
117000  0.155661
117050  0.155661
117100  0.155661
117150  0.155661
117200  0.155661
117250  0.155661
117300  0.155661
117350  0.155661
117400  0.155661
117450  0.155661
117500  0.155661
117550  0.155661
117600  0.155661
117650  0.155661
117700  0.155661
117750  0.155661
117800  0.155661
117850  0.155661
117900  0.155661
117950  0.155661
118000  0.155661
118050  0.155661
118100  0.155661
118150  0.155661
118200  0.155661
118250  0.155661
118300  0.155661
118350  0.155661
118400  0.155661
118450  0.155661
118500  0.155661
118550  0.155661
118600  0.155661
118650  0.155661
118700  0.155661
118750  0.155661
118800  0.155661
118850  0.155661
118900  0.15563
118950  0.15563
119000  0.15563
119050  0.15563
119100  0.15563
119150  0.15563
119200  0.15563
119250  0.15563
119300  0.155602
119350  0.155602
119400  0.155602
119450  0.155602
119500  0.155602
119550  0.155602
119600  0.155602
119650  0.155602
119700  0.155602
119750  0.155602
119800  0.155602
119850  0.155602
119900  0.155602
119950  0.155597
120000  0.155597
120050  0.155597
120100  0.155597
120150  0.155597
120200  0.155597
120250  0.155597
120300  0.155597
120350  0.155597
120400  0.155512
120450  0.155512
120500  0.155512
120550  0.15549
120600  0.15549
120650  0.15549
120700  0.15549
120750  0.15549
120800  0.155483
120850  0.155483
120900  0.155483
120950  0.155483
121000  0.155483
121050  0.155483
121100  0.155483
121150  0.155483
121200  0.155483
121250  0.155483
121300  0.155483
121350  0.155483
121400  0.155483
121450  0.155483
121500  0.155483
121550  0.155483
121600  0.155483
121650  0.155483
121700  0.155483
121750  0.155483
121800  0.155483
121850  0.155483
121900  0.155483
121950  0.155483
122000  0.155483
122050  0.155483
122100  0.155483
122150  0.155483
122200  0.155483
122250  0.155483
122300  0.155483
122350  0.155483
122400  0.155483
122450  0.155483
122500  0.155483
122550  0.155483
122600  0.155499
122650  0.155499
122700  0.155499
122750  0.155423
122800  0.155423
122850  0.155423
122900  0.155423
122950  0.155423
123000  0.155423
123050  0.155423
123100  0.155423
123150  0.155423
123200  0.155423
123250  0.155423
123300  0.155423
123350  0.155423
123400  0.155423
123450  0.155423
123500  0.155423
123550  0.155423
123600  0.155423
123650  0.155423
123700  0.155423
123750  0.155423
123800  0.155423
123850  0.155423
123900  0.155423
123950  0.155423
124000  0.155423
124050  0.155423
124100  0.155423
124150  0.155423
124200  0.155423
124250  0.155405
124300  0.155389
124350  0.155389
124400  0.155389
124450  0.155389
124500  0.155389
124550  0.155389
124600  0.155389
124650  0.155389
124700  0.155389
124750  0.155389
124800  0.155389
124850  0.155389
124900  0.155389
124950  0.155389
125000  0.155389
125050  0.155389
125100  0.155389
125150  0.155389
125200  0.155389
125250  0.155389
125300  0.155389
125350  0.155389
125400  0.155389
125450  0.155389
125500  0.155389
125550  0.155389
125600  0.155389
125650  0.155389
125700  0.155389
125750  0.155389
125800  0.155389
125850  0.155389
125900  0.155389
125950  0.155389
126000  0.155389
126050  0.155389
126100  0.155389
126150  0.155389
126200  0.155389
126250  0.155389
126300  0.155389
126350  0.155389
126400  0.155389
126450  0.155389
126500  0.155389
126550  0.155389
126600  0.155389
126650  0.155389
126700  0.155389
126750  0.155389
126800  0.155389
126850  0.155389
126900  0.155389
126950  0.155389
127000  0.155389
127050  0.155389
127100  0.155389
127150  0.155389
127200  0.155389
127250  0.155389
127300  0.155389
127350  0.155389
127400  0.155389
127450  0.155389
127500  0.155389
127550  0.155389
127600  0.155389
127650  0.155389
127700  0.155389
127750  0.155389
127800  0.155389
127850  0.155389
127900  0.155389
127950  0.155389
128000  0.155389
128050  0.155389
128100  0.155389
128150  0.155389
128200  0.155389
128250  0.155389
128300  0.155389
128350  0.155389
128400  0.155389
128450  0.155389
128500  0.155389
128550  0.155389
128600  0.155389
128650  0.155389
128700  0.155389
128750  0.155389
128800  0.155389
128850  0.155389
128900  0.155389
128950  0.155389
129000  0.155389
129050  0.155389
129100  0.155389
129150  0.155389
129200  0.155326
129250  0.155326
129300  0.155278
129350  0.155278
129400  0.155278
129450  0.155278
129500  0.155278
129550  0.155275
129600  0.155275
129650  0.155275
129700  0.155275
129750  0.155275
129800  0.155275
129850  0.155275
129900  0.155275
129950  0.155275
130000  0.155275
130050  0.155275
130100  0.155275
130150  0.155275
130200  0.155275
130250  0.155275
130300  0.155275
130350  0.155275
130400  0.155262
130450  0.155262
130500  0.155262
130550  0.155262
130600  0.155262
130650  0.155262
130700  0.155262
130750  0.155262
130800  0.155262
130850  0.155262
130900  0.155262
130950  0.155262
131000  0.155262
131050  0.155262
131100  0.155262
131150  0.155262
131200  0.155262
131250  0.155262
131300  0.155262
131350  0.155262
131400  0.155262
131450  0.155262
131500  0.155262
131550  0.155262
131600  0.155262
131650  0.155262
131700  0.155237
131750  0.155237
131800  0.155237
131850  0.155237
131900  0.155237
131950  0.155237
132000  0.155162
132050  0.155162
132100  0.155162
132150  0.155162
132200  0.155162
132250  0.155162
132300  0.155162
132350  0.155162
132400  0.155162
132450  0.155162
132500  0.155162
132550  0.155162
132600  0.155162
132650  0.155162
132700  0.155162
132750  0.155162
132800  0.155162
132850  0.155162
132900  0.155147
132950  0.155147
133000  0.155147
133050  0.155147
133100  0.155147
133150  0.155147
133200  0.155147
133250  0.155147
133300  0.155126
133350  0.155126
133400  0.155126
133450  0.155126
133500  0.155126
133550  0.155126
133600  0.155126
133650  0.155126
133700  0.155126
133750  0.155126
133800  0.155126
133850  0.155126
133900  0.155126
133950  0.155126
134000  0.155126
134050  0.155126
134100  0.155126
134150  0.155126
134200  0.155126
134250  0.155126
134300  0.155126
134350  0.155126
134400  0.155126
134450  0.155126
134500  0.155126
134550  0.155126
134600  0.155126
134650  0.155126
134700  0.155126
134750  0.155126
134800  0.155126
134850  0.155126
134900  0.155126
134950  0.155126
135000  0.155126
135050  0.155126
135100  0.155123
135150  0.155123
135200  0.155123
135250  0.155123
135300  0.155123
135350  0.155123
135400  0.155123
135450  0.155123
135500  0.155123
135550  0.155123
135600  0.155123
135650  0.155123
135700  0.155123
135750  0.155123
135800  0.155123
135850  0.155123
135900  0.155123
135950  0.155123
136000  0.155123
136050  0.155123
136100  0.155123
136150  0.155123
136200  0.155123
136250  0.155123
136300  0.155123
136350  0.155123
136400  0.155123
136450  0.155123
136500  0.155123
136550  0.155123
136600  0.155096
136650  0.155076
136700  0.155076
136750  0.155076
136800  0.155076
136850  0.155076
136900  0.155076
136950  0.155076
137000  0.155076
137050  0.155076
137100  0.155076
137150  0.155076
137200  0.155076
137250  0.155076
137300  0.155076
137350  0.155076
137400  0.155076
137450  0.155076
137500  0.155076
137550  0.155076
137600  0.155076
137650  0.155076
137700  0.155076
137750  0.155076
137800  0.155076
137850  0.155076
137900  0.155076
137950  0.155076
138000  0.155076
138050  0.155076
138100  0.155076
138150  0.155076
138200  0.155076
138250  0.155076
138300  0.155048
138350  0.155048
138400  0.155048
138450  0.155047
138500  0.155047
138550  0.15504
138600  0.15504
138650  0.15504
138700  0.15504
138750  0.15504
138800  0.15504
138850  0.15504
138900  0.15504
138950  0.15504
139000  0.15504
139050  0.15504
