Step  Penalty
50  0.573464
100  0.526571
150  0.506569
200  0.491913
250  0.468267
300  0.439343
350  0.411291
400  0.383539
450  0.358915
500  0.333744
550  0.315887
600  0.302376
650  0.288283
700  0.280008
750  0.27172
800  0.264034
850  0.258479
900  0.254988
950  0.251511
1000  0.247856
1050  0.245955
1100  0.243292
1150  0.241017
1200  0.239968
1250  0.239202
1300  0.237908
1350  0.236686
1400  0.236202
1450  0.235725
1500  0.235189
1550  0.234836
1600  0.234264
1650  0.23355
1700  0.233263
1750  0.233167
1800  0.232953
1850  0.232819
1900  0.232588
1950  0.232253
2000  0.232068
2050  0.231673
2100  0.231451
2150  0.231335
2200  0.231292
2250  0.231255
2300  0.231126
2350  0.230949
2400  0.230657
2450  0.230608
2500  0.23055
2550  0.23055
2600  0.230408
2650  0.230408
2700  0.230163
2750  0.229932
2800  0.229883
2850  0.229837
2900  0.229736
2950  0.229715
3000  0.229715
3050  0.229675
3100  0.229461
3150  0.229421
3200  0.229404
3250  0.229162
3300  0.229048
3350  0.228996
3400  0.228996
3450  0.228996
3500  0.228936
3550  0.22891
3600  0.228895
3650  0.228895
3700  0.22886
3750  0.22886
3800  0.22886
3850  0.228799
3900  0.228799
3950  0.228799
4000  0.228739
4050  0.228613
4100  0.228613
4150  0.228613
4200  0.228613
4250  0.228613
4300  0.228613
4350  0.228533
4400  0.228533
4450  0.228479
4500  0.228479
4550  0.228436
4600  0.228436
4650  0.228436
4700  0.228436
4750  0.228394
4800  0.228341
4850  0.228341
4900  0.228341
4950  0.228208
5000  0.228184
5050  0.228164
5100  0.228158
5150  0.228089
5200  0.228069
5250  0.228
5300  0.227882
5350  0.227882
5400  0.227882
5450  0.227882
5500  0.227882
5550  0.227882
5600  0.227882
5650  0.227815
5700  0.22775
5750  0.22771
5800  0.22771
5850  0.22771
5900  0.227706
5950  0.227706
6000  0.227706
6050  0.227633
6100  0.227633
6150  0.227551
6200  0.227551
6250  0.227551
6300  0.227551
6350  0.227551
6400  0.227551
6450  0.227551
6500  0.227551
6550  0.227551
6600  0.227479
6650  0.227479
6700  0.227377
6750  0.227277
6800  0.227277
6850  0.227277
6900  0.227203
6950  0.227197
7000  0.227197
7050  0.227085
7100  0.227085
7150  0.227085
7200  0.227085
7250  0.227004
7300  0.227004
7350  0.227004
7400  0.227004
7450  0.226938
7500  0.226938
7550  0.226938
7600  0.226938
7650  0.226938
7700  0.226938
7750  0.226912
7800  0.226912
7850  0.226912
7900  0.226823
7950  0.226823
8000  0.226823
8050  0.226823
8100  0.226823
8150  0.226823
8200  0.226823
8250  0.226823
8300  0.226823
8350  0.226823
8400  0.226823
8450  0.226823
8500  0.226778
8550  0.226765
8600  0.226765
8650  0.226765
8700  0.226765
8750  0.226745
8800  0.226745
8850  0.226704
8900  0.22667
8950  0.22667
9000  0.22667
9050  0.22667
9100  0.22667
9150  0.22667
9200  0.22667
9250  0.22667
9300  0.22667
9350  0.22667
9400  0.22659
9450  0.22659
9500  0.22659
9550  0.22659
9600  0.22659
9650  0.22659
9700  0.226565
9750  0.226565
9800  0.226565
9850  0.226565
9900  0.226565
9950  0.226532
10000  0.226408
10050  0.226408
10100  0.226408
10150  0.226408
10200  0.226408
10250  0.226408
10300  0.226408
10350  0.226408
10400  0.226408
10450  0.226408
10500  0.226408
10550  0.226408
10600  0.226408
10650  0.226408
10700  0.226408
10750  0.226408
10800  0.226408
10850  0.226408
10900  0.226408
10950  0.226408
11000  0.226408
11050  0.226408
11100  0.226369
11150  0.226369
11200  0.226275
11250  0.226275
11300  0.226275
11350  0.226275
11400  0.226275
11450  0.226275
11500  0.226275
11550  0.226275
11600  0.226275
11650  0.226275
11700  0.226275
11750  0.226275
11800  0.226275
11850  0.226275
11900  0.226275
11950  0.226275
12000  0.226275
12050  0.226275
12100  0.226275
12150  0.226275
12200  0.226275
12250  0.226275
12300  0.226238
12350  0.226238
12400  0.226238
12450  0.226238
12500  0.226238
12550  0.226238
12600  0.226238
12650  0.226238
12700  0.226238
12750  0.226238
12800  0.226238
12850  0.226238
12900  0.226238
12950  0.226238
13000  0.226234
13050  0.226234
13100  0.226234
13150  0.226234
13200  0.226234
13250  0.226234
13300  0.226234
13350  0.226234
13400  0.226234
13450  0.226234
13500  0.226234
13550  0.226176
13600  0.226176
13650  0.226176
13700  0.226176
13750  0.226176
13800  0.226176
13850  0.22615
13900  0.22615
13950  0.22615
14000  0.22615
14050  0.22615
14100  0.22615
14150  0.22615
14200  0.22615
14250  0.22615
14300  0.22615
14350  0.22615
14400  0.22615
14450  0.22615
14500  0.22615
14550  0.22615
14600  0.22615
14650  0.2261
14700  0.2261
14750  0.2261
14800  0.2261
14850  0.2261
14900  0.2261
14950  0.2261
15000  0.2261
15050  0.226065
15100  0.226065
15150  0.226065
15200  0.226065
15250  0.226056
15300  0.226056
15350  0.22602
15400  0.22602
15450  0.22602
15500  0.22602
15550  0.22602
15600  0.22602
15650  0.226016
15700  0.226016
15750  0.226016
15800  0.226016
15850  0.226016
15900  0.226016
15950  0.226016
16000  0.225967
16050  0.225967
16100  0.225967
16150  0.225967
16200  0.225967
16250  0.225967
16300  0.225967
16350  0.225919
16400  0.225919
16450  0.225919
16500  0.225919
16550  0.225919
16600  0.225919
16650  0.225919
16700  0.225919
16750  0.225919
16800  0.225919
16850  0.225919
16900  0.225919
16950  0.225919
17000  0.225919
17050  0.225919
17100  0.225837
17150  0.225837
17200  0.225837
17250  0.225837
17300  0.225837
17350  0.225837
17400  0.225837
17450  0.225837
17500  0.225837
17550  0.225837
17600  0.225799
17650  0.225799
17700  0.225799
17750  0.225799
17800  0.225799
17850  0.225755
17900  0.225755
17950  0.225755
18000  0.22563
18050  0.22563
18100  0.22563
18150  0.225617
18200  0.225617
18250  0.225617
18300  0.225617
18350  0.225617
18400  0.225617
18450  0.225617
18500  0.225617
18550  0.225617
18600  0.225617
18650  0.225617
18700  0.225576
18750  0.225576
18800  0.225576
18850  0.225557
18900  0.225557
18950  0.225548
19000  0.225548
19050  0.225521
19100  0.225521
19150  0.225521
19200  0.225521
19250  0.225521
19300  0.225521
19350  0.225521
19400  0.225521
19450  0.225521
19500  0.225521
19550  0.225521
19600  0.225521
19650  0.225521
19700  0.225521
19750  0.225521
19800  0.225521
19850  0.225457
19900  0.225457
19950  0.225457
20000  0.225457
20050  0.225457
20100  0.225457
20150  0.225457
20200  0.225457
20250  0.225457
20300  0.225457
20350  0.225457
20400  0.225457
20450  0.225457
20500  0.225457
20550  0.225457
20600  0.225457
20650  0.225457
20700  0.225418
20750  0.225382
20800  0.225382
20850  0.225382
20900  0.225382
20950  0.225382
21000  0.225382
21050  0.225382
21100  0.225382
21150  0.225382
21200  0.225382
21250  0.225382
21300  0.225382
21350  0.225382
21400  0.225382
21450  0.225382
21500  0.225382
21550  0.22528
21600  0.22528
21650  0.22528
21700  0.22528
21750  0.22528
21800  0.22528
21850  0.22528
21900  0.22527
21950  0.22527
22000  0.22527
22050  0.22527
22100  0.22527
22150  0.22527
22200  0.22527
22250  0.22527
22300  0.22527
22350  0.22527
22400  0.22527
22450  0.22527
22500  0.22527
22550  0.22527
22600  0.22527
22650  0.22527
22700  0.22527
22750  0.22527
22800  0.22527
22850  0.22527
22900  0.22527
22950  0.22527
23000  0.22527
23050  0.22527
23100  0.22527
23150  0.22527
23200  0.22527
23250  0.22527
23300  0.22527
23350  0.22527
23400  0.22527
23450  0.22527
23500  0.22527
23550  0.22527
23600  0.22527
23650  0.22527
23700  0.22527
23750  0.22527
23800  0.22527
23850  0.22527
23900  0.22527
23950  0.22527
24000  0.225162
24050  0.225162
24100  0.225132
24150  0.225132
24200  0.225132
24250  0.225132
24300  0.225132
24350  0.225132
24400  0.225132
24450  0.225132
24500  0.225132
24550  0.225132
24600  0.225132
24650  0.225132
24700  0.225132
24750  0.225132
24800  0.225132
24850  0.225132
24900  0.225132
24950  0.225132
25000  0.225132
25050  0.225132
25100  0.225132
25150  0.225132
25200  0.225132
25250  0.225132
25300  0.225132
25350  0.22513
25400  0.22513
25450  0.22513
25500  0.22513
25550  0.22513
25600  0.22513
25650  0.225118
25700  0.225118
25750  0.225118
25800  0.225069
25850  0.225069
25900  0.225069
25950  0.225069
26000  0.225069
26050  0.225069
26100  0.225069
26150  0.225069
26200  0.225069
26250  0.225069
26300  0.225069
26350  0.225062
26400  0.225062
26450  0.225062
26500  0.225062
26550  0.225062
26600  0.224989
26650  0.224989
26700  0.224989
26750  0.224989
26800  0.224989
26850  0.224989
26900  0.224989
26950  0.224989
27000  0.224989
27050  0.224989
27100  0.224989
27150  0.224989
27200  0.224989
27250  0.224989
27300  0.224989
27350  0.224989
27400  0.224989
27450  0.224989
27500  0.224989
27550  0.224989
27600  0.224989
27650  0.224975
27700  0.224975
27750  0.224975
27800  0.224975
27850  0.224975
27900  0.224938
27950  0.224938
28000  0.224938
28050  0.224938
28100  0.224938
28150  0.224938
28200  0.224938
28250  0.224938
28300  0.224938
28350  0.224938
28400  0.224938
28450  0.224938
28500  0.224938
28550  0.224938
28600  0.224938
28650  0.224938
28700  0.224938
28750  0.224938
28800  0.224938
28850  0.224938
28900  0.224938
28950  0.224938
29000  0.224938
29050  0.224938
29100  0.224938
29150  0.224938
29200  0.224938
29250  0.224938
29300  0.224938
29350  0.224938
29400  0.224938
29450  0.224938
29500  0.224938
29550  0.224896
29600  0.224896
29650  0.224896
29700  0.224896
29750  0.224896
29800  0.224896
29850  0.224896
29900  0.224896
29950  0.224896
30000  0.224896
30050  0.224896
30100  0.224896
30150  0.224896
30200  0.224896
30250  0.224896
30300  0.224827
30350  0.224827
30400  0.224827
30450  0.224827
30500  0.224827
30550  0.224789
30600  0.224789
30650  0.224789
30700  0.224789
30750  0.224789
30800  0.224789
30850  0.224789
30900  0.224789
30950  0.224789
31000  0.224789
31050  0.224789
31100  0.224789
31150  0.224789
31200  0.224789
31250  0.224789
31300  0.224789
31350  0.224789
31400  0.224789
31450  0.224789
31500  0.224789
31550  0.224789
31600  0.224789
31650  0.224789
31700  0.224789
31750  0.224789
31800  0.224789
31850  0.224789
31900  0.224789
31950  0.224789
32000  0.224789
32050  0.224789
32100  0.224789
32150  0.224789
32200  0.224789
32250  0.224789
32300  0.224789
32350  0.224789
32400  0.224789
32450  0.224789
32500  0.224789
32550  0.224789
32600  0.224789
32650  0.224789
32700  0.224789
32750  0.224789
32800  0.224789
32850  0.224789
32900  0.224789
32950  0.224789
33000  0.224789
33050  0.224764
33100  0.224764
33150  0.224764
33200  0.224764
33250  0.224751
33300  0.224751
33350  0.224751
33400  0.224751
33450  0.224751
33500  0.224751
33550  0.224751
33600  0.224751
33650  0.224751
33700  0.224751
33750  0.224751
33800  0.224751
33850  0.224751
33900  0.224751
33950  0.224751
34000  0.224751
34050  0.224751
34100  0.224751
34150  0.224661
34200  0.224671
34250  0.224671
34300  0.224671
34350  0.224671
34400  0.224671
34450  0.224671
34500  0.224671
34550  0.224671
34600  0.224671
34650  0.224671
34700  0.224671
34750  0.224671
34800  0.224671
34850  0.224671
34900  0.224671
34950  0.224671
35000  0.224671
35050  0.224671
35100  0.224671
35150  0.224671
35200  0.224671
35250  0.224671
35300  0.224671
35350  0.224671
35400  0.224671
35450  0.224671
35500  0.224671
35550  0.224671
35600  0.224618
35650  0.224618
35700  0.224618
35750  0.224618
35800  0.224618
35850  0.224618
35900  0.224618
35950  0.224618
36000  0.224618
36050  0.224618
36100  0.224618
36150  0.224618
36200  0.224618
36250  0.224618
36300  0.224618
36350  0.224569
36400  0.224569
36450  0.224569
36500  0.224569
36550  0.224569
36600  0.224569
36650  0.224569
36700  0.224569
36750  0.224569
36800  0.224569
36850  0.224569
36900  0.224569
36950  0.224569
37000  0.224569
37050  0.224569
37100  0.224569
37150  0.224569
37200  0.224519
37250  0.224519
37300  0.224519
37350  0.224519
37400  0.224519
37450  0.224519
37500  0.224519
37550  0.224519
37600  0.224519
37650  0.224519
37700  0.224519
37750  0.224519
37800  0.224519
37850  0.224519
37900  0.224519
37950  0.224519
38000  0.224519
38050  0.224519
38100  0.224519
38150  0.224519
38200  0.224519
38250  0.224519
38300  0.224519
38350  0.224519
38400  0.224519
38450  0.224519
38500  0.224519
38550  0.224519
38600  0.224519
38650  0.224519
38700  0.224519
38750  0.224519
38800  0.224519
38850  0.224519
38900  0.224519
38950  0.224519
39000  0.224519
39050  0.224519
39100  0.224519
39150  0.224519
39200  0.224519
39250  0.224519
39300  0.224519
39350  0.224519
39400  0.224519
39450  0.224519
39500  0.224519
39550  0.224519
39600  0.224519
39650  0.224503
39700  0.224503
39750  0.224503
39800  0.224503
39850  0.224503
39900  0.224503
39950  0.224503
40000  0.224503
40050  0.224503
40100  0.224503
40150  0.224503
40200  0.224503
40250  0.224503
40300  0.224503
40350  0.224503
40400  0.224503
40450  0.224503
40500  0.224503
40550  0.224503
40600  0.224503
40650  0.224503
40700  0.224503
40750  0.224503
40800  0.224503
40850  0.224503
40900  0.224503
40950  0.224503
41000  0.224493
41050  0.224493
41100  0.224493
41150  0.224493
41200  0.224493
41250  0.224493
41300  0.224493
41350  0.224493
41400  0.224493
41450  0.224493
41500  0.224493
41550  0.224493
41600  0.224493
41650  0.224493
41700  0.224493
41750  0.224493
41800  0.224493
41850  0.224493
41900  0.224493
41950  0.224493
42000  0.224493
42050  0.224462
42100  0.224462
42150  0.224462
42200  0.224462
42250  0.224462
42300  0.224462
42350  0.224373
42400  0.224373
42450  0.224346
42500  0.224346
42550  0.224346
42600  0.224346
42650  0.224346
42700  0.224346
42750  0.224346
42800  0.224346
42850  0.224346
42900  0.224346
42950  0.224346
43000  0.224346
43050  0.224346
43100  0.224346
43150  0.224346
43200  0.224346
43250  0.224329
43300  0.224329
43350  0.224293
43400  0.224267
43450  0.224267
43500  0.224267
43550  0.224267
43600  0.224267
43650  0.224267
43700  0.224267
43750  0.224267
43800  0.224267
43850  0.224267
43900  0.224267
43950  0.224267
44000  0.224267
44050  0.224267
44100  0.224267
44150  0.224267
44200  0.224267
44250  0.224267
44300  0.224267
44350  0.224267
44400  0.224267
44450  0.224267
44500  0.224267
44550  0.224229
44600  0.224229
44650  0.224229
44700  0.224229
44750  0.224229
44800  0.224217
44850  0.224217
44900  0.224217
44950  0.224217
45000  0.224217
45050  0.224217
45100  0.224217
45150  0.224217
45200  0.224217
45250  0.224217
45300  0.224217
45350  0.224217
45400  0.224217
45450  0.224217
45500  0.224217
45550  0.224217
45600  0.224217
45650  0.224217
45700  0.224217
45750  0.224217
45800  0.224217
45850  0.224217
45900  0.224217
45950  0.224217
46000  0.224217
46050  0.224217
46100  0.224217
46150  0.224217
46200  0.224217
46250  0.224217
46300  0.224217
46350  0.224217
46400  0.224217
46450  0.224217
46500  0.224217
46550  0.224217
46600  0.224217
46650  0.224217
46700  0.224217
46750  0.224217
46800  0.224217
46850  0.224217
46900  0.224217
46950  0.224217
47000  0.224187
47050  0.224167
47100  0.224167
47150  0.224167
47200  0.224167
47250  0.224167
47300  0.224167
47350  0.224167
47400  0.224167
47450  0.224167
47500  0.224167
47550  0.224095
47600  0.224095
47650  0.224095
47700  0.224095
47750  0.224095
47800  0.224095
47850  0.224095
47900  0.224095
47950  0.224095
48000  0.224095
48050  0.224095
48100  0.224095
48150  0.224093
48200  0.224093
48250  0.224093
48300  0.224093
48350  0.224093
48400  0.224093
48450  0.224093
48500  0.224093
48550  0.224093
48600  0.224093
48650  0.224093
48700  0.224093
48750  0.224093
48800  0.224082
48850  0.224082
48900  0.224082
48950  0.224082
49000  0.224082
49050  0.224082
49100  0.224082
49150  0.224082
49200  0.224082
49250  0.224082
49300  0.224082
49350  0.224082
49400  0.224082
49450  0.224082
49500  0.224082
49550  0.224082
49600  0.224082
49650  0.224082
49700  0.224082
49750  0.224082
49800  0.224049
49850  0.224049
49900  0.224049
49950  0.224049
50000  0.224049
50050  0.224013
50100  0.224013
50150  0.224013
50200  0.224013
50250  0.224013
50300  0.224013
50350  0.224013
50400  0.224013
50450  0.224013
50500  0.224013
50550  0.224013
50600  0.224013
50650  0.224013
50700  0.224013
50750  0.224013
50800  0.224013
50850  0.224013
50900  0.224013
50950  0.224013
51000  0.224013
51050  0.224013
51100  0.224013
51150  0.224013
51200  0.224013
51250  0.224013
51300  0.224013
51350  0.224013
51400  0.224013
51450  0.224013
51500  0.224013
51550  0.224013
51600  0.224013
51650  0.224013
51700  0.224013
51750  0.224013
51800  0.224013
51850  0.224013
51900  0.224013
51950  0.224013
52000  0.224013
52050  0.224013
52100  0.223955
52150  0.223955
52200  0.223955
52250  0.223955
52300  0.223955
52350  0.223955
52400  0.223955
52450  0.223955
52500  0.223955
52550  0.223955
52600  0.223955
52650  0.223955
52700  0.223955
52750  0.223955
52800  0.223955
52850  0.223955
52900  0.223955
52950  0.223951
53000  0.223951
53050  0.223951
53100  0.223951
53150  0.223951
53200  0.223951
53250  0.223951
53300  0.223951
53350  0.223951
53400  0.223951
53450  0.223951
53500  0.223951
53550  0.223951
53600  0.223951
53650  0.223951
53700  0.223951
53750  0.223951
53800  0.223951
53850  0.223951
53900  0.223951
53950  0.223951
54000  0.223951
54050  0.223951
54100  0.223951
54150  0.223951
54200  0.223951
54250  0.223951
54300  0.223951
54350  0.223951
54400  0.223951
54450  0.223951
54500  0.223951
54550  0.223951
54600  0.223951
54650  0.223951
54700  0.223951
54750  0.223951
54800  0.223951
54850  0.223951
54900  0.223951
54950  0.223951
55000  0.223951
55050  0.223951
55100  0.223951
55150  0.223951
55200  0.223898
55250  0.223898
55300  0.223898
55350  0.223898
55400  0.223898
55450  0.223898
55500  0.223898
55550  0.223898
55600  0.223898
55650  0.223898
55700  0.223898
55750  0.223898
55800  0.223898
55850  0.223898
55900  0.223898
55950  0.223898
56000  0.223898
56050  0.223898
56100  0.223898
56150  0.223898
56200  0.223898
56250  0.223898
56300  0.223794
56350  0.223778
56400  0.223778
56450  0.223778
56500  0.223778
56550  0.223778
56600  0.223778
56650  0.223778
56700  0.223778
56750  0.223778
56800  0.223778
56850  0.223778
56900  0.223778
56950  0.223778
57000  0.223778
57050  0.223778
57100  0.223778
57150  0.223778
57200  0.223778
57250  0.223778
57300  0.223778
57350  0.223778
57400  0.223778
57450  0.223778
57500  0.223778
57550  0.223778
57600  0.223778
57650  0.223778
57700  0.223778
57750  0.223778
57800  0.223778
57850  0.223778
57900  0.223778
57950  0.223778
58000  0.223778
58050  0.223778
58100  0.223778
58150  0.223778
58200  0.223778
58250  0.223778
58300  0.223778
58350  0.223778
58400  0.223778
58450  0.223778
58500  0.223778
58550  0.223778
58600  0.223778
58650  0.223778
58700  0.223778
58750  0.223717
58800  0.223717
58850  0.223717
58900  0.223717
58950  0.223717
59000  0.223717
59050  0.223717
59100  0.223717
59150  0.223717
59200  0.223717
59250  0.223717
59300  0.223717
59350  0.223717
59400  0.223717
59450  0.223717
59500  0.223717
59550  0.223717
59600  0.223717
59650  0.223635
59700  0.223635
59750  0.223635
59800  0.223635
59850  0.223635
59900  0.223635
59950  0.223635
60000  0.223635
60050  0.223635
60100  0.223635
60150  0.223603
60200  0.223603
60250  0.223603
60300  0.223594
60350  0.223594
60400  0.223594
60450  0.223594
60500  0.223594
60550  0.223594
60600  0.223594
60650  0.223594
60700  0.223594
60750  0.223594
60800  0.223594
60850  0.223594
60900  0.223594
60950  0.223594
61000  0.223594
61050  0.223594
61100  0.223594
61150  0.223594
61200  0.223592
61250  0.223592
61300  0.223592
61350  0.223592
61400  0.223592
61450  0.223592
61500  0.223578
61550  0.223578
61600  0.223578
61650  0.223578
61700  0.223578
61750  0.223578
61800  0.223578
61850  0.223578
61900  0.223578
61950  0.223578
62000  0.223578
62050  0.223578
62100  0.223578
62150  0.223578
62200  0.223578
62250  0.223578
62300  0.223578
62350  0.223578
62400  0.223578
62450  0.223578
62500  0.223578
62550  0.223578
62600  0.223578
62650  0.223578
62700  0.223578
62750  0.223578
62800  0.223578
62850  0.223578
62900  0.223578
62950  0.223578
63000  0.223578
63050  0.223578
63100  0.223578
63150  0.223578
63200  0.223578
63250  0.223578
63300  0.223578
63350  0.223578
63400  0.223578
63450  0.223578
63500  0.223578
63550  0.223578
63600  0.223578
63650  0.223578
63700  0.223578
63750  0.223578
63800  0.223578
63850  0.223578
63900  0.223578
63950  0.223578
64000  0.223578
64050  0.223578
64100  0.223578
64150  0.223578
64200  0.223578
64250  0.223578
64300  0.223578
64350  0.223578
64400  0.223578
64450  0.223578
64500  0.223578
64550  0.223578
64600  0.223578
64650  0.223578
64700  0.223578
64750  0.223578
64800  0.223578
64850  0.223578
64900  0.223578
64950  0.223578
65000  0.223578
65050  0.223578
65100  0.223578
65150  0.223578
65200  0.223578
65250  0.223532
65300  0.223532
65350  0.223532
65400  0.223532
65450  0.223532
65500  0.223532
65550  0.223532
65600  0.223532
65650  0.223532
65700  0.223532
65750  0.223532
65800  0.223532
65850  0.223532
65900  0.223532
65950  0.223532
66000  0.223532
66050  0.223532
66100  0.223532
66150  0.223532
66200  0.223532
66250  0.223532
66300  0.223532
66350  0.223532
66400  0.223532
66450  0.223532
66500  0.223532
66550  0.223532
66600  0.223532
66650  0.223532
66700  0.223532
66750  0.223532
66800  0.223532
66850  0.223532
66900  0.223532
66950  0.223532
67000  0.223532
67050  0.223532
67100  0.223532
67150  0.223532
67200  0.223532
67250  0.223532
67300  0.223532
67350  0.223532
67400  0.223532
67450  0.223532
67500  0.223532
67550  0.223532
67600  0.223532
67650  0.223532
67700  0.223532
67750  0.223532
67800  0.223532
67850  0.223532
67900  0.223532
67950  0.223532
68000  0.223532
68050  0.223532
68100  0.223532
68150  0.223532
68200  0.223532
68250  0.223532
68300  0.223532
68350  0.223532
68400  0.223532
68450  0.223532
68500  0.223532
68550  0.223532
68600  0.223532
68650  0.223532
68700  0.223532
68750  0.223532
68800  0.223532
68850  0.223532
68900  0.223532
68950  0.223532
69000  0.223532
69050  0.223532
69100  0.223532
69150  0.223532
69200  0.223532
69250  0.223532
69300  0.223532
69350  0.223532
69400  0.223532
69450  0.223532
69500  0.223532
69550  0.223532
69600  0.223532
69650  0.223532
69700  0.223532
69750  0.223532
69800  0.223532
69850  0.223532
69900  0.223532
69950  0.223532
70000  0.223532
70050  0.223532
70100  0.223532
70150  0.223532
70200  0.223532
70250  0.223532
70300  0.223532
70350  0.223532
70400  0.223532
70450  0.223532
70500  0.223532
70550  0.223532
70600  0.223532
70650  0.223532
70700  0.223532
70750  0.223532
70800  0.223532
70850  0.223532
70900  0.223532
70950  0.223532
71000  0.223532
71050  0.223532
71100  0.223532
71150  0.223532
71200  0.223532
71250  0.223474
71300  0.223474
71350  0.223474
71400  0.223474
71450  0.223474
71500  0.223474
71550  0.223474
71600  0.223474
71650  0.223474
71700  0.223474
71750  0.223474
71800  0.223474
71850  0.223474
71900  0.223474
71950  0.223474
72000  0.223474
72050  0.223474
72100  0.223474
72150  0.223474
72200  0.223474
72250  0.223474
72300  0.223474
72350  0.223474
72400  0.223474
72450  0.223474
72500  0.223474
72550  0.223474
72600  0.223474
72650  0.223473
72700  0.223473
72750  0.223473
72800  0.223473
72850  0.223473
72900  0.223473
72950  0.223473
73000  0.223473
73050  0.223473
73100  0.223473
73150  0.223473
73200  0.223441
73250  0.223441
73300  0.223441
73350  0.223441
73400  0.223441
73450  0.223441
73500  0.223441
73550  0.223441
73600  0.223441
73650  0.223441
73700  0.223441
73750  0.223441
73800  0.223441
73850  0.223441
73900  0.223441
73950  0.223441
74000  0.223441
74050  0.223441
74100  0.223441
74150  0.223441
74200  0.223441
74250  0.223441
74300  0.223441
74350  0.223441
74400  0.223441
74450  0.223441
74500  0.223441
74550  0.223441
74600  0.223441
74650  0.223441
74700  0.223441
74750  0.223441
74800  0.223441
74850  0.223441
74900  0.223441
74950  0.223441
75000  0.223441
75050  0.223441
75100  0.223441
75150  0.223441
75200  0.223441
75250  0.223441
75300  0.223441
75350  0.223441
75400  0.223441
75450  0.223441
75500  0.223441
75550  0.223441
75600  0.2234
75650  0.2234
75700  0.2234
75750  0.2234
75800  0.2234
75850  0.2234
75900  0.2234
75950  0.2234
76000  0.2234
76050  0.2234
76100  0.2234
76150  0.2234
76200  0.2234
76250  0.2234
76300  0.2234
76350  0.2234
76400  0.2234
76450  0.2234
76500  0.2234
76550  0.2234
76600  0.223349
76650  0.223349
76700  0.223349
76750  0.223349
76800  0.223349
76850  0.223349
76900  0.223349
76950  0.223349
77000  0.223349
77050  0.223349
77100  0.223349
77150  0.223349
77200  0.223349
77250  0.223349
77300  0.223349
77350  0.223349
77400  0.223349
77450  0.223349
77500  0.223349
77550  0.223349
77600  0.223349
77650  0.223349
77700  0.223349
77750  0.223349
77800  0.223349
77850  0.223349
77900  0.223349
77950  0.223349
78000  0.223349
78050  0.223349
78100  0.223349
78150  0.223349
78200  0.223349
78250  0.223349
78300  0.223349
78350  0.223349
78400  0.223349
78450  0.223343
78500  0.223343
78550  0.223343
78600  0.223343
78650  0.223343
78700  0.223343
78750  0.223343
78800  0.223343
78850  0.223343
78900  0.223343
78950  0.223343
79000  0.223343
79050  0.223343
79100  0.223343
79150  0.223343
79200  0.223343
79250  0.223343
79300  0.223343
79350  0.223343
79400  0.223343
79450  0.223343
79500  0.223343
79550  0.223343
79600  0.223343
79650  0.223343
79700  0.223343
79750  0.223343
79800  0.223343
79850  0.223343
79900  0.223343
79950  0.223343
80000  0.223343
80050  0.223343
80100  0.223343
80150  0.223343
80200  0.223343
80250  0.223343
80300  0.223343
80350  0.223343
80400  0.223343
80450  0.223343
80500  0.223343
80550  0.223343
80600  0.223343
80650  0.223343
80700  0.223343
80750  0.223343
80800  0.223343
80850  0.223343
80900  0.223343
80950  0.223343
81000  0.223343
81050  0.223343
81100  0.223343
81150  0.223343
81200  0.223343
81250  0.223343
81300  0.223343
81350  0.223343
81400  0.223343
81450  0.223343
81500  0.223343
81550  0.223343
81600  0.223343
81650  0.223343
81700  0.223343
81750  0.223343
81800  0.223343
81850  0.223343
81900  0.223343
81950  0.223343
82000  0.223343
82050  0.223343
82100  0.223343
82150  0.223343
82200  0.223343
82250  0.223343
82300  0.223343
82350  0.223343
82400  0.223343
82450  0.223343
82500  0.223343
82550  0.223343
82600  0.223343
82650  0.223343
82700  0.223343
82750  0.223343
82800  0.223343
82850  0.223343
82900  0.223343
82950  0.223343
83000  0.223343
83050  0.223343
83100  0.223343
83150  0.223343
83200  0.223343
83250  0.223343
83300  0.223343
83350  0.223343
83400  0.223343
83450  0.223343
83500  0.223343
83550  0.223343
83600  0.223343
83650  0.223343
83700  0.223343
83750  0.223343
83800  0.223343
83850  0.223343
83900  0.223343
83950  0.223343
84000  0.223343
84050  0.223299
84100  0.223299
84150  0.223299
84200  0.223299
84250  0.223299
84300  0.223299
84350  0.223299
84400  0.223299
84450  0.223299
84500  0.223299
84550  0.223299
84600  0.223299
84650  0.223299
84700  0.223299
84750  0.223299
84800  0.223299
84850  0.223299
84900  0.223299
84950  0.223299
85000  0.223299
85050  0.223299
85100  0.223299
85150  0.223299
85200  0.223299
85250  0.223299
85300  0.223299
85350  0.223299
85400  0.223299
85450  0.223299
85500  0.223299
85550  0.223299
85600  0.223299
85650  0.223299
85700  0.223299
85750  0.223299
85800  0.223299
85850  0.223299
85900  0.223299
85950  0.223299
86000  0.223299
86050  0.223299
86100  0.223299
86150  0.223299
86200  0.223299
86250  0.223299
86300  0.223299
86350  0.223299
86400  0.223299
86450  0.223299
86500  0.223299
86550  0.223299
86600  0.223299
86650  0.223299
86700  0.223299
86750  0.223299
86800  0.223299
86850  0.223299
86900  0.223299
86950  0.223299
87000  0.223299
87050  0.223299
87100  0.223299
87150  0.223202
87200  0.223202
87250  0.223202
87300  0.223202
87350  0.223202
87400  0.223202
87450  0.223202
87500  0.223202
87550  0.223202
87600  0.223202
87650  0.223202
87700  0.223202
87750  0.223202
87800  0.223202
87850  0.223202
87900  0.223202
87950  0.223202
88000  0.223202
88050  0.223202
88100  0.223202
88150  0.223202
88200  0.223202
88250  0.223202
88300  0.223202
88350  0.223202
88400  0.223202
88450  0.223202
88500  0.223202
88550  0.223202
88600  0.223202
88650  0.223202
88700  0.223202
88750  0.223202
88800  0.223202
88850  0.223202
88900  0.223202
88950  0.223202
89000  0.223202
89050  0.223202
89100  0.223202
89150  0.223202
89200  0.223202
89250  0.223202
89300  0.223202
89350  0.223202
89400  0.223202
89450  0.223202
89500  0.223202
89550  0.223202
89600  0.223202
89650  0.223202
89700  0.223202
89750  0.223202
89800  0.223202
89850  0.223202
89900  0.223202
89950  0.223202
90000  0.223202
90050  0.223202
90100  0.223202
90150  0.223202
90200  0.223202
90250  0.223202
90300  0.223202
90350  0.223202
90400  0.223202
90450  0.223202
90500  0.223202
90550  0.223202
90600  0.223202
90650  0.223202
90700  0.223202
90750  0.223202
90800  0.223202
90850  0.223202
90900  0.223202
90950  0.223202
91000  0.223202
91050  0.223202
91100  0.223202
91150  0.223202
91200  0.223202
91250  0.223202
91300  0.223202
91350  0.223202
91400  0.223202
91450  0.223202
91500  0.223202
91550  0.223202
91600  0.223202
91650  0.223202
91700  0.223202
91750  0.223202
91800  0.223202
91850  0.223202
91900  0.223202
91950  0.223202
92000  0.223202
92050  0.223202
92100  0.223202
92150  0.223202
92200  0.223202
92250  0.223202
92300  0.223202
92350  0.223202
92400  0.223202
92450  0.223202
92500  0.223202
92550  0.223202
92600  0.223202
92650  0.223202
92700  0.223202
92750  0.223202
92800  0.223202
92850  0.223202
92900  0.223202
92950  0.223202
93000  0.223202
93050  0.223202
93100  0.223202
93150  0.223202
93200  0.223202
93250  0.223202
93300  0.223202
93350  0.223202
93400  0.223202
93450  0.223202
93500  0.223202
93550  0.223202
93600  0.223121
93650  0.223121
93700  0.223121
93750  0.223121
93800  0.223121
93850  0.223121
93900  0.223121
93950  0.223121
94000  0.223121
94050  0.223121
94100  0.223121
94150  0.223121
94200  0.223121
94250  0.223121
94300  0.223121
94350  0.223121
94400  0.223121
94450  0.223121
94500  0.223121
94550  0.223121
94600  0.223121
94650  0.223121
94700  0.223121
94750  0.223121
94800  0.223121
94850  0.223121
94900  0.223121
94950  0.223121
95000  0.223121
95050  0.223121
95100  0.223121
95150  0.223121
95200  0.223121
95250  0.223121
95300  0.223121
95350  0.223121
95400  0.223121
95450  0.223121
95500  0.223121
95550  0.223121
95600  0.223121
95650  0.223121
95700  0.223121
95750  0.223121
95800  0.223121
95850  0.223121
95900  0.223121
95950  0.223121
96000  0.223121
96050  0.223121
96100  0.223121
96150  0.223121
96200  0.223121
96250  0.223121
96300  0.223121
96350  0.223121
96400  0.223121
96450  0.223121
96500  0.223121
96550  0.223121
96600  0.223121
96650  0.223121
96700  0.223121
96750  0.223121
96800  0.223121
96850  0.223121
96900  0.223121
96950  0.223121
97000  0.223121
97050  0.223121
97100  0.223121
97150  0.223121
97200  0.223121
97250  0.223121
97300  0.223121
97350  0.223121
97400  0.223121
97450  0.223121
97500  0.223121
97550  0.223121
97600  0.223121
97650  0.223121
97700  0.223121
97750  0.223121
97800  0.223121
97850  0.223121
97900  0.223121
97950  0.223121
98000  0.223121
98050  0.223121
98100  0.223121
98150  0.223121
98200  0.223121
98250  0.223121
98300  0.223121
98350  0.223121
98400  0.223121
98450  0.223121
98500  0.223121
98550  0.223121
98600  0.223121
98650  0.223121
98700  0.223121
98750  0.223121
98800  0.223121
98850  0.223121
98900  0.223121
98950  0.223121
99000  0.223121
99050  0.223121
99100  0.223121
99150  0.223121
99200  0.223121
99250  0.223121
99300  0.223121
99350  0.223121
99400  0.223121
99450  0.223121
99500  0.223121
99550  0.223121
99600  0.223121
99650  0.223121
99700  0.223121
99750  0.223121
99800  0.223121
99850  0.223121
99900  0.223121
99950  0.223121
100000  0.223121
100050  0.223121
100100  0.223121
100150  0.223121
100200  0.223121
100250  0.223121
100300  0.223121
100350  0.223121
100400  0.223121
100450  0.223121
100500  0.223121
100550  0.223121
100600  0.223121
100650  0.223121
100700  0.223121
100750  0.223121
100800  0.223121
100850  0.223121
100900  0.223121
100950  0.223121
101000  0.223121
101050  0.223121
101100  0.223121
101150  0.223121
101200  0.223121
101250  0.223121
101300  0.223121
101350  0.223121
101400  0.223121
101450  0.223121
101500  0.223121
101550  0.223121
101600  0.223121
101650  0.223121
101700  0.223121
101750  0.223108
101800  0.223108
101850  0.223108
101900  0.223108
101950  0.223108
102000  0.223108
102050  0.223108
102100  0.223108
102150  0.223108
102200  0.223108
102250  0.223108
102300  0.223108
102350  0.223108
102400  0.223108
102450  0.223108
102500  0.223108
102550  0.223108
102600  0.223108
102650  0.223108
102700  0.223108
102750  0.223108
102800  0.223108
102850  0.223108
102900  0.223108
102950  0.223108
103000  0.223108
103050  0.223108
103100  0.223108
103150  0.223108
103200  0.223108
103250  0.223108
103300  0.223108
103350  0.223108
103400  0.223108
103450  0.223108
103500  0.223108
103550  0.223108
103600  0.223108
103650  0.223108
103700  0.223108
103750  0.223108
103800  0.223108
103850  0.223108
103900  0.223108
103950  0.223108
104000  0.223108
104050  0.223108
104100  0.223108
104150  0.223108
104200  0.223108
104250  0.223108
104300  0.223108
104350  0.223108
104400  0.223108
104450  0.223108
104500  0.223108
104550  0.223108
104600  0.223108
104650  0.223108
104700  0.223108
104750  0.223108
104800  0.223108
104850  0.223108
104900  0.223108
104950  0.223108
105000  0.223108
105050  0.223108
105100  0.223108
105150  0.223108
105200  0.223108
105250  0.223108
105300  0.223108
105350  0.223108
105400  0.223108
105450  0.223108
105500  0.223108
105550  0.223108
105600  0.223108
105650  0.223108
105700  0.223108
105750  0.223108
105800  0.223108
105850  0.223108
105900  0.223108
105950  0.223108
106000  0.223108
106050  0.223108
106100  0.223108
106150  0.223108
106200  0.223108
106250  0.223108
106300  0.223108
106350  0.223108
106400  0.223108
106450  0.223108
106500  0.223108
106550  0.223108
106600  0.223108
106650  0.223108
106700  0.223108
106750  0.223108
106800  0.223108
106850  0.223108
106900  0.223108
106950  0.223108
107000  0.223108
107050  0.223108
107100  0.223108
107150  0.223108
107200  0.223108
107250  0.223108
107300  0.223108
107350  0.223108
107400  0.223108
107450  0.223108
107500  0.223108
107550  0.223108
107600  0.223108
107650  0.223108
107700  0.223108
107750  0.223108
107800  0.223108
107850  0.223108
107900  0.223108
107950  0.223108
108000  0.223108
108050  0.223108
108100  0.223108
108150  0.223108
108200  0.223108
108250  0.223108
108300  0.223108
108350  0.223108
108400  0.223108
108450  0.223108
108500  0.223108
108550  0.223108
108600  0.223108
108650  0.223108
108700  0.223108
108750  0.223108
108800  0.223108
108850  0.223108
108900  0.223108
108950  0.223108
109000  0.223108
109050  0.223108
109100  0.223108
109150  0.223108
109200  0.223108
109250  0.223108
109300  0.223108
109350  0.223108
109400  0.223108
109450  0.223108
109500  0.223108
109550  0.223108
109600  0.223108
109650  0.223108
109700  0.223108
109750  0.223108
109800  0.223108
109850  0.223108
109900  0.223108
109950  0.223108
110000  0.223108
110050  0.223108
110100  0.223108
110150  0.223108
110200  0.223108
110250  0.223108
110300  0.223108
110350  0.223108
110400  0.223108
110450  0.223108
110500  0.223108
110550  0.223108
110600  0.223108
110650  0.223108
110700  0.223108
110750  0.223108
110800  0.223108
110850  0.223108
110900  0.223108
110950  0.223108
111000  0.223108
111050  0.223108
111100  0.223108
111150  0.223108
111200  0.223108
111250  0.223108
111300  0.223108
111350  0.223108
111400  0.223108
111450  0.223108
111500  0.223108
111550  0.223108
111600  0.223108
111650  0.223108
111700  0.223108
111750  0.223108
111800  0.223108
111850  0.223108
111900  0.223108
111950  0.223108
112000  0.223108
112050  0.223108
112100  0.223108
112150  0.223108
112200  0.223108
112250  0.223108
112300  0.223108
112350  0.223108
112400  0.223108
112450  0.223108
112500  0.223108
112550  0.223108
112600  0.223108
112650  0.223108
112700  0.223108
112750  0.223108
112800  0.223108
112850  0.223108
112900  0.223108
112950  0.223108
113000  0.223108
113050  0.223108
113100  0.223108
113150  0.223068
113200  0.223068
113250  0.223068
113300  0.223068
113350  0.223068
113400  0.223068
113450  0.223068
113500  0.223068
113550  0.223068
113600  0.223068
113650  0.223068
113700  0.223068
113750  0.223068
