Step  Penalty
32  0.487545
64  0.483595
96  0.452424
128  0.41184
160  0.38765
192  0.355492
224  0.331447
256  0.315674
288  0.30717
320  0.291537
352  0.282919
384  0.274805
416  0.268942
448  0.256526
480  0.244366
512  0.244366
544  0.244179
576  0.243563
608  0.241791
640  0.240397
672  0.236724
704  0.235467
736  0.235467
768  0.23234
800  0.23234
832  0.228308
864  0.228308
896  0.228308
928  0.228308
960  0.228308
992  0.228308
1024  0.228308
1056  0.228308
1088  0.228308
1120  0.228308
1152  0.228308
1184  0.228308
1216  0.228308
1248  0.228308
1280  0.228308
1312  0.228063
1344  0.226992
1376  0.226992
1408  0.226992
1440  0.226992
1472  0.226992
1504  0.226992
1536  0.226992
1568  0.224008
1600  0.224008
1632  0.224008
1664  0.224008
1696  0.224008
1728  0.224008
1760  0.224008
1792  0.224008
1824  0.224008
1856  0.224008
1888  0.224008
1920  0.224008
1952  0.224008
1984  0.224008
2016  0.224008
2048  0.224008
2080  0.224008
2112  0.221641
2144  0.220938
2176  0.220938
2208  0.220938
2240  0.220938
2272  0.220938
2304  0.220938
2336  0.220938
2368  0.220938
2400  0.220938
2432  0.220938
2464  0.220938
2496  0.220938
2528  0.220938
2560  0.220938
2592  0.220938
2624  0.220938
2656  0.220938
2688  0.220938
2720  0.220938
2752  0.220938
2784  0.220938
2816  0.220938
2848  0.220938
2880  0.220938
2912  0.220938
2944  0.220938
2976  0.220938
3008  0.220938
3040  0.21904
3072  0.21904
3104  0.21904
3136  0.21904
3168  0.21904
3200  0.21904
3232  0.21904
3264  0.21904
3296  0.21904
3328  0.21904
3360  0.21904
3392  0.21904
3424  0.21904
3456  0.21904
3488  0.21904
3520  0.21904
3552  0.21904
3584  0.21904
3616  0.21904
3648  0.21904
3680  0.21904
3712  0.21904
3744  0.21904
3776  0.21904
3808  0.21904
3840  0.21904
3872  0.21904
3904  0.21904
3936  0.21904
3968  0.21904
4000  0.21904
4032  0.21904
4064  0.21904
4096  0.21904
4128  0.21904
4160  0.21904
4192  0.21904
4224  0.21904
4256  0.21904
4288  0.21904
4320  0.21904
4352  0.21904
4384  0.21904
4416  0.21904
4448  0.21904
4480  0.21904
4512  0.21904
4544  0.21904
4576  0.21904
4608  0.21904
4640  0.21904
4672  0.21904
4704  0.21904
4736  0.21904
4768  0.21904
4800  0.21904
4832  0.21904
4864  0.21904
4896  0.21904
4928  0.21904
4960  0.21904
4992  0.21904
5024  0.21904
5056  0.21904
5088  0.21904
5120  0.21904
5152  0.21904
5184  0.21904
5216  0.21904
5248  0.21904
5280  0.21904
5312  0.21904
5344  0.21904
5376  0.21904
5408  0.21904
5440  0.21904
5472  0.21904
5504  0.21904
5536  0.21904
5568  0.21904
5600  0.21904
5632  0.21904
5664  0.21904
5696  0.21904
5728  0.21904
5760  0.21904
5792  0.218976
5824  0.218976
5856  0.218976
5888  0.218976
5920  0.218976
5952  0.218976
5984  0.218976
6016  0.218976
6048  0.218976
6080  0.218976
6112  0.218976
6144  0.218976
6176  0.218976
6208  0.218976
6240  0.218976
6272  0.218976
6304  0.218976
6336  0.218976
6368  0.218976
6400  0.218976
6432  0.218976
6464  0.218976
6496  0.218976
6528  0.218976
6560  0.218976
6592  0.218976
6624  0.218976
6656  0.218976
6688  0.218976
6720  0.218976
6752  0.218976
6784  0.218976
6816  0.218976
6848  0.218976
6880  0.218976
6912  0.218976
6944  0.218976
6976  0.218976
7008  0.218976
7040  0.218976
7072  0.218976
7104  0.218976
7136  0.218976
7168  0.218976
7200  0.218976
7232  0.218976
7264  0.218976
7296  0.218976
7328  0.218976
7360  0.218976
7392  0.218976
7424  0.218976
7456  0.218976
7488  0.218976
7520  0.218976
7552  0.218976
7584  0.218976
7616  0.218976
7648  0.218976
7680  0.218976
7712  0.218976
7744  0.218976
7776  0.218976
7808  0.218976
7840  0.218976
7872  0.218976
7904  0.218976
7936  0.218976
7968  0.218976
8000  0.218976
8032  0.218976
8064  0.218976
8096  0.218976
8128  0.218976
8160  0.218976
8192  0.218976
8224  0.218976
8256  0.218976
8288  0.218976
8320  0.218976
8352  0.218976
8384  0.218976
8416  0.218976
8448  0.218976
8480  0.218976
8512  0.218976
8544  0.218976
8576  0.218976
8608  0.218976
8640  0.218976
8672  0.218976
8704  0.218976
8736  0.218976
8768  0.218976
8800  0.218976
8832  0.218976
8864  0.218976
8896  0.218976
8928  0.218976
8960  0.218976
8992  0.218976
9024  0.218976
9056  0.218976
9088  0.218976
9120  0.218976
9152  0.218976
9184  0.218976
9216  0.218976
9248  0.218976
9280  0.218976
9312  0.218976
9344  0.218976
9376  0.218976
9408  0.218976
9440  0.218976
9472  0.218976
9504  0.218976
9536  0.218976
9568  0.218976
9600  0.218976
9632  0.218976
9664  0.218976
9696  0.218976
9728  0.218976
9760  0.218976
9792  0.218976
9824  0.218976
9856  0.218976
9888  0.218976
9920  0.218976
9952  0.218976
9984  0.218976
10016  0.218976
10048  0.218976
10080  0.218976
10112  0.218976
10144  0.218976
10176  0.218976
10208  0.218976
10240  0.218976
10272  0.218976
10304  0.218976
10336  0.218976
10368  0.218976
10400  0.218976
10432  0.218976
10464  0.218976
10496  0.218976
10528  0.218976
10560  0.218976
10592  0.218976
10624  0.218976
10656  0.218976
10688  0.218976
10720  0.218976
10752  0.218976
10784  0.218976
10816  0.218976
10848  0.218976
10880  0.218976
10912  0.218976
10944  0.218976
10976  0.218976
11008  0.218976
11040  0.218976
11072  0.218976
11104  0.218976
11136  0.218976
11168  0.218976
11200  0.218976
11232  0.218976
11264  0.218976
11296  0.218976
11328  0.218976
11360  0.218976
11392  0.218976
11424  0.218976
11456  0.218976
11488  0.218976
11520  0.218976
11552  0.218976
11584  0.218976
11616  0.218976
11648  0.218976
11680  0.218976
11712  0.218976
11744  0.218976
11776  0.218976
11808  0.218976
11840  0.218976
11872  0.218976
11904  0.218976
11936  0.218976
11968  0.218976
12000  0.218976
12032  0.218976
12064  0.218976
12096  0.218976
12128  0.218976
12160  0.218976
12192  0.218976
12224  0.218976
12256  0.218976
12288  0.218976
12320  0.218976
12352  0.218976
12384  0.218976
12416  0.218976
12448  0.218976
12480  0.218976
12512  0.218976
12544  0.218976
12576  0.218976
12608  0.218976
12640  0.218976
12672  0.218976
12704  0.218976
12736  0.218976
12768  0.218976
12800  0.218976
12832  0.218976
12864  0.218976
12896  0.218976
12928  0.218976
12960  0.218976
12992  0.218976
13024  0.218976
13056  0.218976
13088  0.218976
13120  0.218976
13152  0.218976
13184  0.218976
13216  0.218976
13248  0.218976
13280  0.218976
13312  0.218976
13344  0.218976
13376  0.218976
13408  0.218976
13440  0.218976
13472  0.218976
13504  0.218976
13536  0.218976
13568  0.218976
13600  0.218976
13632  0.218976
13664  0.218976
13696  0.218976
13728  0.218976
13760  0.218976
13792  0.218976
13824  0.218976
13856  0.218976
13888  0.218976
13920  0.218976
13952  0.218976
13984  0.218976
14016  0.218976
14048  0.218976
14080  0.218976
14112  0.218976
14144  0.218976
14176  0.218976
14208  0.218976
14240  0.218976
14272  0.218976
14304  0.218976
14336  0.218976
14368  0.218976
14400  0.218976
14432  0.218976
14464  0.218976
14496  0.218976
14528  0.218976
14560  0.218976
14592  0.218976
14624  0.218976
14656  0.218976
14688  0.218976
14720  0.218976
14752  0.218976
14784  0.218976
14816  0.218976
14848  0.218976
14880  0.218976
14912  0.218976
14944  0.218976
14976  0.218976
15008  0.218976
15040  0.218976
15072  0.218976
15104  0.218976
15136  0.218976
15168  0.218976
15200  0.218976
15232  0.218976
15264  0.218976
15296  0.218976
15328  0.218976
15360  0.218976
15392  0.218976
15424  0.218976
15456  0.218976
15488  0.218976
15520  0.218976
15552  0.218976
15584  0.218976
15616  0.218976
15648  0.218976
15680  0.218976
15712  0.218976
15744  0.218976
15776  0.218976
15808  0.218976
15840  0.218976
15872  0.218976
15904  0.218976
15936  0.218976
15968  0.218976
16000  0.218976
16032  0.218976
16064  0.218976
16096  0.218976
16128  0.218976
16160  0.218976
16192  0.218976
16224  0.218976
16256  0.218976
16288  0.218976
16320  0.218976
16352  0.218976
16384  0.218976
16416  0.218976
16448  0.218976
16480  0.218976
16512  0.218976
16544  0.218976
16576  0.218976
16608  0.218976
16640  0.218976
16672  0.218976
16704  0.218976
16736  0.218976
16768  0.218976
16800  0.218976
16832  0.218976
16864  0.218976
16896  0.218976
16928  0.218976
16960  0.218976
16992  0.218976
17024  0.218976
17056  0.218976
17088  0.218976
17120  0.218976
17152  0.218976
17184  0.218976
17216  0.218976
17248  0.218976
17280  0.218976
17312  0.218976
17344  0.218976
17376  0.218976
17408  0.218976
17440  0.218976
17472  0.218976
17504  0.218976
17536  0.218976
17568  0.218976
17600  0.218976
17632  0.218976
17664  0.218976
17696  0.218976
17728  0.218976
17760  0.218976
17792  0.218976
17824  0.218976
17856  0.218976
17888  0.218976
17920  0.218976
17952  0.218976
17984  0.218976
18016  0.218976
18048  0.218976
18080  0.218976
18112  0.218976
18144  0.218976
18176  0.218976
18208  0.218976
18240  0.218976
18272  0.218976
18304  0.218976
18336  0.218976
18368  0.218976
18400  0.218976
18432  0.218976
18464  0.218976
18496  0.218976
18528  0.218976
18560  0.218976
18592  0.218976
18624  0.218976
18656  0.218976
18688  0.218976
18720  0.218976
18752  0.218976
18784  0.218976
18816  0.218976
18848  0.218976
18880  0.218976
18912  0.218976
18944  0.218976
18976  0.218976
19008  0.218976
19040  0.218976
19072  0.218976
19104  0.218976
19136  0.218976
19168  0.218976
19200  0.218976
19232  0.218976
19264  0.218976
19296  0.218976
19328  0.218976
19360  0.218976
19392  0.218976
19424  0.218976
19456  0.218976
19488  0.218976
19520  0.218976
19552  0.218976
19584  0.218976
19616  0.218976
19648  0.218976
19680  0.218976
19712  0.218976
19744  0.218976
19776  0.218976
19808  0.218976
19840  0.218976
19872  0.218976
19904  0.218976
19936  0.218976
19968  0.218976
20000  0.218976
20032  0.218976
20064  0.218976
20096  0.218976
20128  0.218976
20160  0.218976
20192  0.218976
20224  0.218976
20256  0.218976
20288  0.218976
20320  0.218976
20352  0.218976
20384  0.218976
20416  0.218976
20448  0.218976
20480  0.218976
20512  0.218976
20544  0.218976
20576  0.218976
20608  0.218976
20640  0.218976
20672  0.218976
20704  0.218976
20736  0.218976
20768  0.218976
20800  0.218976
20832  0.218976
20864  0.218976
20896  0.218976
20928  0.218976
20960  0.218976
20992  0.218976
21024  0.218976
21056  0.218976
21088  0.218976
21120  0.218976
21152  0.218976
21184  0.218976
21216  0.218976
21248  0.218976
21280  0.218976
21312  0.218976
21344  0.218976
21376  0.218976
21408  0.218976
21440  0.218976
21472  0.218976
21504  0.218976
21536  0.218976
21568  0.218976
21600  0.218976
21632  0.218976
21664  0.218976
21696  0.218976
21728  0.218976
21760  0.218976
21792  0.218976
21824  0.218976
21856  0.218976
21888  0.218976
21920  0.218976
21952  0.218976
21984  0.218976
22016  0.218976
22048  0.218976
22080  0.218976
22112  0.218976
22144  0.218976
22176  0.218976
22208  0.218976
22240  0.218976
22272  0.218976
22304  0.218976
22336  0.218976
22368  0.218976
22400  0.218976
22432  0.218976
22464  0.218976
22496  0.218976
22528  0.218976
22560  0.218976
22592  0.218976
22624  0.218976
22656  0.218976
22688  0.218976
22720  0.218976
22752  0.218976
22784  0.218976
22816  0.218976
22848  0.218976
22880  0.218976
22912  0.218976
22944  0.218976
22976  0.218976
23008  0.218976
23040  0.218976
23072  0.218976
23104  0.218976
23136  0.218976
23168  0.218976
23200  0.218976
23232  0.218976
23264  0.218976
23296  0.218976
23328  0.218976
23360  0.218976
23392  0.218976
23424  0.218976
23456  0.218976
23488  0.218976
23520  0.218976
23552  0.218976
23584  0.218976
23616  0.218976
23648  0.218976
23680  0.218976
23712  0.218976
23744  0.218976
23776  0.218976
23808  0.218976
23840  0.218976
23872  0.218976
23904  0.218976
23936  0.218976
23968  0.218976
24000  0.218976
24032  0.218976
24064  0.218976
24096  0.218464
24128  0.218464
24160  0.218464
24192  0.218464
24224  0.218464
24256  0.218464
24288  0.218464
24320  0.218464
24352  0.218464
24384  0.218464
24416  0.218464
24448  0.218464
24480  0.218464
24512  0.218464
24544  0.218464
24576  0.218464
24608  0.218464
24640  0.218464
24672  0.218464
24704  0.218464
24736  0.218464
24768  0.218464
24800  0.218464
24832  0.218464
24864  0.218464
24896  0.218464
24928  0.218464
24960  0.218464
24992  0.218464
25024  0.218464
25056  0.218464
25088  0.218464
25120  0.218464
25152  0.218464
25184  0.218464
25216  0.218464
25248  0.218464
25280  0.218464
25312  0.218464
25344  0.218464
25376  0.218464
25408  0.218464
25440  0.218464
25472  0.218464
25504  0.218464
25536  0.218464
25568  0.218464
25600  0.218464
25632  0.218464
25664  0.218464
25696  0.218464
25728  0.218464
25760  0.218464
25792  0.218464
25824  0.218464
25856  0.218464
25888  0.218464
25920  0.218464
25952  0.218464
25984  0.218464
26016  0.218464
26048  0.218464
26080  0.218464
26112  0.218464
26144  0.218464
26176  0.218464
26208  0.218464
26240  0.218464
26272  0.218464
26304  0.218464
26336  0.218464
26368  0.218464
26400  0.218464
26432  0.218464
26464  0.218464
26496  0.218464
26528  0.218464
26560  0.218464
26592  0.218464
26624  0.218464
26656  0.218464
26688  0.218464
26720  0.218464
26752  0.218464
26784  0.218464
26816  0.218464
26848  0.218464
26880  0.218464
26912  0.218464
26944  0.218464
26976  0.218464
27008  0.218464
27040  0.218464
27072  0.218464
27104  0.218464
27136  0.218464
27168  0.218464
27200  0.218464
27232  0.218464
27264  0.218464
27296  0.218464
27328  0.218464
27360  0.218464
27392  0.218464
27424  0.218464
27456  0.218464
27488  0.218464
27520  0.218464
27552  0.218464
27584  0.218464
27616  0.218464
27648  0.218464
27680  0.218464
27712  0.218464
27744  0.218464
27776  0.218464
27808  0.218464
27840  0.218464
27872  0.218464
27904  0.218464
27936  0.218464
27968  0.218464
28000  0.218464
28032  0.218464
28064  0.218464
28096  0.218464
28128  0.218464
28160  0.218464
28192  0.218464
28224  0.218464
28256  0.218464
28288  0.218464
28320  0.218464
28352  0.218464
28384  0.218464
28416  0.218464
28448  0.218464
28480  0.218464
28512  0.218464
28544  0.218464
28576  0.218464
28608  0.218464
28640  0.218464
28672  0.218464
28704  0.218464
28736  0.218464
28768  0.218464
28800  0.218464
28832  0.218464
28864  0.218464
28896  0.218464
28928  0.218464
28960  0.218464
28992  0.218464
29024  0.218464
29056  0.218464
29088  0.218464
29120  0.218464
29152  0.218464
29184  0.218464
29216  0.218464
29248  0.218464
29280  0.218464
29312  0.218464
29344  0.218464
29376  0.218464
29408  0.218464
29440  0.218464
29472  0.218464
29504  0.218464
29536  0.218464
29568  0.218464
29600  0.218464
29632  0.218464
29664  0.218464
29696  0.218464
29728  0.218464
29760  0.218464
29792  0.218464
29824  0.218464
29856  0.218464
29888  0.218464
29920  0.218464
29952  0.218464
29984  0.218464
30016  0.218464
30048  0.218464
30080  0.218464
30112  0.218464
30144  0.218464
30176  0.218464
30208  0.218464
30240  0.218464
30272  0.218464
30304  0.218464
30336  0.218464
30368  0.218464
30400  0.218464
30432  0.218464
30464  0.218464
30496  0.218464
30528  0.218464
30560  0.218464
30592  0.218464
30624  0.218464
30656  0.218464
30688  0.218464
30720  0.218464
30752  0.218464
30784  0.218464
30816  0.218464
30848  0.218464
30880  0.218464
30912  0.218464
30944  0.218464
30976  0.218464
31008  0.218464
31040  0.218464
31072  0.218464
31104  0.218464
31136  0.218464
31168  0.218464
31200  0.218464
31232  0.218464
31264  0.218464
31296  0.218464
31328  0.218464
31360  0.218464
31392  0.218464
31424  0.218464
31456  0.218464
31488  0.218464
31520  0.218464
31552  0.218464
31584  0.218464
31616  0.218464
31648  0.218464
31680  0.218464
31712  0.218464
31744  0.218464
31776  0.218464
31808  0.218464
31840  0.218464
31872  0.218464
31904  0.218464
31936  0.218464
31968  0.218464
32000  0.218464
32032  0.218464
32064  0.218464
32096  0.218464
32128  0.218464
32160  0.218464
32192  0.218464
32224  0.218464
32256  0.218464
32288  0.218464
32320  0.218464
32352  0.218464
32384  0.218464
32416  0.218464
32448  0.218464
32480  0.218464
32512  0.218464
32544  0.218464
32576  0.218464
32608  0.218464
32640  0.218464
32672  0.218464
32704  0.218464
32736  0.218464
32768  0.218464
32800  0.218464
32832  0.218464
32864  0.218464
32896  0.218464
32928  0.218464
32960  0.218464
32992  0.218464
33024  0.218464
33056  0.218464
33088  0.218464
33120  0.218464
33152  0.218464
33184  0.218464
33216  0.218464
33248  0.218464
33280  0.218464
33312  0.218464
33344  0.218464
33376  0.218464
33408  0.218464
33440  0.218464
33472  0.218464
33504  0.218464
33536  0.218464
33568  0.218464
33600  0.218464
33632  0.218464
33664  0.218464
33696  0.218464
33728  0.218464
33760  0.218464
33792  0.218464
33824  0.218464
33856  0.218464
33888  0.218464
33920  0.218464
33952  0.218464
33984  0.218464
34016  0.218464
34048  0.218464
34080  0.218464
34112  0.218464
34144  0.218464
34176  0.218464
34208  0.218464
34240  0.218464
34272  0.218464
34304  0.218464
34336  0.218464
34368  0.218464
34400  0.218464
34432  0.218464
34464  0.218464
34496  0.218464
34528  0.218464
34560  0.218464
34592  0.218464
34624  0.218464
34656  0.218464
34688  0.218464
34720  0.218464
34752  0.218464
34784  0.218464
34816  0.218464
34848  0.218464
34880  0.218464
34912  0.218464
34944  0.218464
34976  0.218464
35008  0.218464
35040  0.218464
35072  0.218464
35104  0.218464
35136  0.218464
35168  0.218464
35200  0.218464
35232  0.218464
35264  0.218464
35296  0.218464
35328  0.218464
35360  0.218464
35392  0.218464
35424  0.218464
35456  0.218464
35488  0.218464
35520  0.218464
35552  0.218464
35584  0.218464
35616  0.218464
35648  0.218464
35680  0.218464
35712  0.218464
35744  0.218464
35776  0.218464
35808  0.218464
35840  0.218464
35872  0.218464
35904  0.218464
35936  0.218464
35968  0.218464
36000  0.218464
36032  0.218464
36064  0.218464
36096  0.218464
36128  0.218464
36160  0.218464
36192  0.218464
36224  0.218464
36256  0.218464
36288  0.218464
36320  0.218464
36352  0.218464
36384  0.218464
36416  0.218464
36448  0.218464
36480  0.218464
36512  0.218464
36544  0.218464
36576  0.218464
36608  0.218464
36640  0.218464
36672  0.218464
36704  0.218464
36736  0.218464
36768  0.218464
36800  0.218464
36832  0.218464
36864  0.218464
36896  0.218464
36928  0.218464
36960  0.218464
36992  0.218464
37024  0.218464
37056  0.218464
37088  0.218464
37120  0.218464
37152  0.218464
37184  0.218464
37216  0.218464
37248  0.218464
37280  0.218464
37312  0.218464
37344  0.218464
37376  0.218464
37408  0.218464
37440  0.218464
37472  0.218464
37504  0.218464
37536  0.218464
37568  0.218464
37600  0.218464
37632  0.218464
37664  0.218464
37696  0.218464
37728  0.218464
37760  0.218464
37792  0.218464
37824  0.218464
37856  0.218464
37888  0.218464
37920  0.218464
37952  0.218464
37984  0.218464
38016  0.218464
38048  0.218464
38080  0.218464
38112  0.218464
38144  0.218464
38176  0.218464
38208  0.218464
38240  0.218464
38272  0.218464
38304  0.218464
38336  0.218464
38368  0.218464
38400  0.218464
38432  0.218464
38464  0.218464
38496  0.218464
38528  0.218464
38560  0.218464
38592  0.218464
38624  0.218464
38656  0.218464
38688  0.218464
38720  0.218464
38752  0.218464
38784  0.218464
38816  0.218464
38848  0.218464
38880  0.218464
38912  0.218464
38944  0.218464
38976  0.218464
39008  0.218464
39040  0.218464
39072  0.218464
39104  0.218464
39136  0.218464
39168  0.218464
39200  0.218464
39232  0.218464
39264  0.218464
39296  0.218464
39328  0.218464
39360  0.218464
39392  0.218464
39424  0.218464
39456  0.218464
39488  0.218464
39520  0.218464
39552  0.218464
39584  0.218464
39616  0.218464
39648  0.218464
39680  0.218464
39712  0.218464
39744  0.218464
39776  0.218464
39808  0.218464
39840  0.218464
39872  0.218464
39904  0.218464
39936  0.218464
39968  0.218464
40000  0.218464
40032  0.218464
40064  0.218464
40096  0.218464
40128  0.218464
40160  0.218464
40192  0.218464
40224  0.218464
40256  0.218464
40288  0.218464
40320  0.218464
40352  0.218464
40384  0.218464
40416  0.218464
40448  0.218464
40480  0.218464
40512  0.218464
40544  0.218464
40576  0.218464
40608  0.218464
40640  0.218464
40672  0.218464
40704  0.218464
40736  0.218464
40768  0.218464
40800  0.218464
40832  0.218464
40864  0.218464
40896  0.218464
40928  0.218464
40960  0.218464
40992  0.218464
41024  0.218464
41056  0.218464
41088  0.218464
41120  0.218464
41152  0.218464
41184  0.218464
41216  0.218464
41248  0.218464
41280  0.218464
41312  0.218464
41344  0.218464
41376  0.218464
41408  0.218464
41440  0.218464
41472  0.218464
41504  0.218464
41536  0.218464
41568  0.218464
41600  0.218464
41632  0.218464
41664  0.218464
41696  0.218464
41728  0.218464
41760  0.218464
41792  0.218464
41824  0.218464
41856  0.218464
41888  0.218464
41920  0.218464
41952  0.218464
41984  0.218464
42016  0.218464
42048  0.218464
42080  0.218464
42112  0.218464
42144  0.218464
42176  0.218464
42208  0.218464
42240  0.218464
42272  0.218464
42304  0.218464
42336  0.218464
42368  0.218464
42400  0.218464
42432  0.218464
42464  0.218464
42496  0.218464
42528  0.218464
42560  0.218464
42592  0.218464
42624  0.218464
42656  0.218464
42688  0.218464
42720  0.218464
42752  0.218464
42784  0.218464
42816  0.218464
42848  0.218464
42880  0.218464
42912  0.218464
42944  0.218464
42976  0.218464
43008  0.218464
43040  0.218464
43072  0.218464
43104  0.218464
43136  0.218464
43168  0.218464
43200  0.218464
43232  0.218464
43264  0.218464
43296  0.218464
43328  0.218464
43360  0.218464
43392  0.218464
43424  0.218464
43456  0.218464
43488  0.218464
43520  0.218464
43552  0.218464
43584  0.218464
43616  0.218464
43648  0.218464
43680  0.218464
43712  0.218464
43744  0.218464
43776  0.218464
43808  0.218464
43840  0.218464
43872  0.218464
43904  0.218464
43936  0.218464
43968  0.218464
44000  0.218464
44032  0.218464
44064  0.218464
44096  0.218464
44128  0.218464
44160  0.218464
44192  0.218464
44224  0.218464
44256  0.218464
44288  0.218464
44320  0.218464
44352  0.218464
44384  0.218464
44416  0.218464
44448  0.218464
44480  0.218464
44512  0.218464
44544  0.218464
44576  0.218464
44608  0.218464
44640  0.218464
44672  0.218464
44704  0.218464
44736  0.218464
44768  0.218464
44800  0.218464
44832  0.218464
44864  0.218464
44896  0.218464
44928  0.218464
44960  0.218464
44992  0.218464
45024  0.218464
45056  0.218464
45088  0.218464
45120  0.218464
45152  0.218464
45184  0.218464
45216  0.218464
45248  0.218464
45280  0.218464
45312  0.218464
45344  0.218464
45376  0.218464
45408  0.218464
45440  0.218464
45472  0.218464
45504  0.218464
45536  0.218464
45568  0.21632
45600  0.21632
45632  0.21632
45664  0.21632
45696  0.21632
45728  0.21632
45760  0.21632
45792  0.21632
45824  0.21632
45856  0.21632
45888  0.21632
45920  0.21632
45952  0.21632
45984  0.21632
46016  0.21632
46048  0.21632
46080  0.21632
46112  0.21632
46144  0.21632
46176  0.21632
46208  0.21632
46240  0.21632
46272  0.21632
46304  0.21632
46336  0.21632
46368  0.21632
46400  0.21632
46432  0.21632
46464  0.21632
46496  0.21632
46528  0.21632
46560  0.21632
46592  0.21632
46624  0.21632
46656  0.21632
46688  0.21632
46720  0.21632
46752  0.21632
46784  0.21632
46816  0.21632
46848  0.21632
46880  0.21632
46912  0.21632
46944  0.21632
46976  0.21632
47008  0.21632
47040  0.21632
47072  0.21632
47104  0.21632
47136  0.21632
47168  0.21632
47200  0.21632
47232  0.21632
47264  0.21632
47296  0.21632
47328  0.21632
47360  0.21632
47392  0.21632
47424  0.21632
47456  0.21632
47488  0.21632
47520  0.21632
47552  0.21632
47584  0.21632
47616  0.21632
47648  0.21632
47680  0.21632
47712  0.21632
47744  0.21632
47776  0.21632
47808  0.21632
47840  0.21632
47872  0.21632
47904  0.21632
47936  0.21632
47968  0.21632
48000  0.21632
48032  0.21632
48064  0.21632
48096  0.21632
48128  0.21632
48160  0.21632
48192  0.21632
48224  0.21632
48256  0.21632
48288  0.21632
48320  0.21632
48352  0.21632
48384  0.21632
48416  0.21632
48448  0.21632
48480  0.21632
48512  0.21632
48544  0.21632
48576  0.21632
48608  0.21632
48640  0.21632
48672  0.21632
48704  0.21632
48736  0.21632
48768  0.21632
48800  0.21632
48832  0.21632
48864  0.21632
48896  0.21632
48928  0.21632
48960  0.21632
48992  0.21632
49024  0.21632
49056  0.21632
49088  0.21632
49120  0.21632
49152  0.21632
49184  0.21632
49216  0.21632
49248  0.21632
49280  0.21632
49312  0.21632
49344  0.21632
49376  0.21632
49408  0.21632
49440  0.21632
49472  0.21632
49504  0.21632
49536  0.21632
49568  0.21632
49600  0.21632
49632  0.21632
49664  0.21632
49696  0.21632
49728  0.21632
49760  0.21632
49792  0.21632
49824  0.21632
49856  0.21632
49888  0.21632
49920  0.21632
49952  0.21632
49984  0.21632
50016  0.21632
50048  0.21632
50080  0.21632
50112  0.21632
50144  0.21632
50176  0.21632
50208  0.21632
50240  0.21632
50272  0.21632
50304  0.21632
50336  0.21632
50368  0.21632
50400  0.21632
50432  0.21632
50464  0.21632
50496  0.21632
50528  0.21632
50560  0.21632
50592  0.21632
50624  0.21632
50656  0.21632
50688  0.21632
50720  0.21632
50752  0.21632
50784  0.21632
50816  0.21632
50848  0.21632
50880  0.21632
50912  0.21632
50944  0.21632
50976  0.21632
51008  0.21632
51040  0.21632
51072  0.21632
51104  0.21632
51136  0.21632
51168  0.21632
51200  0.21632
51232  0.21632
51264  0.21632
51296  0.21632
51328  0.21632
51360  0.21632
51392  0.21632
51424  0.21632
51456  0.21632
51488  0.21632
51520  0.21632
51552  0.21632
51584  0.21632
51616  0.21632
51648  0.21632
51680  0.21632
51712  0.21632
51744  0.21632
51776  0.21632
51808  0.21632
51840  0.21632
51872  0.21632
51904  0.21632
51936  0.21632
51968  0.21632
52000  0.21632
52032  0.21632
52064  0.21632
52096  0.21632
52128  0.21632
52160  0.21632
52192  0.21632
52224  0.21632
52256  0.21632
52288  0.21632
52320  0.21632
52352  0.21632
52384  0.21632
52416  0.21632
52448  0.21632
52480  0.21632
52512  0.21632
52544  0.21632
52576  0.21632
52608  0.21632
52640  0.21632
52672  0.21632
52704  0.21632
52736  0.21632
52768  0.21632
52800  0.21632
52832  0.21632
52864  0.21632
52896  0.21632
52928  0.21632
52960  0.21632
52992  0.21632
53024  0.21632
53056  0.21632
53088  0.21632
53120  0.21632
53152  0.21632
53184  0.21632
53216  0.21632
53248  0.21632
53280  0.21632
53312  0.21632
53344  0.21632
53376  0.21632
53408  0.21632
53440  0.21632
53472  0.21632
53504  0.21632
53536  0.21632
53568  0.21632
53600  0.21632
53632  0.21632
53664  0.21632
53696  0.21632
53728  0.21632
53760  0.21632
53792  0.21632
53824  0.21632
53856  0.21632
53888  0.21632
53920  0.21632
53952  0.21632
53984  0.21632
54016  0.21632
54048  0.21632
54080  0.21632
54112  0.21632
54144  0.21632
54176  0.21632
54208  0.21632
54240  0.21632
54272  0.21632
54304  0.21632
54336  0.21632
54368  0.21632
54400  0.21632
54432  0.21632
54464  0.21632
54496  0.21632
54528  0.21632
54560  0.21632
54592  0.21632
54624  0.21632
54656  0.21632
54688  0.21632
54720  0.21632
54752  0.21632
54784  0.21632
54816  0.21632
54848  0.21632
54880  0.21632
54912  0.21632
54944  0.21632
54976  0.21632
55008  0.21632
55040  0.21632
55072  0.21632
55104  0.21632
55136  0.21632
55168  0.21632
55200  0.21632
55232  0.21632
55264  0.21632
55296  0.21632
55328  0.21632
55360  0.21632
55392  0.21632
55424  0.21632
55456  0.21632
55488  0.21632
55520  0.21632
55552  0.21632
55584  0.21632
55616  0.21632
55648  0.21632
55680  0.21632
55712  0.21632
55744  0.21632
55776  0.21632
55808  0.21632
55840  0.21632
55872  0.21632
55904  0.21632
55936  0.21632
55968  0.21632
56000  0.21632
56032  0.21632
56064  0.21632
56096  0.21632
56128  0.21632
56160  0.21632
56192  0.21632
56224  0.21632
56256  0.21632
56288  0.21632
56320  0.21632
56352  0.21632
56384  0.21632
56416  0.21632
56448  0.21632
56480  0.21632
56512  0.21632
56544  0.21632
56576  0.21632
56608  0.21632
56640  0.21632
56672  0.21632
56704  0.21632
56736  0.21632
56768  0.21632
56800  0.21632
56832  0.21632
56864  0.21632
56896  0.21632
56928  0.21632
56960  0.21632
56992  0.21632
57024  0.21632
57056  0.21632
57088  0.21632
57120  0.21632
57152  0.21632
57184  0.21632
57216  0.21632
57248  0.21632
57280  0.21632
57312  0.21632
57344  0.21632
57376  0.21632
57408  0.21632
57440  0.21632
57472  0.21632
57504  0.21632
57536  0.21632
57568  0.21632
57600  0.21632
57632  0.21632
57664  0.21632
57696  0.21632
57728  0.21632
57760  0.21632
57792  0.21632
57824  0.21632
57856  0.21632
57888  0.21632
57920  0.21632
57952  0.21632
57984  0.21632
58016  0.21632
58048  0.21632
58080  0.21632
58112  0.21632
58144  0.21632
58176  0.21632
58208  0.21632
58240  0.21632
58272  0.21632
58304  0.21632
58336  0.21632
58368  0.21632
58400  0.21632
58432  0.21632
58464  0.21632
58496  0.21632
58528  0.21632
58560  0.21632
58592  0.21632
58624  0.21632
58656  0.21632
58688  0.21632
58720  0.21632
58752  0.21632
58784  0.21632
58816  0.21632
58848  0.21632
58880  0.21632
58912  0.21632
58944  0.21632
58976  0.21632
59008  0.21632
59040  0.21632
59072  0.21632
59104  0.21632
59136  0.21632
59168  0.21632
59200  0.21632
59232  0.21632
59264  0.21632
59296  0.21632
59328  0.21632
59360  0.21632
59392  0.21632
59424  0.21632
59456  0.21632
59488  0.21632
59520  0.21632
59552  0.21632
59584  0.21632
59616  0.21632
59648  0.21632
59680  0.21632
59712  0.21632
59744  0.21632
59776  0.21632
59808  0.21632
59840  0.21632
59872  0.21632
59904  0.21632
59936  0.21632
59968  0.21632
60000  0.21632
60032  0.21632
60064  0.21632
60096  0.21632
60128  0.21632
60160  0.21632
60192  0.21632
60224  0.21632
60256  0.21632
60288  0.21632
60320  0.21632
60352  0.21632
60384  0.21632
60416  0.21632
60448  0.21632
60480  0.21632
60512  0.21632
60544  0.21632
60576  0.21632
60608  0.21632
60640  0.21632
60672  0.21632
60704  0.21632
60736  0.21632
60768  0.21632
60800  0.21632
60832  0.21632
60864  0.21632
60896  0.21632
60928  0.21632
60960  0.21632
60992  0.21632
61024  0.21632
61056  0.21632
61088  0.21632
61120  0.21632
61152  0.21632
61184  0.21632
61216  0.21632
61248  0.21632
61280  0.21632
61312  0.21632
61344  0.21632
61376  0.21632
61408  0.21632
61440  0.21632
61472  0.21632
61504  0.21632
61536  0.21632
61568  0.21632
61600  0.21632
61632  0.21632
61664  0.21632
61696  0.21632
61728  0.21632
61760  0.21632
61792  0.21632
61824  0.21632
61856  0.21632
61888  0.21632
61920  0.21632
61952  0.21632
61984  0.21632
62016  0.21632
62048  0.21632
62080  0.21632
62112  0.21632
62144  0.21632
62176  0.21632
62208  0.21632
62240  0.21632
62272  0.21632
62304  0.21632
62336  0.21632
62368  0.21632
62400  0.21632
62432  0.21632
62464  0.21632
62496  0.21632
62528  0.21632
62560  0.21632
62592  0.21632
62624  0.21632
62656  0.21632
62688  0.21632
62720  0.21632
62752  0.21632
62784  0.21632
62816  0.21632
62848  0.21632
62880  0.21632
62912  0.21632
62944  0.21632
62976  0.21632
63008  0.21632
63040  0.21632
63072  0.21632
63104  0.21632
63136  0.21632
63168  0.21632
63200  0.21632
63232  0.21632
63264  0.21632
63296  0.21632
63328  0.21632
63360  0.21632
63392  0.21632
63424  0.21632
63456  0.21632
63488  0.21632
63520  0.21632
63552  0.21632
63584  0.21632
63616  0.21632
63648  0.21632
63680  0.21632
63712  0.21632
63744  0.21632
63776  0.21632
63808  0.21632
63840  0.21632
63872  0.21632
63904  0.21632
63936  0.21632
63968  0.21632
64000  0.21632
64032  0.21632
64064  0.21632
64096  0.21632
64128  0.21632
64160  0.21632
64192  0.21632
64224  0.21632
64256  0.21632
64288  0.21632
64320  0.21632
64352  0.21632
64384  0.21632
64416  0.21632
64448  0.21632
64480  0.21632
64512  0.21632
64544  0.21632
64576  0.21632
64608  0.21632
64640  0.21632
64672  0.21632
64704  0.21632
64736  0.21632
64768  0.21632
64800  0.21632
64832  0.21632
64864  0.21632
64896  0.21632
64928  0.21632
64960  0.21632
64992  0.21632
65024  0.21632
65056  0.21632
65088  0.21632
65120  0.21632
65152  0.21632
65184  0.21632
65216  0.21632
65248  0.21632
65280  0.21632
65312  0.21632
65344  0.21632
65376  0.21632
65408  0.21632
65440  0.21632
65472  0.21632
65504  0.21632
65536  0.21632
65568  0.21632
65600  0.21632
65632  0.21632
65664  0.21632
65696  0.21632
65728  0.21632
65760  0.21632
65792  0.21632
65824  0.21632
65856  0.21632
65888  0.21632
65920  0.21632
65952  0.21632
65984  0.21632
66016  0.21632
66048  0.21632
66080  0.21632
66112  0.21632
66144  0.21632
66176  0.21632
66208  0.21632
66240  0.21632
66272  0.21632
66304  0.21632
66336  0.21632
66368  0.21632
66400  0.21632
66432  0.21632
66464  0.21632
66496  0.21632
66528  0.21632
66560  0.21632
66592  0.21632
66624  0.21632
66656  0.21632
66688  0.21632
66720  0.21632
66752  0.21632
66784  0.21632
66816  0.21632
66848  0.21632
66880  0.21632
66912  0.21632
66944  0.21632
66976  0.21632
67008  0.21632
67040  0.21632
67072  0.21632
67104  0.21632
67136  0.21632
67168  0.21632
67200  0.21632
67232  0.21632
67264  0.21632
67296  0.21632
67328  0.21632
67360  0.21632
67392  0.21632
67424  0.21632
67456  0.21632
67488  0.21632
67520  0.21632
67552  0.21632
67584  0.21632
67616  0.21632
67648  0.21632
67680  0.21632
67712  0.21632
67744  0.21632
67776  0.21632
67808  0.21632
67840  0.21632
67872  0.21632
67904  0.21632
67936  0.21632
67968  0.21632
68000  0.21632
68032  0.21632
68064  0.21632
68096  0.21632
68128  0.21632
68160  0.21632
68192  0.21632
68224  0.21632
68256  0.21632
68288  0.21632
68320  0.21632
68352  0.21632
68384  0.21632
68416  0.21632
68448  0.21632
68480  0.21632
68512  0.21632
68544  0.21632
68576  0.21632
68608  0.21632
68640  0.21632
68672  0.21632
68704  0.21632
68736  0.21632
68768  0.21632
68800  0.21632
68832  0.21632
68864  0.21632
68896  0.21632
68928  0.21632
68960  0.21632
68992  0.21632
69024  0.21632
69056  0.21632
69088  0.21632
69120  0.21632
69152  0.21632
69184  0.21632
69216  0.21632
69248  0.21632
69280  0.21632
69312  0.21632
69344  0.21632
69376  0.21632
69408  0.21632
69440  0.21632
69472  0.21632
69504  0.21632
69536  0.21632
69568  0.21632
69600  0.21632
69632  0.21632
69664  0.21632
69696  0.21632
69728  0.21632
69760  0.21632
69792  0.21632
69824  0.21632
69856  0.21632
69888  0.21632
69920  0.21632
69952  0.21632
69984  0.21632
70016  0.21632
70048  0.21632
70080  0.21632
70112  0.21632
70144  0.21632
70176  0.21632
70208  0.21632
70240  0.21632
70272  0.21632
70304  0.21632
70336  0.21632
70368  0.21632
70400  0.21632
70432  0.21632
70464  0.21632
70496  0.21632
70528  0.21632
70560  0.21632
70592  0.21632
70624  0.21632
70656  0.21632
70688  0.21632
70720  0.21632
70752  0.21632
70784  0.21632
70816  0.21632
70848  0.21632
70880  0.21632
70912  0.21632
70944  0.21632
70976  0.21632
71008  0.21632
71040  0.21632
71072  0.21632
71104  0.21632
71136  0.21632
71168  0.21632
71200  0.21632
71232  0.21632
71264  0.21632
71296  0.21632
71328  0.21632
71360  0.21632
71392  0.21632
71424  0.21632
71456  0.21632
71488  0.21632
71520  0.21632
71552  0.21632
71584  0.21632
71616  0.21632
71648  0.21632
71680  0.21632
71712  0.21632
71744  0.21632
71776  0.21632
71808  0.21632
71840  0.21632
71872  0.21632
71904  0.21632
71936  0.21632
71968  0.21632
72000  0.21632
72032  0.21632
72064  0.21632
72096  0.21632
72128  0.21632
72160  0.21632
72192  0.21632
72224  0.21632
72256  0.21632
72288  0.21632
72320  0.21632
72352  0.21632
72384  0.21632
72416  0.21632
72448  0.21632
72480  0.21632
72512  0.21632
72544  0.21632
72576  0.21632
72608  0.21632
72640  0.21632
72672  0.21632
72704  0.21632
72736  0.21632
72768  0.21632
72800  0.21632
72832  0.21632
72864  0.21632
72896  0.21632
72928  0.21632
72960  0.21632
72992  0.21632
73024  0.21632
73056  0.21632
73088  0.21632
73120  0.21632
73152  0.21632
73184  0.21632
73216  0.21632
73248  0.21632
73280  0.21632
73312  0.21632
73344  0.21632
73376  0.21632
73408  0.21632
73440  0.21632
73472  0.21632
73504  0.21632
73536  0.21632
73568  0.21632
73600  0.21632
73632  0.21632
73664  0.21632
73696  0.21632
73728  0.21632
73760  0.21632
73792  0.21632
73824  0.21632
73856  0.21632
73888  0.21632
73920  0.21632
73952  0.21632
73984  0.21632
74016  0.21632
74048  0.21632
74080  0.21632
74112  0.21632
74144  0.21632
74176  0.21632
74208  0.21632
74240  0.21632
74272  0.21632
74304  0.21632
74336  0.21632
74368  0.21632
74400  0.21632
74432  0.21632
74464  0.21632
74496  0.21632
74528  0.21632
74560  0.21632
74592  0.21632
74624  0.21632
74656  0.21632
74688  0.21632
74720  0.21632
74752  0.21632
74784  0.21632
74816  0.21632
74848  0.21632
74880  0.21632
74912  0.21632
74944  0.21632
74976  0.21632
75008  0.21632
75040  0.21632
75072  0.21632
75104  0.21632
75136  0.21632
75168  0.21632
75200  0.21632
75232  0.21632
75264  0.21632
75296  0.21632
75328  0.21632
75360  0.21632
75392  0.21632
75424  0.21632
75456  0.21632
75488  0.21632
75520  0.21632
75552  0.21632
75584  0.21632
75616  0.21632
75648  0.21632
75680  0.21632
75712  0.21632
75744  0.21632
75776  0.21632
75808  0.21632
75840  0.21632
75872  0.21632
75904  0.21632
75936  0.21632
75968  0.21632
76000  0.21632
76032  0.21632
76064  0.21632
76096  0.21632
76128  0.21632
76160  0.21632
76192  0.21632
76224  0.21632
76256  0.21632
76288  0.21632
76320  0.21632
76352  0.21632
76384  0.21632
76416  0.21632
76448  0.21632
76480  0.21632
76512  0.21632
76544  0.21632
76576  0.21632
76608  0.21632
76640  0.21632
76672  0.21632
76704  0.21632
76736  0.21632
76768  0.21632
76800  0.21632
76832  0.21632
76864  0.21632
76896  0.21632
76928  0.21632
76960  0.21632
76992  0.21632
77024  0.21632
77056  0.21632
77088  0.21632
77120  0.21632
77152  0.21632
77184  0.21632
77216  0.21632
77248  0.21632
77280  0.21632
77312  0.21632
77344  0.21632
77376  0.21632
77408  0.21632
77440  0.21632
77472  0.21632
77504  0.21632
77536  0.21632
77568  0.21632
77600  0.21632
77632  0.21632
77664  0.21632
77696  0.21632
77728  0.21632
77760  0.21632
77792  0.21632
77824  0.21632
77856  0.21632
77888  0.21632
77920  0.21632
77952  0.21632
77984  0.21632
78016  0.21632
78048  0.21632
78080  0.21632
78112  0.21632
78144  0.21632
78176  0.21632
78208  0.21632
78240  0.21632
78272  0.21632
78304  0.21632
78336  0.21632
78368  0.21632
78400  0.21632
78432  0.21632
78464  0.21632
78496  0.21632
78528  0.21632
78560  0.21632
78592  0.21632
78624  0.21632
78656  0.21632
78688  0.21632
78720  0.21632
78752  0.21632
78784  0.21632
78816  0.21632
78848  0.21632
78880  0.21632
78912  0.21632
78944  0.21632
78976  0.21632
79008  0.21632
79040  0.21632
79072  0.21632
79104  0.21632
79136  0.21632
79168  0.21632
79200  0.21632
79232  0.21632
79264  0.21632
79296  0.21632
79328  0.21632
79360  0.21632
79392  0.21632
79424  0.21632
79456  0.21632
79488  0.21632
79520  0.21632
79552  0.21632
79584  0.21632
79616  0.21632
79648  0.21632
79680  0.21632
79712  0.21632
79744  0.21632
79776  0.21632
79808  0.21632
79840  0.21632
79872  0.21632
79904  0.21632
79936  0.21632
79968  0.21632
80000  0.21632
80032  0.21632
80064  0.21632
80096  0.21632
80128  0.21632
80160  0.21632
80192  0.21632
80224  0.21632
80256  0.21632
80288  0.21632
80320  0.21632
80352  0.21632
80384  0.21632
80416  0.21632
80448  0.21632
80480  0.21632
80512  0.21632
80544  0.21632
80576  0.21632
80608  0.21632
80640  0.21632
80672  0.21632
80704  0.21632
80736  0.21632
80768  0.21632
80800  0.21632
80832  0.21632
80864  0.21632
80896  0.21632
80928  0.21632
80960  0.21632
80992  0.21632
81024  0.21632
81056  0.21632
81088  0.21632
81120  0.21632
81152  0.21632
81184  0.21632
81216  0.21632
81248  0.21632
81280  0.21632
81312  0.21632
81344  0.21632
81376  0.21632
81408  0.21632
81440  0.21632
81472  0.21632
81504  0.21632
81536  0.21632
81568  0.21632
81600  0.21632
81632  0.21632
81664  0.21632
81696  0.21632
81728  0.21632
81760  0.21632
81792  0.21632
81824  0.21632
81856  0.21632
81888  0.21632
81920  0.21632
81952  0.21632
81984  0.21632
82016  0.21632
82048  0.21632
82080  0.21632
82112  0.21632
82144  0.21632
82176  0.21632
82208  0.21632
82240  0.21632
82272  0.21632
82304  0.21632
82336  0.21632
82368  0.21632
82400  0.21632
82432  0.21632
82464  0.21632
82496  0.21632
82528  0.21632
82560  0.21632
82592  0.21632
82624  0.21632
82656  0.21632
82688  0.21632
82720  0.21632
82752  0.21632
82784  0.21632
82816  0.21632
82848  0.21632
82880  0.21632
82912  0.21632
82944  0.21632
82976  0.21632
83008  0.21632
83040  0.21632
83072  0.21632
83104  0.21632
83136  0.21632
83168  0.21632
83200  0.21632
83232  0.21632
83264  0.21632
83296  0.21632
83328  0.21632
83360  0.21632
83392  0.21632
83424  0.21632
83456  0.21632
83488  0.21632
83520  0.21632
83552  0.21632
83584  0.21632
83616  0.21632
83648  0.21632
83680  0.21632
83712  0.21632
83744  0.21632
83776  0.21632
83808  0.21632
83840  0.21632
83872  0.21632
83904  0.21632
83936  0.21632
83968  0.21632
84000  0.21632
84032  0.21632
84064  0.21632
84096  0.21632
84128  0.21632
84160  0.21632
84192  0.21632
84224  0.21632
84256  0.21632
84288  0.21632
84320  0.21632
84352  0.21632
84384  0.21632
84416  0.21632
84448  0.21632
84480  0.21632
84512  0.21632
84544  0.21632
84576  0.21632
84608  0.21632
84640  0.21632
84672  0.21632
84704  0.21632
84736  0.21632
84768  0.21632
84800  0.21632
84832  0.21632
84864  0.21632
84896  0.21632
84928  0.21632
84960  0.21632
84992  0.21632
85024  0.21632
85056  0.21632
85088  0.21632
85120  0.21632
85152  0.21632
85184  0.21632
85216  0.21632
85248  0.21632
85280  0.21632
85312  0.21632
85344  0.21632
85376  0.21632
85408  0.21632
85440  0.21632
85472  0.21632
85504  0.21632
85536  0.21632
85568  0.21632
85600  0.21632
85632  0.21632
85664  0.21632
85696  0.21632
85728  0.21632
85760  0.21632
85792  0.21632
85824  0.21632
85856  0.21632
85888  0.21632
85920  0.21632
85952  0.21632
85984  0.21632
86016  0.21632
86048  0.21632
86080  0.21632
86112  0.21632
86144  0.21632
86176  0.21632
86208  0.21632
86240  0.21632
86272  0.21632
86304  0.21632
86336  0.21632
86368  0.21632
86400  0.21632
86432  0.21632
86464  0.21632
86496  0.21632
86528  0.21632
86560  0.21632
86592  0.21632
86624  0.21632
86656  0.21632
86688  0.21632
86720  0.21632
86752  0.21632
86784  0.21632
86816  0.21632
86848  0.21632
86880  0.21632
86912  0.21632
86944  0.21632
86976  0.21632
87008  0.21632
87040  0.21632
87072  0.21632
87104  0.21632
87136  0.21632
87168  0.21632
87200  0.21632
87232  0.21632
87264  0.21632
87296  0.21632
87328  0.21632
87360  0.21632
87392  0.21632
87424  0.21632
87456  0.21632
87488  0.21632
87520  0.21632
87552  0.21632
87584  0.21632
87616  0.21632
87648  0.21632
87680  0.21632
87712  0.21632
87744  0.21632
87776  0.21439
87808  0.21439
87840  0.21439
87872  0.21439
87904  0.21439
87936  0.21439
87968  0.21439
88000  0.21439
88032  0.21439
88064  0.21439
88096  0.21439
88128  0.21439
88160  0.21439
88192  0.21439
88224  0.21439
88256  0.21439
88288  0.21439
88320  0.21439
88352  0.21439
88384  0.21439
88416  0.21439
88448  0.21439
88480  0.21439
88512  0.21439
88544  0.21439
88576  0.21439
88608  0.21439
88640  0.21439
88672  0.21439
88704  0.21439
88736  0.21439
88768  0.21439
88800  0.21439
88832  0.21439
88864  0.21439
88896  0.21439
88928  0.21439
88960  0.21439
88992  0.21439
89024  0.21439
89056  0.21439
89088  0.21439
89120  0.21439
89152  0.21439
89184  0.21439
89216  0.21439
89248  0.21439
89280  0.21439
89312  0.21439
89344  0.21439
89376  0.21439
89408  0.21439
89440  0.21439
89472  0.21439
89504  0.21439
89536  0.21439
89568  0.21439
89600  0.21439
89632  0.21439
89664  0.21439
89696  0.21439
89728  0.21439
89760  0.21439
89792  0.21439
89824  0.21439
89856  0.21439
89888  0.21439
89920  0.21439
89952  0.21439
89984  0.21439
90016  0.21439
90048  0.21439
90080  0.21439
90112  0.21439
90144  0.21439
90176  0.21439
90208  0.21439
90240  0.21439
90272  0.21439
90304  0.21439
90336  0.21439
90368  0.21439
90400  0.21439
90432  0.21439
90464  0.21439
90496  0.21439
90528  0.21439
90560  0.21439
90592  0.213483
90624  0.213483
90656  0.213483
90688  0.213483
90720  0.213483
90752  0.213483
90784  0.213483
90816  0.213483
90848  0.213483
90880  0.213483
90912  0.213483
90944  0.213483
90976  0.213483
91008  0.213483
91040  0.213483
91072  0.213483
91104  0.213483
91136  0.213483
91168  0.213483
91200  0.213483
91232  0.213483
91264  0.213483
91296  0.213483
91328  0.213483
91360  0.213483
91392  0.213483
91424  0.213483
91456  0.213483
91488  0.213483
91520  0.213483
91552  0.213483
91584  0.213483
91616  0.213483
91648  0.213483
91680  0.213483
91712  0.213483
91744  0.213483
91776  0.213483
91808  0.213483
91840  0.213483
91872  0.213483
91904  0.213483
91936  0.213483
91968  0.213483
92000  0.213483
92032  0.213483
92064  0.213483
92096  0.213483
92128  0.213483
92160  0.213483
92192  0.213483
92224  0.213483
92256  0.213483
92288  0.213483
92320  0.213483
92352  0.213483
92384  0.213483
92416  0.213483
92448  0.213483
92480  0.213483
92512  0.213483
92544  0.213483
92576  0.213483
92608  0.213483
92640  0.213483
92672  0.213483
92704  0.213483
92736  0.213483
92768  0.213483
92800  0.213483
92832  0.213483
92864  0.213483
92896  0.213483
92928  0.213483
92960  0.213483
92992  0.213483
93024  0.213483
93056  0.213483
93088  0.213483
93120  0.213483
93152  0.213483
93184  0.213483
93216  0.213483
93248  0.213483
93280  0.213483
93312  0.213483
93344  0.213483
93376  0.213483
93408  0.213483
93440  0.213483
93472  0.213483
93504  0.213483
93536  0.213483
93568  0.213483
93600  0.213483
93632  0.213483
93664  0.213483
93696  0.213483
93728  0.213483
93760  0.213483
93792  0.213483
93824  0.213483
93856  0.213483
93888  0.213483
93920  0.213483
93952  0.213483
93984  0.213483
94016  0.213483
94048  0.213483
94080  0.213483
94112  0.213483
94144  0.213483
94176  0.213483
94208  0.213483
94240  0.213483
94272  0.213483
94304  0.213483
94336  0.213483
94368  0.213483
94400  0.213483
94432  0.213483
94464  0.213483
94496  0.213483
94528  0.213483
94560  0.213483
94592  0.213483
94624  0.213483
94656  0.213483
94688  0.213483
94720  0.213483
94752  0.213483
94784  0.213483
94816  0.213483
94848  0.213483
94880  0.213483
94912  0.213483
94944  0.213483
94976  0.213483
95008  0.213483
95040  0.213483
95072  0.213483
95104  0.213483
95136  0.213483
95168  0.213483
95200  0.213483
95232  0.213483
95264  0.213483
95296  0.213483
95328  0.213483
95360  0.213483
95392  0.213483
95424  0.213483
95456  0.213483
95488  0.213483
95520  0.213483
95552  0.213483
95584  0.213483
95616  0.213483
95648  0.213483
95680  0.213483
95712  0.213483
95744  0.213483
95776  0.213483
95808  0.213483
95840  0.213483
95872  0.213483
95904  0.213483
95936  0.213483
95968  0.213483
96000  0.213483
96032  0.213483
