Step  Penalty
10  0.49238
20  0.46965
30  0.46965
40  0.421224
50  0.378352
60  0.365832
70  0.335761
80  0.324919
90  0.308492
100  0.296403
110  0.290964
120  0.281228
130  0.271402
140  0.270361
150  0.264667
160  0.263459
170  0.255832
180  0.255098
190  0.253116
200  0.253116
210  0.24754
220  0.24754
230  0.24754
240  0.24754
250  0.24754
260  0.245479
270  0.244451
280  0.244451
290  0.244451
300  0.244451
310  0.244298
320  0.244298
330  0.244298
340  0.241487
350  0.241487
360  0.241487
370  0.241069
380  0.241069
390  0.241069
400  0.241069
410  0.241069
420  0.241069
430  0.241069
440  0.241069
450  0.241069
460  0.241069
470  0.241069
480  0.2406
490  0.2406
500  0.2406
510  0.2406
520  0.2406
530  0.2406
540  0.2406
550  0.2406
560  0.2406
570  0.2406
580  0.2406
590  0.2406
600  0.2406
610  0.2406
620  0.2406
630  0.2406
640  0.234245
650  0.234245
660  0.234245
670  0.234245
680  0.234245
690  0.234245
700  0.234245
710  0.234245
720  0.234245
730  0.234245
740  0.234245
750  0.234245
760  0.234245
770  0.234245
780  0.234245
790  0.234245
800  0.234245
810  0.234245
820  0.234245
830  0.234245
840  0.234245
850  0.234245
860  0.234245
870  0.234245
880  0.234245
890  0.234245
900  0.234245
910  0.234245
920  0.234245
930  0.234245
940  0.234245
950  0.234245
960  0.234245
970  0.234245
980  0.234245
990  0.234245
1000  0.234245
1010  0.234245
1020  0.234245
1030  0.234245
1040  0.234245
1050  0.234245
1060  0.234245
1070  0.234245
1080  0.234245
1090  0.234245
1100  0.234245
1110  0.234245
1120  0.234245
1130  0.234245
1140  0.234245
1150  0.234245
1160  0.234245
1170  0.234245
1180  0.234245
1190  0.234245
1200  0.234245
1210  0.234245
1220  0.234245
1230  0.234245
1240  0.233071
1250  0.233071
1260  0.233071
1270  0.233071
1280  0.233071
1290  0.233071
1300  0.233071
1310  0.233071
1320  0.233071
1330  0.233071
1340  0.233071
1350  0.233071
1360  0.233071
1370  0.233071
1380  0.233071
1390  0.233071
1400  0.233071
1410  0.233071
1420  0.233071
1430  0.233071
1440  0.233071
1450  0.233071
1460  0.233071
1470  0.233071
1480  0.233071
1490  0.233071
1500  0.233071
1510  0.233071
1520  0.233071
1530  0.233071
1540  0.233071
1550  0.233071
1560  0.233071
1570  0.233071
1580  0.233071
1590  0.233071
1600  0.233071
1610  0.233071
1620  0.233071
1630  0.233071
1640  0.233071
1650  0.233071
1660  0.233071
1670  0.233071
1680  0.233071
1690  0.233071
1700  0.233071
1710  0.233071
1720  0.233071
1730  0.233071
1740  0.233071
1750  0.233071
1760  0.233071
1770  0.233071
1780  0.233071
1790  0.233071
1800  0.233071
1810  0.233071
1820  0.233071
1830  0.233071
1840  0.233071
1850  0.233071
1860  0.233071
1870  0.233071
1880  0.233071
1890  0.233071
1900  0.233071
1910  0.233071
1920  0.233071
1930  0.233071
1940  0.233071
1950  0.233071
1960  0.233071
1970  0.233071
1980  0.233071
1990  0.233071
2000  0.233071
2010  0.233071
2020  0.233071
2030  0.233071
2040  0.233071
2050  0.233071
2060  0.233071
2070  0.233071
2080  0.233071
2090  0.233071
2100  0.233071
2110  0.233071
2120  0.233071
2130  0.233071
2140  0.233071
2150  0.233071
2160  0.233071
2170  0.233071
2180  0.233071
2190  0.233071
2200  0.233071
2210  0.233071
2220  0.233071
2230  0.233071
2240  0.233071
2250  0.233071
2260  0.233071
2270  0.233071
2280  0.233071
2290  0.233071
2300  0.233071
2310  0.233071
2320  0.233071
2330  0.233071
2340  0.233071
2350  0.233071
2360  0.233071
2370  0.233071
2380  0.233071
2390  0.233071
2400  0.233071
2410  0.233071
2420  0.233071
2430  0.233071
2440  0.233071
2450  0.233071
2460  0.233071
2470  0.233071
2480  0.233071
2490  0.233071
2500  0.233071
2510  0.233071
2520  0.233071
2530  0.233071
2540  0.233071
2550  0.233071
2560  0.233071
2570  0.233071
2580  0.233071
2590  0.233071
2600  0.233071
2610  0.233071
2620  0.233071
2630  0.233071
2640  0.233071
2650  0.233071
2660  0.233071
2670  0.229078
2680  0.229078
2690  0.229078
2700  0.229078
2710  0.229078
2720  0.229078
2730  0.229078
2740  0.229078
2750  0.229078
2760  0.229078
2770  0.229078
2780  0.229078
2790  0.229078
2800  0.229078
2810  0.229078
2820  0.229078
2830  0.229078
2840  0.229078
2850  0.229078
2860  0.229078
2870  0.229078
2880  0.229078
2890  0.229078
2900  0.229078
2910  0.229078
2920  0.229078
2930  0.229078
2940  0.229078
2950  0.229078
2960  0.229078
2970  0.229078
2980  0.229078
2990  0.229078
3000  0.229078
3010  0.229078
3020  0.229078
3030  0.229078
3040  0.229078
3050  0.229078
3060  0.228819
3070  0.228819
3080  0.228819
3090  0.228819
3100  0.228819
3110  0.228819
3120  0.228819
3130  0.228819
3140  0.228819
3150  0.228819
3160  0.228819
3170  0.228819
3180  0.228819
3190  0.228819
3200  0.228819
3210  0.228819
3220  0.228819
3230  0.228819
3240  0.228819
3250  0.228819
3260  0.228819
3270  0.228819
3280  0.228819
3290  0.228819
3300  0.228819
3310  0.228819
3320  0.228819
3330  0.228819
3340  0.228819
3350  0.228819
3360  0.228819
3370  0.228819
3380  0.228819
3390  0.228819
3400  0.228819
3410  0.228819
3420  0.228819
3430  0.228819
3440  0.228819
3450  0.228819
3460  0.228819
3470  0.228819
3480  0.228819
3490  0.228819
3500  0.228819
3510  0.228819
3520  0.228819
3530  0.228819
3540  0.228819
3550  0.228819
3560  0.228819
3570  0.228819
3580  0.228819
3590  0.228819
3600  0.228819
3610  0.228819
3620  0.228819
3630  0.228819
3640  0.228819
3650  0.228819
3660  0.228819
3670  0.228819
3680  0.228819
3690  0.228819
3700  0.228819
3710  0.228819
3720  0.228819
3730  0.228819
3740  0.228819
3750  0.228819
3760  0.228819
3770  0.228819
3780  0.228819
3790  0.228819
3800  0.228819
3810  0.228819
3820  0.228819
3830  0.228819
3840  0.228819
3850  0.228819
3860  0.228819
3870  0.228819
3880  0.228819
3890  0.228819
3900  0.228819
3910  0.228819
3920  0.228819
3930  0.228819
3940  0.228819
3950  0.228819
3960  0.228819
3970  0.228819
3980  0.228819
3990  0.228819
4000  0.228819
4010  0.228819
4020  0.228819
4030  0.228819
4040  0.228819
4050  0.228819
4060  0.228819
4070  0.228819
4080  0.228819
4090  0.228819
4100  0.228819
4110  0.228819
4120  0.228819
4130  0.228819
4140  0.228819
4150  0.228819
4160  0.228819
4170  0.228819
4180  0.228819
4190  0.228819
4200  0.228819
4210  0.228819
4220  0.228819
4230  0.228819
4240  0.228819
4250  0.228819
4260  0.228819
4270  0.228819
4280  0.228819
4290  0.228819
4300  0.228819
4310  0.228819
4320  0.228819
4330  0.228819
4340  0.228819
4350  0.228819
4360  0.228819
4370  0.228819
4380  0.228819
4390  0.228819
4400  0.228819
4410  0.228819
4420  0.228819
4430  0.228819
4440  0.228819
4450  0.228819
4460  0.228819
4470  0.228819
4480  0.228819
4490  0.228819
4500  0.228819
4510  0.228819
4520  0.228819
4530  0.228819
4540  0.228819
4550  0.228819
4560  0.228819
4570  0.228819
4580  0.228819
4590  0.228819
4600  0.228819
4610  0.228819
4620  0.228819
4630  0.228819
4640  0.228819
4650  0.228819
4660  0.228819
4670  0.228819
4680  0.228819
4690  0.228819
4700  0.228819
4710  0.228819
4720  0.228819
4730  0.228819
4740  0.228819
4750  0.228819
4760  0.228819
4770  0.228819
4780  0.228819
4790  0.228819
4800  0.228819
4810  0.228819
4820  0.228819
4830  0.228819
4840  0.228819
4850  0.228819
4860  0.228819
4870  0.228819
4880  0.228819
4890  0.228819
4900  0.228819
4910  0.228819
4920  0.228819
4930  0.228819
4940  0.228819
4950  0.228819
4960  0.228819
4970  0.228819
4980  0.228819
4990  0.228819
5000  0.228819
5010  0.228819
5020  0.228819
5030  0.228819
5040  0.228819
5050  0.228819
5060  0.228819
5070  0.228819
5080  0.228819
5090  0.228819
5100  0.228819
5110  0.228819
5120  0.228819
5130  0.228819
5140  0.228819
5150  0.228819
5160  0.228819
5170  0.228819
5180  0.228819
5190  0.228819
5200  0.228819
5210  0.228819
5220  0.228819
5230  0.228819
5240  0.228819
5250  0.228819
5260  0.228819
5270  0.228819
5280  0.228819
5290  0.228819
5300  0.228819
5310  0.228819
5320  0.228819
5330  0.228819
5340  0.228819
5350  0.228819
5360  0.228819
5370  0.228819
5380  0.228819
5390  0.228819
5400  0.228819
5410  0.228819
5420  0.228819
5430  0.228819
5440  0.228819
5450  0.228819
5460  0.228819
5470  0.228819
5480  0.228819
5490  0.228819
5500  0.228819
5510  0.228819
5520  0.228819
5530  0.228819
5540  0.228819
5550  0.228819
5560  0.228819
5570  0.228819
5580  0.228819
5590  0.228819
5600  0.228819
5610  0.228819
5620  0.228819
5630  0.228819
5640  0.228819
5650  0.228819
5660  0.228819
5670  0.228819
5680  0.228819
5690  0.228819
5700  0.228819
5710  0.228819
5720  0.228819
5730  0.228819
5740  0.228819
5750  0.228819
5760  0.228819
5770  0.228819
5780  0.228819
5790  0.228819
5800  0.228819
5810  0.228819
5820  0.228819
5830  0.228819
5840  0.228819
5850  0.228819
5860  0.228819
5870  0.228819
5880  0.228819
5890  0.228819
5900  0.228819
5910  0.228819
5920  0.228819
5930  0.228819
5940  0.228819
5950  0.228819
5960  0.228819
5970  0.228819
5980  0.228819
5990  0.228819
6000  0.228819
6010  0.228819
6020  0.228819
6030  0.228819
6040  0.228819
6050  0.228819
6060  0.228819
6070  0.228819
6080  0.228819
6090  0.228819
6100  0.228819
6110  0.228819
6120  0.228819
6130  0.228819
6140  0.228819
6150  0.228819
6160  0.228819
6170  0.228819
6180  0.228819
6190  0.228819
6200  0.228819
6210  0.228819
6220  0.228819
6230  0.228819
6240  0.228819
6250  0.228819
6260  0.228819
6270  0.228819
6280  0.228819
6290  0.228819
6300  0.228819
6310  0.228819
6320  0.228819
6330  0.228819
6340  0.228819
6350  0.228819
6360  0.228819
6370  0.228819
6380  0.228819
6390  0.228819
6400  0.228819
6410  0.228819
6420  0.228819
6430  0.228819
6440  0.228819
6450  0.228819
6460  0.228819
6470  0.228819
6480  0.228819
6490  0.228819
6500  0.228819
6510  0.228819
6520  0.228819
6530  0.228819
6540  0.228819
6550  0.228819
6560  0.228819
6570  0.228819
6580  0.228819
6590  0.228819
6600  0.228819
6610  0.228819
6620  0.228819
6630  0.228819
6640  0.228819
6650  0.228819
6660  0.228819
6670  0.228819
6680  0.228819
6690  0.228819
6700  0.228819
6710  0.228819
6720  0.228819
6730  0.228819
6740  0.228819
6750  0.228819
6760  0.228819
6770  0.228819
6780  0.228819
6790  0.228819
6800  0.228819
6810  0.228819
6820  0.228819
6830  0.228819
6840  0.228819
6850  0.228819
6860  0.228819
6870  0.228819
6880  0.228819
6890  0.228819
6900  0.228819
6910  0.228819
6920  0.228819
6930  0.228819
6940  0.228819
6950  0.228819
6960  0.228819
6970  0.228819
6980  0.228819
6990  0.228819
7000  0.228819
7010  0.228819
7020  0.228819
7030  0.228819
7040  0.228819
7050  0.228819
7060  0.228819
7070  0.228819
7080  0.228819
7090  0.228819
7100  0.228819
7110  0.228819
7120  0.228819
7130  0.228819
7140  0.228819
7150  0.228819
7160  0.228819
7170  0.228819
7180  0.228819
7190  0.228819
7200  0.228819
7210  0.228819
7220  0.228819
7230  0.228819
7240  0.228819
7250  0.228819
7260  0.228819
7270  0.228819
7280  0.228819
7290  0.228819
7300  0.228819
7310  0.228819
7320  0.228819
7330  0.228819
7340  0.228819
7350  0.228819
7360  0.228819
7370  0.228819
7380  0.228819
7390  0.228819
7400  0.228819
7410  0.228819
7420  0.228819
7430  0.228819
7440  0.228819
7450  0.228819
7460  0.228819
7470  0.228819
7480  0.228819
7490  0.228819
7500  0.228819
7510  0.228819
7520  0.228819
7530  0.228819
7540  0.228819
7550  0.228819
7560  0.228819
7570  0.228819
7580  0.228819
7590  0.228819
7600  0.228819
7610  0.228819
7620  0.228819
7630  0.228819
7640  0.228819
7650  0.228819
7660  0.228819
7670  0.228819
7680  0.228819
7690  0.228819
7700  0.228819
7710  0.228819
7720  0.228819
7730  0.228819
7740  0.228819
7750  0.228819
7760  0.228819
7770  0.228819
7780  0.228819
7790  0.228819
7800  0.228819
7810  0.228819
7820  0.228819
7830  0.228819
7840  0.228819
7850  0.228819
7860  0.228819
7870  0.228819
7880  0.228819
7890  0.228819
7900  0.228819
7910  0.228819
7920  0.228819
7930  0.228819
7940  0.228819
7950  0.228819
7960  0.228819
7970  0.228819
7980  0.228819
7990  0.228819
8000  0.228819
8010  0.228819
8020  0.228819
8030  0.228819
8040  0.228819
8050  0.228819
8060  0.228819
8070  0.228819
8080  0.228819
8090  0.228819
8100  0.228819
8110  0.228819
8120  0.228819
8130  0.228819
8140  0.228819
8150  0.228819
8160  0.228819
8170  0.228819
8180  0.228819
8190  0.228819
8200  0.228819
8210  0.228819
8220  0.228819
8230  0.228819
8240  0.228819
8250  0.228819
8260  0.228819
8270  0.228819
8280  0.228819
8290  0.228819
8300  0.228819
8310  0.228819
8320  0.228819
8330  0.228819
8340  0.228819
8350  0.228819
8360  0.228819
8370  0.228819
8380  0.228819
8390  0.228819
8400  0.228819
8410  0.228819
8420  0.228819
8430  0.228819
8440  0.228819
8450  0.228819
8460  0.228819
8470  0.228819
8480  0.228819
8490  0.228819
8500  0.228819
8510  0.228819
8520  0.228819
8530  0.228819
8540  0.228819
8550  0.228819
8560  0.228819
8570  0.228819
8580  0.228819
8590  0.228819
8600  0.228819
8610  0.228819
8620  0.228819
8630  0.228819
8640  0.228819
8650  0.228819
8660  0.228819
8670  0.228819
8680  0.228819
8690  0.228819
8700  0.228819
8710  0.228819
8720  0.228819
8730  0.228819
8740  0.228819
8750  0.228819
8760  0.228819
8770  0.228819
8780  0.228819
8790  0.228819
8800  0.228819
8810  0.228819
8820  0.228819
8830  0.228819
8840  0.228819
8850  0.228819
8860  0.228819
8870  0.228819
8880  0.228819
8890  0.228819
8900  0.228819
8910  0.228819
8920  0.228819
8930  0.228819
8940  0.228819
8950  0.228819
8960  0.228819
8970  0.228819
8980  0.228819
8990  0.228819
9000  0.228819
9010  0.228819
9020  0.228819
9030  0.228819
9040  0.228819
9050  0.228819
9060  0.228819
9070  0.228819
9080  0.228819
9090  0.228819
9100  0.228819
9110  0.228819
9120  0.228819
9130  0.228819
9140  0.228819
9150  0.228819
9160  0.228819
9170  0.228819
9180  0.228819
9190  0.228819
9200  0.228819
9210  0.228819
9220  0.228819
9230  0.228819
9240  0.228819
9250  0.228819
9260  0.228819
9270  0.228819
9280  0.228819
9290  0.228819
9300  0.228819
9310  0.228819
9320  0.228819
9330  0.228819
9340  0.228819
9350  0.228819
9360  0.228819
9370  0.228819
9380  0.228819
9390  0.228819
9400  0.228819
9410  0.228819
9420  0.228819
9430  0.228819
9440  0.228819
9450  0.228819
9460  0.228819
9470  0.228819
9480  0.228819
9490  0.228819
9500  0.228819
9510  0.228819
9520  0.228819
9530  0.228819
9540  0.228819
9550  0.228819
9560  0.228819
9570  0.228819
9580  0.228819
9590  0.228819
9600  0.228819
9610  0.228819
9620  0.228819
9630  0.228819
9640  0.228819
9650  0.228819
9660  0.228819
9670  0.228819
9680  0.228819
9690  0.228819
9700  0.228819
9710  0.228819
9720  0.228819
9730  0.228819
9740  0.228819
9750  0.228819
9760  0.228819
9770  0.228819
9780  0.228819
9790  0.228819
9800  0.228819
9810  0.228819
9820  0.228819
9830  0.228819
9840  0.228819
9850  0.228819
9860  0.228819
9870  0.228819
9880  0.228819
9890  0.228819
9900  0.228819
9910  0.228819
9920  0.228819
9930  0.228819
9940  0.228819
9950  0.228819
9960  0.228819
9970  0.228819
9980  0.228819
9990  0.228819
10000  0.228819
10010  0.228819
10020  0.228819
10030  0.228819
10040  0.228819
10050  0.228819
10060  0.228819
10070  0.228819
10080  0.228819
10090  0.228819
10100  0.228819
10110  0.228819
10120  0.228819
10130  0.228819
10140  0.228819
10150  0.228819
10160  0.228819
10170  0.228819
10180  0.228819
10190  0.228819
10200  0.228819
10210  0.228819
10220  0.228819
10230  0.228819
10240  0.228819
10250  0.228819
10260  0.228819
10270  0.228819
10280  0.228819
10290  0.228819
10300  0.228819
10310  0.228819
10320  0.228819
10330  0.228819
10340  0.228819
10350  0.228819
10360  0.228819
10370  0.228819
10380  0.228819
10390  0.228819
10400  0.228819
10410  0.228819
10420  0.228819
10430  0.228819
10440  0.228819
10450  0.228819
10460  0.228819
10470  0.228819
10480  0.228819
10490  0.228819
10500  0.228819
10510  0.228819
10520  0.228819
10530  0.228819
10540  0.228819
10550  0.228819
10560  0.228819
10570  0.228819
10580  0.228819
10590  0.228819
10600  0.228819
10610  0.228819
10620  0.228819
10630  0.228819
10640  0.228819
10650  0.228819
10660  0.228819
10670  0.228819
10680  0.228819
10690  0.228819
10700  0.228819
10710  0.228819
10720  0.228819
10730  0.228819
10740  0.228819
10750  0.228819
10760  0.228819
10770  0.228819
10780  0.228819
10790  0.228819
10800  0.228819
10810  0.228819
10820  0.228819
10830  0.228819
10840  0.228819
10850  0.228819
10860  0.228819
10870  0.228819
10880  0.228819
10890  0.228819
10900  0.228819
10910  0.228819
10920  0.228819
10930  0.228819
10940  0.228819
10950  0.228819
10960  0.228819
10970  0.228819
10980  0.228819
10990  0.228819
11000  0.228819
11010  0.228819
11020  0.228819
11030  0.228819
11040  0.228819
11050  0.228819
11060  0.228819
11070  0.228819
11080  0.228819
11090  0.228819
11100  0.228819
11110  0.228819
11120  0.228819
11130  0.228819
11140  0.228819
11150  0.228819
11160  0.228819
11170  0.228819
11180  0.228819
11190  0.228819
11200  0.228819
11210  0.228819
11220  0.228819
11230  0.228819
11240  0.228819
11250  0.228819
11260  0.228819
11270  0.228819
11280  0.228819
11290  0.228819
11300  0.228819
11310  0.228819
11320  0.228819
11330  0.228819
11340  0.228819
11350  0.228819
11360  0.228819
11370  0.228819
11380  0.228819
11390  0.228819
11400  0.228819
11410  0.228819
11420  0.228819
11430  0.228819
11440  0.228819
11450  0.228819
11460  0.228819
11470  0.228819
11480  0.228819
11490  0.228819
11500  0.228819
11510  0.228819
11520  0.228819
11530  0.228819
11540  0.228819
11550  0.228819
11560  0.228819
11570  0.228819
11580  0.228819
11590  0.228819
11600  0.228819
11610  0.228819
11620  0.228819
11630  0.228819
11640  0.228819
11650  0.228819
11660  0.228819
11670  0.228819
11680  0.228819
11690  0.228819
11700  0.228819
11710  0.228819
11720  0.228819
11730  0.228819
11740  0.228819
11750  0.228819
11760  0.228819
11770  0.228819
11780  0.228819
11790  0.228819
11800  0.228819
11810  0.228819
11820  0.228819
11830  0.228819
11840  0.228819
11850  0.228819
11860  0.228819
11870  0.228819
11880  0.228819
11890  0.228819
11900  0.228819
11910  0.228819
11920  0.228819
11930  0.228819
11940  0.228819
11950  0.228819
11960  0.228819
11970  0.228819
11980  0.228819
11990  0.228819
12000  0.228819
12010  0.228819
12020  0.228819
12030  0.228819
12040  0.228819
12050  0.228819
12060  0.228819
12070  0.228819
12080  0.228819
12090  0.228819
12100  0.228819
12110  0.228819
12120  0.228819
12130  0.228819
12140  0.228819
12150  0.228819
12160  0.228819
12170  0.228819
12180  0.228819
12190  0.228819
12200  0.228819
12210  0.228819
12220  0.228819
12230  0.228819
12240  0.228819
12250  0.228819
12260  0.228819
12270  0.228819
12280  0.228819
12290  0.228819
12300  0.228819
12310  0.228819
12320  0.228819
12330  0.228819
12340  0.228819
12350  0.228819
12360  0.228819
12370  0.228819
12380  0.228819
12390  0.228819
12400  0.228819
12410  0.228819
12420  0.228819
12430  0.228819
12440  0.228819
12450  0.228819
12460  0.228819
12470  0.228819
12480  0.228819
12490  0.228819
12500  0.228819
12510  0.228819
12520  0.228819
12530  0.228819
12540  0.228819
12550  0.228819
12560  0.228819
12570  0.228819
12580  0.228819
12590  0.228819
12600  0.228819
12610  0.228819
12620  0.228819
12630  0.228819
12640  0.228819
12650  0.228819
12660  0.228819
12670  0.228819
12680  0.228819
12690  0.228819
12700  0.228819
12710  0.228819
12720  0.228819
12730  0.228819
12740  0.228819
12750  0.228819
12760  0.228819
12770  0.228819
12780  0.228819
12790  0.228819
12800  0.228819
12810  0.228819
12820  0.228819
12830  0.228819
12840  0.228819
12850  0.228819
12860  0.228819
12870  0.228819
12880  0.228819
12890  0.228819
12900  0.228819
12910  0.228819
12920  0.228819
12930  0.228819
12940  0.228819
12950  0.228819
12960  0.228819
12970  0.228819
12980  0.228819
12990  0.228819
13000  0.228819
13010  0.228819
13020  0.228819
13030  0.228819
13040  0.228819
13050  0.228819
13060  0.228819
13070  0.228819
13080  0.228819
13090  0.228819
13100  0.228819
13110  0.228819
13120  0.228819
13130  0.228819
13140  0.228819
13150  0.228819
13160  0.228819
13170  0.228819
13180  0.228819
13190  0.228819
13200  0.228819
13210  0.228819
13220  0.228819
13230  0.228819
13240  0.228819
13250  0.228819
13260  0.228819
13270  0.228819
13280  0.228819
13290  0.228819
13300  0.228819
13310  0.228819
13320  0.228819
13330  0.228819
13340  0.228819
13350  0.228819
13360  0.228819
13370  0.228819
13380  0.228819
13390  0.228819
13400  0.228819
13410  0.228819
13420  0.228819
13430  0.228819
13440  0.228819
13450  0.228819
13460  0.228819
13470  0.228819
13480  0.228819
13490  0.228819
13500  0.228819
13510  0.228819
13520  0.228819
13530  0.228819
13540  0.228819
13550  0.228819
13560  0.228819
13570  0.228819
13580  0.228819
13590  0.228819
13600  0.228819
13610  0.228819
13620  0.228819
13630  0.228819
13640  0.228819
13650  0.228819
13660  0.228819
13670  0.228819
13680  0.228819
13690  0.228819
13700  0.228819
13710  0.228819
13720  0.228819
13730  0.228819
13740  0.228819
13750  0.228819
13760  0.228819
13770  0.228819
13780  0.228819
13790  0.228819
13800  0.228819
13810  0.228819
13820  0.228819
13830  0.228819
13840  0.228819
13850  0.228819
13860  0.228819
13870  0.228819
13880  0.228819
13890  0.228819
13900  0.228819
13910  0.228819
13920  0.228819
13930  0.228819
13940  0.228819
13950  0.228819
13960  0.228819
13970  0.228819
13980  0.228819
13990  0.228819
14000  0.228819
14010  0.228819
14020  0.228819
14030  0.228819
14040  0.228819
14050  0.228819
14060  0.228819
14070  0.228819
14080  0.228819
14090  0.228819
14100  0.228819
14110  0.228819
14120  0.228819
14130  0.228819
14140  0.228819
14150  0.228819
14160  0.228819
14170  0.228819
14180  0.228819
14190  0.228819
14200  0.228819
14210  0.228819
14220  0.228819
14230  0.228819
14240  0.228819
14250  0.228819
14260  0.228819
14270  0.228819
14280  0.228819
14290  0.228819
14300  0.228819
14310  0.228819
14320  0.228819
14330  0.228819
14340  0.228819
14350  0.228819
14360  0.228819
14370  0.228819
14380  0.228819
14390  0.228819
14400  0.228819
14410  0.228819
14420  0.228819
14430  0.228819
14440  0.228819
14450  0.228819
14460  0.228819
14470  0.228819
14480  0.228819
14490  0.228819
14500  0.228819
14510  0.228819
14520  0.228819
14530  0.228819
14540  0.228819
14550  0.228819
14560  0.228819
14570  0.228819
14580  0.228819
14590  0.228819
14600  0.228819
14610  0.228819
14620  0.228819
14630  0.228819
14640  0.228819
14650  0.228819
14660  0.228819
14670  0.228819
14680  0.228819
14690  0.228819
14700  0.228819
14710  0.228819
14720  0.228819
14730  0.228819
14740  0.228819
14750  0.228819
14760  0.228819
14770  0.228819
14780  0.228819
14790  0.228819
14800  0.228819
14810  0.228819
14820  0.228819
14830  0.228819
14840  0.228819
14850  0.228819
14860  0.228819
14870  0.228819
14880  0.228819
14890  0.228819
14900  0.228819
14910  0.228819
14920  0.228819
14930  0.228819
14940  0.228819
14950  0.228819
14960  0.228819
14970  0.228819
14980  0.228819
14990  0.228819
15000  0.228819
15010  0.228819
15020  0.228819
15030  0.228819
15040  0.228819
15050  0.228819
15060  0.228819
15070  0.228819
15080  0.228819
15090  0.228819
15100  0.228819
15110  0.228819
15120  0.228819
15130  0.228819
15140  0.228819
15150  0.228819
15160  0.228819
15170  0.228819
15180  0.228819
15190  0.228819
15200  0.228819
15210  0.228819
15220  0.228819
15230  0.228819
15240  0.228819
15250  0.228819
15260  0.228819
15270  0.228819
15280  0.228819
15290  0.228819
15300  0.228819
15310  0.228819
15320  0.228819
15330  0.228819
15340  0.228819
15350  0.228819
15360  0.228819
15370  0.228819
15380  0.228819
15390  0.228819
15400  0.228819
15410  0.228819
15420  0.228819
15430  0.228819
15440  0.228819
15450  0.228819
15460  0.228819
15470  0.228819
15480  0.228819
15490  0.228819
15500  0.228819
15510  0.228819
15520  0.228819
15530  0.228819
15540  0.228819
15550  0.228819
15560  0.228819
15570  0.228819
15580  0.228819
15590  0.228819
15600  0.228819
15610  0.228819
15620  0.228819
15630  0.228819
15640  0.228819
15650  0.228819
15660  0.228819
15670  0.228819
15680  0.228819
15690  0.228819
15700  0.228819
15710  0.228819
15720  0.228819
15730  0.228819
15740  0.228819
15750  0.228819
15760  0.228819
15770  0.228819
15780  0.228819
15790  0.228819
15800  0.228819
15810  0.228819
15820  0.228819
15830  0.228819
15840  0.228819
15850  0.228819
15860  0.228819
15870  0.228819
15880  0.228819
15890  0.228819
15900  0.228819
15910  0.228819
15920  0.228819
15930  0.228819
15940  0.228819
15950  0.228819
15960  0.228819
15970  0.228819
15980  0.228819
15990  0.228819
16000  0.228819
16010  0.228819
16020  0.228819
16030  0.228819
16040  0.228819
16050  0.228819
16060  0.228819
16070  0.228819
16080  0.228819
16090  0.228819
16100  0.228819
16110  0.228819
16120  0.228819
16130  0.228819
16140  0.228819
16150  0.228819
16160  0.228819
16170  0.228819
16180  0.228819
16190  0.228819
16200  0.228819
16210  0.228819
16220  0.228819
16230  0.228819
16240  0.228819
16250  0.228819
16260  0.228819
16270  0.228819
16280  0.228819
16290  0.228819
16300  0.228819
16310  0.228819
16320  0.228819
16330  0.228819
16340  0.228819
16350  0.228819
16360  0.228819
16370  0.228819
16380  0.228819
16390  0.228819
16400  0.228819
16410  0.228819
16420  0.228819
16430  0.228819
16440  0.228819
16450  0.228819
16460  0.228819
16470  0.228819
16480  0.228819
16490  0.228819
16500  0.228819
16510  0.228819
16520  0.228819
16530  0.228819
16540  0.228819
16550  0.228819
16560  0.228819
16570  0.228819
16580  0.228819
16590  0.228819
16600  0.228819
16610  0.228819
16620  0.228819
16630  0.228819
16640  0.228819
16650  0.228819
16660  0.228819
16670  0.228819
16680  0.228819
16690  0.228819
16700  0.228819
16710  0.228819
16720  0.228819
16730  0.228819
16740  0.228819
16750  0.228819
16760  0.228819
16770  0.228819
16780  0.228819
16790  0.228819
16800  0.228819
16810  0.228819
16820  0.228819
16830  0.228819
16840  0.228819
16850  0.228819
16860  0.228819
16870  0.228819
16880  0.228819
16890  0.228819
16900  0.228819
16910  0.228819
16920  0.228819
16930  0.228819
16940  0.228819
16950  0.228819
16960  0.228819
16970  0.228819
16980  0.228819
16990  0.228819
17000  0.228819
17010  0.228819
17020  0.228819
17030  0.228819
17040  0.228819
17050  0.228819
17060  0.228819
17070  0.228819
17080  0.228819
17090  0.228819
17100  0.228819
17110  0.228819
17120  0.228819
17130  0.228819
17140  0.228819
17150  0.228819
17160  0.228819
17170  0.228819
17180  0.228819
17190  0.228819
17200  0.228819
17210  0.228819
17220  0.228819
17230  0.228819
17240  0.228819
17250  0.228819
17260  0.228819
17270  0.228819
17280  0.228819
17290  0.228819
17300  0.228819
17310  0.228819
17320  0.228819
17330  0.228819
17340  0.228819
17350  0.228819
17360  0.228819
17370  0.228819
17380  0.228819
17390  0.228819
17400  0.228819
17410  0.228819
17420  0.228819
17430  0.228819
17440  0.228819
17450  0.228819
17460  0.228819
17470  0.228819
17480  0.228819
17490  0.228819
17500  0.228819
17510  0.228819
17520  0.228819
17530  0.228819
17540  0.228819
17550  0.228819
17560  0.228819
17570  0.228819
17580  0.228819
17590  0.228819
17600  0.228819
17610  0.228819
17620  0.228819
17630  0.228819
17640  0.228819
17650  0.228819
17660  0.228819
17670  0.228819
17680  0.228819
17690  0.228819
17700  0.228819
17710  0.228819
17720  0.228819
17730  0.228819
17740  0.228819
17750  0.228819
17760  0.228819
17770  0.228819
17780  0.228819
17790  0.228819
17800  0.228819
17810  0.228819
17820  0.228819
17830  0.228819
17840  0.228819
17850  0.228819
17860  0.228819
17870  0.228819
17880  0.228819
17890  0.228819
17900  0.228819
17910  0.228819
17920  0.228819
17930  0.228819
17940  0.228819
17950  0.228819
17960  0.228819
17970  0.228819
17980  0.228819
17990  0.228819
18000  0.228819
18010  0.228819
18020  0.228819
18030  0.228819
18040  0.228819
18050  0.228819
18060  0.228819
18070  0.228819
18080  0.228819
18090  0.228819
18100  0.228819
18110  0.228819
18120  0.228819
18130  0.228819
18140  0.228819
18150  0.228819
18160  0.228819
18170  0.228819
18180  0.228819
18190  0.228819
18200  0.228819
18210  0.228819
18220  0.228819
18230  0.228819
18240  0.228819
18250  0.228819
18260  0.228819
18270  0.228819
18280  0.228819
18290  0.228819
18300  0.228819
18310  0.228819
18320  0.228819
18330  0.228819
18340  0.228819
18350  0.228819
18360  0.228819
18370  0.228819
18380  0.228819
18390  0.228819
18400  0.228819
18410  0.228819
18420  0.228819
18430  0.228819
18440  0.228819
18450  0.228819
18460  0.228819
18470  0.228819
18480  0.228819
18490  0.228819
18500  0.228819
18510  0.228819
18520  0.228819
18530  0.228819
18540  0.228819
18550  0.228819
18560  0.228819
18570  0.228819
18580  0.228819
18590  0.228819
18600  0.228819
18610  0.228819
18620  0.228819
18630  0.228819
18640  0.228819
18650  0.228819
18660  0.228819
18670  0.228819
18680  0.228819
18690  0.228819
18700  0.228819
18710  0.228819
18720  0.228819
18730  0.228819
18740  0.228819
18750  0.228819
18760  0.228819
18770  0.228819
18780  0.228819
18790  0.228819
18800  0.228819
18810  0.228819
18820  0.228819
18830  0.228819
18840  0.228819
18850  0.228819
18860  0.228819
18870  0.228819
18880  0.228819
18890  0.228819
18900  0.228819
18910  0.228819
18920  0.228819
18930  0.228819
18940  0.228819
18950  0.228819
18960  0.228819
18970  0.228819
18980  0.228819
18990  0.228819
19000  0.228819
19010  0.228819
19020  0.228819
19030  0.228819
19040  0.228819
19050  0.228819
19060  0.228819
19070  0.228819
19080  0.228819
19090  0.228819
19100  0.228819
19110  0.228819
19120  0.228819
19130  0.228819
19140  0.228819
19150  0.228819
19160  0.228819
19170  0.228819
19180  0.228819
19190  0.228819
19200  0.228819
19210  0.228819
19220  0.228819
19230  0.228819
19240  0.228819
19250  0.228819
19260  0.228819
19270  0.228819
19280  0.228819
19290  0.228819
19300  0.228819
19310  0.228819
19320  0.228819
19330  0.228819
19340  0.228819
19350  0.228819
19360  0.228819
19370  0.228819
19380  0.228819
19390  0.228819
19400  0.228819
19410  0.228819
19420  0.228819
19430  0.228819
19440  0.228819
19450  0.228819
19460  0.228819
19470  0.228819
19480  0.228819
19490  0.228819
19500  0.228819
19510  0.228819
19520  0.228819
19530  0.228819
19540  0.228819
19550  0.228819
19560  0.228819
19570  0.228819
19580  0.228819
19590  0.228819
19600  0.228819
19610  0.228819
19620  0.228819
19630  0.228819
19640  0.228819
19650  0.228819
19660  0.228819
19670  0.228819
19680  0.228819
19690  0.228819
19700  0.228819
19710  0.228819
19720  0.228819
19730  0.228819
19740  0.228819
19750  0.228819
19760  0.228819
19770  0.228819
19780  0.228819
19790  0.228819
19800  0.228819
19810  0.228819
19820  0.228819
19830  0.228819
19840  0.228819
19850  0.228819
19860  0.228819
19870  0.228819
19880  0.228819
19890  0.228819
19900  0.228819
19910  0.228819
19920  0.228819
19930  0.228819
19940  0.228819
19950  0.228819
19960  0.228819
19970  0.228819
19980  0.228819
19990  0.228819
20000  0.228819
20010  0.228819
20020  0.228819
20030  0.228819
20040  0.228819
20050  0.228819
20060  0.228819
20070  0.228819
20080  0.228819
20090  0.228819
20100  0.228819
20110  0.228819
20120  0.228819
20130  0.228819
20140  0.228819
20150  0.228819
20160  0.228819
20170  0.228819
20180  0.228819
20190  0.228819
20200  0.228819
20210  0.228819
20220  0.228819
20230  0.228819
20240  0.228819
20250  0.228819
20260  0.228819
20270  0.228819
20280  0.228819
20290  0.228819
20300  0.228819
20310  0.228819
20320  0.228819
20330  0.228819
20340  0.228819
20350  0.228819
20360  0.228819
20370  0.228819
20380  0.228819
20390  0.228819
20400  0.228819
20410  0.228819
20420  0.228819
20430  0.228819
20440  0.228819
20450  0.228819
20460  0.228819
20470  0.228819
20480  0.228819
20490  0.228819
20500  0.228819
20510  0.228819
20520  0.228819
20530  0.228819
20540  0.228819
20550  0.228819
20560  0.228819
20570  0.228819
20580  0.228819
20590  0.228819
20600  0.228819
20610  0.228819
20620  0.228819
20630  0.228819
20640  0.228819
20650  0.228819
20660  0.228819
20670  0.228819
20680  0.228819
20690  0.228819
20700  0.228819
20710  0.228819
20720  0.228819
20730  0.228819
20740  0.228819
20750  0.228819
20760  0.228819
20770  0.228819
20780  0.228819
20790  0.228819
20800  0.228819
20810  0.228819
20820  0.228819
20830  0.228819
20840  0.228819
20850  0.228819
20860  0.228819
20870  0.228819
20880  0.228819
20890  0.228819
20900  0.228819
20910  0.228819
20920  0.228819
20930  0.228819
20940  0.228819
20950  0.228819
20960  0.228819
20970  0.228819
20980  0.228819
20990  0.228819
21000  0.228819
21010  0.228819
21020  0.228819
21030  0.228819
21040  0.228819
21050  0.228819
21060  0.228819
21070  0.228819
21080  0.228819
21090  0.228819
21100  0.228819
21110  0.228819
21120  0.228819
21130  0.228819
21140  0.228819
21150  0.228819
21160  0.228819
21170  0.228819
21180  0.228819
21190  0.228819
21200  0.228819
21210  0.228819
21220  0.228819
21230  0.228819
21240  0.228819
21250  0.228819
21260  0.228819
21270  0.228819
21280  0.228819
21290  0.228819
21300  0.228819
21310  0.228819
21320  0.228819
21330  0.228819
21340  0.228819
21350  0.228819
21360  0.228819
21370  0.228819
21380  0.228819
21390  0.228819
21400  0.228819
21410  0.228819
21420  0.228819
21430  0.228819
21440  0.228819
21450  0.228819
21460  0.228819
21470  0.228819
21480  0.228819
21490  0.228819
21500  0.228819
21510  0.228819
21520  0.228819
21530  0.228819
21540  0.228819
21550  0.228819
21560  0.228819
21570  0.228819
21580  0.228819
21590  0.228819
21600  0.228819
21610  0.228819
21620  0.228819
21630  0.228819
21640  0.228819
21650  0.228819
21660  0.228819
21670  0.228819
21680  0.228819
21690  0.228819
21700  0.228819
21710  0.228819
21720  0.228819
21730  0.228819
21740  0.228819
21750  0.228819
21760  0.228819
21770  0.228819
21780  0.228819
21790  0.228819
21800  0.228819
21810  0.228819
21820  0.228819
21830  0.228819
21840  0.228819
21850  0.228819
21860  0.228819
21870  0.228819
21880  0.228819
21890  0.228819
21900  0.228819
21910  0.228819
21920  0.228819
21930  0.228819
21940  0.228819
21950  0.228819
21960  0.228819
21970  0.228819
21980  0.228819
21990  0.228819
22000  0.228819
22010  0.228819
22020  0.228819
22030  0.228819
22040  0.228819
22050  0.228819
22060  0.228819
22070  0.228819
22080  0.228819
22090  0.228819
22100  0.228819
22110  0.228819
22120  0.228819
22130  0.228819
22140  0.228819
22150  0.228819
22160  0.228819
22170  0.228819
22180  0.228819
22190  0.228819
22200  0.228819
22210  0.228819
22220  0.228819
22230  0.228819
22240  0.228819
22250  0.228819
22260  0.228819
22270  0.228819
22280  0.228819
22290  0.228819
22300  0.228819
22310  0.228819
22320  0.228819
22330  0.228819
22340  0.228819
22350  0.228819
22360  0.228819
22370  0.228819
22380  0.228819
22390  0.228819
22400  0.228819
22410  0.228819
22420  0.228819
22430  0.228819
22440  0.228819
22450  0.228819
22460  0.228819
22470  0.228819
22480  0.228819
22490  0.228819
22500  0.228819
22510  0.228819
22520  0.228819
22530  0.228819
22540  0.228819
22550  0.228819
22560  0.228819
22570  0.228819
22580  0.228819
22590  0.228819
22600  0.228819
22610  0.228819
22620  0.228819
22630  0.228819
22640  0.228819
22650  0.228819
22660  0.228819
22670  0.228819
22680  0.228819
22690  0.228819
22700  0.228819
22710  0.228819
22720  0.228819
22730  0.228819
22740  0.228819
22750  0.228819
22760  0.228819
22770  0.228819
22780  0.228819
22790  0.228819
22800  0.228819
22810  0.228819
22820  0.228819
22830  0.228819
22840  0.228819
22850  0.228819
22860  0.228819
22870  0.228819
22880  0.228819
22890  0.228819
22900  0.228819
22910  0.228819
22920  0.228819
22930  0.228819
22940  0.228819
22950  0.228819
22960  0.228819
22970  0.228819
22980  0.228819
22990  0.228819
23000  0.228819
23010  0.228819
23020  0.228819
23030  0.228819
23040  0.228819
23050  0.228819
23060  0.228819
23070  0.228819
23080  0.228819
23090  0.228819
23100  0.228819
23110  0.228819
23120  0.228819
23130  0.228819
23140  0.228819
23150  0.228819
23160  0.228819
23170  0.228819
23180  0.228819
23190  0.228819
23200  0.228819
23210  0.228819
23220  0.228819
23230  0.228819
23240  0.228819
23250  0.228819
23260  0.228819
23270  0.228819
23280  0.228819
23290  0.228819
23300  0.228819
23310  0.228819
23320  0.228819
23330  0.228819
23340  0.228819
23350  0.228819
23360  0.228819
23370  0.228819
23380  0.228819
23390  0.228819
23400  0.228819
23410  0.228819
23420  0.228819
23430  0.228819
23440  0.228819
23450  0.228819
23460  0.228819
23470  0.228819
23480  0.228819
23490  0.228819
23500  0.228819
23510  0.228819
23520  0.228819
23530  0.228819
23540  0.228819
23550  0.228819
23560  0.228819
23570  0.228819
23580  0.228819
23590  0.228819
23600  0.228819
23610  0.228819
23620  0.228819
23630  0.228819
23640  0.228819
23650  0.228819
23660  0.228819
23670  0.228819
23680  0.228819
23690  0.228819
23700  0.228819
23710  0.228819
23720  0.228819
23730  0.228819
23740  0.228819
23750  0.228819
23760  0.228819
23770  0.228819
23780  0.228819
23790  0.228819
23800  0.228819
23810  0.228819
23820  0.228819
23830  0.228819
23840  0.228819
23850  0.228819
23860  0.228819
23870  0.228819
23880  0.228819
23890  0.228819
23900  0.228819
23910  0.228819
23920  0.228819
23930  0.228819
23940  0.228819
23950  0.228819
23960  0.228819
23970  0.228819
23980  0.228819
23990  0.228819
24000  0.228819
24010  0.228819
24020  0.228819
24030  0.228819
24040  0.228819
24050  0.228819
24060  0.228819
24070  0.228819
24080  0.228819
24090  0.228819
24100  0.228819
24110  0.228819
24120  0.228819
24130  0.228819
24140  0.228819
24150  0.228819
24160  0.228819
24170  0.228819
24180  0.228819
24190  0.228819
24200  0.228819
24210  0.228819
24220  0.228819
24230  0.228819
24240  0.228819
24250  0.228819
24260  0.228819
24270  0.228819
24280  0.228819
24290  0.228819
24300  0.228819
24310  0.228819
24320  0.228819
24330  0.228819
24340  0.228819
24350  0.228819
24360  0.228819
24370  0.228819
24380  0.228819
24390  0.228819
24400  0.228819
24410  0.228819
24420  0.228819
24430  0.228819
24440  0.228819
24450  0.228819
24460  0.228819
24470  0.228819
24480  0.228819
24490  0.228819
24500  0.228819
24510  0.228819
24520  0.228819
24530  0.228819
24540  0.228819
24550  0.228819
24560  0.228819
24570  0.228819
24580  0.228819
24590  0.228819
24600  0.228819
24610  0.228819
24620  0.228819
24630  0.228819
24640  0.228819
24650  0.228819
24660  0.228819
24670  0.228819
24680  0.228819
24690  0.228819
24700  0.228819
24710  0.228819
24720  0.228819
24730  0.228819
24740  0.228819
24750  0.228819
24760  0.228819
24770  0.228819
24780  0.228819
24790  0.228819
24800  0.228819
24810  0.228819
24820  0.228819
24830  0.228819
24840  0.228819
24850  0.228819
24860  0.228819
24870  0.228819
24880  0.228819
24890  0.228819
24900  0.228819
24910  0.228819
24920  0.228819
24930  0.228819
24940  0.228819
24950  0.228819
24960  0.228819
24970  0.228819
24980  0.228819
24990  0.228819
25000  0.228819
25010  0.228819
25020  0.228819
25030  0.228819
25040  0.228819
25050  0.228819
25060  0.228819
25070  0.228819
25080  0.228819
25090  0.228819
25100  0.228819
25110  0.228819
25120  0.228819
25130  0.228819
25140  0.228819
25150  0.228819
25160  0.228819
25170  0.228819
25180  0.228819
25190  0.228819
25200  0.228819
25210  0.228819
25220  0.228819
25230  0.228819
25240  0.228819
25250  0.228819
25260  0.228819
25270  0.228819
25280  0.228819
25290  0.228819
25300  0.228819
25310  0.228819
25320  0.228819
25330  0.228819
25340  0.228819
25350  0.228819
25360  0.228819
25370  0.228819
25380  0.228819
25390  0.228819
25400  0.228819
25410  0.228819
25420  0.228819
25430  0.228819
25440  0.228819
25450  0.228819
25460  0.228819
25470  0.228819
25480  0.228819
25490  0.228819
25500  0.228819
25510  0.228819
25520  0.228819
25530  0.228819
25540  0.228819
25550  0.228819
25560  0.228819
25570  0.228819
25580  0.228819
25590  0.228819
25600  0.228819
25610  0.228819
25620  0.228819
25630  0.228819
25640  0.228819
25650  0.228819
25660  0.228819
25670  0.228819
25680  0.228819
25690  0.228819
25700  0.228819
25710  0.228819
25720  0.228819
25730  0.228819
25740  0.228819
25750  0.228819
25760  0.228819
25770  0.228819
25780  0.228819
25790  0.228819
25800  0.228819
25810  0.228819
25820  0.228819
25830  0.228819
25840  0.228819
25850  0.228819
25860  0.228819
25870  0.228819
25880  0.228819
25890  0.228819
25900  0.228819
25910  0.228819
25920  0.228819
25930  0.228819
25940  0.228819
25950  0.228819
25960  0.228819
25970  0.228819
25980  0.228819
25990  0.228819
26000  0.228819
26010  0.228819
26020  0.228819
26030  0.228819
26040  0.228819
26050  0.228819
26060  0.228819
26070  0.228819
26080  0.228819
26090  0.228819
26100  0.228819
26110  0.228819
26120  0.228819
26130  0.228819
26140  0.228819
26150  0.228819
26160  0.228819
26170  0.228819
26180  0.228819
26190  0.228819
26200  0.228819
26210  0.228819
26220  0.228819
26230  0.228819
26240  0.228819
26250  0.228819
26260  0.228819
26270  0.228819
26280  0.228819
26290  0.228819
26300  0.228819
26310  0.228819
26320  0.228819
26330  0.228819
26340  0.228819
26350  0.228819
26360  0.228819
26370  0.228819
26380  0.228819
26390  0.228819
26400  0.228819
26410  0.228819
26420  0.228819
26430  0.228819
26440  0.228819
26450  0.228819
26460  0.228819
26470  0.228819
26480  0.228819
26490  0.228819
26500  0.228819
26510  0.228819
26520  0.228819
26530  0.228819
26540  0.228819
26550  0.228819
26560  0.228819
26570  0.228819
26580  0.228819
26590  0.228819
26600  0.228819
26610  0.228819
26620  0.228819
26630  0.228819
26640  0.228819
26650  0.228819
26660  0.228819
26670  0.228819
26680  0.228819
26690  0.228819
26700  0.228819
26710  0.228819
26720  0.228819
26730  0.228819
26740  0.228819
26750  0.228819
26760  0.228819
26770  0.228819
26780  0.228819
26790  0.228819
26800  0.228819
26810  0.228819
26820  0.228819
26830  0.228819
26840  0.228819
26850  0.228819
26860  0.228819
26870  0.228819
26880  0.228819
26890  0.228819
26900  0.228819
26910  0.228819
26920  0.228819
26930  0.228819
26940  0.228819
26950  0.228819
26960  0.228819
26970  0.228819
26980  0.228819
26990  0.228819
27000  0.228819
27010  0.228819
27020  0.228819
27030  0.228819
27040  0.228819
27050  0.228819
27060  0.228819
27070  0.228819
27080  0.228819
27090  0.228819
27100  0.228819
27110  0.228819
27120  0.228819
27130  0.228819
27140  0.228819
27150  0.228819
27160  0.228819
27170  0.228819
27180  0.228819
27190  0.228819
27200  0.228819
27210  0.228819
27220  0.228819
27230  0.228819
27240  0.228819
27250  0.228819
27260  0.228819
27270  0.228819
27280  0.228819
27290  0.228819
27300  0.228819
27310  0.228819
27320  0.228819
27330  0.228819
27340  0.228819
27350  0.228819
27360  0.228819
27370  0.228819
27380  0.228819
27390  0.228819
27400  0.228819
27410  0.228819
27420  0.228819
27430  0.228819
27440  0.228819
27450  0.228819
27460  0.228819
27470  0.228819
27480  0.228819
27490  0.228819
27500  0.228819
27510  0.228819
27520  0.228819
27530  0.228819
27540  0.228819
27550  0.228819
27560  0.228819
27570  0.228819
27580  0.228819
27590  0.228819
27600  0.228819
27610  0.228819
27620  0.228819
27630  0.228819
27640  0.228819
27650  0.228819
27660  0.228819
27670  0.228819
27680  0.228819
27690  0.228819
27700  0.228819
27710  0.228819
27720  0.228819
27730  0.228819
27740  0.228819
27750  0.228819
27760  0.228819
27770  0.228819
27780  0.228819
27790  0.228819
27800  0.228819
27810  0.228819
27820  0.228819
27830  0.228819
27840  0.228819
27850  0.228819
27860  0.228819
27870  0.228819
27880  0.228819
27890  0.228819
27900  0.228819
27910  0.228819
27920  0.228819
27930  0.228819
27940  0.228819
27950  0.228819
27960  0.228819
27970  0.228819
27980  0.228819
27990  0.228819
28000  0.228819
28010  0.228819
28020  0.228819
28030  0.228819
28040  0.228819
28050  0.228819
28060  0.228819
28070  0.228819
28080  0.228819
28090  0.228819
28100  0.228819
28110  0.228819
28120  0.228819
28130  0.228819
28140  0.228819
28150  0.228819
28160  0.228819
28170  0.228819
28180  0.228819
28190  0.228819
28200  0.228819
28210  0.228819
28220  0.228819
28230  0.228819
28240  0.228819
28250  0.228819
28260  0.228819
28270  0.228819
28280  0.228819
28290  0.228819
28300  0.228819
28310  0.228819
28320  0.228819
28330  0.228819
28340  0.228819
28350  0.228819
28360  0.228819
28370  0.228819
28380  0.228819
28390  0.228819
28400  0.228819
28410  0.228819
28420  0.228819
28430  0.228819
28440  0.228819
28450  0.228819
28460  0.228819
28470  0.228819
28480  0.228819
28490  0.228819
28500  0.228819
28510  0.228819
28520  0.228819
28530  0.228819
28540  0.228819
28550  0.228819
28560  0.228819
28570  0.228819
28580  0.228819
28590  0.228819
28600  0.228819
28610  0.228819
28620  0.228819
28630  0.228819
28640  0.228819
28650  0.228819
28660  0.228819
28670  0.228819
28680  0.228819
28690  0.228819
28700  0.228819
28710  0.228819
28720  0.228819
28730  0.228819
28740  0.228819
28750  0.228819
28760  0.228819
28770  0.228819
28780  0.228819
28790  0.228819
28800  0.228819
28810  0.228819
28820  0.228819
28830  0.228819
28840  0.228819
28850  0.228819
28860  0.228819
28870  0.228819
28880  0.228819
28890  0.228819
28900  0.228819
28910  0.228819
28920  0.228819
28930  0.228819
28940  0.228819
28950  0.228819
28960  0.228819
28970  0.228819
28980  0.228819
28990  0.228819
29000  0.228819
29010  0.228819
29020  0.228819
29030  0.228819
29040  0.228819
29050  0.228819
29060  0.228819
29070  0.228819
29080  0.228819
29090  0.228819
29100  0.228819
29110  0.228819
29120  0.228819
29130  0.228819
29140  0.228819
29150  0.228819
29160  0.228819
29170  0.228819
29180  0.228819
29190  0.228819
29200  0.228819
29210  0.228819
29220  0.228819
29230  0.228819
29240  0.228819
29250  0.228819
29260  0.228819
29270  0.228819
29280  0.228819
29290  0.228819
29300  0.228819
29310  0.228819
29320  0.228819
29330  0.228819
29340  0.228819
29350  0.228819
29360  0.228819
29370  0.228819
29380  0.228819
29390  0.228819
29400  0.228819
29410  0.228819
29420  0.228819
29430  0.228819
29440  0.228819
29450  0.228819
29460  0.228819
29470  0.228819
29480  0.228819
29490  0.228819
29500  0.228819
29510  0.228819
29520  0.228819
29530  0.228819
29540  0.228819
29550  0.228819
29560  0.228819
29570  0.228819
29580  0.228819
29590  0.228819
29600  0.228819
29610  0.228819
29620  0.228819
29630  0.228819
29640  0.228819
29650  0.228819
29660  0.228819
29670  0.228819
29680  0.228819
29690  0.228819
29700  0.228819
29710  0.228819
29720  0.228819
29730  0.228819
29740  0.228819
29750  0.228819
29760  0.228819
29770  0.228819
29780  0.228819
29790  0.228819
29800  0.228819
29810  0.228819
29820  0.228819
29830  0.228819
29840  0.228819
29850  0.228819
29860  0.228819
29870  0.228819
29880  0.228819
29890  0.228819
29900  0.228819
29910  0.228819
29920  0.228819
29930  0.228819
29940  0.228819
29950  0.228819
29960  0.228819
29970  0.228819
29980  0.228819
29990  0.228819
30000  0.228819
30010  0.228819
