Step  Penalty
50  0.557128
100  0.546622
150  0.546622
200  0.543098
250  0.539956
300  0.538846
350  0.537893
400  0.537537
450  0.537537
500  0.537537
550  0.536336
600  0.535572
650  0.533028
700  0.532257
750  0.530532
800  0.52847
850  0.524167
900  0.523434
950  0.521924
1000  0.509413
1050  0.495364
1100  0.485556
1150  0.474145
1200  0.470481
1250  0.463297
1300  0.459936
1350  0.455493
1400  0.451577
1450  0.449852
1500  0.448093
1550  0.44444
1600  0.441959
1650  0.438188
1700  0.435203
1750  0.433291
1800  0.430912
1850  0.428965
1900  0.426539
1950  0.424302
2000  0.421636
2050  0.419377
2100  0.416125
2150  0.412315
2200  0.410256
2250  0.407869
2300  0.405629
2350  0.404854
2400  0.403111
2450  0.400813
2500  0.399561
2550  0.397398
2600  0.396526
2650  0.394702
2700  0.393802
2750  0.393366
2800  0.392662
2850  0.391827
2900  0.391581
2950  0.390842
3000  0.39018
3050  0.389997
3100  0.389321
3150  0.388925
3200  0.38846
3250  0.387194
3300  0.386586
3350  0.385517
3400  0.384237
3450  0.382525
3500  0.381857
3550  0.380492
3600  0.378795
3650  0.376323
3700  0.374707
3750  0.372947
3800  0.372069
3850  0.371016
3900  0.370392
3950  0.369064
4000  0.36799
4050  0.366853
4100  0.365796
4150  0.364542
4200  0.363258
4250  0.36192
4300  0.361135
4350  0.359043
4400  0.35788
4450  0.355937
4500  0.354085
4550  0.352268
4600  0.350855
4650  0.349924
4700  0.34934
4750  0.348409
4800  0.34664
4850  0.344788
4900  0.343739
4950  0.342283
5000  0.341613
5050  0.339701
5100  0.337758
5150  0.33555
5200  0.334166
5250  0.332572
5300  0.331448
5350  0.330201
5400  0.328696
5450  0.327768
5500  0.32705
5550  0.326422
5600  0.325666
5650  0.324937
5700  0.324561
5750  0.323942
5800  0.323048
5850  0.32147
5900  0.320436
5950  0.319593
6000  0.318308
6050  0.31741
6100  0.316714
6150  0.315827
6200  0.314216
6250  0.313773
6300  0.312973
6350  0.31178
6400  0.311199
6450  0.310422
6500  0.309796
6550  0.309239
6600  0.308541
6650  0.307597
6700  0.30621
6750  0.30481
6800  0.304314
6850  0.303446
6900  0.302664
6950  0.301926
7000  0.301247
7050  0.300142
7100  0.299483
7150  0.29809
7200  0.297222
7250  0.295958
7300  0.294575
7350  0.293261
7400  0.292355
7450  0.290539
7500  0.289978
7550  0.28921
7600  0.288246
7650  0.287225
7700  0.286088
7750  0.284881
7800  0.283926
7850  0.282876
7900  0.28229
7950  0.281266
8000  0.280774
8050  0.280265
8100  0.279454
8150  0.279122
8200  0.27851
8250  0.277737
8300  0.277322
8350  0.277104
8400  0.276703
8450  0.276169
8500  0.275518
8550  0.274936
8600  0.274358
8650  0.274017
8700  0.27387
8750  0.273561
8800  0.273153
8850  0.272704
8900  0.272389
8950  0.271981
9000  0.271395
9050  0.271161
9100  0.27054
9150  0.269861
9200  0.269217
9250  0.268505
9300  0.268129
9350  0.26766
9400  0.266988
9450  0.266487
9500  0.266005
9550  0.265249
9600  0.264993
9650  0.264723
9700  0.264292
9750  0.263311
9800  0.262693
9850  0.262389
9900  0.261904
9950  0.261425
10000  0.260814
10050  0.260319
10100  0.259557
10150  0.258987
10200  0.258276
10250  0.257098
10300  0.256037
10350  0.255762
10400  0.255024
10450  0.254534
10500  0.254191
10550  0.253569
10600  0.253107
10650  0.253038
10700  0.252203
10750  0.251713
10800  0.251493
10850  0.251048
10900  0.250685
10950  0.250475
11000  0.249909
11050  0.249628
11100  0.248843
11150  0.248742
11200  0.248657
11250  0.248493
11300  0.248196
11350  0.247911
11400  0.247421
11450  0.247108
11500  0.246756
11550  0.246441
11600  0.245937
11650  0.245666
11700  0.245221
11750  0.244875
11800  0.244522
11850  0.243747
11900  0.243203
11950  0.242854
12000  0.242519
12050  0.242254
12100  0.241952
12150  0.241806
12200  0.241703
12250  0.241331
12300  0.240334
12350  0.240195
12400  0.239325
12450  0.238948
12500  0.23864
12550  0.238092
12600  0.237802
12650  0.237636
12700  0.236753
12750  0.236169
12800  0.235802
12850  0.235553
12900  0.23535
12950  0.23485
13000  0.234669
13050  0.23433
13100  0.234012
13150  0.23375
13200  0.233452
13250  0.232809
13300  0.232441
13350  0.232316
13400  0.232155
13450  0.231764
13500  0.231234
13550  0.231026
13600  0.230877
13650  0.23075
13700  0.230502
13750  0.22998
13800  0.229656
13850  0.229602
13900  0.229176
13950  0.228785
14000  0.228488
14050  0.228047
14100  0.227682
14150  0.227201
14200  0.226938
14250  0.226669
14300  0.226269
14350  0.225647
14400  0.225363
14450  0.225222
14500  0.22489
14550  0.22459
14600  0.224407
14650  0.224133
14700  0.223943
14750  0.223534
14800  0.223199
14850  0.222988
14900  0.222761
14950  0.222421
15000  0.221965
15050  0.221765
15100  0.221552
15150  0.221373
15200  0.220963
15250  0.220587
15300  0.220179
15350  0.219638
15400  0.219189
15450  0.218986
15500  0.218618
15550  0.218268
15600  0.217705
15650  0.217538
15700  0.217132
15750  0.216704
15800  0.216685
15850  0.216275
15900  0.216052
15950  0.215866
16000  0.215583
16050  0.215355
16100  0.215145
16150  0.214943
16200  0.214539
16250  0.213998
16300  0.213758
16350  0.213615
16400  0.213234
16450  0.213058
16500  0.212901
16550  0.212476
16600  0.212273
16650  0.212128
16700  0.211972
16750  0.211809
16800  0.211558
16850  0.21113
16900  0.210976
16950  0.210844
17000  0.210547
17050  0.210475
17100  0.210319
17150  0.210151
17200  0.210109
17250  0.209918
17300  0.209695
17350  0.209471
17400  0.209348
17450  0.209321
17500  0.209306
17550  0.208947
17600  0.208664
17650  0.208656
17700  0.208546
17750  0.208406
17800  0.208337
17850  0.208198
17900  0.208081
17950  0.207853
18000  0.207784
18050  0.207688
18100  0.207573
18150  0.207423
18200  0.207221
18250  0.207153
18300  0.207028
18350  0.206842
18400  0.206781
18450  0.206662
18500  0.206622
18550  0.206531
18600  0.206495
18650  0.206407
18700  0.206353
18750  0.206353
18800  0.206275
18850  0.206205
18900  0.206053
18950  0.206019
19000  0.205804
19050  0.205643
19100  0.205635
19150  0.205635
19200  0.205484
19250  0.205427
19300  0.20523
19350  0.205162
19400  0.204981
19450  0.204872
19500  0.204743
19550  0.204616
19600  0.204537
19650  0.204395
19700  0.204258
19750  0.204198
19800  0.203974
19850  0.203866
19900  0.203723
19950  0.203549
20000  0.203479
20050  0.203461
20100  0.203239
20150  0.203144
20200  0.203028
20250  0.202712
20300  0.202546
20350  0.202511
20400  0.202495
20450  0.20232
20500  0.202153
20550  0.202088
20600  0.202045
20650  0.201795
20700  0.201771
20750  0.201543
20800  0.201379
20850  0.201206
20900  0.20103
20950  0.20091
21000  0.20082
21050  0.200632
21100  0.200418
21150  0.200088
21200  0.199928
21250  0.199878
21300  0.199736
21350  0.199696
21400  0.199567
21450  0.19931
21500  0.199267
21550  0.199152
21600  0.199146
21650  0.199129
21700  0.199056
21750  0.19894
21800  0.198791
21850  0.198703
21900  0.198613
21950  0.198514
22000  0.198449
22050  0.198337
22100  0.198203
22150  0.198089
22200  0.197671
22250  0.197617
22300  0.197581
22350  0.197495
22400  0.197459
22450  0.197359
22500  0.197134
22550  0.197057
22600  0.19705
22650  0.196849
22700  0.196691
22750  0.196569
22800  0.196455
22850  0.196238
22900  0.196108
22950  0.196049
23000  0.19592
23050  0.195902
23100  0.195386
23150  0.195314
23200  0.195134
23250  0.195035
23300  0.194983
23350  0.19487
23400  0.194791
23450  0.194488
23500  0.194391
23550  0.194279
23600  0.194081
23650  0.193927
23700  0.193826
23750  0.193602
23800  0.193561
23850  0.193452
23900  0.193247
23950  0.193178
24000  0.19305
24050  0.193021
24100  0.19287
24150  0.192693
24200  0.192641
24250  0.19252
24300  0.192333
24350  0.192173
24400  0.191931
24450  0.191881
24500  0.191829
24550  0.19171
24600  0.191611
24650  0.191242
24700  0.191161
24750  0.191047
24800  0.191047
24850  0.191056
24900  0.191
24950  0.191
25000  0.190931
25050  0.190931
25100  0.190735
25150  0.190672
25200  0.190647
25250  0.190598
25300  0.190586
25350  0.19053
25400  0.190395
25450  0.190387
25500  0.190352
25550  0.190207
25600  0.190167
25650  0.190179
25700  0.19013
25750  0.190021
25800  0.190018
25850  0.189973
25900  0.189904
25950  0.189904
26000  0.189784
26050  0.189714
26100  0.18966
26150  0.18966
26200  0.1896
26250  0.189528
26300  0.189369
26350  0.189179
26400  0.189097
26450  0.189011
26500  0.189011
26550  0.188937
26600  0.188914
26650  0.188815
26700  0.18867
26750  0.188668
26800  0.188484
26850  0.18836
26900  0.188327
26950  0.188169
27000  0.188169
27050  0.188169
27100  0.188001
27150  0.187873
27200  0.18778
27250  0.187735
27300  0.187733
27350  0.187675
27400  0.187491
27450  0.187417
27500  0.187362
27550  0.187214
27600  0.187149
27650  0.186902
27700  0.186743
27750  0.186649
27800  0.186463
27850  0.18641
27900  0.186423
27950  0.186374
28000  0.186214
28050  0.186156
28100  0.186066
28150  0.18604
28200  0.185898
28250  0.185819
28300  0.185738
28350  0.185507
28400  0.185432
28450  0.185364
28500  0.185305
28550  0.185219
28600  0.185112
28650  0.185112
28700  0.184934
28750  0.18492
28800  0.184792
28850  0.184693
28900  0.184647
28950  0.184583
29000  0.184449
29050  0.184334
29100  0.184247
29150  0.184089
29200  0.184003
29250  0.183952
29300  0.183946
29350  0.183844
29400  0.183785
29450  0.183771
29500  0.183734
29550  0.183688
29600  0.183644
29650  0.183644
29700  0.183511
29750  0.183491
29800  0.183491
29850  0.183464
29900  0.183447
29950  0.183447
30000  0.183381
30050  0.183191
30100  0.183111
30150  0.183101
30200  0.18301
30250  0.18301
30300  0.18301
30350  0.182941
30400  0.182892
30450  0.182859
30500  0.182833
30550  0.182829
30600  0.182829
30650  0.182767
30700  0.182767
30750  0.182704
30800  0.182704
30850  0.182704
30900  0.182666
30950  0.182654
31000  0.182596
31050  0.182596
31100  0.182596
31150  0.182541
31200  0.182485
31250  0.182466
31300  0.182466
31350  0.182311
31400  0.182311
31450  0.18227
31500  0.182183
31550  0.182143
31600  0.182092
31650  0.18207
31700  0.18207
31750  0.182011
31800  0.182011
31850  0.181981
31900  0.181981
31950  0.181981
32000  0.181896
32050  0.181856
32100  0.181856
32150  0.181849
32200  0.181784
32250  0.181772
32300  0.181772
32350  0.181744
32400  0.181744
32450  0.181721
32500  0.181638
32550  0.181638
32600  0.181624
32650  0.1815
32700  0.181454
32750  0.181399
32800  0.181399
32850  0.181399
32900  0.181274
32950  0.181216
33000  0.181216
33050  0.181216
33100  0.181178
33150  0.181178
33200  0.181178
33250  0.181097
33300  0.181069
33350  0.181037
33400  0.1809
33450  0.180852
33500  0.180852
33550  0.180802
33600  0.180591
33650  0.180591
33700  0.180526
33750  0.180526
33800  0.180512
33850  0.180448
33900  0.180384
33950  0.180385
34000  0.180385
34050  0.180305
34100  0.180305
34150  0.180215
34200  0.180187
34250  0.180173
34300  0.180173
34350  0.180137
34400  0.180073
34450  0.179988
34500  0.179951
34550  0.179853
34600  0.179829
34650  0.179804
34700  0.179742
34750  0.179708
34800  0.179708
34850  0.179658
34900  0.179595
34950  0.179595
35000  0.179595
35050  0.179588
35100  0.179512
35150  0.179512
35200  0.179381
35250  0.179328
35300  0.179328
35350  0.179272
35400  0.179006
35450  0.178987
35500  0.178971
35550  0.178971
35600  0.178853
35650  0.178853
35700  0.178853
35750  0.17884
35800  0.178658
35850  0.178624
35900  0.178624
35950  0.178553
36000  0.178553
36050  0.178543
36100  0.178543
36150  0.178543
36200  0.178511
36250  0.178453
36300  0.178435
36350  0.178435
36400  0.178417
36450  0.178385
36500  0.178385
36550  0.178344
36600  0.17831
36650  0.178307
36700  0.178286
36750  0.178083
36800  0.178001
36850  0.178001
36900  0.178001
36950  0.178001
37000  0.177947
37050  0.177939
37100  0.177939
37150  0.177939
37200  0.177899
37250  0.177846
37300  0.177846
37350  0.17783
37400  0.177756
37450  0.177756
37500  0.177711
37550  0.177711
37600  0.177694
37650  0.177659
37700  0.177659
37750  0.177627
37800  0.177608
37850  0.177544
37900  0.177539
37950  0.177539
38000  0.177539
38050  0.177482
38100  0.177482
38150  0.17746
38200  0.17746
38250  0.17746
38300  0.177454
38350  0.177386
38400  0.177343
38450  0.177343
38500  0.177265
38550  0.177265
38600  0.177232
38650  0.17721
38700  0.17721
38750  0.17721
38800  0.177196
38850  0.177196
38900  0.177196
38950  0.177207
39000  0.177168
39050  0.177168
39100  0.177168
39150  0.177168
39200  0.177134
39250  0.177092
39300  0.177071
39350  0.17706
39400  0.17706
39450  0.177031
39500  0.177031
39550  0.176963
39600  0.176963
39650  0.176925
39700  0.176916
39750  0.176916
39800  0.176899
39850  0.176893
39900  0.176893
39950  0.176893
40000  0.176845
40050  0.176834
40100  0.176834
40150  0.176834
40200  0.176823
40250  0.176823
40300  0.176809
40350  0.176809
40400  0.176809
40450  0.176809
40500  0.176809
40550  0.176809
40600  0.176772
40650  0.17673
40700  0.176666
40750  0.176666
40800  0.176624
40850  0.176548
40900  0.176548
40950  0.176548
41000  0.176538
41050  0.176432
41100  0.176432
41150  0.176432
41200  0.176432
41250  0.176383
41300  0.176383
41350  0.176383
41400  0.176382
41450  0.176314
41500  0.176314
41550  0.176305
41600  0.17628
41650  0.176224
41700  0.176224
41750  0.176151
41800  0.176151
41850  0.176151
41900  0.176151
41950  0.176151
42000  0.176151
42050  0.176151
42100  0.176135
42150  0.176135
42200  0.17611
42250  0.176081
42300  0.176081
42350  0.176081
42400  0.176081
42450  0.176033
42500  0.176033
42550  0.176033
42600  0.176033
42650  0.176027
42700  0.17585
42750  0.17585
42800  0.175766
42850  0.175766
42900  0.175741
42950  0.175709
43000  0.175677
43050  0.175654
43100  0.175562
43150  0.175562
43200  0.175562
43250  0.175562
43300  0.175539
43350  0.175472
43400  0.175443
43450  0.175433
43500  0.175396
43550  0.175338
43600  0.175237
43650  0.175165
43700  0.175157
43750  0.175105
43800  0.175105
43850  0.175105
43900  0.175071
43950  0.175064
44000  0.174962
44050  0.174962
44100  0.174829
44150  0.174829
44200  0.174829
44250  0.174779
44300  0.174689
44350  0.174686
44400  0.174595
44450  0.174548
44500  0.174504
44550  0.174425
44600  0.174425
44650  0.174413
44700  0.174413
44750  0.174347
44800  0.174347
44850  0.174347
44900  0.174347
44950  0.174291
45000  0.174291
45050  0.174291
45100  0.174134
45150  0.174075
45200  0.174017
45250  0.174012
45300  0.174012
45350  0.174012
45400  0.174012
45450  0.173942
45500  0.173942
45550  0.173942
45600  0.173908
45650  0.173908
45700  0.173908
45750  0.173714
45800  0.173709
45850  0.173709
45900  0.173709
45950  0.173709
46000  0.173654
46050  0.173641
46100  0.173641
46150  0.173629
46200  0.173629
46250  0.173603
46300  0.173603
46350  0.173435
46400  0.173435
46450  0.173435
46500  0.173435
46550  0.173384
46600  0.173384
46650  0.173337
46700  0.173337
46750  0.173337
46800  0.173337
46850  0.173337
46900  0.173288
46950  0.173288
47000  0.173256
47050  0.173256
47100  0.173256
47150  0.173246
47200  0.173227
47250  0.173227
47300  0.173199
47350  0.173199
47400  0.173143
47450  0.173143
47500  0.173121
47550  0.173032
47600  0.173032
47650  0.173032
47700  0.173032
47750  0.173032
47800  0.173032
47850  0.172935
47900  0.172951
47950  0.172935
48000  0.17288
48050  0.17288
48100  0.17288
48150  0.17288
48200  0.17288
48250  0.17288
48300  0.172854
48350  0.172836
48400  0.172836
48450  0.172836
48500  0.172836
48550  0.172823
48600  0.172772
48650  0.172753
48700  0.172753
48750  0.172753
48800  0.172731
48850  0.172731
48900  0.172705
48950  0.172705
49000  0.172705
49050  0.172705
49100  0.172673
49150  0.172673
49200  0.172673
49250  0.172673
49300  0.172673
49350  0.172673
49400  0.172673
49450  0.172673
49500  0.172626
49550  0.172619
49600  0.172619
49650  0.172619
49700  0.172602
49750  0.172574
49800  0.172574
49850  0.172506
49900  0.172506
49950  0.172498
50000  0.172498
50050  0.172498
50100  0.172464
50150  0.172464
50200  0.172444
50250  0.17241
50300  0.172407
50350  0.172362
50400  0.172348
50450  0.172341
50500  0.172341
50550  0.172284
50600  0.172284
50650  0.172261
50700  0.172192
50750  0.172192
50800  0.172192
50850  0.172192
50900  0.172158
50950  0.172158
51000  0.172158
51050  0.172158
51100  0.172151
51150  0.172151
51200  0.172151
51250  0.172151
51300  0.172151
51350  0.172119
51400  0.172119
51450  0.172119
51500  0.172119
51550  0.172114
51600  0.172072
51650  0.172037
51700  0.172037
51750  0.172037
51800  0.171992
51850  0.171992
51900  0.171992
51950  0.171914
52000  0.171887
52050  0.171887
52100  0.171887
52150  0.171871
52200  0.171871
52250  0.171871
52300  0.17182
52350  0.171798
52400  0.171798
52450  0.171798
52500  0.171777
52550  0.171777
52600  0.171777
52650  0.17168
52700  0.17168
52750  0.17165
52800  0.17165
52850  0.17165
52900  0.171615
52950  0.171615
53000  0.171631
53050  0.171631
53100  0.171542
53150  0.171532
53200  0.171532
53250  0.171532
53300  0.171532
53350  0.171532
53400  0.171532
53450  0.171532
53500  0.17152
53550  0.17152
53600  0.17152
53650  0.17152
53700  0.17152
53750  0.17152
53800  0.17152
53850  0.17152
53900  0.17152
53950  0.171501
54000  0.171501
54050  0.171501
54100  0.171501
54150  0.171465
54200  0.171465
54250  0.171465
54300  0.171427
54350  0.171326
54400  0.171326
54450  0.171237
54500  0.171237
54550  0.17121
54600  0.17121
54650  0.17121
54700  0.17121
54750  0.17121
54800  0.17121
54850  0.171176
54900  0.171176
54950  0.171176
55000  0.171124
55050  0.171123
55100  0.171123
55150  0.171123
55200  0.171086
55250  0.171086
55300  0.171086
55350  0.171086
55400  0.171086
55450  0.171068
55500  0.171068
55550  0.171061
55600  0.171061
55650  0.170945
55700  0.170901
55750  0.170901
55800  0.170901
55850  0.170735
55900  0.170735
55950  0.170735
56000  0.170735
56050  0.170772
56100  0.170735
56150  0.17072
56200  0.17072
56250  0.170708
56300  0.170708
56350  0.170708
56400  0.1707
56450  0.170672
56500  0.170657
56550  0.170617
56600  0.170609
56650  0.170598
56700  0.170598
56750  0.170598
56800  0.170507
56850  0.170482
56900  0.170482
56950  0.170484
57000  0.1704
57050  0.1704
57100  0.1704
57150  0.1704
57200  0.1704
57250  0.170361
57300  0.170361
57350  0.170361
57400  0.170346
57450  0.17034
57500  0.17034
57550  0.170311
57600  0.170273
57650  0.170273
57700  0.170261
57750  0.170236
57800  0.170236
57850  0.170236
57900  0.17023
57950  0.17023
58000  0.170206
58050  0.170206
58100  0.170206
58150  0.170206
58200  0.170138
58250  0.170085
58300  0.170027
58350  0.170027
58400  0.170027
58450  0.169992
58500  0.169992
58550  0.169945
58600  0.169945
58650  0.169922
58700  0.169853
58750  0.169843
58800  0.169802
58850  0.169802
58900  0.169802
58950  0.169673
59000  0.169639
59050  0.169639
59100  0.169624
59150  0.16959
59200  0.169587
59250  0.169587
59300  0.169585
59350  0.169585
59400  0.169513
59450  0.169513
59500  0.169499
59550  0.169478
59600  0.169434
59650  0.169434
59700  0.169391
59750  0.169391
59800  0.169353
59850  0.169353
59900  0.169316
59950  0.169316
60000  0.169316
60050  0.169316
60100  0.169316
60150  0.169316
60200  0.169316
60250  0.169292
60300  0.169292
60350  0.169265
60400  0.169239
60450  0.169239
60500  0.169202
60550  0.169202
60600  0.169202
60650  0.169126
60700  0.169126
60750  0.169121
60800  0.169121
60850  0.169121
60900  0.169121
60950  0.169121
61000  0.169121
61050  0.169131
61100  0.169131
61150  0.169063
61200  0.169063
61250  0.169063
61300  0.169063
61350  0.169039
61400  0.169009
61450  0.169006
61500  0.168926
61550  0.168926
61600  0.168899
61650  0.168899
61700  0.168899
61750  0.168885
61800  0.168867
61850  0.168867
61900  0.168867
61950  0.168867
62000  0.168865
62050  0.168873
62100  0.168873
62150  0.168849
62200  0.168849
62250  0.168849
62300  0.168849
62350  0.16878
62400  0.168728
62450  0.168719
62500  0.168719
62550  0.168698
62600  0.168698
62650  0.168617
62700  0.168611
62750  0.168566
62800  0.168566
62850  0.168566
62900  0.168512
62950  0.168512
63000  0.168512
63050  0.168512
63100  0.168434
63150  0.16834
63200  0.168335
63250  0.168335
63300  0.168335
63350  0.168325
63400  0.168325
63450  0.168303
63500  0.168247
63550  0.168198
63600  0.168195
63650  0.168195
63700  0.168154
63750  0.168154
63800  0.168134
63850  0.168134
63900  0.168134
63950  0.168134
64000  0.16812
64050  0.168076
64100  0.168076
64150  0.168076
64200  0.168076
64250  0.168076
64300  0.168076
64350  0.168076
64400  0.168064
64450  0.168064
64500  0.168029
64550  0.168029
64600  0.168029
64650  0.167998
64700  0.167998
64750  0.167998
64800  0.167998
64850  0.167998
64900  0.167998
64950  0.167998
65000  0.167998
65050  0.167998
65100  0.16796
65150  0.16793
65200  0.16793
65250  0.167926
65300  0.167926
65350  0.167926
65400  0.167915
65450  0.167915
65500  0.167905
65550  0.167848
65600  0.167848
65650  0.167848
65700  0.167844
65750  0.167844
65800  0.167844
65850  0.167844
65900  0.167844
65950  0.167844
66000  0.167844
66050  0.167844
66100  0.1678
66150  0.1678
66200  0.167746
66250  0.167746
66300  0.167731
66350  0.167731
66400  0.167731
66450  0.167731
66500  0.167731
66550  0.167707
66600  0.167705
66650  0.167705
66700  0.167705
66750  0.167705
66800  0.167705
66850  0.167705
66900  0.167672
66950  0.167672
67000  0.16759
67050  0.167564
67100  0.167536
67150  0.167536
67200  0.167505
67250  0.167483
67300  0.167439
67350  0.167439
67400  0.167439
67450  0.167401
67500  0.167401
67550  0.167309
67600  0.167303
67650  0.167238
67700  0.167238
67750  0.167238
67800  0.167238
67850  0.167197
67900  0.167178
67950  0.167178
68000  0.167123
68050  0.167121
68100  0.167121
68150  0.167121
68200  0.167121
68250  0.167121
68300  0.167121
68350  0.167121
68400  0.167121
68450  0.167038
68500  0.167005
68550  0.166969
68600  0.166969
68650  0.166969
68700  0.166969
68750  0.166954
68800  0.166954
68850  0.166954
68900  0.166954
68950  0.166954
69000  0.166954
69050  0.166893
69100  0.166893
69150  0.166893
69200  0.166893
69250  0.166893
69300  0.166893
69350  0.166881
69400  0.166881
69450  0.16675
69500  0.166769
69550  0.166769
69600  0.166769
69650  0.166682
69700  0.166682
69750  0.166682
69800  0.166682
69850  0.166682
69900  0.166682
69950  0.166675
70000  0.166675
70050  0.166675
70100  0.166675
70150  0.166675
70200  0.166675
70250  0.166675
70300  0.166675
70350  0.166675
70400  0.166593
70450  0.166593
70500  0.166593
70550  0.166593
70600  0.166591
70650  0.16656
70700  0.16656
70750  0.16656
70800  0.16656
70850  0.16656
70900  0.166547
70950  0.166547
71000  0.166547
71050  0.166547
71100  0.166516
71150  0.166516
71200  0.166461
71250  0.166461
71300  0.166461
71350  0.166427
71400  0.166368
71450  0.166368
71500  0.166324
71550  0.166324
71600  0.166324
71650  0.166324
71700  0.166324
71750  0.166273
71800  0.166273
71850  0.16624
71900  0.16624
71950  0.166223
72000  0.166223
72050  0.166223
72100  0.166186
72150  0.166186
72200  0.166186
72250  0.166191
72300  0.166159
72350  0.166159
72400  0.166159
72450  0.166159
72500  0.166159
72550  0.166159
72600  0.166159
72650  0.16605
72700  0.16605
72750  0.16605
72800  0.16605
72850  0.16605
72900  0.166024
72950  0.166011
73000  0.166011
73050  0.166011
73100  0.166011
73150  0.166011
73200  0.165994
73250  0.165994
73300  0.165931
73350  0.165929
73400  0.165929
73450  0.165929
73500  0.165929
73550  0.165929
73600  0.165929
73650  0.165929
73700  0.165929
73750  0.165894
73800  0.165894
73850  0.165894
73900  0.165894
73950  0.165894
74000  0.165894
74050  0.165882
74100  0.165882
74150  0.165882
74200  0.165882
74250  0.165895
74300  0.165895
74350  0.165895
74400  0.165854
74450  0.165854
74500  0.165784
74550  0.165784
74600  0.165784
74650  0.165773
74700  0.165773
74750  0.165773
74800  0.165722
74850  0.165721
74900  0.165721
74950  0.165721
75000  0.165721
75050  0.165715
75100  0.165715
75150  0.165715
75200  0.165715
75250  0.165715
75300  0.165715
75350  0.165715
75400  0.165715
75450  0.165648
75500  0.165648
75550  0.165612
75600  0.165612
75650  0.165612
75700  0.165612
75750  0.165612
75800  0.165612
75850  0.165612
75900  0.165609
75950  0.165593
76000  0.165593
76050  0.165593
76100  0.165593
76150  0.165593
76200  0.165579
76250  0.165579
76300  0.165552
76350  0.165552
76400  0.165552
76450  0.165539
76500  0.165539
76550  0.165539
76600  0.165539
76650  0.165606
76700  0.165539
76750  0.165534
76800  0.165534
76850  0.165534
76900  0.165534
76950  0.165534
77000  0.165534
77050  0.165534
77100  0.165534
77150  0.165534
77200  0.165534
77250  0.165511
77300  0.165511
77350  0.165511
77400  0.165483
77450  0.165483
77500  0.165483
77550  0.165446
77600  0.165487
77650  0.165446
77700  0.165446
77750  0.165446
77800  0.165446
77850  0.165446
77900  0.165446
77950  0.165446
78000  0.165362
78050  0.165299
78100  0.165299
78150  0.165299
78200  0.165299
78250  0.165299
78300  0.165299
78350  0.165299
78400  0.165299
78450  0.165299
78500  0.165298
78550  0.165221
78600  0.165221
78650  0.165221
78700  0.165221
78750  0.165221
78800  0.165221
78850  0.165221
78900  0.165221
78950  0.165221
79000  0.165221
79050  0.165221
79100  0.165221
79150  0.165206
79200  0.165205
79250  0.165205
79300  0.165205
79350  0.165205
79400  0.165205
79450  0.165205
79500  0.165205
79550  0.165205
79600  0.165205
79650  0.165205
79700  0.165205
79750  0.165205
79800  0.165205
79850  0.165157
79900  0.165157
79950  0.165157
80000  0.165157
80050  0.16515
80100  0.16515
80150  0.16515
80200  0.16515
80250  0.16515
80300  0.16515
80350  0.165129
80400  0.165129
80450  0.165129
80500  0.165129
80550  0.165129
80600  0.165129
80650  0.165129
80700  0.165129
80750  0.165129
80800  0.165095
80850  0.165095
80900  0.165095
80950  0.165095
81000  0.165095
81050  0.165068
81100  0.165068
81150  0.165068
81200  0.165068
81250  0.165068
81300  0.165061
81350  0.165061
81400  0.165061
81450  0.165055
81500  0.165055
81550  0.165055
81600  0.165055
81650  0.165017
81700  0.165017
81750  0.165017
81800  0.165017
81850  0.165017
81900  0.165015
81950  0.165015
82000  0.165015
82050  0.165008
82100  0.16498
82150  0.16498
82200  0.164959
82250  0.164959
82300  0.164959
82350  0.164959
82400  0.164947
82450  0.164947
82500  0.164947
82550  0.164947
82600  0.164947
82650  0.164947
82700  0.164904
82750  0.164904
82800  0.164904
82850  0.164904
82900  0.164904
82950  0.164904
83000  0.164904
83050  0.164904
83100  0.164904
83150  0.164843
83200  0.164837
83250  0.164837
83300  0.164837
83350  0.164817
83400  0.16477
83450  0.16477
83500  0.16477
83550  0.164709
83600  0.164709
83650  0.164698
83700  0.164698
83750  0.164675
83800  0.164675
83850  0.164675
83900  0.164675
83950  0.164675
84000  0.164675
84050  0.164675
84100  0.164675
84150  0.164675
84200  0.164675
84250  0.164675
84300  0.164675
84350  0.164669
84400  0.164669
84450  0.164669
84500  0.164634
84550  0.164634
84600  0.164634
84650  0.164607
84700  0.164607
84750  0.164605
84800  0.164605
84850  0.164549
84900  0.164549
84950  0.164514
85000  0.164514
85050  0.164514
85100  0.164514
85150  0.164451
85200  0.164451
85250  0.164451
85300  0.164451
85350  0.164451
85400  0.164451
85450  0.164451
85500  0.164449
85550  0.164388
85600  0.164388
85650  0.164371
85700  0.164371
85750  0.164371
85800  0.164371
85850  0.164331
85900  0.164331
85950  0.164303
86000  0.164303
86050  0.164303
86100  0.164303
86150  0.164303
86200  0.164303
86250  0.164296
86300  0.164296
86350  0.164256
86400  0.164256
86450  0.164227
86500  0.164217
86550  0.164217
86600  0.164217
86650  0.164217
86700  0.164217
86750  0.164217
86800  0.164217
86850  0.164185
86900  0.164173
86950  0.164173
87000  0.164167
87050  0.164134
87100  0.16413
87150  0.16413
87200  0.16412
87250  0.16412
87300  0.16412
87350  0.16412
87400  0.16412
87450  0.16412
87500  0.16412
87550  0.16412
87600  0.16412
87650  0.16412
87700  0.164067
87750  0.164067
87800  0.164067
87850  0.164067
87900  0.164085
87950  0.164045
88000  0.164045
88050  0.163999
88100  0.163997
88150  0.163997
88200  0.163997
88250  0.163957
88300  0.163906
88350  0.163906
88400  0.163892
88450  0.163892
88500  0.163884
88550  0.163884
88600  0.163884
88650  0.163884
88700  0.163884
88750  0.163884
88800  0.163884
88850  0.163884
88900  0.163884
88950  0.163884
89000  0.163884
89050  0.163818
89100  0.163818
89150  0.163818
89200  0.163818
89250  0.163818
89300  0.163818
89350  0.163818
89400  0.163818
89450  0.1638
89500  0.1638
89550  0.1638
89600  0.1638
89650  0.1638
89700  0.1638
89750  0.1638
89800  0.1638
89850  0.1638
89900  0.163784
89950  0.163784
90000  0.163784
90050  0.163784
90100  0.163784
90150  0.163784
90200  0.163784
90250  0.163784
90300  0.163784
90350  0.163784
90400  0.163784
90450  0.163784
90500  0.163784
90550  0.163784
90600  0.163784
90650  0.163784
90700  0.163784
90750  0.163776
90800  0.163776
90850  0.163776
90900  0.163776
90950  0.163776
91000  0.163759
91050  0.163759
91100  0.163759
91150  0.163759
91200  0.163759
91250  0.163759
91300  0.163759
91350  0.163759
91400  0.163759
91450  0.163759
91500  0.163759
91550  0.163759
91600  0.163759
91650  0.163759
91700  0.163759
91750  0.163759
91800  0.163759
91850  0.163759
91900  0.163759
91950  0.163628
92000  0.1636
92050  0.1636
92100  0.1636
92150  0.163582
92200  0.163582
92250  0.163582
92300  0.163582
92350  0.163582
92400  0.163562
92450  0.163562
92500  0.163562
92550  0.163562
92600  0.163562
92650  0.163562
92700  0.163562
92750  0.163562
92800  0.163562
92850  0.163562
92900  0.163562
92950  0.163507
93000  0.163507
93050  0.163507
93100  0.163507
93150  0.163507
93200  0.163507
93250  0.16342
93300  0.163387
93350  0.163387
93400  0.163366
93450  0.163359
93500  0.163359
93550  0.163359
93600  0.163359
93650  0.163325
93700  0.163325
93750  0.163325
93800  0.163325
93850  0.163265
93900  0.163265
93950  0.163265
94000  0.163265
94050  0.163265
94100  0.163265
94150  0.163265
94200  0.163248
94250  0.163248
94300  0.163248
94350  0.163248
94400  0.163248
94450  0.163248
94500  0.16324
94550  0.16324
94600  0.16324
94650  0.163195
94700  0.163195
94750  0.163195
94800  0.163195
94850  0.163195
94900  0.163195
94950  0.163195
95000  0.163195
95050  0.163195
95100  0.163195
95150  0.163195
95200  0.163187
95250  0.163187
95300  0.163187
95350  0.163187
95400  0.163173
95450  0.163146
95500  0.163146
95550  0.163146
95600  0.163146
95650  0.163146
95700  0.163146
95750  0.163146
95800  0.163146
95850  0.163143
95900  0.163143
95950  0.16311
96000  0.16311
96050  0.163108
96100  0.163074
96150  0.163072
96200  0.163072
96250  0.163072
96300  0.163072
96350  0.163072
96400  0.163022
96450  0.163022
96500  0.163022
96550  0.163022
96600  0.163022
96650  0.163022
96700  0.163022
96750  0.163022
96800  0.163022
96850  0.163022
96900  0.163022
96950  0.163022
97000  0.163022
97050  0.162981
97100  0.162981
97150  0.162981
97200  0.162981
97250  0.162981
97300  0.162964
97350  0.162964
97400  0.162964
97450  0.162964
97500  0.162949
97550  0.162949
97600  0.162949
97650  0.162949
97700  0.162949
97750  0.162902
97800  0.162902
97850  0.162902
97900  0.162902
97950  0.162902
98000  0.162876
98050  0.162876
98100  0.162876
98150  0.162876
98200  0.162856
98250  0.162856
98300  0.162856
98350  0.162856
98400  0.162856
98450  0.162907
98500  0.162907
98550  0.162907
98600  0.162907
98650  0.162907
98700  0.162907
98750  0.162907
98800  0.162907
98850  0.162856
98900  0.162856
98950  0.162856
99000  0.162856
99050  0.162856
99100  0.16283
99150  0.16283
99200  0.16283
99250  0.16283
99300  0.16283
99350  0.16283
99400  0.16283
99450  0.16283
99500  0.162784
99550  0.162781
99600  0.162781
99650  0.162781
99700  0.162781
99750  0.162781
99800  0.16275
99850  0.16275
99900  0.16275
99950  0.16275
100000  0.16275
100050  0.16275
100100  0.16275
100150  0.16275
100200  0.16275
100250  0.16275
100300  0.162745
100350  0.162721
100400  0.162721
100450  0.162721
100500  0.162721
100550  0.162721
100600  0.162721
100650  0.162721
100700  0.162721
100750  0.162721
100800  0.162721
100850  0.162717
100900  0.162717
100950  0.162717
101000  0.162717
101050  0.162717
101100  0.162717
101150  0.162717
101200  0.162717
101250  0.162717
101300  0.162674
101350  0.162674
101400  0.162674
101450  0.162674
101500  0.162674
101550  0.162674
101600  0.162674
101650  0.162664
101700  0.162664
101750  0.162664
101800  0.162664
101850  0.162664
101900  0.162664
101950  0.162664
102000  0.162664
102050  0.162664
102100  0.162664
102150  0.162664
102200  0.162664
102250  0.162664
102300  0.162664
102350  0.162664
102400  0.162664
102450  0.162664
102500  0.162664
102550  0.162664
102600  0.162664
102650  0.162664
102700  0.162664
102750  0.162664
102800  0.162664
102850  0.162664
102900  0.16264
102950  0.16264
103000  0.16262
103050  0.162556
103100  0.162556
103150  0.162556
103200  0.162556
103250  0.162556
103300  0.162556
103350  0.162556
103400  0.162556
103450  0.162556
103500  0.162556
103550  0.162556
103600  0.162556
103650  0.162556
103700  0.162556
103750  0.162556
103800  0.162526
103850  0.162511
103900  0.162474
103950  0.162474
104000  0.162474
104050  0.162474
104100  0.162474
104150  0.162474
104200  0.162473
104250  0.162473
104300  0.162473
104350  0.162473
104400  0.16246
104450  0.162451
104500  0.162451
104550  0.162451
104600  0.162451
104650  0.162451
104700  0.162451
104750  0.162451
104800  0.162451
104850  0.162451
104900  0.162451
104950  0.162412
105000  0.162412
105050  0.162365
105100  0.162365
105150  0.162365
105200  0.162365
105250  0.162365
105300  0.162365
105350  0.162365
105400  0.162365
105450  0.162365
105500  0.162365
105550  0.162365
105600  0.162365
105650  0.162365
105700  0.162365
105750  0.162365
105800  0.162365
105850  0.162365
105900  0.162365
105950  0.162361
106000  0.162393
106050  0.162393
106100  0.162393
106150  0.162393
106200  0.162393
106250  0.162393
106300  0.162393
106350  0.162353
106400  0.162353
106450  0.162312
106500  0.162312
106550  0.162312
106600  0.162312
106650  0.162312
106700  0.162312
106750  0.162312
106800  0.162312
106850  0.162312
106900  0.162312
106950  0.162312
107000  0.162253
107050  0.162253
107100  0.16225
107150  0.16225
107200  0.16225
107250  0.16225
107300  0.16225
107350  0.16225
107400  0.16225
107450  0.16225
107500  0.16225
107550  0.16225
107600  0.162223
107650  0.162223
107700  0.162223
107750  0.162223
107800  0.162223
107850  0.162223
107900  0.162223
107950  0.162223
108000  0.162181
108050  0.162181
108100  0.162162
108150  0.162162
108200  0.162162
108250  0.162162
108300  0.162162
108350  0.162162
108400  0.162162
108450  0.162162
108500  0.162162
108550  0.162162
108600  0.162162
108650  0.162162
108700  0.162162
108750  0.162162
108800  0.162162
108850  0.162162
108900  0.162162
108950  0.162162
109000  0.162162
109050  0.162162
109100  0.162162
109150  0.162162
109200  0.162162
109250  0.162162
109300  0.162162
109350  0.162162
109400  0.162162
109450  0.162127
109500  0.162127
109550  0.162127
109600  0.162127
109650  0.162107
109700  0.162065
109750  0.162065
109800  0.162065
109850  0.162038
109900  0.162038
109950  0.162038
110000  0.162038
110050  0.162038
110100  0.162038
110150  0.162038
110200  0.162038
110250  0.162038
110300  0.162038
110350  0.162038
110400  0.162026
110450  0.162026
110500  0.162026
110550  0.162026
110600  0.162019
110650  0.161987
110700  0.161969
110750  0.161918
110800  0.161918
110850  0.161918
110900  0.161918
110950  0.161918
111000  0.161918
111050  0.161918
111100  0.161918
111150  0.161938
111200  0.161909
111250  0.161909
111300  0.161909
111350  0.161909
111400  0.161909
111450  0.161909
111500  0.161869
111550  0.161869
111600  0.161869
111650  0.161869
111700  0.161869
111750  0.161869
111800  0.161869
111850  0.161869
111900  0.161899
111950  0.161899
112000  0.161899
112050  0.161899
112100  0.161802
112150  0.161796
112200  0.161748
112250  0.161741
112300  0.161741
112350  0.161741
112400  0.161741
112450  0.161741
112500  0.161741
112550  0.161741
112600  0.161741
112650  0.161741
112700  0.161741
112750  0.161741
112800  0.161741
112850  0.16163
112900  0.16163
112950  0.161606
113000  0.161606
113050  0.161606
113100  0.161591
113150  0.161581
113200  0.161581
113250  0.161581
113300  0.161581
113350  0.161581
113400  0.161581
113450  0.161581
113500  0.161581
113550  0.161559
113600  0.161525
113650  0.161525
113700  0.161525
113750  0.161525
113800  0.161525
113850  0.161525
113900  0.161525
113950  0.161525
114000  0.161462
114050  0.161462
114100  0.161488
114150  0.161508
114200  0.161508
114250  0.161508
114300  0.161437
114350  0.161437
114400  0.161437
114450  0.161437
114500  0.161437
114550  0.161437
114600  0.161434
114650  0.161434
114700  0.161434
114750  0.161434
114800  0.161434
114850  0.161434
114900  0.161357
114950  0.161357
115000  0.161357
115050  0.161357
115100  0.161357
115150  0.161357
115200  0.161357
115250  0.161357
115300  0.161373
115350  0.161285
115400  0.161285
115450  0.161285
115500  0.161284
115550  0.161284
115600  0.161284
115650  0.161284
115700  0.161284
115750  0.161211
115800  0.161211
115850  0.161207
115900  0.161207
115950  0.161125
116000  0.161125
116050  0.161125
116100  0.161125
116150  0.161125
116200  0.161125
116250  0.161125
116300  0.161125
116350  0.161125
116400  0.161125
116450  0.161125
116500  0.161125
116550  0.161125
116600  0.161125
116650  0.161125
116700  0.161073
116750  0.16106
116800  0.16106
116850  0.16106
116900  0.161044
116950  0.161044
117000  0.161044
117050  0.161044
117100  0.161044
117150  0.161044
117200  0.161044
117250  0.161044
117300  0.161021
117350  0.161012
117400  0.161012
117450  0.161012
117500  0.161012
117550  0.16099
117600  0.16099
117650  0.16099
117700  0.16099
117750  0.16099
117800  0.16099
117850  0.16099
117900  0.16099
117950  0.16099
118000  0.16099
118050  0.16099
118100  0.16099
118150  0.16099
118200  0.16099
118250  0.16099
118300  0.16099
118350  0.16099
118400  0.16099
118450  0.160978
118500  0.160978
118550  0.160978
118600  0.160973
118650  0.160948
118700  0.160911
118750  0.160911
118800  0.160911
118850  0.160911
118900  0.160911
118950  0.160911
119000  0.160872
119050  0.160872
119100  0.160872
119150  0.160872
119200  0.160872
119250  0.160872
119300  0.160872
119350  0.160843
119400  0.160843
119450  0.160843
119500  0.160843
119550  0.160843
119600  0.160843
119650  0.160843
119700  0.160843
119750  0.160843
119800  0.160836
119850  0.160836
119900  0.160836
119950  0.160836
120000  0.160836
120050  0.160836
120100  0.160776
120150  0.160776
120200  0.160776
120250  0.160776
120300  0.160776
120350  0.160776
120400  0.160776
120450  0.160776
120500  0.160776
120550  0.160776
120600  0.160722
120650  0.160722
120700  0.160722
120750  0.160722
120800  0.160722
120850  0.160722
120900  0.160722
120950  0.160722
121000  0.160722
121050  0.160722
121100  0.160722
121150  0.160722
121200  0.160722
121250  0.160722
121300  0.160722
121350  0.160722
121400  0.160722
121450  0.160722
121500  0.160722
121550  0.160672
121600  0.160672
121650  0.160672
121700  0.160672
121750  0.160672
121800  0.160672
121850  0.160672
121900  0.160672
121950  0.160672
122000  0.160672
122050  0.160672
122100  0.160661
122150  0.160661
122200  0.160661
122250  0.160661
122300  0.160661
122350  0.160661
122400  0.160661
122450  0.160661
122500  0.160661
122550  0.160661
122600  0.160661
122650  0.160661
122700  0.160661
122750  0.160661
122800  0.160661
122850  0.160661
122900  0.160661
122950  0.160661
123000  0.160661
123050  0.160661
123100  0.160661
123150  0.160661
123200  0.160661
123250  0.160661
123300  0.160661
123350  0.160655
123400  0.160655
123450  0.160642
123500  0.160561
123550  0.160561
123600  0.160561
123650  0.160561
123700  0.160561
123750  0.16053
123800  0.16053
123850  0.160518
123900  0.160518
123950  0.160518
124000  0.160518
124050  0.160518
124100  0.160518
124150  0.160475
124200  0.160475
124250  0.160475
124300  0.160475
124350  0.160469
124400  0.160469
124450  0.160469
124500  0.160469
124550  0.160469
124600  0.160469
124650  0.160469
124700  0.160469
124750  0.160469
124800  0.160475
124850  0.160475
124900  0.160475
124950  0.160475
125000  0.160475
125050  0.160475
125100  0.160475
125150  0.160475
125200  0.160475
125250  0.160475
125300  0.160475
125350  0.160475
125400  0.160475
125450  0.160475
125500  0.160475
125550  0.160475
125600  0.160475
125650  0.160475
125700  0.160466
125750  0.160466
125800  0.160466
125850  0.160466
125900  0.160466
125950  0.160466
126000  0.160466
126050  0.160466
126100  0.160466
126150  0.160466
126200  0.160466
126250  0.160466
126300  0.160393
126350  0.160385
126400  0.160385
126450  0.160357
126500  0.160357
126550  0.160357
126600  0.160275
126650  0.160275
126700  0.160275
126750  0.160275
126800  0.160275
126850  0.160275
126900  0.160275
126950  0.160275
127000  0.160275
127050  0.160275
127100  0.160275
127150  0.160275
127200  0.160275
127250  0.160275
127300  0.160275
127350  0.160256
127400  0.160256
127450  0.160256
127500  0.160256
127550  0.160256
127600  0.160256
127650  0.160256
127700  0.160256
127750  0.160241
127800  0.160241
127850  0.160241
127900  0.160241
127950  0.160169
128000  0.160169
128050  0.160169
128100  0.160153
128150  0.160153
128200  0.160153
128250  0.160153
128300  0.160153
128350  0.160153
128400  0.160153
128450  0.160153
128500  0.160153
128550  0.160153
128600  0.160153
128650  0.160153
128700  0.160153
128750  0.160153
128800  0.160153
128850  0.160153
128900  0.160153
128950  0.160153
129000  0.160153
129050  0.160153
129100  0.160153
129150  0.160153
129200  0.160153
129250  0.160153
129300  0.160153
129350  0.160153
129400  0.160153
129450  0.160153
129500  0.160153
129550  0.160139
129600  0.160139
129650  0.160138
129700  0.160138
129750  0.160138
129800  0.160138
129850  0.160138
129900  0.160138
129950  0.160138
130000  0.160138
130050  0.160138
130100  0.160103
130150  0.160103
130200  0.160103
130250  0.160103
130300  0.160103
130350  0.160103
130400  0.160103
130450  0.160103
130500  0.160103
130550  0.160103
130600  0.160103
130650  0.160103
130700  0.160103
130750  0.160103
130800  0.160103
130850  0.160103
130900  0.160103
130950  0.160103
131000  0.160103
131050  0.160103
131100  0.160103
131150  0.160103
131200  0.160103
131250  0.160103
131300  0.160103
131350  0.160103
131400  0.160103
131450  0.160103
131500  0.160103
131550  0.160103
131600  0.160072
131650  0.160072
131700  0.160072
131750  0.160072
131800  0.160072
131850  0.160072
131900  0.160072
131950  0.160072
132000  0.160072
132050  0.160072
132100  0.160072
132150  0.160046
132200  0.160046
132250  0.160019
132300  0.160019
132350  0.160019
132400  0.160019
132450  0.160019
132500  0.160019
132550  0.160019
132600  0.160019
132650  0.160019
132700  0.160019
132750  0.160006
132800  0.160006
132850  0.160006
132900  0.160006
132950  0.160006
133000  0.159984
133050  0.159984
133100  0.159984
133150  0.159984
133200  0.159984
133250  0.159953
133300  0.159953
133350  0.159953
133400  0.159953
133450  0.159953
133500  0.159919
133550  0.159919
133600  0.159919
133650  0.159919
133700  0.159919
133750  0.159919
133800  0.159919
133850  0.159919
133900  0.159919
133950  0.159919
134000  0.159919
134050  0.159919
134100  0.159919
134150  0.159919
134200  0.159919
134250  0.159919
134300  0.159919
134350  0.159891
134400  0.159891
134450  0.159891
134500  0.159891
134550  0.159891
134600  0.159891
134650  0.159891
134700  0.159891
134750  0.159891
134800  0.159891
134850  0.159891
134900  0.159891
134950  0.159891
135000  0.159891
135050  0.159891
135100  0.159891
135150  0.159891
135200  0.159891
135250  0.159862
135300  0.159862
135350  0.159862
135400  0.159862
135450  0.159862
135500  0.159862
135550  0.159862
135600  0.159862
135650  0.159862
135700  0.159862
135750  0.159862
135800  0.159862
135850  0.159862
135900  0.159862
135950  0.159821
136000  0.159821
136050  0.159821
136100  0.159821
136150  0.159821
136200  0.159821
136250  0.159821
136300  0.159821
136350  0.159821
136400  0.159821
136450  0.159821
136500  0.159774
136550  0.159774
136600  0.159774
136650  0.159774
136700  0.159766
136750  0.159766
136800  0.159766
136850  0.159766
136900  0.159717
136950  0.159717
137000  0.159717
137050  0.159717
137100  0.159717
137150  0.159717
137200  0.159717
137250  0.159717
137300  0.159717
137350  0.159717
137400  0.159717
137450  0.159717
137500  0.159717
137550  0.159717
137600  0.159717
137650  0.159717
137700  0.159717
137750  0.159717
137800  0.159717
137850  0.159717
137900  0.159717
137950  0.159717
138000  0.159717
138050  0.159717
138100  0.159717
138150  0.159717
138200  0.159717
138250  0.159717
138300  0.159717
138350  0.159717
138400  0.159717
138450  0.159717
138500  0.159717
138550  0.159717
138600  0.159717
138650  0.159717
138700  0.159717
138750  0.159717
138800  0.159717
138850  0.159717
138900  0.159717
138950  0.159645
139000  0.159645
139050  0.159645
139100  0.159645
139150  0.159645
139200  0.159645
139250  0.159645
139300  0.159645
139350  0.159645
139400  0.159645
139450  0.159645
139500  0.159631
139550  0.159631
139600  0.159631
139650  0.159631
139700  0.159631
139750  0.159631
139800  0.159631
139850  0.159631
139900  0.159631
139950  0.159631
140000  0.159631
140050  0.159631
140100  0.159631
140150  0.159631
140200  0.159631
140250  0.159631
140300  0.159631
140350  0.159631
140400  0.159629
140450  0.159629
140500  0.159629
140550  0.159629
140600  0.159629
140650  0.159629
140700  0.159629
140750  0.159609
140800  0.159609
140850  0.159609
140900  0.159609
140950  0.159575
141000  0.159575
141050  0.159575
141100  0.159575
141150  0.159575
141200  0.159575
141250  0.159575
141300  0.159575
141350  0.159575
141400  0.159575
141450  0.159575
141500  0.159575
141550  0.159575
141600  0.159575
141650  0.159575
141700  0.159575
141750  0.159575
141800  0.159575
141850  0.159575
141900  0.159575
141950  0.159575
142000  0.159575
142050  0.159575
142100  0.159575
142150  0.159575
142200  0.159575
142250  0.159575
142300  0.159575
142350  0.159575
142400  0.159575
142450  0.159575
142500  0.159575
142550  0.159575
142600  0.159554
142650  0.159554
142700  0.159554
142750  0.159554
142800  0.159554
142850  0.159554
142900  0.159554
142950  0.159554
143000  0.159554
143050  0.159554
143100  0.159554
143150  0.159554
143200  0.159523
143250  0.159523
143300  0.159523
143350  0.159523
143400  0.159523
143450  0.159515
143500  0.159515
143550  0.159515
143600  0.159515
143650  0.159515
143700  0.159515
143750  0.159515
143800  0.159515
143850  0.159515
