Step  Penalty
10  0.521569
20  0.50772
30  0.498473
40  0.496223
50  0.496035
60  0.495766
70  0.491497
80  0.491082
90  0.491082
100  0.490603
110  0.490541
120  0.490165
130  0.488814
140  0.485896
150  0.482153
160  0.482153
170  0.482153
180  0.482153
190  0.482153
200  0.482153
210  0.480149
220  0.480149
230  0.479641
240  0.477842
250  0.476998
260  0.476916
270  0.476567
280  0.476567
290  0.476567
300  0.475892
310  0.475892
320  0.475892
330  0.475892
340  0.475892
350  0.475892
360  0.475829
370  0.475829
380  0.475829
390  0.475829
400  0.474744
410  0.474744
420  0.474744
430  0.474744
440  0.474423
450  0.474423
460  0.474423
470  0.474423
480  0.473864
490  0.473864
500  0.473864
510  0.471818
520  0.471818
530  0.471818
540  0.471021
550  0.471021
560  0.471021
570  0.471021
580  0.470086
590  0.468418
600  0.468418
610  0.468418
620  0.467492
630  0.467492
640  0.467492
650  0.467492
660  0.467492
670  0.467492
680  0.467492
690  0.466488
700  0.466488
710  0.466488
720  0.466488
730  0.466488
740  0.466488
750  0.465697
760  0.465697
770  0.465697
780  0.465697
790  0.465697
800  0.465697
810  0.465697
820  0.465697
830  0.465697
840  0.465256
850  0.465256
860  0.465256
870  0.465256
880  0.465256
890  0.465256
900  0.465256
910  0.465256
920  0.465256
930  0.465256
940  0.465256
950  0.465256
960  0.465256
970  0.465256
980  0.465256
990  0.465256
1000  0.464624
1010  0.464073
1020  0.464073
1030  0.464073
1040  0.464073
1050  0.464073
1060  0.464073
1070  0.464073
1080  0.464073
1090  0.464073
1100  0.464073
1110  0.464073
1120  0.464073
1130  0.464073
1140  0.463937
1150  0.463937
1160  0.463937
1170  0.463937
1180  0.463937
1190  0.463937
1200  0.463463
1210  0.463463
1220  0.463463
1230  0.463463
1240  0.463463
1250  0.463463
1260  0.463463
1270  0.463031
1280  0.463031
1290  0.463031
1300  0.463031
1310  0.463031
1320  0.463031
1330  0.463031
1340  0.463031
1350  0.463031
1360  0.463031
1370  0.463031
1380  0.463031
1390  0.462955
1400  0.462955
1410  0.462955
1420  0.462955
1430  0.462955
1440  0.462497
1450  0.462497
1460  0.462497
1470  0.462497
1480  0.462497
1490  0.462497
1500  0.462497
1510  0.462497
1520  0.462497
1530  0.462497
1540  0.462497
1550  0.462497
1560  0.462413
1570  0.462413
1580  0.462413
1590  0.462413
1600  0.462413
1610  0.462413
1620  0.462413
1630  0.462413
1640  0.462413
1650  0.462413
1660  0.462413
1670  0.462413
1680  0.462413
1690  0.462413
1700  0.462413
1710  0.462413
1720  0.462413
1730  0.462413
1740  0.462413
1750  0.462228
1760  0.462228
1770  0.462228
1780  0.462228
1790  0.462228
1800  0.462228
1810  0.462228
1820  0.462228
1830  0.462228
1840  0.462228
1850  0.462228
1860  0.462228
1870  0.462228
1880  0.462228
1890  0.462228
1900  0.462228
1910  0.462228
1920  0.462228
1930  0.462228
1940  0.462228
1950  0.462228
1960  0.462228
1970  0.462228
1980  0.462228
1990  0.462228
2000  0.462228
2010  0.462228
2020  0.462228
2030  0.462228
2040  0.462228
2050  0.462228
2060  0.462228
2070  0.462228
2080  0.462228
2090  0.462228
2100  0.462228
2110  0.462228
2120  0.462228
2130  0.462228
2140  0.462228
2150  0.462228
2160  0.462228
2170  0.462228
2180  0.462228
2190  0.462228
2200  0.462228
2210  0.462228
2220  0.462228
2230  0.462228
2240  0.462228
2250  0.462228
2260  0.462228
2270  0.462228
2280  0.462228
2290  0.462228
2300  0.462228
2310  0.462228
2320  0.462228
2330  0.462228
2340  0.462228
2350  0.462228
2360  0.462228
2370  0.462228
2380  0.462228
2390  0.462228
2400  0.462228
2410  0.462228
2420  0.462228
2430  0.462228
2440  0.462207
2450  0.462207
2460  0.462207
2470  0.462207
2480  0.462207
2490  0.462207
2500  0.462207
2510  0.462207
2520  0.462207
2530  0.462207
2540  0.462207
2550  0.462207
2560  0.462207
2570  0.462207
2580  0.462207
2590  0.462207
2600  0.462207
2610  0.462207
2620  0.462207
2630  0.462207
2640  0.462207
2650  0.462207
2660  0.462207
2670  0.462207
2680  0.462207
2690  0.462207
2700  0.462207
2710  0.462207
2720  0.462207
2730  0.462207
2740  0.462207
2750  0.462207
2760  0.462207
2770  0.462207
2780  0.462207
2790  0.462207
2800  0.462207
2810  0.462207
2820  0.462207
2830  0.462207
2840  0.462207
2850  0.462207
2860  0.462207
2870  0.462207
2880  0.462207
2890  0.462026
2900  0.461526
2910  0.461526
2920  0.461526
2930  0.461526
2940  0.461526
2950  0.461526
2960  0.461526
2970  0.461526
2980  0.461526
2990  0.461156
3000  0.461156
3010  0.461156
3020  0.461156
3030  0.461156
3040  0.461156
3050  0.461156
3060  0.461156
3070  0.461156
3080  0.461156
3090  0.461156
3100  0.461156
3110  0.461156
3120  0.461156
3130  0.461156
3140  0.461156
3150  0.461156
3160  0.461156
3170  0.461108
3180  0.461108
3190  0.461108
3200  0.461108
3210  0.461108
3220  0.461108
3230  0.461108
3240  0.461108
3250  0.461108
3260  0.461108
3270  0.461108
3280  0.461108
3290  0.461108
3300  0.461108
3310  0.461108
3320  0.461108
3330  0.461108
3340  0.461108
3350  0.461108
3360  0.461108
3370  0.461108
3380  0.461108
3390  0.461108
3400  0.461108
3410  0.461108
3420  0.461108
3430  0.461108
3440  0.461108
3450  0.461108
3460  0.461108
3470  0.461108
3480  0.461108
3490  0.461108
3500  0.461108
3510  0.461108
3520  0.461108
3530  0.461108
3540  0.461108
3550  0.461108
3560  0.461108
3570  0.460759
3580  0.460759
3590  0.460759
3600  0.460759
3610  0.460759
3620  0.460759
3630  0.460759
3640  0.460759
3650  0.460759
3660  0.460759
3670  0.460759
3680  0.460759
3690  0.460759
3700  0.460759
3710  0.460759
3720  0.460759
3730  0.460759
3740  0.460759
3750  0.460759
3760  0.460759
3770  0.460759
3780  0.460759
3790  0.460759
3800  0.460759
3810  0.460759
3820  0.460759
3830  0.460759
3840  0.460759
3850  0.460678
3860  0.460678
3870  0.460678
3880  0.460678
3890  0.460678
3900  0.460678
3910  0.460678
3920  0.460678
3930  0.460678
3940  0.460678
3950  0.460678
3960  0.460678
3970  0.460678
3980  0.460678
3990  0.460678
4000  0.460678
4010  0.460678
4020  0.460678
4030  0.460678
4040  0.460678
4050  0.460678
4060  0.460678
4070  0.460678
4080  0.460678
4090  0.460409
4100  0.460409
4110  0.460409
4120  0.460409
4130  0.460409
4140  0.460106
4150  0.459454
4160  0.459454
4170  0.459454
4180  0.459454
4190  0.459454
4200  0.459454
4210  0.459454
4220  0.459454
4230  0.459454
4240  0.459454
4250  0.459454
4260  0.459454
4270  0.459454
4280  0.459454
4290  0.459454
4300  0.459454
4310  0.459454
4320  0.459454
4330  0.459454
4340  0.459454
4350  0.459225
4360  0.459225
4370  0.459225
4380  0.459225
4390  0.459225
4400  0.459225
4410  0.459225
4420  0.459225
4430  0.459225
4440  0.459225
4450  0.459225
4460  0.459225
4470  0.459225
4480  0.459225
4490  0.459225
4500  0.459225
4510  0.459225
4520  0.459225
4530  0.458317
4540  0.458317
4550  0.458317
4560  0.458317
4570  0.458317
4580  0.458317
4590  0.458317
4600  0.458317
4610  0.458317
4620  0.458317
4630  0.458317
4640  0.458317
4650  0.458317
4660  0.458317
4670  0.458317
4680  0.458317
4690  0.458317
4700  0.458317
4710  0.458317
4720  0.457692
4730  0.457692
4740  0.457692
4750  0.457692
4760  0.457692
4770  0.457692
4780  0.457692
4790  0.457692
4800  0.457692
4810  0.457692
4820  0.457362
4830  0.457362
4840  0.457362
4850  0.457362
4860  0.457362
4870  0.457362
4880  0.457362
4890  0.456694
4900  0.456694
4910  0.456694
4920  0.456694
4930  0.456694
4940  0.456694
4950  0.456694
4960  0.456694
4970  0.456694
4980  0.456694
4990  0.456694
5000  0.456694
5010  0.456694
5020  0.456694
5030  0.456694
5040  0.456694
5050  0.456694
5060  0.456694
5070  0.45568
5080  0.45568
5090  0.45568
5100  0.45568
5110  0.45568
5120  0.45568
5130  0.45542
5140  0.45542
5150  0.45542
5160  0.45542
5170  0.45542
5180  0.45542
5190  0.45542
5200  0.45542
5210  0.45542
5220  0.45542
5230  0.45542
5240  0.45542
5250  0.45542
5260  0.45542
5270  0.45542
5280  0.45542
5290  0.45542
5300  0.45542
5310  0.45542
5320  0.45542
5330  0.45542
5340  0.45542
5350  0.45542
5360  0.45542
5370  0.45542
5380  0.45542
5390  0.455118
5400  0.455118
5410  0.455118
5420  0.455118
5430  0.455118
5440  0.455118
5450  0.455118
5460  0.455118
5470  0.455118
5480  0.455118
5490  0.455118
5500  0.455118
5510  0.455118
5520  0.455118
5530  0.455118
5540  0.455118
5550  0.455118
5560  0.455118
5570  0.454644
5580  0.454644
5590  0.454644
5600  0.4541
5610  0.4541
5620  0.4541
5630  0.4541
5640  0.4541
5650  0.4541
5660  0.4541
5670  0.4541
5680  0.4541
5690  0.453302
5700  0.453302
5710  0.453302
5720  0.453302
5730  0.453302
5740  0.453302
5750  0.453302
5760  0.453302
5770  0.453302
5780  0.453302
5790  0.453302
5800  0.453302
5810  0.453302
5820  0.453302
5830  0.453302
5840  0.453302
5850  0.453302
5860  0.453302
5870  0.453302
5880  0.453302
5890  0.453302
5900  0.453302
5910  0.453302
5920  0.453302
5930  0.453302
5940  0.453302
5950  0.453302
5960  0.453302
5970  0.453302
5980  0.453302
5990  0.453302
6000  0.453302
6010  0.453302
6020  0.453302
6030  0.453302
6040  0.453302
6050  0.453302
6060  0.453302
6070  0.453302
6080  0.45311
6090  0.45311
6100  0.45311
6110  0.45311
6120  0.45311
6130  0.45311
6140  0.45311
6150  0.45311
6160  0.45311
6170  0.45311
6180  0.453077
6190  0.453077
6200  0.453077
6210  0.453077
6220  0.453077
6230  0.453077
6240  0.453077
6250  0.453077
6260  0.453077
6270  0.453077
6280  0.453077
6290  0.453077
6300  0.453077
6310  0.453077
6320  0.453077
6330  0.453077
6340  0.453077
6350  0.453077
6360  0.453077
6370  0.453077
6380  0.453077
6390  0.453077
6400  0.453077
6410  0.453077
6420  0.453077
6430  0.453077
6440  0.453077
6450  0.453077
6460  0.453077
6470  0.453077
6480  0.453077
6490  0.453077
6500  0.453077
6510  0.453077
6520  0.453077
6530  0.453077
6540  0.453077
6550  0.453077
6560  0.453077
6570  0.453077
6580  0.453077
6590  0.453077
6600  0.453077
6610  0.453077
6620  0.453077
6630  0.453077
6640  0.453077
6650  0.453077
6660  0.453077
6670  0.453077
6680  0.453077
6690  0.452375
6700  0.452375
6710  0.452375
6720  0.452375
6730  0.452375
6740  0.452375
6750  0.452375
6760  0.452375
6770  0.452375
6780  0.452375
6790  0.452375
6800  0.452375
6810  0.452375
6820  0.452375
6830  0.452375
6840  0.452375
6850  0.452375
6860  0.452375
6870  0.452375
6880  0.452375
6890  0.452375
6900  0.452375
6910  0.452375
6920  0.452375
6930  0.452375
6940  0.452375
6950  0.452375
6960  0.452375
6970  0.452375
6980  0.452375
6990  0.452375
7000  0.452375
7010  0.452375
7020  0.452375
7030  0.452375
7040  0.452375
7050  0.452375
7060  0.452375
7070  0.452375
7080  0.452375
7090  0.452375
7100  0.452375
7110  0.452375
7120  0.452375
7130  0.452375
7140  0.452375
7150  0.452375
7160  0.452375
7170  0.452375
7180  0.452375
7190  0.452375
7200  0.452375
7210  0.452375
7220  0.452375
7230  0.452375
7240  0.452375
7250  0.452375
7260  0.452375
7270  0.452375
7280  0.452375
7290  0.452375
7300  0.452375
7310  0.452375
7320  0.452375
7330  0.452375
7340  0.452375
7350  0.452375
7360  0.452375
7370  0.452375
7380  0.452375
7390  0.452375
7400  0.452375
7410  0.452375
7420  0.452375
7430  0.452375
7440  0.452375
7450  0.452375
7460  0.452375
7470  0.452375
7480  0.452375
7490  0.452375
7500  0.452375
7510  0.452375
7520  0.452375
7530  0.452375
7540  0.452375
7550  0.452375
7560  0.452375
7570  0.452375
7580  0.452375
7590  0.452375
7600  0.452375
7610  0.452375
7620  0.452375
7630  0.452375
7640  0.452375
7650  0.452375
7660  0.452375
7670  0.452375
7680  0.452375
7690  0.452375
7700  0.452375
7710  0.452375
7720  0.452375
7730  0.452375
7740  0.452375
7750  0.452375
7760  0.452375
7770  0.452375
7780  0.452375
7790  0.452375
7800  0.452375
7810  0.452375
7820  0.452375
7830  0.452375
7840  0.452375
7850  0.452375
7860  0.452375
7870  0.452375
7880  0.452375
7890  0.452375
7900  0.452375
7910  0.452375
7920  0.452375
7930  0.452375
7940  0.452375
7950  0.452375
7960  0.452375
7970  0.452375
7980  0.452375
7990  0.452375
8000  0.452375
8010  0.452375
8020  0.452375
8030  0.452375
8040  0.452375
8050  0.452375
8060  0.452375
8070  0.451166
8080  0.451166
8090  0.451166
8100  0.451166
8110  0.451166
8120  0.451166
8130  0.451166
8140  0.451166
8150  0.451166
8160  0.451166
8170  0.451166
8180  0.451166
8190  0.451166
8200  0.451166
8210  0.451166
8220  0.451166
8230  0.451166
8240  0.451166
8250  0.451166
8260  0.451166
8270  0.451166
8280  0.451166
8290  0.451166
8300  0.451166
8310  0.451166
8320  0.451166
8330  0.451166
8340  0.451166
8350  0.451166
8360  0.451166
8370  0.451166
8380  0.451166
8390  0.451166
8400  0.451166
8410  0.451166
8420  0.451166
8430  0.450148
8440  0.450148
8450  0.450148
8460  0.450148
8470  0.450148
8480  0.450148
8490  0.450148
8500  0.450148
8510  0.450148
8520  0.450148
8530  0.450148
8540  0.450148
8550  0.450148
8560  0.450148
8570  0.450148
8580  0.450148
8590  0.450148
8600  0.450148
8610  0.450148
8620  0.450148
8630  0.450148
8640  0.450148
8650  0.450148
8660  0.450148
8670  0.450148
8680  0.450148
8690  0.450148
8700  0.450148
8710  0.450148
8720  0.450148
8730  0.450148
8740  0.450148
8750  0.450148
8760  0.450148
8770  0.450148
8780  0.450148
8790  0.450148
8800  0.450148
8810  0.450148
8820  0.450148
8830  0.450148
8840  0.450148
8850  0.450148
8860  0.450148
8870  0.450148
8880  0.450148
8890  0.450148
8900  0.450148
8910  0.450148
8920  0.450148
8930  0.450148
8940  0.450148
8950  0.450148
8960  0.450148
8970  0.450148
8980  0.450148
8990  0.450148
9000  0.450148
9010  0.450148
9020  0.450148
9030  0.449899
9040  0.449899
9050  0.449899
9060  0.449899
9070  0.449899
9080  0.449899
9090  0.449899
9100  0.449899
9110  0.449899
9120  0.449899
9130  0.449899
9140  0.449899
9150  0.449899
9160  0.449899
9170  0.449899
9180  0.449899
9190  0.449899
9200  0.449899
9210  0.449899
9220  0.449899
9230  0.449899
9240  0.449899
9250  0.449899
9260  0.449899
9270  0.449899
9280  0.449899
9290  0.449899
9300  0.449899
9310  0.449899
9320  0.449899
9330  0.449899
9340  0.449899
9350  0.449899
9360  0.449899
9370  0.449899
9380  0.449899
9390  0.449899
9400  0.449899
9410  0.449614
9420  0.449614
9430  0.449614
9440  0.449614
9450  0.449614
9460  0.449614
9470  0.449614
9480  0.449614
9490  0.449614
9500  0.449614
9510  0.449614
9520  0.449614
9530  0.449614
9540  0.449614
9550  0.449614
9560  0.449614
9570  0.449614
9580  0.449614
9590  0.449614
9600  0.449614
9610  0.449614
9620  0.449614
9630  0.449614
9640  0.449614
9650  0.449614
9660  0.449614
9670  0.449614
9680  0.449614
9690  0.449614
9700  0.449614
9710  0.449614
9720  0.449614
9730  0.449614
9740  0.449614
9750  0.449614
9760  0.449614
9770  0.449614
9780  0.449614
9790  0.449614
9800  0.449614
9810  0.449614
9820  0.449614
9830  0.449614
9840  0.449614
9850  0.449614
9860  0.449614
9870  0.449614
9880  0.449614
9890  0.449614
9900  0.449614
9910  0.449614
9920  0.449614
9930  0.449614
9940  0.449614
9950  0.449614
9960  0.448832
9970  0.448832
9980  0.448832
9990  0.448832
10000  0.448832
10010  0.448832
10020  0.448832
10030  0.448832
10040  0.448832
10050  0.448832
10060  0.448832
10070  0.448832
10080  0.448832
10090  0.448832
10100  0.448832
10110  0.448832
10120  0.448832
10130  0.448832
10140  0.448832
10150  0.448832
10160  0.448832
10170  0.448832
10180  0.448832
10190  0.448832
10200  0.448832
10210  0.448832
10220  0.448832
10230  0.448832
10240  0.448832
10250  0.448832
10260  0.448832
10270  0.448832
10280  0.448832
10290  0.448832
10300  0.448832
10310  0.448832
10320  0.448832
10330  0.448832
10340  0.448832
10350  0.448832
10360  0.448832
10370  0.448832
10380  0.448832
10390  0.448832
10400  0.448832
10410  0.448832
10420  0.448832
10430  0.448832
10440  0.448832
10450  0.448832
10460  0.448832
10470  0.448832
10480  0.448832
10490  0.448832
10500  0.448832
10510  0.448832
10520  0.448832
10530  0.448832
10540  0.448832
10550  0.448832
10560  0.448832
10570  0.448832
10580  0.448832
10590  0.448832
10600  0.448613
10610  0.448613
10620  0.448613
10630  0.448613
10640  0.448613
10650  0.448613
10660  0.448613
10670  0.448613
10680  0.448613
10690  0.448613
10700  0.448613
10710  0.448613
10720  0.448613
10730  0.448613
10740  0.448613
10750  0.448613
10760  0.448613
10770  0.448613
10780  0.448613
10790  0.448613
10800  0.448613
10810  0.448613
10820  0.448613
10830  0.448613
10840  0.448613
10850  0.448613
10860  0.448613
10870  0.448613
10880  0.448613
10890  0.448613
10900  0.448613
10910  0.448613
10920  0.448613
10930  0.448613
10940  0.448613
10950  0.448613
10960  0.448613
10970  0.448613
10980  0.448613
10990  0.448613
11000  0.448613
11010  0.448613
11020  0.448613
11030  0.448613
11040  0.448613
11050  0.448613
11060  0.448613
11070  0.448613
11080  0.448613
11090  0.448613
11100  0.448613
11110  0.448613
11120  0.448613
11130  0.448613
11140  0.448613
11150  0.448613
11160  0.448613
11170  0.448613
11180  0.448613
11190  0.448613
11200  0.448613
11210  0.448613
11220  0.448613
11230  0.448613
11240  0.448613
11250  0.448613
11260  0.448613
11270  0.448613
11280  0.448613
11290  0.448613
11300  0.448613
11310  0.448613
11320  0.448613
11330  0.448613
11340  0.448613
11350  0.448613
11360  0.448613
11370  0.448613
11380  0.448613
11390  0.448613
11400  0.448613
11410  0.448613
11420  0.448613
11430  0.448613
11440  0.448613
11450  0.448613
11460  0.448613
11470  0.448613
11480  0.448414
11490  0.448414
11500  0.448414
11510  0.448414
11520  0.448414
11530  0.448414
11540  0.448414
11550  0.448414
11560  0.448414
11570  0.448414
11580  0.448414
11590  0.448414
11600  0.448414
11610  0.448414
11620  0.448414
11630  0.448414
11640  0.448414
11650  0.448414
11660  0.448414
11670  0.448414
11680  0.448414
11690  0.448414
11700  0.448414
11710  0.448414
11720  0.448414
11730  0.448414
11740  0.448414
11750  0.448414
11760  0.448414
11770  0.448414
11780  0.448414
11790  0.448414
11800  0.448414
11810  0.448414
11820  0.448414
11830  0.448414
11840  0.448414
11850  0.448414
11860  0.448414
11870  0.448414
11880  0.448414
11890  0.448414
11900  0.448414
11910  0.448414
11920  0.448414
11930  0.448414
11940  0.448414
11950  0.448414
11960  0.448414
11970  0.448414
11980  0.448414
11990  0.448414
12000  0.448414
12010  0.448414
12020  0.448414
12030  0.448414
12040  0.448414
12050  0.448414
12060  0.448414
12070  0.448414
12080  0.448414
12090  0.448414
12100  0.448414
12110  0.448414
12120  0.448414
12130  0.448414
12140  0.448414
12150  0.448414
12160  0.448414
12170  0.447928
12180  0.447928
12190  0.447928
12200  0.447928
12210  0.447928
12220  0.447928
12230  0.447928
12240  0.447928
12250  0.447928
12260  0.447928
12270  0.447928
12280  0.447928
12290  0.447928
12300  0.447928
12310  0.447928
12320  0.447398
12330  0.447354
12340  0.447354
12350  0.447354
12360  0.447354
12370  0.447354
12380  0.447354
12390  0.447354
12400  0.447354
12410  0.447354
12420  0.447354
12430  0.447354
12440  0.447354
12450  0.447354
12460  0.447354
12470  0.447354
12480  0.447354
12490  0.447354
12500  0.447354
12510  0.447354
12520  0.447354
12530  0.447354
12540  0.447354
12550  0.447354
12560  0.447354
12570  0.447354
12580  0.447354
12590  0.447354
12600  0.447354
12610  0.447354
12620  0.447354
12630  0.447354
12640  0.447354
12650  0.447354
12660  0.447354
12670  0.447354
12680  0.447354
12690  0.447354
12700  0.447354
12710  0.447354
12720  0.447354
12730  0.447354
12740  0.447354
12750  0.447354
12760  0.447354
12770  0.447354
12780  0.447354
12790  0.447354
12800  0.447354
12810  0.447354
12820  0.447354
12830  0.447354
12840  0.447354
12850  0.447354
12860  0.447354
12870  0.447354
12880  0.447354
12890  0.447354
12900  0.447354
12910  0.447354
12920  0.447354
12930  0.447354
12940  0.447354
12950  0.447354
12960  0.447354
12970  0.447354
12980  0.447354
12990  0.447354
13000  0.447354
13010  0.447354
13020  0.447354
13030  0.447209
13040  0.447209
13050  0.447209
13060  0.447209
13070  0.447209
13080  0.447209
13090  0.447209
13100  0.447209
13110  0.447209
13120  0.447209
13130  0.447209
13140  0.447209
13150  0.447209
13160  0.447209
13170  0.447209
13180  0.447209
13190  0.447209
13200  0.447209
13210  0.447209
13220  0.447209
13230  0.447209
13240  0.447209
13250  0.447209
13260  0.447209
13270  0.447209
13280  0.447209
13290  0.447209
13300  0.447209
13310  0.447209
13320  0.447209
13330  0.447209
13340  0.447209
13350  0.447209
13360  0.447209
13370  0.447209
13380  0.447209
13390  0.447209
13400  0.447209
13410  0.447209
13420  0.447209
13430  0.447209
13440  0.447209
13450  0.447209
13460  0.447209
13470  0.447209
13480  0.447209
13490  0.447209
13500  0.447209
13510  0.447209
13520  0.447209
13530  0.447209
13540  0.447209
13550  0.447209
13560  0.447209
13570  0.447209
13580  0.447209
13590  0.447209
13600  0.447209
13610  0.447209
13620  0.447209
13630  0.447209
13640  0.447209
13650  0.447209
13660  0.447209
13670  0.447209
13680  0.447209
13690  0.447209
13700  0.447209
13710  0.447209
13720  0.447209
13730  0.447209
13740  0.447209
13750  0.447209
13760  0.447209
13770  0.447209
13780  0.447209
13790  0.447209
13800  0.447209
13810  0.447209
13820  0.447209
13830  0.447209
13840  0.447209
13850  0.447209
13860  0.447209
13870  0.447209
13880  0.447209
13890  0.447209
13900  0.447209
13910  0.447209
13920  0.447209
13930  0.447209
13940  0.447209
13950  0.447209
13960  0.447209
13970  0.447209
13980  0.447209
13990  0.447209
14000  0.447209
14010  0.447209
14020  0.447209
14030  0.447209
14040  0.447209
14050  0.447209
14060  0.447209
14070  0.447209
14080  0.447209
14090  0.447209
14100  0.447209
14110  0.447209
14120  0.447209
14130  0.447209
14140  0.447209
14150  0.447209
14160  0.447209
14170  0.447209
14180  0.447209
14190  0.447209
14200  0.447209
14210  0.447209
14220  0.447209
14230  0.447209
14240  0.447209
14250  0.447209
14260  0.447209
14270  0.447209
14280  0.447209
14290  0.447209
14300  0.447209
14310  0.447209
14320  0.447209
14330  0.447209
14340  0.447209
14350  0.447209
14360  0.447209
14370  0.447209
14380  0.447209
14390  0.447209
14400  0.447209
14410  0.447209
14420  0.447209
14430  0.447209
14440  0.447209
14450  0.447209
14460  0.447209
14470  0.447209
14480  0.447209
14490  0.447209
14500  0.447209
14510  0.447209
14520  0.447209
14530  0.447209
14540  0.447209
14550  0.447091
14560  0.447091
14570  0.447091
14580  0.447091
14590  0.447091
14600  0.447091
14610  0.447091
14620  0.447091
14630  0.447091
14640  0.447091
14650  0.447091
14660  0.447091
14670  0.447091
14680  0.447091
14690  0.447091
14700  0.447091
14710  0.447091
14720  0.447091
14730  0.447091
14740  0.447091
14750  0.447091
14760  0.447091
14770  0.447091
14780  0.447091
14790  0.447091
14800  0.447091
14810  0.447091
14820  0.447091
14830  0.447091
14840  0.447091
14850  0.447091
14860  0.447091
14870  0.447091
14880  0.447091
14890  0.447091
14900  0.447091
14910  0.447091
14920  0.447091
14930  0.447091
14940  0.447091
14950  0.447091
14960  0.447091
14970  0.447091
14980  0.447091
14990  0.447091
15000  0.447091
15010  0.447091
15020  0.447091
15030  0.447091
15040  0.447091
15050  0.447091
15060  0.447091
15070  0.447091
15080  0.447091
15090  0.447091
15100  0.447091
15110  0.447091
15120  0.447091
15130  0.447091
15140  0.447091
15150  0.447091
15160  0.447091
15170  0.447091
15180  0.447091
15190  0.447091
15200  0.447091
15210  0.447091
15220  0.447091
15230  0.447091
15240  0.447091
15250  0.447091
15260  0.447091
15270  0.447091
15280  0.447091
15290  0.447091
15300  0.447091
15310  0.447091
15320  0.447091
15330  0.447091
15340  0.447091
15350  0.447091
15360  0.447091
15370  0.447091
15380  0.447091
15390  0.447091
15400  0.447091
15410  0.447091
15420  0.447091
15430  0.447091
15440  0.447091
15450  0.447091
15460  0.447091
15470  0.447091
15480  0.447091
15490  0.447091
15500  0.447091
15510  0.447091
15520  0.447091
15530  0.447091
15540  0.447091
15550  0.447091
15560  0.447091
15570  0.447091
15580  0.447091
15590  0.447091
15600  0.447091
15610  0.447091
15620  0.447091
15630  0.447091
15640  0.447091
15650  0.447091
15660  0.447091
15670  0.447091
15680  0.446872
15690  0.446872
15700  0.446872
15710  0.446872
15720  0.446872
15730  0.446872
15740  0.446872
15750  0.446872
15760  0.446872
15770  0.446872
15780  0.446872
15790  0.446872
15800  0.446872
15810  0.446872
15820  0.446872
15830  0.446872
15840  0.446872
15850  0.446872
15860  0.446872
15870  0.446872
15880  0.446872
15890  0.446872
15900  0.446872
15910  0.446872
15920  0.446872
15930  0.446872
15940  0.446872
15950  0.446872
15960  0.446872
15970  0.446872
15980  0.446872
15990  0.446872
16000  0.446872
16010  0.446872
16020  0.446872
16030  0.446872
16040  0.446872
16050  0.446872
16060  0.446872
16070  0.446872
16080  0.446872
16090  0.446872
16100  0.446872
16110  0.446872
16120  0.446872
16130  0.446872
16140  0.446872
16150  0.446872
16160  0.446872
16170  0.446872
16180  0.446872
16190  0.446872
16200  0.446872
16210  0.446872
16220  0.446872
16230  0.446872
16240  0.446872
16250  0.446872
16260  0.446872
16270  0.446872
16280  0.446872
16290  0.446872
16300  0.446872
16310  0.446872
16320  0.446872
16330  0.446872
16340  0.446872
16350  0.446872
16360  0.446872
16370  0.446872
16380  0.446872
16390  0.446872
16400  0.446872
16410  0.446872
16420  0.446872
16430  0.446872
16440  0.446872
16450  0.446872
16460  0.446872
16470  0.446872
16480  0.446872
16490  0.446872
16500  0.446872
16510  0.446872
16520  0.446872
16530  0.446872
16540  0.446872
16550  0.446872
16560  0.446872
16570  0.446872
16580  0.446872
16590  0.446872
16600  0.446872
16610  0.446872
16620  0.446872
16630  0.446872
16640  0.446872
16650  0.446457
16660  0.446457
16670  0.446457
16680  0.446457
16690  0.445579
16700  0.445579
16710  0.445579
16720  0.445579
16730  0.445579
16740  0.445193
16750  0.445193
16760  0.445193
16770  0.445193
16780  0.445193
16790  0.445193
16800  0.445193
16810  0.445193
16820  0.445193
16830  0.445193
16840  0.445193
16850  0.445193
16860  0.445193
16870  0.445193
16880  0.445193
16890  0.445193
16900  0.445193
16910  0.445193
16920  0.445193
16930  0.445193
16940  0.445193
16950  0.445193
16960  0.445193
16970  0.445193
16980  0.445193
16990  0.445193
17000  0.445193
17010  0.445193
17020  0.445193
17030  0.445193
17040  0.445193
17050  0.445193
17060  0.445193
17070  0.445193
17080  0.445193
17090  0.445193
17100  0.445193
17110  0.445193
17120  0.445193
17130  0.445193
17140  0.445193
17150  0.445193
17160  0.445193
17170  0.445193
17180  0.445193
17190  0.445193
17200  0.445193
17210  0.445193
17220  0.445193
17230  0.445193
17240  0.445193
17250  0.445193
17260  0.445193
17270  0.445193
17280  0.445193
17290  0.445193
17300  0.445193
17310  0.445193
17320  0.445193
17330  0.445193
17340  0.445193
17350  0.445193
17360  0.445193
17370  0.445193
17380  0.445193
17390  0.445193
17400  0.445193
17410  0.445193
17420  0.445193
17430  0.445193
17440  0.445193
17450  0.445193
17460  0.445193
17470  0.445193
17480  0.445193
17490  0.445193
17500  0.445193
17510  0.445193
17520  0.445193
17530  0.445193
17540  0.445193
17550  0.445193
17560  0.445193
17570  0.445193
17580  0.445193
17590  0.445193
17600  0.445193
17610  0.445193
17620  0.445193
17630  0.445193
17640  0.445193
17650  0.445193
17660  0.445193
17670  0.445193
17680  0.445193
17690  0.445193
17700  0.445193
17710  0.445193
17720  0.445193
17730  0.445193
17740  0.445193
17750  0.445193
17760  0.445193
17770  0.445193
17780  0.445193
17790  0.445193
17800  0.445193
17810  0.445193
17820  0.445193
17830  0.445193
17840  0.445193
17850  0.445193
17860  0.445193
17870  0.445193
17880  0.445193
17890  0.445193
17900  0.445193
17910  0.445193
17920  0.445193
17930  0.445193
17940  0.445193
17950  0.445193
17960  0.445193
17970  0.445193
17980  0.445193
17990  0.445193
18000  0.445193
18010  0.445193
18020  0.445193
18030  0.445193
18040  0.445193
18050  0.445193
18060  0.445193
18070  0.445193
18080  0.445193
18090  0.445193
18100  0.445039
18110  0.445039
18120  0.445039
18130  0.445039
18140  0.445039
18150  0.445039
18160  0.445039
18170  0.445039
18180  0.445039
18190  0.445039
18200  0.445039
18210  0.445039
18220  0.445039
18230  0.445039
18240  0.445039
18250  0.445039
18260  0.445039
18270  0.445039
18280  0.445039
18290  0.445039
18300  0.445039
18310  0.445039
18320  0.445039
18330  0.445039
18340  0.445039
18350  0.445039
18360  0.445039
18370  0.445039
18380  0.445039
18390  0.445039
18400  0.445039
18410  0.445039
18420  0.445039
18430  0.445039
18440  0.445039
18450  0.445039
18460  0.445039
18470  0.445039
18480  0.445039
18490  0.445039
18500  0.445039
18510  0.445039
18520  0.445039
18530  0.445039
18540  0.445039
18550  0.445039
18560  0.445039
18570  0.445039
18580  0.445039
18590  0.445039
18600  0.445039
18610  0.445039
18620  0.445039
18630  0.445039
18640  0.445039
18650  0.445039
18660  0.445039
18670  0.445039
18680  0.445039
18690  0.445039
18700  0.445039
18710  0.445039
18720  0.445039
18730  0.445039
18740  0.445039
18750  0.445039
18760  0.445039
18770  0.445039
18780  0.445039
18790  0.445039
18800  0.445039
18810  0.445039
18820  0.445039
18830  0.445039
18840  0.445039
18850  0.445039
18860  0.445039
18870  0.445039
18880  0.445039
18890  0.445039
18900  0.445039
18910  0.445039
18920  0.445039
18930  0.445039
18940  0.445039
18950  0.445039
18960  0.445039
18970  0.445039
18980  0.445039
18990  0.445039
19000  0.445039
19010  0.445039
19020  0.445039
19030  0.445039
19040  0.445039
19050  0.445039
19060  0.445039
19070  0.445039
19080  0.445039
19090  0.445039
19100  0.445039
19110  0.445039
19120  0.445039
19130  0.445039
19140  0.445039
19150  0.445039
19160  0.445039
19170  0.445039
19180  0.445039
19190  0.445039
19200  0.445039
19210  0.445039
19220  0.445039
19230  0.445039
19240  0.445039
19250  0.445039
19260  0.445039
19270  0.445039
19280  0.445039
19290  0.445039
19300  0.445039
19310  0.445039
19320  0.445039
19330  0.445039
19340  0.445039
19350  0.445039
19360  0.445039
19370  0.445039
19380  0.445039
19390  0.445039
19400  0.445039
19410  0.445039
19420  0.445039
19430  0.445039
19440  0.445039
19450  0.445039
19460  0.445039
19470  0.445039
19480  0.445039
19490  0.445039
19500  0.445039
19510  0.445039
19520  0.445039
19530  0.445039
19540  0.445039
19550  0.445039
19560  0.445039
19570  0.445039
19580  0.445039
19590  0.445039
19600  0.445039
19610  0.445039
19620  0.445039
19630  0.445039
19640  0.445039
19650  0.445039
19660  0.445039
19670  0.445039
19680  0.445039
19690  0.445039
19700  0.445039
19710  0.445039
19720  0.445039
19730  0.445039
19740  0.445039
19750  0.445039
19760  0.445039
19770  0.445039
19780  0.445039
19790  0.445039
19800  0.445039
19810  0.445039
19820  0.445039
19830  0.445039
19840  0.445039
19850  0.445039
19860  0.445039
19870  0.445039
19880  0.445039
19890  0.445039
19900  0.445039
19910  0.445039
19920  0.445039
19930  0.445039
19940  0.445039
19950  0.445039
19960  0.445039
19970  0.445039
19980  0.445039
19990  0.445039
20000  0.445039
20010  0.445039
20020  0.445039
20030  0.445039
20040  0.445039
20050  0.445039
20060  0.445039
20070  0.445039
20080  0.445039
20090  0.445039
20100  0.445039
20110  0.445039
20120  0.445039
20130  0.445039
20140  0.445039
20150  0.445039
20160  0.445039
20170  0.445039
20180  0.445039
20190  0.445039
20200  0.445039
20210  0.445039
20220  0.445039
20230  0.445039
20240  0.445039
20250  0.445039
20260  0.445039
20270  0.445039
20280  0.445039
20290  0.445039
20300  0.445039
20310  0.445039
20320  0.445039
20330  0.445039
20340  0.445039
20350  0.445039
20360  0.445039
20370  0.445039
20380  0.445039
20390  0.445039
20400  0.445039
20410  0.445039
20420  0.445039
20430  0.445039
20440  0.445039
20450  0.445039
20460  0.445039
20470  0.445039
20480  0.445039
20490  0.445039
20500  0.445039
20510  0.445039
20520  0.445039
20530  0.445039
20540  0.445039
20550  0.445039
20560  0.445039
20570  0.445039
20580  0.445039
20590  0.445039
20600  0.445039
20610  0.445039
20620  0.445039
20630  0.445039
20640  0.445039
20650  0.445039
20660  0.445039
20670  0.445039
20680  0.445039
20690  0.445039
20700  0.445039
20710  0.445039
20720  0.445039
20730  0.445039
20740  0.445039
20750  0.445039
20760  0.445039
20770  0.445039
20780  0.445039
20790  0.445039
20800  0.445039
20810  0.445039
20820  0.445039
20830  0.445039
20840  0.445039
20850  0.445039
20860  0.445039
20870  0.445039
20880  0.445039
20890  0.445039
20900  0.445039
20910  0.445039
20920  0.445039
20930  0.445039
20940  0.445039
20950  0.445039
20960  0.445039
20970  0.445039
20980  0.445039
20990  0.445039
21000  0.445039
21010  0.445039
21020  0.445039
21030  0.445039
21040  0.445039
21050  0.445039
21060  0.445039
21070  0.445039
21080  0.445039
21090  0.445039
21100  0.445039
21110  0.445039
21120  0.445039
21130  0.445039
21140  0.445039
21150  0.445039
21160  0.445039
21170  0.445039
21180  0.445039
21190  0.445039
21200  0.445039
21210  0.445039
21220  0.445039
21230  0.445039
21240  0.445039
21250  0.445039
21260  0.445039
21270  0.445039
21280  0.445039
21290  0.445039
21300  0.445039
21310  0.445039
21320  0.445039
21330  0.445039
21340  0.445039
21350  0.445039
21360  0.445039
21370  0.445039
21380  0.445039
21390  0.445039
21400  0.445039
21410  0.445039
21420  0.445039
21430  0.445039
21440  0.445039
21450  0.445039
21460  0.445039
21470  0.445039
21480  0.445039
21490  0.445039
21500  0.445039
21510  0.445039
21520  0.445039
21530  0.445039
21540  0.445039
21550  0.445039
21560  0.445039
21570  0.445039
21580  0.445039
21590  0.445039
21600  0.445039
21610  0.445039
21620  0.445039
21630  0.445039
21640  0.445039
21650  0.445039
21660  0.445039
21670  0.445039
21680  0.445039
21690  0.445039
21700  0.445039
21710  0.445039
21720  0.445039
21730  0.445039
21740  0.445039
21750  0.445039
21760  0.445039
21770  0.445039
21780  0.445039
21790  0.445039
21800  0.445039
21810  0.445039
21820  0.445039
21830  0.445039
21840  0.445039
21850  0.445039
21860  0.445039
21870  0.445039
21880  0.445039
21890  0.445039
21900  0.445039
21910  0.445039
21920  0.445039
21930  0.445039
21940  0.445039
21950  0.445039
21960  0.445039
21970  0.445039
21980  0.445039
21990  0.445039
22000  0.445039
22010  0.445039
22020  0.445039
22030  0.445039
22040  0.445039
22050  0.445039
22060  0.445039
22070  0.445039
22080  0.445039
22090  0.445039
22100  0.445039
22110  0.445039
22120  0.445039
22130  0.445039
22140  0.445039
22150  0.445039
22160  0.445039
22170  0.445039
22180  0.445039
22190  0.445039
22200  0.445039
22210  0.445039
22220  0.445039
22230  0.445039
22240  0.445039
22250  0.445039
22260  0.445039
22270  0.445039
22280  0.445039
22290  0.445039
22300  0.445039
22310  0.445039
22320  0.445039
22330  0.445039
22340  0.445039
22350  0.445039
22360  0.445039
22370  0.445039
22380  0.445039
22390  0.445039
22400  0.445039
22410  0.445039
22420  0.445039
22430  0.445039
22440  0.445039
22450  0.445039
22460  0.445039
22470  0.445039
22480  0.445039
22490  0.445039
22500  0.445039
22510  0.445039
22520  0.445039
22530  0.445039
22540  0.445039
22550  0.445039
22560  0.445039
22570  0.445039
22580  0.445039
22590  0.445039
22600  0.445039
22610  0.445039
22620  0.445039
22630  0.445039
22640  0.445039
22650  0.445039
22660  0.445039
22670  0.445039
22680  0.445039
22690  0.445039
22700  0.445039
22710  0.445039
22720  0.445039
22730  0.445039
22740  0.445039
22750  0.445039
22760  0.445039
22770  0.445039
22780  0.445039
22790  0.445039
22800  0.445039
22810  0.445039
22820  0.445039
22830  0.445039
22840  0.445039
22850  0.445039
22860  0.445039
22870  0.445039
22880  0.445039
22890  0.445039
22900  0.445039
22910  0.445039
22920  0.445039
22930  0.445039
22940  0.445039
22950  0.445039
22960  0.445039
22970  0.445039
22980  0.445039
22990  0.445039
23000  0.445039
23010  0.445039
23020  0.445039
23030  0.445039
23040  0.445039
23050  0.445039
23060  0.445039
23070  0.444565
23080  0.444565
23090  0.444565
23100  0.444565
23110  0.444565
23120  0.444565
23130  0.444565
23140  0.444565
23150  0.444565
23160  0.444565
23170  0.443915
23180  0.443915
23190  0.443915
23200  0.443915
23210  0.443915
23220  0.443915
23230  0.443915
23240  0.443915
23250  0.443915
23260  0.443915
23270  0.443915
23280  0.443915
23290  0.443915
23300  0.443915
23310  0.443915
23320  0.443915
23330  0.443915
23340  0.443915
23350  0.443915
23360  0.443915
23370  0.443915
23380  0.443915
23390  0.443915
23400  0.443915
23410  0.443915
23420  0.443915
23430  0.443915
23440  0.443915
23450  0.443915
23460  0.443915
23470  0.443915
23480  0.443915
23490  0.443915
23500  0.443915
23510  0.443915
23520  0.443915
23530  0.443915
23540  0.443915
23550  0.443915
23560  0.443915
23570  0.443915
23580  0.443915
23590  0.443915
23600  0.443915
23610  0.443915
23620  0.443915
23630  0.443915
23640  0.443915
23650  0.443915
23660  0.443915
23670  0.443915
23680  0.443915
23690  0.443915
23700  0.443915
23710  0.443915
23720  0.443915
23730  0.443915
23740  0.443643
23750  0.443643
23760  0.443643
23770  0.443643
23780  0.443643
23790  0.443643
23800  0.443643
23810  0.443643
23820  0.443643
23830  0.443643
23840  0.443643
23850  0.443643
23860  0.443643
23870  0.443643
23880  0.443643
23890  0.443643
23900  0.443643
23910  0.443643
23920  0.443643
23930  0.443643
23940  0.443643
23950  0.443643
23960  0.443643
23970  0.443643
23980  0.443643
23990  0.443643
24000  0.443643
24010  0.443643
24020  0.443643
24030  0.443643
24040  0.443643
24050  0.443643
24060  0.443643
24070  0.443643
24080  0.443643
24090  0.443643
24100  0.443643
24110  0.443643
24120  0.443643
24130  0.443643
24140  0.443643
24150  0.443643
24160  0.443643
24170  0.443643
24180  0.443643
24190  0.443643
24200  0.443643
24210  0.443643
24220  0.443643
24230  0.443643
24240  0.443643
24250  0.443643
24260  0.443643
24270  0.443643
24280  0.443643
24290  0.443643
24300  0.443643
24310  0.443643
24320  0.443643
24330  0.443643
24340  0.443643
24350  0.443643
24360  0.443643
24370  0.443643
24380  0.443643
24390  0.443643
24400  0.443643
24410  0.443643
24420  0.443643
24430  0.443643
24440  0.443643
24450  0.443643
24460  0.443643
24470  0.443643
24480  0.443643
24490  0.443643
24500  0.443643
24510  0.443138
24520  0.443138
24530  0.443138
24540  0.443138
24550  0.443138
24560  0.443138
24570  0.443138
24580  0.443138
24590  0.443138
24600  0.443138
24610  0.443138
24620  0.443138
24630  0.443138
24640  0.443138
24650  0.443138
24660  0.443138
24670  0.443138
24680  0.443138
24690  0.443138
24700  0.443138
24710  0.443138
24720  0.443138
24730  0.443138
24740  0.443138
24750  0.443138
24760  0.443138
24770  0.443138
24780  0.443138
24790  0.443138
24800  0.443138
24810  0.443138
24820  0.443138
24830  0.443138
24840  0.443138
24850  0.443138
24860  0.443138
24870  0.443138
24880  0.443138
24890  0.443138
24900  0.443138
24910  0.443138
24920  0.443138
24930  0.443138
24940  0.443138
24950  0.443138
24960  0.443138
24970  0.443138
24980  0.443138
24990  0.443138
25000  0.443138
25010  0.443138
25020  0.443138
25030  0.443138
25040  0.443138
25050  0.443138
25060  0.443138
25070  0.443138
25080  0.443138
25090  0.443138
25100  0.443138
25110  0.443138
25120  0.443138
25130  0.443138
25140  0.443138
25150  0.443138
25160  0.443138
25170  0.443138
25180  0.443138
25190  0.443138
25200  0.443138
25210  0.443138
25220  0.443138
25230  0.443138
25240  0.443138
25250  0.443138
25260  0.443138
25270  0.443138
25280  0.443138
25290  0.443138
25300  0.443138
25310  0.443138
25320  0.443138
25330  0.443138
25340  0.443138
25350  0.443138
25360  0.443138
25370  0.443138
25380  0.443138
25390  0.443138
25400  0.443138
25410  0.443138
25420  0.443138
25430  0.443138
25440  0.443138
25450  0.443138
25460  0.443138
25470  0.443138
25480  0.443138
25490  0.443138
25500  0.443138
25510  0.443138
25520  0.443138
25530  0.443138
25540  0.443138
25550  0.443138
25560  0.443138
25570  0.443138
25580  0.443138
25590  0.443138
25600  0.443138
25610  0.443138
25620  0.443138
25630  0.443138
25640  0.443138
25650  0.443138
25660  0.443138
25670  0.443138
25680  0.443138
25690  0.443138
25700  0.443138
25710  0.443138
25720  0.443138
25730  0.443138
25740  0.443138
25750  0.443138
25760  0.443138
25770  0.443138
25780  0.443138
25790  0.443138
25800  0.443138
25810  0.443138
25820  0.443138
25830  0.443138
25840  0.443138
25850  0.443138
25860  0.443138
25870  0.443138
25880  0.443138
25890  0.443138
25900  0.443138
25910  0.443138
25920  0.443138
25930  0.443138
25940  0.443138
25950  0.443138
25960  0.443138
25970  0.443138
25980  0.443138
25990  0.443138
26000  0.443138
26010  0.443138
26020  0.443138
26030  0.443138
26040  0.443138
26050  0.443138
26060  0.443138
26070  0.443138
26080  0.443138
26090  0.443138
26100  0.443138
26110  0.443138
26120  0.443138
26130  0.443138
26140  0.443138
26150  0.443138
26160  0.443138
26170  0.443138
26180  0.443138
26190  0.443138
26200  0.443138
26210  0.443138
26220  0.443138
26230  0.443138
26240  0.443138
26250  0.443138
26260  0.443138
26270  0.442804
26280  0.442804
26290  0.442804
26300  0.442804
26310  0.442804
26320  0.442804
26330  0.442804
26340  0.442804
26350  0.442804
26360  0.442804
26370  0.442804
26380  0.442804
26390  0.442804
26400  0.442804
26410  0.442804
26420  0.442804
26430  0.442804
26440  0.442804
26450  0.442804
26460  0.442804
26470  0.442804
26480  0.442804
26490  0.442804
26500  0.442804
26510  0.442804
26520  0.442804
26530  0.442804
26540  0.442804
26550  0.442804
26560  0.442804
26570  0.442804
26580  0.442804
26590  0.442804
26600  0.442804
26610  0.442804
26620  0.442804
26630  0.442804
26640  0.442804
26650  0.442804
26660  0.442804
26670  0.442804
26680  0.442804
26690  0.442804
26700  0.442804
26710  0.442804
26720  0.442804
26730  0.442804
26740  0.442804
26750  0.442804
26760  0.442804
26770  0.442804
26780  0.442804
26790  0.442804
26800  0.442804
26810  0.442804
26820  0.442804
26830  0.442804
26840  0.442804
26850  0.442804
26860  0.442804
26870  0.442804
26880  0.442804
26890  0.442804
26900  0.442804
26910  0.442804
26920  0.442804
26930  0.442804
26940  0.442804
26950  0.442804
26960  0.442804
26970  0.442804
26980  0.442804
26990  0.442804
27000  0.442804
27010  0.442804
27020  0.442804
27030  0.442804
27040  0.442804
27050  0.442804
27060  0.442804
27070  0.442804
27080  0.442804
27090  0.442804
27100  0.442804
27110  0.442804
27120  0.442804
27130  0.442804
27140  0.442804
27150  0.442804
27160  0.442804
27170  0.442804
27180  0.442804
27190  0.442804
27200  0.442804
27210  0.442804
27220  0.442804
27230  0.442804
27240  0.442804
27250  0.442804
27260  0.442804
27270  0.442804
27280  0.442804
27290  0.442804
27300  0.442804
27310  0.442804
27320  0.442804
27330  0.442804
27340  0.442804
27350  0.442804
27360  0.442804
27370  0.442804
27380  0.442804
27390  0.442804
27400  0.442804
27410  0.442804
27420  0.442804
27430  0.442804
27440  0.442804
27450  0.442804
27460  0.442804
27470  0.442804
27480  0.442804
27490  0.442804
27500  0.442804
27510  0.442804
27520  0.442804
27530  0.442804
27540  0.442804
27550  0.442804
27560  0.442804
27570  0.442804
27580  0.442804
27590  0.442804
27600  0.442804
27610  0.442804
27620  0.442804
27630  0.442804
27640  0.442804
27650  0.442804
27660  0.442804
27670  0.442804
27680  0.442804
27690  0.442804
27700  0.442804
27710  0.442804
27720  0.442804
27730  0.442804
27740  0.442804
27750  0.442804
27760  0.442804
27770  0.442804
27780  0.442804
27790  0.442804
27800  0.442804
27810  0.442804
27820  0.442804
27830  0.442804
27840  0.442804
27850  0.442804
27860  0.442804
27870  0.442804
27880  0.442804
27890  0.442804
27900  0.442804
27910  0.442804
27920  0.442804
27930  0.442804
27940  0.442804
27950  0.442804
27960  0.442804
27970  0.442804
27980  0.442804
27990  0.442804
28000  0.442804
28010  0.442804
28020  0.442804
28030  0.442804
28040  0.442804
28050  0.442804
28060  0.442804
28070  0.442804
28080  0.442804
28090  0.442804
28100  0.442804
28110  0.442804
28120  0.442804
28130  0.442804
28140  0.442804
28150  0.442804
28160  0.442804
28170  0.442804
28180  0.442804
28190  0.442804
28200  0.442804
28210  0.442804
28220  0.442804
28230  0.442804
28240  0.442804
28250  0.442804
28260  0.442804
28270  0.442804
28280  0.442804
28290  0.442804
28300  0.442804
28310  0.442804
28320  0.442804
28330  0.442804
28340  0.442804
28350  0.442804
28360  0.442804
28370  0.442804
28380  0.442804
28390  0.442804
28400  0.442804
28410  0.442804
28420  0.442804
28430  0.442804
28440  0.442804
28450  0.442804
28460  0.442804
28470  0.442804
28480  0.442804
28490  0.442804
28500  0.442804
28510  0.442804
28520  0.442804
28530  0.442804
28540  0.442804
28550  0.442804
28560  0.442804
28570  0.442804
28580  0.442804
28590  0.442804
28600  0.442804
28610  0.442804
28620  0.442804
28630  0.442804
28640  0.442804
28650  0.442804
28660  0.442804
28670  0.442804
28680  0.442804
28690  0.442804
28700  0.442804
28710  0.442804
28720  0.442804
28730  0.442804
28740  0.442804
28750  0.442804
28760  0.442804
28770  0.442804
28780  0.442804
28790  0.442804
28800  0.442804
28810  0.442804
28820  0.442804
28830  0.442804
28840  0.442804
28850  0.442804
28860  0.442804
28870  0.442804
28880  0.442804
28890  0.442804
28900  0.442804
28910  0.442804
28920  0.442804
28930  0.442804
28940  0.442804
28950  0.442804
28960  0.442804
28970  0.442804
28980  0.442804
28990  0.442804
29000  0.442804
29010  0.442804
29020  0.442804
29030  0.442804
29040  0.442804
29050  0.442804
29060  0.442804
29070  0.442804
29080  0.442804
29090  0.442804
29100  0.442804
29110  0.442804
29120  0.442804
29130  0.442804
29140  0.442804
29150  0.442804
29160  0.442804
29170  0.442804
29180  0.442804
29190  0.442804
29200  0.442804
29210  0.442804
29220  0.442804
29230  0.442804
29240  0.442804
29250  0.442804
29260  0.442804
29270  0.442804
29280  0.442804
29290  0.442804
29300  0.442804
29310  0.442804
29320  0.442804
29330  0.442804
29340  0.442804
29350  0.442804
29360  0.442804
29370  0.442804
29380  0.442804
29390  0.442804
29400  0.442804
29410  0.442804
29420  0.442804
29430  0.442804
29440  0.442804
29450  0.442804
29460  0.442804
29470  0.442804
29480  0.442804
29490  0.442804
29500  0.442804
29510  0.442804
29520  0.442804
29530  0.442804
29540  0.442804
29550  0.442804
29560  0.442804
29570  0.442804
29580  0.442804
29590  0.442804
29600  0.442804
29610  0.442804
29620  0.442804
29630  0.442804
29640  0.442804
29650  0.442804
29660  0.442804
29670  0.442804
29680  0.442804
29690  0.442804
29700  0.442804
29710  0.442804
29720  0.442804
29730  0.442804
29740  0.442804
29750  0.442804
29760  0.442804
29770  0.442804
29780  0.442804
29790  0.442804
29800  0.442804
29810  0.442804
29820  0.442804
29830  0.442804
29840  0.442804
29850  0.442804
29860  0.442804
29870  0.442804
29880  0.442804
29890  0.442804
29900  0.442804
29910  0.442804
29920  0.442804
29930  0.442804
29940  0.442804
29950  0.442804
29960  0.442804
29970  0.442804
29980  0.442804
29990  0.442804
30000  0.442804
30010  0.442804
