Step  Penalty
100  0.582306
200  0.52922
300  0.517726
400  0.508712
500  0.498553
600  0.491359
700  0.484439
800  0.478396
900  0.471471
1000  0.461294
1100  0.45268
1200  0.438553
1300  0.425741
1400  0.412264
1500  0.3999
1600  0.388287
1700  0.375411
1800  0.363321
1900  0.350757
2000  0.33844
2100  0.327809
2200  0.316989
2300  0.304489
2400  0.296172
2500  0.286203
2600  0.277371
2700  0.269754
2800  0.262561
2900  0.255328
3000  0.249515
3100  0.243148
3200  0.238004
3300  0.233203
3400  0.228421
3500  0.22444
3600  0.220795
3700  0.217325
3800  0.213666
3900  0.210778
4000  0.208
4100  0.205355
4200  0.202759
4300  0.200576
4400  0.198364
4500  0.196549
4600  0.194788
4700  0.192574
4800  0.1912
4900  0.189724
5000  0.188545
5100  0.1875
5200  0.186588
5300  0.18566
5400  0.184958
5500  0.183873
5600  0.182889
5700  0.181954
5800  0.181222
5900  0.180576
6000  0.180287
6100  0.179845
6200  0.17937
6300  0.178825
6400  0.178482
6500  0.178112
6600  0.177712
6700  0.177432
6800  0.176927
6900  0.176699
7000  0.176413
7100  0.175966
7200  0.175728
7300  0.175467
7400  0.175286
7500  0.17507
7600  0.174886
7700  0.17446
7800  0.174139
7900  0.174033
8000  0.173774
8100  0.173557
8200  0.173361
8300  0.173168
8400  0.173109
8500  0.172851
8600  0.172702
8700  0.172449
8800  0.172296
8900  0.172181
9000  0.172008
9100  0.171816
9200  0.171722
9300  0.171504
9400  0.171369
9500  0.171202
9600  0.171074
9700  0.170877
9800  0.170832
9900  0.170705
10000  0.170599
10100  0.170356
10200  0.170298
10300  0.17029
10400  0.170119
10500  0.170087
10600  0.169979
10700  0.169891
10800  0.169827
10900  0.169746
11000  0.169637
11100  0.169576
11200  0.169485
11300  0.169451
11400  0.169385
11500  0.169379
11600  0.169325
11700  0.169325
11800  0.169189
11900  0.169104
12000  0.169045
12100  0.169035
12200  0.168935
12300  0.168877
12400  0.168873
12500  0.168767
12600  0.168673
12700  0.168673
12800  0.168628
12900  0.168596
13000  0.168513
13100  0.168477
13200  0.168472
13300  0.168408
13400  0.168343
13500  0.168343
13600  0.168299
13700  0.168299
13800  0.168278
13900  0.168225
14000  0.168166
14100  0.168097
14200  0.168038
14300  0.168027
14400  0.167986
14500  0.167986
14600  0.167968
14700  0.167941
14800  0.167915
14900  0.167915
15000  0.167884
15100  0.167861
15200  0.167861
15300  0.167852
15400  0.167799
15500  0.167781
15600  0.167781
15700  0.167781
15800  0.167756
15900  0.167709
16000  0.167695
16100  0.167582
16200  0.167536
16300  0.167536
16400  0.167535
16500  0.167458
16600  0.167456
16700  0.167407
16800  0.167407
16900  0.167407
17000  0.167347
17100  0.167347
17200  0.167337
17300  0.16731
17400  0.16728
17500  0.167254
17600  0.167251
17700  0.167251
17800  0.167206
17900  0.167206
18000  0.167183
18100  0.167115
18200  0.167115
18300  0.167094
18400  0.167037
18500  0.167027
18600  0.167027
18700  0.167002
18800  0.167002
18900  0.167001
19000  0.167001
19100  0.166938
19200  0.166926
19300  0.16691
19400  0.16691
19500  0.16691
19600  0.16691
19700  0.166873
19800  0.166834
19900  0.166834
20000  0.166834
20100  0.166834
20200  0.166834
20300  0.166834
20400  0.166834
20500  0.166834
20600  0.166834
20700  0.166769
20800  0.166766
20900  0.166766
21000  0.166766
21100  0.166766
21200  0.166744
21300  0.166744
21400  0.166711
21500  0.166702
21600  0.166732
21700  0.166702
21800  0.166702
21900  0.166702
22000  0.166663
22100  0.166622
22200  0.166622
22300  0.166612
22400  0.166612
22500  0.166612
22600  0.166585
22700  0.166543
22800  0.166543
22900  0.166505
23000  0.166505
23100  0.166487
23200  0.166487
23300  0.166487
23400  0.166428
23500  0.166426
23600  0.166422
23700  0.166422
23800  0.166422
23900  0.166422
24000  0.166404
24100  0.166404
24200  0.166404
24300  0.166404
24400  0.166353
24500  0.166353
24600  0.166353
24700  0.166353
24800  0.166353
24900  0.166338
25000  0.166332
25100  0.16631
25200  0.16631
25300  0.166291
25400  0.166291
25500  0.166267
25600  0.166235
25700  0.166222
25800  0.166207
25900  0.166195
26000  0.166182
26100  0.166132
26200  0.166132
26300  0.166132
26400  0.166116
26500  0.166116
26600  0.166109
26700  0.166109
26800  0.166047
26900  0.166039
27000  0.166039
27100  0.166039
27200  0.166039
27300  0.166039
27400  0.165918
27500  0.165897
27600  0.165897
27700  0.165897
27800  0.165892
27900  0.165892
28000  0.165834
28100  0.165834
28200  0.165834
28300  0.165834
28400  0.165834
28500  0.165798
28600  0.165798
28700  0.165798
28800  0.165755
28900  0.165755
29000  0.165751
29100  0.165751
29200  0.165751
29300  0.165751
29400  0.16571
29500  0.16571
29600  0.16571
29700  0.16571
29800  0.165655
29900  0.165631
30000  0.165631
30100  0.165631
30200  0.165592
30300  0.165592
30400  0.165592
30500  0.16555
30600  0.165548
30700  0.165548
30800  0.165548
30900  0.165548
31000  0.165511
31100  0.165511
31200  0.165511
31300  0.165511
31400  0.16548
31500  0.16548
31600  0.165467
31700  0.165467
31800  0.165467
31900  0.165467
32000  0.165396
32100  0.165396
32200  0.165323
32300  0.165313
32400  0.165313
32500  0.165313
32600  0.165313
32700  0.165313
32800  0.165313
32900  0.165301
33000  0.165268
33100  0.165264
33200  0.165262
33300  0.165227
33400  0.165227
33500  0.165189
33600  0.165154
33700  0.165154
33800  0.165149
33900  0.165149
34000  0.165149
34100  0.165149
34200  0.165095
34300  0.165087
34400  0.165087
34500  0.165087
34600  0.165083
34700  0.165037
34800  0.165037
34900  0.165037
35000  0.165037
35100  0.165037
35200  0.165019
35300  0.165019
35400  0.165019
35500  0.165
35600  0.165
35700  0.165
35800  0.165
35900  0.165
36000  0.164996
36100  0.164996
36200  0.164996
36300  0.165014
36400  0.164967
36500  0.164967
36600  0.164955
36700  0.164955
36800  0.164887
36900  0.164887
37000  0.164887
37100  0.164887
37200  0.164887
37300  0.164887
37400  0.164887
37500  0.16484
37600  0.164812
37700  0.164812
37800  0.164769
37900  0.164769
38000  0.164769
38100  0.164769
38200  0.164769
38300  0.164769
38400  0.164754
38500  0.164754
38600  0.164754
38700  0.164727
38800  0.164727
38900  0.164727
39000  0.164727
39100  0.164727
39200  0.164727
39300  0.164701
39400  0.164701
39500  0.164701
39600  0.164642
39700  0.164642
39800  0.164625
39900  0.164625
40000  0.164625
40100  0.16457
40200  0.16457
40300  0.16457
40400  0.164561
40500  0.164561
40600  0.16454
40700  0.16454
40800  0.16454
40900  0.16451
41000  0.164497
41100  0.164497
41200  0.164497
41300  0.164497
41400  0.164487
41500  0.164487
41600  0.164443
41700  0.164443
41800  0.16444
41900  0.16444
42000  0.16444
42100  0.16444
42200  0.16444
42300  0.16444
42400  0.16444
42500  0.16444
42600  0.16443
42700  0.16443
42800  0.16443
42900  0.164411
43000  0.164411
43100  0.164411
43200  0.164396
43300  0.164396
43400  0.164396
43500  0.164396
43600  0.164396
43700  0.164396
43800  0.164393
43900  0.164369
44000  0.164369
44100  0.164348
44200  0.164348
44300  0.164348
44400  0.164313
44500  0.164313
44600  0.164307
44700  0.164307
44800  0.164307
44900  0.164307
45000  0.164225
45100  0.164225
45200  0.164225
45300  0.164225
45400  0.164225
45500  0.164225
45600  0.164201
45700  0.164162
45800  0.164162
45900  0.164162
46000  0.164124
46100  0.164119
46200  0.164119
46300  0.164119
46400  0.164119
46500  0.164112
46600  0.164112
46700  0.164112
46800  0.164112
46900  0.164112
47000  0.164112
47100  0.164095
47200  0.164095
47300  0.164089
47400  0.164089
47500  0.164089
47600  0.164089
47700  0.164089
47800  0.164089
47900  0.164085
48000  0.164085
48100  0.164085
48200  0.164085
48300  0.164085
48400  0.164045
48500  0.164045
48600  0.163982
48700  0.163982
48800  0.163982
48900  0.163982
49000  0.163982
49100  0.163982
49200  0.163982
49300  0.163982
49400  0.163982
49500  0.163946
49600  0.163946
49700  0.163946
49800  0.163908
49900  0.163908
50000  0.163862
50100  0.163862
50200  0.163862
50300  0.163862
50400  0.163862
50500  0.163862
50600  0.163846
50700  0.163846
50800  0.163846
50900  0.163846
51000  0.163846
51100  0.163846
51200  0.163846
51300  0.163846
51400  0.163827
51500  0.163827
51600  0.163827
51700  0.163827
51800  0.163827
51900  0.163827
52000  0.163827
52100  0.163827
52200  0.163827
52300  0.163801
52400  0.163779
52500  0.163779
52600  0.163779
52700  0.163756
52800  0.163756
52900  0.163726
53000  0.163726
53100  0.163726
53200  0.163726
53300  0.163726
53400  0.163726
53500  0.163726
53600  0.163708
53700  0.163708
53800  0.163708
53900  0.163708
54000  0.163708
54100  0.163708
54200  0.163708
54300  0.163664
54400  0.163664
54500  0.163664
54600  0.163664
54700  0.163664
54800  0.16364
54900  0.16364
55000  0.16364
55100  0.16364
55200  0.163632
55300  0.163625
55400  0.163625
55500  0.163625
55600  0.163625
55700  0.163625
55800  0.163625
55900  0.163625
56000  0.163572
56100  0.163572
56200  0.163572
56300  0.163567
56400  0.163567
56500  0.163567
56600  0.163567
56700  0.163567
56800  0.163567
56900  0.163567
57000  0.163567
57100  0.163567
57200  0.163567
57300  0.163567
57400  0.163567
57500  0.163567
57600  0.163567
57700  0.163567
57800  0.163551
57900  0.163551
58000  0.163551
58100  0.163551
58200  0.163551
58300  0.163551
58400  0.163551
58500  0.163551
58600  0.163551
58700  0.163551
58800  0.16359
58900  0.16359
59000  0.16359
59100  0.16359
59200  0.16359
59300  0.163522
59400  0.163522
59500  0.163522
59600  0.163522
59700  0.163522
59800  0.163522
59900  0.163522
60000  0.163522
60100  0.163522
60200  0.163522
60300  0.163522
60400  0.163522
60500  0.163522
60600  0.163522
60700  0.163522
60800  0.163522
60900  0.163522
61000  0.163522
61100  0.163522
61200  0.163522
61300  0.163522
61400  0.163522
61500  0.163522
61600  0.163522
61700  0.16352
61800  0.163519
61900  0.163519
62000  0.163519
62100  0.163519
62200  0.163519
62300  0.163519
62400  0.163519
62500  0.163519
62600  0.163478
62700  0.163478
62800  0.163478
62900  0.163478
63000  0.163452
63100  0.163452
63200  0.163452
63300  0.163452
63400  0.163452
63500  0.163452
63600  0.163452
63700  0.163452
63800  0.163452
63900  0.163452
64000  0.163452
64100  0.163452
64200  0.163452
64300  0.163452
64400  0.163452
64500  0.163452
64600  0.163452
64700  0.163452
64800  0.163452
64900  0.163452
65000  0.163452
65100  0.163452
65200  0.163452
65300  0.163452
65400  0.163452
65500  0.163422
65600  0.163422
65700  0.163408
65800  0.163408
65900  0.163422
66000  0.163422
66100  0.163422
66200  0.163422
66300  0.163422
66400  0.163422
66500  0.163422
66600  0.163422
66700  0.163422
66800  0.163422
66900  0.163422
67000  0.163422
67100  0.163422
67200  0.163422
67300  0.163422
67400  0.163422
67500  0.163422
67600  0.163422
67700  0.163422
67800  0.163422
67900  0.163422
68000  0.163422
68100  0.163422
68200  0.163422
68300  0.163422
68400  0.163422
68500  0.163422
68600  0.163422
68700  0.163422
68800  0.163422
68900  0.163358
69000  0.163358
69100  0.163358
69200  0.163358
69300  0.163358
69400  0.163358
69500  0.163358
69600  0.163348
69700  0.163348
69800  0.163348
69900  0.163348
70000  0.163348
70100  0.163348
70200  0.163348
70300  0.163348
70400  0.163348
70500  0.163348
70600  0.163348
70700  0.163318
70800  0.163309
70900  0.163309
71000  0.163309
71100  0.163309
71200  0.163309
71300  0.163309
71400  0.163309
71500  0.163309
71600  0.163309
71700  0.163301
71800  0.163301
71900  0.16329
72000  0.16329
72100  0.16329
72200  0.16329
72300  0.16329
72400  0.16329
72500  0.16329
72600  0.163285
72700  0.163285
72800  0.163285
72900  0.163285
73000  0.163285
73100  0.163285
73200  0.163285
73300  0.163285
73400  0.163285
73500  0.163285
73600  0.163285
73700  0.163285
73800  0.163285
73900  0.163285
74000  0.163285
74100  0.163285
74200  0.163252
74300  0.163252
74400  0.163252
74500  0.163252
74600  0.163252
74700  0.163252
74800  0.163252
74900  0.16323
75000  0.16323
75100  0.16323
75200  0.16323
75300  0.16323
75400  0.16323
75500  0.163228
75600  0.163228
75700  0.163228
75800  0.163228
75900  0.163228
76000  0.163228
76100  0.163228
76200  0.163228
76300  0.163228
76400  0.163228
76500  0.163228
76600  0.163228
76700  0.163228
76800  0.163228
76900  0.163228
77000  0.163228
77100  0.163228
77200  0.163228
77300  0.163228
77400  0.163228
77500  0.163199
77600  0.163199
77700  0.163199
77800  0.163199
77900  0.163199
78000  0.163199
78100  0.163199
78200  0.163199
78300  0.163199
78400  0.163199
78500  0.163199
78600  0.163199
78700  0.163199
78800  0.163199
78900  0.163199
79000  0.163194
79100  0.163236
79200  0.163236
79300  0.163194
79400  0.163194
79500  0.163194
79600  0.163194
79700  0.163194
79800  0.163194
79900  0.163194
80000  0.163194
80100  0.163194
80200  0.163194
80300  0.163194
80400  0.163194
80500  0.163194
80600  0.163194
80700  0.163265
80800  0.16316
80900  0.16316
81000  0.16316
81100  0.16316
81200  0.16316
81300  0.16316
81400  0.16316
81500  0.163149
81600  0.163149
81700  0.163165
81800  0.163136
81900  0.163136
82000  0.163135
82100  0.163135
82200  0.163135
82300  0.163135
82400  0.163135
82500  0.163135
82600  0.163135
82700  0.163135
82800  0.163135
82900  0.163135
83000  0.163135
83100  0.163135
83200  0.163135
83300  0.163135
83400  0.163135
83500  0.163135
83600  0.163135
83700  0.163135
83800  0.163135
83900  0.163135
84000  0.163135
84100  0.163135
84200  0.163135
84300  0.163135
84400  0.163135
84500  0.163135
84600  0.163135
84700  0.163135
84800  0.163135
84900  0.163135
85000  0.163135
85100  0.163135
85200  0.163135
85300  0.163135
85400  0.163135
85500  0.163135
85600  0.163135
85700  0.163135
85800  0.163135
85900  0.163135
86000  0.163135
86100  0.163135
86200  0.163135
86300  0.163135
86400  0.163135
86500  0.163135
86600  0.163107
86700  0.163107
86800  0.163107
86900  0.163107
87000  0.163107
87100  0.163107
87200  0.163107
87300  0.163107
87400  0.163107
87500  0.163107
87600  0.163107
87700  0.163107
87800  0.163107
87900  0.163107
88000  0.163107
88100  0.163107
88200  0.163107
88300  0.163107
88400  0.163107
88500  0.163107
88600  0.163096
88700  0.163096
88800  0.163096
88900  0.163096
89000  0.163096
89100  0.163096
89200  0.163096
89300  0.163096
89400  0.163096
89500  0.163096
89600  0.163096
89700  0.163096
89800  0.163096
89900  0.163096
90000  0.163096
90100  0.163096
90200  0.163096
90300  0.163068
90400  0.163068
90500  0.163068
90600  0.163065
90700  0.163065
90800  0.163065
90900  0.163065
91000  0.163065
91100  0.16304
91200  0.16304
91300  0.16304
91400  0.16304
91500  0.16304
91600  0.16304
91700  0.16304
91800  0.16304
91900  0.16304
92000  0.16304
92100  0.16304
92200  0.16304
92300  0.16304
92400  0.16304
92500  0.16304
92600  0.16304
92700  0.16304
92800  0.16304
92900  0.16304
93000  0.16304
93100  0.163005
93200  0.163005
93300  0.162987
93400  0.162987
93500  0.162987
93600  0.162987
93700  0.162987
93800  0.162987
93900  0.162987
94000  0.162987
94100  0.162987
94200  0.162987
94300  0.162987
94400  0.162959
94500  0.162959
94600  0.162959
94700  0.162959
94800  0.162959
94900  0.162959
95000  0.162959
95100  0.162959
95200  0.162959
95300  0.162959
95400  0.162959
95500  0.162959
95600  0.162959
95700  0.162959
95800  0.162959
95900  0.162959
96000  0.162959
96100  0.162959
96200  0.162959
96300  0.162959
96400  0.162959
96500  0.162959
96600  0.162959
96700  0.162959
96800  0.162959
96900  0.162959
97000  0.162959
97100  0.162959
97200  0.162959
97300  0.162959
97400  0.162952
97500  0.162952
97600  0.162952
97700  0.162952
97800  0.162952
97900  0.162952
98000  0.162952
98100  0.162952
98200  0.162952
98300  0.162952
98400  0.162952
98500  0.162952
98600  0.162952
98700  0.162952
98800  0.162952
98900  0.162952
99000  0.162952
99100  0.162952
99200  0.162952
99300  0.162952
99400  0.162952
99500  0.162952
99600  0.162952
99700  0.162952
99800  0.162927
99900  0.162927
100000  0.162927
100100  0.162927
100200  0.162927
100300  0.162927
100400  0.162927
100500  0.162927
100600  0.162927
100700  0.162927
100800  0.162927
100900  0.162927
101000  0.162927
101100  0.162927
101200  0.162927
101300  0.162927
101400  0.162927
101500  0.162927
101600  0.162927
101700  0.162911
101800  0.162911
101900  0.162911
102000  0.162911
102100  0.162911
102200  0.162911
102300  0.162911
102400  0.162911
102500  0.162911
102600  0.162911
102700  0.162911
102800  0.162911
102900  0.162911
103000  0.162911
103100  0.162911
103200  0.162911
103300  0.162911
103400  0.162952
103500  0.162952
103600  0.162952
103700  0.162952
103800  0.162952
103900  0.162857
104000  0.162857
104100  0.162857
104200  0.16284
104300  0.16284
104400  0.16284
104500  0.16284
104600  0.16284
104700  0.16284
104800  0.162814
104900  0.162814
105000  0.162814
105100  0.162814
105200  0.162814
105300  0.162814
105400  0.162814
105500  0.162814
105600  0.162814
105700  0.162814
105800  0.162814
105900  0.162814
106000  0.162814
106100  0.162814
106200  0.162814
106300  0.162814
106400  0.162814
106500  0.162814
106600  0.162797
106700  0.162797
106800  0.162797
106900  0.162797
107000  0.162797
107100  0.162797
107200  0.162797
107300  0.162797
107400  0.162797
107500  0.162797
107600  0.162797
107700  0.162797
107800  0.162797
107900  0.162797
108000  0.162797
108100  0.162783
108200  0.162783
108300  0.162783
108400  0.162783
108500  0.162772
108600  0.162772
108700  0.162772
108800  0.162772
108900  0.162764
109000  0.162764
109100  0.162764
109200  0.162764
109300  0.162764
109400  0.162764
109500  0.162764
109600  0.162764
109700  0.162764
109800  0.162764
109900  0.162764
110000  0.162764
110100  0.162764
110200  0.162764
110300  0.162764
110400  0.162751
110500  0.162751
110600  0.162751
110700  0.162751
110800  0.162751
110900  0.162751
111000  0.162751
111100  0.162751
111200  0.162751
111300  0.162751
111400  0.162751
111500  0.162751
111600  0.162751
111700  0.162751
111800  0.162751
111900  0.162751
112000  0.162751
112100  0.162751
112200  0.162751
112300  0.162751
112400  0.162751
112500  0.162751
112600  0.162751
112700  0.162751
112800  0.162751
112900  0.162751
113000  0.162751
113100  0.162751
113200  0.162751
113300  0.162751
113400  0.162751
113500  0.162751
113600  0.162751
113700  0.162751
113800  0.162751
113900  0.162751
114000  0.162751
114100  0.162751
114200  0.162751
114300  0.162751
114400  0.162751
114500  0.162751
114600  0.162751
114700  0.162751
114800  0.162751
114900  0.162751
115000  0.162751
115100  0.162751
115200  0.162751
115300  0.162751
115400  0.162751
115500  0.162751
115600  0.162751
115700  0.162751
115800  0.162751
115900  0.162751
116000  0.162751
116100  0.162751
116200  0.162751
116300  0.162751
116400  0.162751
116500  0.16272
116600  0.16272
116700  0.16272
116800  0.16272
116900  0.16272
117000  0.16272
117100  0.16272
117200  0.16272
117300  0.16272
117400  0.16272
117500  0.16272
117600  0.16272
117700  0.16272
117800  0.16272
117900  0.16272
118000  0.16272
118100  0.16272
118200  0.16272
118300  0.16272
118400  0.16272
118500  0.16272
118600  0.16272
118700  0.16272
118800  0.16272
118900  0.16272
119000  0.16272
119100  0.16272
119200  0.16272
119300  0.16272
119400  0.16272
119500  0.16272
119600  0.16272
119700  0.16272
119800  0.16272
119900  0.16272
120000  0.16272
120100  0.16272
120200  0.16272
120300  0.16272
120400  0.16272
120500  0.16272
120600  0.16272
120700  0.16272
120800  0.16272
120900  0.16272
121000  0.16272
121100  0.16272
121200  0.16272
121300  0.16272
121400  0.16272
121500  0.16272
121600  0.16272
121700  0.16272
121800  0.16272
121900  0.16272
122000  0.16272
122100  0.16272
122200  0.16272
122300  0.16272
122400  0.16272
122500  0.16272
122600  0.162704
122700  0.162704
122800  0.162704
122900  0.162704
123000  0.162687
123100  0.162687
123200  0.162687
123300  0.162687
123400  0.162687
123500  0.162687
123600  0.162687
123700  0.162687
123800  0.162687
123900  0.162687
124000  0.162729
124100  0.162729
