Step  Penalty
50  0.5887
100  0.525962
150  0.516023
200  0.506635
250  0.504319
300  0.501248
350  0.496679
400  0.494176
450  0.492716
500  0.49038
550  0.485881
600  0.482744
650  0.480754
700  0.478723
750  0.476802
800  0.474442
850  0.473675
900  0.472712
950  0.471902
1000  0.471057
1050  0.469444
1100  0.467932
1150  0.465423
1200  0.464104
1250  0.462745
1300  0.461963
1350  0.460286
1400  0.459064
1450  0.458085
1500  0.4578
1550  0.457422
1600  0.457058
1650  0.456352
1700  0.454413
1750  0.45331
1800  0.452761
1850  0.452057
1900  0.451355
1950  0.450748
2000  0.450221
2050  0.449661
2100  0.448928
2150  0.448624
2200  0.448218
2250  0.448015
2300  0.447041
2350  0.446869
2400  0.445975
2450  0.4458
2500  0.445445
2550  0.444299
2600  0.44367
2650  0.44367
2700  0.44367
2750  0.44354
2800  0.443424
2850  0.442158
2900  0.442087
2950  0.44153
3000  0.441251
3050  0.441251
3100  0.441251
3150  0.440641
3200  0.439994
3250  0.439532
3300  0.439258
3350  0.438532
3400  0.43816
3450  0.437186
3500  0.436294
3550  0.434981
3600  0.434142
3650  0.433947
3700  0.433095
3750  0.431908
3800  0.430773
3850  0.429543
3900  0.429037
3950  0.42772
4000  0.427014
4050  0.424461
4100  0.423671
4150  0.422804
4200  0.421847
4250  0.421179
4300  0.419962
4350  0.418652
4400  0.416063
4450  0.414676
4500  0.413702
4550  0.412752
4600  0.410928
4650  0.408455
4700  0.406363
4750  0.405378
4800  0.403143
4850  0.401066
4900  0.399046
4950  0.394111
5000  0.390242
5050  0.385292
5100  0.383288
5150  0.377284
5200  0.373087
5250  0.370835
5300  0.366968
5350  0.364228
5400  0.361361
5450  0.358584
5500  0.355669
5550  0.350879
5600  0.348732
5650  0.347082
5700  0.344974
5750  0.3436
5800  0.342262
5850  0.341119
5900  0.339719
5950  0.338365
6000  0.337133
6050  0.336316
6100  0.335325
6150  0.334391
6200  0.332379
6250  0.33063
6300  0.330073
6350  0.329117
6400  0.328808
6450  0.328414
6500  0.328163
6550  0.327202
6600  0.326938
6650  0.326568
6700  0.325825
6750  0.325622
6800  0.324678
6850  0.324177
6900  0.323795
6950  0.323479
7000  0.323334
7050  0.323118
7100  0.32307
7150  0.322939
7200  0.322722
7250  0.322206
7300  0.321603
7350  0.321079
7400  0.321079
7450  0.320948
7500  0.320698
7550  0.320406
7600  0.319787
7650  0.319501
7700  0.319501
7750  0.319256
7800  0.318848
7850  0.318233
7900  0.318113
7950  0.318056
8000  0.316892
8050  0.316838
8100  0.31665
8150  0.316006
8200  0.315673
8250  0.315409
8300  0.314215
8350  0.31351
8400  0.312647
8450  0.311653
8500  0.311653
8550  0.311552
8600  0.311215
8650  0.310827
8700  0.310146
8750  0.309485
8800  0.309352
8850  0.309301
8900  0.308876
8950  0.308876
9000  0.308408
9050  0.308408
9100  0.308336
9150  0.308116
9200  0.308116
9250  0.307896
9300  0.307853
9350  0.307106
9400  0.306902
9450  0.306147
9500  0.305849
9550  0.304998
9600  0.304998
9650  0.304767
9700  0.304485
9750  0.304428
9800  0.304428
9850  0.304374
9900  0.304259
9950  0.303755
10000  0.303506
10050  0.303222
10100  0.303221
10150  0.303076
10200  0.30247
10250  0.30203
10300  0.30203
10350  0.30182
10400  0.301528
10450  0.301573
10500  0.301618
10550  0.301618
10600  0.301244
10650  0.301
10700  0.301001
10750  0.300473
10800  0.300453
10850  0.30006
10900  0.30006
10950  0.30006
11000  0.299941
11050  0.299673
11100  0.299465
11150  0.299325
11200  0.299324
11250  0.299324
11300  0.299263
11350  0.299139
11400  0.299072
11450  0.298505
11500  0.298505
11550  0.298409
11600  0.298341
11650  0.298057
11700  0.297693
11750  0.297491
11800  0.297431
11850  0.297431
11900  0.297411
11950  0.297388
12000  0.297195
12050  0.296913
12100  0.296913
12150  0.296695
12200  0.296679
12250  0.296447
12300  0.296447
12350  0.296418
12400  0.296351
12450  0.296307
12500  0.295923
12550  0.295923
12600  0.29577
12650  0.29577
12700  0.29571
12750  0.295556
12800  0.295556
12850  0.295533
12900  0.295524
12950  0.295394
13000  0.295394
13050  0.295288
13100  0.295176
13150  0.295061
13200  0.294907
13250  0.294759
13300  0.29447
13350  0.29447
13400  0.294091
13450  0.293872
13500  0.293947
13550  0.293947
13600  0.29367
13650  0.293651
13700  0.293649
13750  0.293509
13800  0.293509
13850  0.293479
13900  0.293399
13950  0.293326
14000  0.293326
14050  0.293326
14100  0.293326
14150  0.293092
14200  0.292765
14250  0.292765
14300  0.292765
14350  0.292765
14400  0.292765
14450  0.292736
14500  0.292736
14550  0.292668
14600  0.292668
14650  0.292663
14700  0.292478
14750  0.292043
14800  0.292043
14850  0.291863
14900  0.291863
14950  0.291863
15000  0.291863
15050  0.291759
15100  0.291709
15150  0.291709
15200  0.291709
15250  0.291709
15300  0.291709
15350  0.291709
15400  0.291709
15450  0.291709
15500  0.291614
15550  0.291614
15600  0.291432
15650  0.291126
15700  0.291126
15750  0.291099
15800  0.291099
15850  0.291099
15900  0.291012
15950  0.291012
16000  0.291012
16050  0.29083
16100  0.29083
16150  0.29083
16200  0.29083
16250  0.290788
16300  0.290788
16350  0.290788
16400  0.290609
16450  0.290624
16500  0.290624
16550  0.290624
16600  0.290609
16650  0.290609
16700  0.290221
16750  0.290221
16800  0.290221
16850  0.29016
16900  0.29016
16950  0.29016
17000  0.29016
17050  0.29016
17100  0.290001
17150  0.289978
17200  0.289368
17250  0.289291
17300  0.289291
17350  0.289083
17400  0.289083
17450  0.288888
17500  0.28832
17550  0.28832
17600  0.288258
17650  0.288258
17700  0.288258
17750  0.28819
17800  0.288104
17850  0.288061
17900  0.288061
17950  0.288061
18000  0.288061
18050  0.288061
18100  0.287773
18150  0.287773
18200  0.287683
18250  0.287683
18300  0.287552
18350  0.287552
18400  0.287389
18450  0.287389
18500  0.287177
18550  0.287101
18600  0.286997
18650  0.286799
18700  0.286799
18750  0.286799
18800  0.286799
18850  0.286799
18900  0.286799
18950  0.28663
19000  0.286475
19050  0.286475
19100  0.286475
19150  0.286475
19200  0.286475
19250  0.286424
19300  0.286424
19350  0.286424
19400  0.286401
19450  0.286401
19500  0.286401
19550  0.286401
19600  0.286303
19650  0.286303
19700  0.286303
19750  0.286303
19800  0.286303
19850  0.286303
19900  0.286303
19950  0.286104
20000  0.286041
20050  0.286041
20100  0.286041
20150  0.286041
20200  0.285923
20250  0.285791
20300  0.285627
20350  0.28553
20400  0.28553
20450  0.28553
20500  0.285492
20550  0.285492
20600  0.285492
20650  0.285492
20700  0.285492
20750  0.285492
20800  0.285492
20850  0.285492
20900  0.285492
20950  0.285492
21000  0.285492
21050  0.285492
21100  0.285445
21150  0.285445
21200  0.285445
21250  0.285445
21300  0.285445
21350  0.285445
21400  0.285445
21450  0.285445
21500  0.285445
21550  0.285445
21600  0.285445
21650  0.285316
21700  0.285316
21750  0.285023
21800  0.284969
21850  0.284969
21900  0.284878
21950  0.284815
22000  0.284815
22050  0.284815
22100  0.284815
22150  0.284815
22200  0.284815
22250  0.284815
22300  0.284815
22350  0.284815
22400  0.284815
22450  0.284815
22500  0.284815
22550  0.284796
22600  0.284796
22650  0.284796
22700  0.284796
22750  0.284796
22800  0.284654
22850  0.284654
22900  0.284654
22950  0.284654
23000  0.284612
23050  0.284612
23100  0.284612
23150  0.284612
23200  0.284612
23250  0.284612
23300  0.284612
23350  0.284612
23400  0.28461
23450  0.28461
23500  0.28461
23550  0.284602
23600  0.284602
23650  0.284602
23700  0.284602
23750  0.284477
23800  0.284477
23850  0.284312
23900  0.284159
23950  0.284159
24000  0.284159
24050  0.284159
24100  0.284159
24150  0.284159
24200  0.284159
24250  0.283807
24300  0.283807
24350  0.283807
24400  0.283807
24450  0.28373
24500  0.28373
24550  0.283779
24600  0.28373
24650  0.28373
24700  0.28373
24750  0.28369
24800  0.283673
24850  0.283673
24900  0.283836
24950  0.283673
25000  0.283518
25050  0.283518
25100  0.283518
25150  0.283518
25200  0.283441
25250  0.283441
25300  0.283441
25350  0.283441
25400  0.283441
25450  0.283441
25500  0.283441
25550  0.283215
25600  0.283215
25650  0.283215
25700  0.283201
25750  0.283201
25800  0.283126
25850  0.283126
25900  0.283113
25950  0.283113
26000  0.283113
26050  0.283113
26100  0.282852
26150  0.282777
26200  0.282777
26250  0.282777
26300  0.282777
26350  0.282777
26400  0.282777
26450  0.282777
26500  0.282701
26550  0.282701
26600  0.282378
26650  0.282378
26700  0.282378
26750  0.282378
26800  0.282378
26850  0.282378
26900  0.282378
26950  0.282205
27000  0.282076
27050  0.282076
27100  0.282076
27150  0.282076
27200  0.282076
27250  0.282076
27300  0.282076
27350  0.282076
27400  0.281727
27450  0.28169
27500  0.28169
27550  0.281634
27600  0.281634
27650  0.281634
27700  0.281596
27750  0.28155
27800  0.28155
27850  0.28155
27900  0.28155
27950  0.28155
28000  0.28155
28050  0.281512
28100  0.281512
28150  0.281512
28200  0.281512
28250  0.281414
28300  0.281312
28350  0.281148
28400  0.280975
28450  0.280975
28500  0.280975
28550  0.280975
28600  0.280975
28650  0.280817
28700  0.280817
28750  0.280784
28800  0.280784
28850  0.280781
28900  0.280781
28950  0.280723
29000  0.280723
29050  0.280579
29100  0.280579
29150  0.280579
29200  0.280389
29250  0.280389
29300  0.280367
29350  0.280367
29400  0.280251
29450  0.280251
29500  0.280248
29550  0.280248
29600  0.280248
29650  0.280248
29700  0.28015
29750  0.280058
29800  0.280058
29850  0.280058
29900  0.28003
29950  0.279969
30000  0.279969
30050  0.279969
30100  0.279899
30150  0.27987
30200  0.27987
30250  0.27987
30300  0.27987
30350  0.279714
30400  0.279644
30450  0.279644
30500  0.279525
30550  0.279437
30600  0.279288
30650  0.279005
30700  0.278936
30750  0.278936
30800  0.278936
30850  0.278863
30900  0.278863
30950  0.278863
31000  0.278863
31050  0.278863
31100  0.278863
31150  0.278863
31200  0.278863
31250  0.278863
31300  0.278863
31350  0.278863
31400  0.278779
31450  0.278704
31500  0.278319
31550  0.278319
31600  0.278506
31650  0.278154
31700  0.278018
31750  0.278018
31800  0.277822
31850  0.277694
31900  0.277694
31950  0.277694
32000  0.277672
32050  0.277672
32100  0.277343
32150  0.277343
32200  0.277343
32250  0.277343
32300  0.277062
32350  0.277062
32400  0.277044
32450  0.277044
32500  0.277044
32550  0.277044
32600  0.277044
32650  0.27659
32700  0.27659
32750  0.27659
32800  0.276292
32850  0.276292
32900  0.276277
32950  0.276174
33000  0.275708
33050  0.275668
33100  0.275265
33150  0.275265
33200  0.275265
33250  0.275265
33300  0.275265
33350  0.275185
33400  0.275142
33450  0.275055
33500  0.274974
33550  0.274872
33600  0.274872
33650  0.274872
33700  0.274872
33750  0.274872
33800  0.274872
33850  0.274816
33900  0.274816
33950  0.274816
34000  0.274816
34050  0.274816
34100  0.274816
34150  0.27467
34200  0.274395
34250  0.274395
34300  0.274345
34350  0.274345
34400  0.273981
34450  0.273981
34500  0.273981
34550  0.273981
34600  0.273981
34650  0.273981
34700  0.273981
34750  0.273604
34800  0.273604
34850  0.273604
34900  0.273604
34950  0.273604
35000  0.273604
35050  0.273604
35100  0.273604
35150  0.273604
35200  0.273604
35250  0.273604
35300  0.273604
35350  0.273557
35400  0.27333
35450  0.27333
35500  0.273213
35550  0.273213
35600  0.273213
35650  0.273201
35700  0.273201
35750  0.273201
35800  0.272544
35850  0.272544
35900  0.272544
35950  0.27248
36000  0.272338
36050  0.272338
36100  0.272338
36150  0.272338
36200  0.272188
36250  0.272188
36300  0.272188
36350  0.272188
36400  0.272188
36450  0.272188
36500  0.272188
36550  0.272188
36600  0.271972
36650  0.271972
36700  0.271972
36750  0.271929
36800  0.271929
36850  0.271744
36900  0.271744
36950  0.271744
37000  0.271744
37050  0.271744
37100  0.271744
37150  0.271744
37200  0.271744
37250  0.271744
37300  0.271595
37350  0.271595
