Step  Penalty
32  0.526652
64  0.503916
96  0.484802
128  0.461185
160  0.432349
192  0.402282
224  0.37416
256  0.350523
288  0.329256
320  0.316034
352  0.303855
384  0.290572
416  0.280544
448  0.271617
480  0.263753
512  0.257748
544  0.253128
576  0.250676
608  0.248364
640  0.246097
672  0.245171
704  0.244204
736  0.243279
768  0.242478
800  0.241382
832  0.240654
864  0.239874
896  0.239188
928  0.238461
960  0.237915
992  0.237361
1024  0.237089
1056  0.236788
1088  0.236581
1120  0.236165
1152  0.235888
1184  0.235535
1216  0.235428
1248  0.235298
1280  0.235196
1312  0.235159
1344  0.235137
1376  0.235137
1408  0.235121
1440  0.235029
1472  0.235016
1504  0.234908
1536  0.234908
1568  0.234692
1600  0.234657
1632  0.234656
1664  0.234656
1696  0.234592
1728  0.234592
1760  0.234424
1792  0.234424
1824  0.234424
1856  0.234389
1888  0.234326
1920  0.234294
1952  0.234222
1984  0.234124
2016  0.233983
2048  0.233983
2080  0.233965
2112  0.233937
2144  0.233679
2176  0.233679
2208  0.233679
2240  0.233663
2272  0.233663
2304  0.233633
2336  0.233633
2368  0.233633
2400  0.233535
2432  0.233535
2464  0.233406
2496  0.233406
2528  0.233406
2560  0.233406
2592  0.233406
2624  0.233395
2656  0.233395
2688  0.233388
2720  0.233388
2752  0.233306
2784  0.233228
2816  0.2331
2848  0.23293
2880  0.232864
2912  0.232864
2944  0.232827
2976  0.232827
3008  0.232813
3040  0.232813
3072  0.232813
3104  0.2328
3136  0.2328
3168  0.2328
3200  0.2328
3232  0.232728
3264  0.232693
3296  0.232693
3328  0.232683
3360  0.232683
3392  0.232683
3424  0.232644
3456  0.232522
3488  0.232522
3520  0.232522
3552  0.232522
3584  0.232522
3616  0.232522
3648  0.232522
3680  0.232522
3712  0.232513
3744  0.232513
3776  0.232513
3808  0.232513
3840  0.232513
3872  0.232513
3904  0.232513
3936  0.232513
3968  0.232513
4000  0.232513
4032  0.232513
4064  0.232513
4096  0.232481
4128  0.232481
4160  0.232481
4192  0.232481
4224  0.232481
4256  0.232481
4288  0.232481
4320  0.23242
4352  0.23242
4384  0.23242
4416  0.23242
4448  0.232337
4480  0.232337
4512  0.232337
4544  0.232337
4576  0.232337
4608  0.232337
4640  0.232258
4672  0.232258
4704  0.232258
4736  0.232258
4768  0.232258
4800  0.232258
4832  0.232258
4864  0.232258
4896  0.232189
4928  0.232189
4960  0.232189
4992  0.232189
5024  0.232189
5056  0.232189
5088  0.232189
5120  0.232189
5152  0.232189
5184  0.232189
5216  0.232163
5248  0.232163
5280  0.232163
5312  0.232163
5344  0.232163
5376  0.232163
5408  0.232163
5440  0.232163
5472  0.23216
5504  0.23216
5536  0.23216
5568  0.23216
5600  0.232046
5632  0.232046
5664  0.232046
5696  0.231973
5728  0.231973
5760  0.231973
5792  0.23193
5824  0.23193
5856  0.23193
5888  0.231839
5920  0.231839
5952  0.231839
5984  0.231839
6016  0.231839
6048  0.231839
6080  0.231821
6112  0.231821
6144  0.231821
6176  0.231821
6208  0.231821
6240  0.231821
6272  0.231821
6304  0.231821
6336  0.231821
6368  0.231821
6400  0.231821
6432  0.231821
6464  0.231821
6496  0.231821
6528  0.231821
6560  0.231821
6592  0.231821
6624  0.231821
6656  0.231821
6688  0.231821
6720  0.231821
6752  0.231804
6784  0.231804
6816  0.231804
6848  0.231804
6880  0.231806
6912  0.231806
6944  0.231806
6976  0.231806
7008  0.231806
7040  0.231806
7072  0.231775
7104  0.231775
7136  0.231775
7168  0.231775
7200  0.231775
7232  0.231775
7264  0.231775
7296  0.231775
7328  0.231775
7360  0.231775
7392  0.231775
7424  0.231775
7456  0.231775
7488  0.231775
7520  0.231775
7552  0.231697
7584  0.231697
7616  0.231697
7648  0.231697
7680  0.231697
7712  0.231689
7744  0.231689
7776  0.231689
7808  0.231689
7840  0.231689
7872  0.231689
7904  0.231689
7936  0.231625
7968  0.231625
8000  0.231625
8032  0.231625
8064  0.231625
8096  0.231625
8128  0.231625
8160  0.231625
8192  0.231598
8224  0.231581
8256  0.231581
8288  0.231581
8320  0.231581
8352  0.231557
8384  0.231557
8416  0.231557
8448  0.231557
8480  0.231557
8512  0.231557
8544  0.231557
8576  0.231557
8608  0.231557
8640  0.231557
8672  0.231557
8704  0.231557
8736  0.231557
8768  0.231557
8800  0.231557
8832  0.231557
8864  0.231557
8896  0.231557
8928  0.231557
8960  0.231557
8992  0.231557
9024  0.231557
9056  0.231557
9088  0.231557
9120  0.231557
9152  0.231557
9184  0.231557
9216  0.231557
9248  0.231485
9280  0.231485
9312  0.231485
9344  0.231485
9376  0.231485
9408  0.231485
9440  0.231346
9472  0.231346
9504  0.231313
9536  0.231313
9568  0.231313
9600  0.231313
9632  0.231313
9664  0.231313
9696  0.231313
9728  0.231313
9760  0.231313
9792  0.231313
9824  0.231313
9856  0.231313
9888  0.231313
9920  0.231313
9952  0.231313
9984  0.231313
10016  0.231313
10048  0.231238
10080  0.231238
10112  0.231238
10144  0.231238
10176  0.231238
10208  0.231238
10240  0.231238
10272  0.231238
10304  0.231238
10336  0.231238
10368  0.231238
10400  0.231238
10432  0.231238
10464  0.231238
10496  0.231211
10528  0.231211
10560  0.231211
10592  0.231211
10624  0.231211
10656  0.231211
10688  0.231211
10720  0.231211
10752  0.231211
10784  0.231211
10816  0.231211
10848  0.231211
10880  0.231211
10912  0.231142
10944  0.231142
10976  0.231142
11008  0.231142
11040  0.231105
11072  0.231105
11104  0.231105
11136  0.231105
11168  0.231105
11200  0.231105
11232  0.231089
11264  0.231089
11296  0.231089
11328  0.231089
11360  0.231089
11392  0.231089
11424  0.231089
11456  0.231089
11488  0.231089
11520  0.231089
11552  0.231089
11584  0.231089
11616  0.231089
11648  0.231089
11680  0.231089
11712  0.231089
11744  0.231089
11776  0.231089
11808  0.231089
11840  0.231062
11872  0.231062
11904  0.231062
11936  0.231062
11968  0.231062
12000  0.231062
12032  0.231062
12064  0.231062
12096  0.231062
12128  0.231062
12160  0.231062
12192  0.231062
12224  0.231062
12256  0.231062
12288  0.231062
12320  0.231062
12352  0.231062
12384  0.231062
12416  0.231062
12448  0.231062
12480  0.231062
12512  0.23104
12544  0.23104
12576  0.23104
12608  0.23104
12640  0.23104
12672  0.23104
12704  0.23103
12736  0.23103
12768  0.23103
12800  0.23103
12832  0.23103
12864  0.23103
12896  0.23103
12928  0.23103
12960  0.23103
12992  0.23103
13024  0.23103
13056  0.23103
13088  0.23103
13120  0.23103
13152  0.23103
13184  0.23103
13216  0.23103
13248  0.23103
13280  0.23103
13312  0.23103
13344  0.23103
13376  0.23103
13408  0.23103
13440  0.23103
13472  0.23103
13504  0.23103
13536  0.23103
13568  0.23103
13600  0.23103
13632  0.23103
13664  0.23103
13696  0.23103
13728  0.23103
13760  0.23103
13792  0.23103
13824  0.231029
13856  0.231029
13888  0.231029
13920  0.231029
13952  0.231029
13984  0.231029
14016  0.231029
14048  0.231029
14080  0.231029
14112  0.231029
14144  0.231029
14176  0.231029
14208  0.231029
14240  0.231029
14272  0.231029
14304  0.231029
14336  0.231029
14368  0.231029
14400  0.231029
14432  0.231029
14464  0.231029
14496  0.230983
14528  0.230983
14560  0.230983
14592  0.230983
14624  0.230983
14656  0.230983
14688  0.230983
14720  0.230983
14752  0.230983
14784  0.230983
14816  0.230983
14848  0.230964
14880  0.230964
14912  0.230964
14944  0.230952
14976  0.230952
15008  0.230952
15040  0.230952
15072  0.230952
15104  0.230897
15136  0.230897
15168  0.230897
15200  0.230897
15232  0.230857
15264  0.230857
15296  0.230857
15328  0.230857
15360  0.230857
15392  0.230857
15424  0.230847
15456  0.230847
15488  0.230847
15520  0.230847
15552  0.230847
15584  0.230847
15616  0.230847
15648  0.230835
15680  0.230835
15712  0.230835
15744  0.230835
15776  0.230835
15808  0.230835
15840  0.230835
15872  0.230756
15904  0.230756
15936  0.230756
15968  0.230756
16000  0.230756
16032  0.230756
16064  0.230756
16096  0.230756
16128  0.230756
16160  0.230756
16192  0.230756
16224  0.230756
16256  0.230756
16288  0.230716
16320  0.230716
16352  0.230716
16384  0.230716
16416  0.230716
16448  0.230716
16480  0.230716
16512  0.230716
16544  0.230716
16576  0.230716
16608  0.230716
16640  0.230716
16672  0.230716
16704  0.230716
16736  0.230716
16768  0.230716
16800  0.230716
16832  0.230716
16864  0.230716
16896  0.230716
16928  0.230716
16960  0.230716
16992  0.230716
17024  0.230716
17056  0.230716
17088  0.230716
17120  0.230716
17152  0.230716
17184  0.230716
17216  0.230716
17248  0.230716
17280  0.230716
17312  0.230716
17344  0.230716
17376  0.230716
17408  0.230716
17440  0.230716
17472  0.230716
17504  0.230716
17536  0.230716
17568  0.230716
17600  0.230716
17632  0.230716
17664  0.230716
17696  0.230716
17728  0.230716
17760  0.230716
17792  0.230716
17824  0.230716
17856  0.230716
17888  0.230716
17920  0.230704
17952  0.230704
17984  0.230704
18016  0.230704
18048  0.230704
18080  0.230704
18112  0.230704
18144  0.230681
18176  0.230681
18208  0.230681
18240  0.230681
18272  0.230681
18304  0.230681
18336  0.230681
18368  0.230681
18400  0.230681
18432  0.230681
18464  0.230681
18496  0.230681
18528  0.230681
18560  0.230681
18592  0.230681
18624  0.230681
18656  0.230681
18688  0.230681
18720  0.230681
18752  0.230681
18784  0.230681
18816  0.230681
18848  0.230681
18880  0.230681
18912  0.230681
18944  0.230681
18976  0.230681
19008  0.230681
19040  0.230681
19072  0.230681
19104  0.230681
19136  0.230681
19168  0.230681
19200  0.230617
19232  0.230617
19264  0.230617
19296  0.230617
19328  0.230617
19360  0.230617
19392  0.230617
19424  0.230617
19456  0.230617
19488  0.230617
19520  0.230617
19552  0.230617
19584  0.230617
19616  0.230617
19648  0.230617
19680  0.230617
19712  0.230617
19744  0.230617
19776  0.230617
19808  0.230617
19840  0.230617
19872  0.230617
19904  0.230617
19936  0.230617
19968  0.230617
20000  0.230617
20032  0.230617
20064  0.230617
20096  0.230617
20128  0.230617
20160  0.230617
20192  0.230617
20224  0.230617
20256  0.230617
20288  0.230617
20320  0.230617
20352  0.230617
20384  0.230617
20416  0.230617
20448  0.230617
20480  0.230617
20512  0.230617
20544  0.230617
20576  0.230617
20608  0.230617
20640  0.230617
20672  0.230617
20704  0.230617
20736  0.230617
20768  0.230617
20800  0.230617
20832  0.230534
20864  0.230534
20896  0.230534
20928  0.230534
20960  0.230534
20992  0.230534
21024  0.230534
21056  0.230534
21088  0.230534
21120  0.230534
21152  0.230534
21184  0.230534
21216  0.230534
21248  0.230534
21280  0.230534
21312  0.230534
21344  0.230534
21376  0.230534
21408  0.230534
21440  0.230534
21472  0.230534
21504  0.230534
21536  0.230534
21568  0.230534
21600  0.230534
21632  0.230534
21664  0.230534
21696  0.230534
21728  0.230534
21760  0.230534
21792  0.230534
21824  0.230534
21856  0.230534
21888  0.230534
21920  0.230534
21952  0.230534
21984  0.230534
22016  0.230534
22048  0.230534
22080  0.230534
22112  0.230534
22144  0.230534
22176  0.230534
22208  0.230534
22240  0.230534
22272  0.230534
22304  0.230534
22336  0.230534
22368  0.230534
22400  0.230534
22432  0.230534
22464  0.230534
22496  0.230534
22528  0.230534
22560  0.230534
22592  0.230534
22624  0.230534
22656  0.230534
22688  0.230534
22720  0.230534
22752  0.230534
22784  0.230534
22816  0.230536
22848  0.230536
22880  0.230536
22912  0.230536
22944  0.230536
22976  0.230536
23008  0.230536
23040  0.230536
23072  0.230536
23104  0.230536
23136  0.230536
23168  0.230536
23200  0.230536
23232  0.230536
23264  0.230536
23296  0.230536
23328  0.230536
23360  0.230536
23392  0.230536
23424  0.230536
23456  0.230536
23488  0.230536
23520  0.230536
23552  0.230536
23584  0.230536
23616  0.230536
23648  0.230536
23680  0.230521
23712  0.230521
23744  0.230521
23776  0.230521
23808  0.230521
23840  0.230521
23872  0.230521
23904  0.230521
23936  0.230521
23968  0.230521
24000  0.230521
24032  0.230521
24064  0.230521
24096  0.230521
24128  0.230521
24160  0.230521
24192  0.230521
24224  0.230521
24256  0.230521
24288  0.230521
24320  0.230521
24352  0.230521
24384  0.230521
24416  0.230521
24448  0.230521
24480  0.230521
24512  0.230521
24544  0.230521
24576  0.230521
24608  0.230521
24640  0.230521
24672  0.230521
24704  0.230521
24736  0.230521
24768  0.230521
24800  0.230521
24832  0.230521
24864  0.230521
24896  0.230521
24928  0.230521
24960  0.230449
24992  0.230449
25024  0.230418
25056  0.230418
25088  0.230418
25120  0.230418
25152  0.230418
25184  0.230418
25216  0.230418
25248  0.230418
25280  0.230418
25312  0.230418
25344  0.230418
25376  0.230418
25408  0.230418
25440  0.230418
25472  0.230418
25504  0.230418
25536  0.230418
25568  0.230418
25600  0.230418
25632  0.230418
25664  0.230418
25696  0.230418
25728  0.230418
25760  0.230418
25792  0.230418
25824  0.230418
25856  0.230418
25888  0.230418
25920  0.230418
25952  0.230418
25984  0.230418
26016  0.230418
26048  0.230418
26080  0.230418
26112  0.230418
26144  0.230366
26176  0.230366
26208  0.230366
26240  0.230366
26272  0.230366
26304  0.230366
26336  0.230366
26368  0.230366
26400  0.230366
26432  0.230366
26464  0.230366
26496  0.230366
26528  0.230366
26560  0.230366
26592  0.230366
26624  0.230366
26656  0.230366
26688  0.230366
26720  0.230366
26752  0.230366
26784  0.230366
26816  0.230366
26848  0.230366
26880  0.230366
26912  0.230366
26944  0.230366
26976  0.230366
27008  0.230366
27040  0.230366
27072  0.230366
27104  0.230366
27136  0.230366
27168  0.230366
27200  0.230353
27232  0.230353
27264  0.230353
27296  0.230353
27328  0.230353
27360  0.230353
27392  0.230353
27424  0.230353
27456  0.230353
27488  0.230353
27520  0.230353
27552  0.230353
27584  0.230353
27616  0.230353
27648  0.230353
27680  0.230353
27712  0.230353
27744  0.230353
27776  0.230353
27808  0.230353
27840  0.230325
27872  0.230325
27904  0.230325
27936  0.230325
27968  0.230325
28000  0.230325
28032  0.230325
28064  0.230325
28096  0.230325
28128  0.230325
28160  0.230325
28192  0.230325
28224  0.230325
28256  0.230325
28288  0.230325
28320  0.230284
28352  0.230284
28384  0.230284
28416  0.230284
28448  0.230284
28480  0.230284
28512  0.230284
28544  0.230284
28576  0.230284
28608  0.230284
28640  0.230284
28672  0.230284
28704  0.230284
28736  0.230284
28768  0.230284
28800  0.230284
28832  0.230284
28864  0.230284
28896  0.230284
28928  0.230284
28960  0.230284
28992  0.230284
29024  0.230284
29056  0.230284
29088  0.230284
29120  0.230284
29152  0.230284
29184  0.230284
29216  0.230284
29248  0.230284
29280  0.230284
29312  0.230284
29344  0.230284
29376  0.230284
29408  0.230284
29440  0.230284
29472  0.230284
29504  0.230284
29536  0.230284
29568  0.230284
29600  0.230284
29632  0.230284
29664  0.230284
29696  0.230284
29728  0.230284
29760  0.230284
29792  0.230284
29824  0.230284
29856  0.230284
29888  0.230284
29920  0.230284
29952  0.230284
29984  0.230284
30016  0.230284
30048  0.230284
30080  0.230284
30112  0.230284
30144  0.230284
30176  0.230284
30208  0.230284
30240  0.230284
30272  0.230284
30304  0.230284
30336  0.230284
30368  0.230284
30400  0.230284
30432  0.230284
30464  0.230284
30496  0.230284
30528  0.230284
30560  0.230284
30592  0.230284
30624  0.230284
30656  0.230284
30688  0.230284
30720  0.230284
30752  0.230284
30784  0.230284
30816  0.230284
30848  0.230284
30880  0.230284
30912  0.230279
30944  0.230279
30976  0.230279
31008  0.230279
31040  0.230279
31072  0.230279
31104  0.230279
31136  0.230279
31168  0.230279
31200  0.230279
31232  0.230279
31264  0.230279
31296  0.230279
31328  0.230279
31360  0.230279
31392  0.230279
31424  0.230279
31456  0.230279
31488  0.230279
31520  0.230279
31552  0.230279
31584  0.230279
31616  0.230279
31648  0.230279
31680  0.230279
31712  0.230279
31744  0.230279
31776  0.230279
31808  0.230279
31840  0.230279
31872  0.230265
31904  0.230265
31936  0.230265
31968  0.230265
32000  0.230265
32032  0.230265
32064  0.230265
32096  0.230265
32128  0.230265
32160  0.230265
32192  0.230265
32224  0.230265
32256  0.230265
32288  0.230265
32320  0.230265
32352  0.230265
32384  0.230265
32416  0.230265
32448  0.230265
32480  0.230265
32512  0.230265
32544  0.230265
32576  0.230265
32608  0.230265
32640  0.230265
32672  0.230265
32704  0.230265
32736  0.23025
32768  0.23025
32800  0.23025
32832  0.23025
32864  0.23025
32896  0.23025
32928  0.23025
32960  0.230183
32992  0.230183
33024  0.230183
33056  0.230183
33088  0.230183
33120  0.230183
33152  0.230183
33184  0.230183
33216  0.230183
33248  0.230183
33280  0.230183
33312  0.230183
33344  0.230183
33376  0.230183
33408  0.230183
33440  0.230183
33472  0.230183
33504  0.230183
33536  0.230183
33568  0.230183
33600  0.230183
33632  0.230183
33664  0.230183
33696  0.230183
33728  0.230183
33760  0.230183
33792  0.230183
33824  0.230183
33856  0.230183
33888  0.230183
33920  0.230183
33952  0.230183
33984  0.230183
34016  0.230183
34048  0.230183
34080  0.230183
34112  0.230183
34144  0.230183
34176  0.230183
34208  0.230183
34240  0.230183
34272  0.230183
34304  0.230183
34336  0.230183
34368  0.230183
34400  0.230183
34432  0.230183
34464  0.230183
34496  0.230183
34528  0.230183
34560  0.230183
34592  0.230183
34624  0.230183
34656  0.230183
34688  0.230183
34720  0.230183
34752  0.230183
34784  0.230183
34816  0.230183
34848  0.230183
34880  0.230183
34912  0.230183
34944  0.230183
34976  0.230183
35008  0.230162
35040  0.230162
35072  0.230162
35104  0.230162
35136  0.230162
35168  0.230162
35200  0.230162
35232  0.230162
35264  0.230162
35296  0.230162
35328  0.230162
35360  0.230162
35392  0.230162
35424  0.230162
35456  0.230162
35488  0.230162
35520  0.230162
35552  0.230162
35584  0.230162
35616  0.230162
35648  0.230162
35680  0.230162
35712  0.230162
35744  0.230162
35776  0.230162
35808  0.230162
35840  0.230162
35872  0.230162
35904  0.230162
35936  0.230162
35968  0.230162
36000  0.230162
36032  0.230162
36064  0.230162
36096  0.230162
36128  0.230162
36160  0.230162
36192  0.230162
36224  0.230162
36256  0.230162
36288  0.230162
36320  0.230162
36352  0.230162
36384  0.230162
36416  0.230137
36448  0.230137
36480  0.230137
36512  0.230137
36544  0.230137
36576  0.230137
36608  0.230137
36640  0.230137
36672  0.230137
36704  0.230137
36736  0.230137
36768  0.230137
36800  0.230137
36832  0.230137
36864  0.230137
36896  0.230137
36928  0.230137
36960  0.230137
36992  0.230137
37024  0.230137
37056  0.230137
37088  0.230137
37120  0.230137
37152  0.230137
37184  0.230137
37216  0.230137
37248  0.230137
37280  0.230137
37312  0.230137
37344  0.230137
37376  0.230137
37408  0.230137
37440  0.230137
37472  0.230137
37504  0.230137
37536  0.230137
37568  0.230137
37600  0.230137
37632  0.230137
37664  0.230137
37696  0.230137
37728  0.230137
37760  0.230137
37792  0.230137
37824  0.230137
37856  0.230137
37888  0.230137
37920  0.230137
37952  0.230137
37984  0.230137
38016  0.230137
38048  0.230137
38080  0.230137
38112  0.230137
38144  0.230137
38176  0.230137
38208  0.230137
38240  0.230137
38272  0.230137
38304  0.230091
38336  0.230091
38368  0.230091
38400  0.230091
38432  0.230091
38464  0.230091
38496  0.230091
38528  0.230091
38560  0.230091
38592  0.230091
38624  0.230091
38656  0.230091
38688  0.230091
38720  0.230091
38752  0.230091
38784  0.230073
38816  0.230073
38848  0.230073
38880  0.230073
38912  0.230073
38944  0.230073
38976  0.230073
39008  0.230073
39040  0.230073
39072  0.230073
39104  0.230073
39136  0.230073
39168  0.230073
39200  0.230073
39232  0.230073
39264  0.230073
39296  0.230073
39328  0.230073
39360  0.230073
39392  0.230073
39424  0.230073
39456  0.230073
39488  0.230073
39520  0.230073
39552  0.230073
39584  0.230073
39616  0.230073
39648  0.230073
39680  0.230073
39712  0.230073
39744  0.230073
39776  0.230073
39808  0.230073
39840  0.230054
39872  0.230054
39904  0.230054
39936  0.230054
39968  0.230054
40000  0.230054
40032  0.230054
40064  0.230054
40096  0.230054
40128  0.230054
40160  0.230054
40192  0.230054
40224  0.230054
40256  0.230054
40288  0.230054
40320  0.230054
40352  0.230054
40384  0.230054
40416  0.230054
40448  0.230054
40480  0.230054
40512  0.230054
40544  0.230054
40576  0.230054
40608  0.230054
40640  0.230054
40672  0.230054
40704  0.230054
40736  0.230054
40768  0.230054
40800  0.230054
40832  0.230054
40864  0.230054
40896  0.230054
40928  0.230054
40960  0.230054
40992  0.230054
41024  0.230054
41056  0.230054
41088  0.230054
41120  0.230054
41152  0.230054
41184  0.230054
41216  0.230054
41248  0.230054
41280  0.230054
41312  0.230054
41344  0.230054
41376  0.230054
41408  0.230054
41440  0.230054
41472  0.230054
41504  0.230054
41536  0.230054
41568  0.230054
41600  0.230054
41632  0.230054
41664  0.230054
41696  0.230054
41728  0.230054
41760  0.230054
41792  0.230054
41824  0.230054
41856  0.230054
41888  0.230054
41920  0.230054
41952  0.230054
41984  0.230022
42016  0.230022
42048  0.230022
42080  0.230022
42112  0.230022
42144  0.230022
42176  0.230022
42208  0.230022
42240  0.230022
42272  0.230022
42304  0.230022
42336  0.230022
42368  0.230022
42400  0.230022
42432  0.230022
42464  0.230022
42496  0.230022
42528  0.230022
42560  0.230022
42592  0.230022
42624  0.230022
42656  0.230022
42688  0.229916
42720  0.229916
42752  0.229916
42784  0.229916
42816  0.229916
42848  0.229916
42880  0.229916
42912  0.229916
42944  0.229916
42976  0.229916
43008  0.229916
43040  0.229916
43072  0.229916
43104  0.229916
43136  0.229916
43168  0.229916
43200  0.229916
43232  0.229916
43264  0.229916
43296  0.229916
43328  0.229916
43360  0.229916
43392  0.229916
43424  0.229916
43456  0.229916
43488  0.229916
43520  0.229916
43552  0.229916
43584  0.229916
43616  0.229916
43648  0.22991
43680  0.22991
43712  0.22991
43744  0.22991
43776  0.22991
43808  0.22991
43840  0.22991
43872  0.22991
43904  0.22991
43936  0.22991
43968  0.22991
44000  0.22991
44032  0.22991
44064  0.22991
44096  0.22991
44128  0.22991
44160  0.229909
44192  0.229909
44224  0.229909
44256  0.229909
44288  0.229858
44320  0.229858
44352  0.229858
44384  0.229858
44416  0.229858
44448  0.229858
44480  0.229858
44512  0.229858
44544  0.229858
44576  0.229858
44608  0.229858
44640  0.229858
44672  0.229858
44704  0.229858
44736  0.229858
44768  0.229858
44800  0.229858
44832  0.229858
44864  0.229858
44896  0.229858
44928  0.229858
44960  0.229858
44992  0.229858
45024  0.229858
45056  0.229858
45088  0.229858
45120  0.229858
45152  0.229858
45184  0.229858
45216  0.229858
45248  0.229858
45280  0.229858
45312  0.229858
45344  0.229858
45376  0.229858
45408  0.229858
45440  0.229858
45472  0.229838
45504  0.229838
45536  0.229838
45568  0.229838
45600  0.229838
45632  0.229838
45664  0.229838
45696  0.229838
45728  0.229838
45760  0.229838
45792  0.229838
45824  0.229838
45856  0.229838
45888  0.229838
45920  0.229838
45952  0.229838
45984  0.229838
46016  0.229838
46048  0.229838
46080  0.229838
46112  0.229838
46144  0.229838
46176  0.229838
46208  0.229838
46240  0.229838
46272  0.229838
46304  0.229838
46336  0.229838
46368  0.229838
46400  0.229838
46432  0.229838
46464  0.229838
46496  0.229838
46528  0.229838
46560  0.229838
46592  0.229838
46624  0.229838
46656  0.229825
46688  0.229825
46720  0.229825
46752  0.229825
46784  0.229825
46816  0.229825
46848  0.229825
46880  0.229825
46912  0.229825
46944  0.229825
46976  0.229825
47008  0.229825
47040  0.229825
47072  0.229825
47104  0.229825
47136  0.229825
47168  0.229825
47200  0.229825
47232  0.229825
47264  0.229825
47296  0.229825
47328  0.229825
47360  0.229825
47392  0.229825
47424  0.229825
47456  0.229825
47488  0.229825
47520  0.229825
47552  0.229825
47584  0.229825
47616  0.229825
47648  0.229825
47680  0.229825
47712  0.229825
47744  0.229825
47776  0.229825
47808  0.229825
47840  0.229825
47872  0.229825
47904  0.229825
47936  0.229825
47968  0.229768
48000  0.229768
48032  0.229768
48064  0.229768
48096  0.229768
48128  0.229768
48160  0.229768
48192  0.229768
48224  0.229768
48256  0.229768
48288  0.229768
48320  0.229768
48352  0.229768
48384  0.229768
48416  0.229768
48448  0.229768
48480  0.229768
48512  0.229768
48544  0.229768
48576  0.229768
48608  0.229768
48640  0.229768
48672  0.229768
48704  0.229768
48736  0.229768
48768  0.229768
48800  0.229768
48832  0.229768
48864  0.229768
48896  0.229768
48928  0.229768
48960  0.229768
48992  0.229768
49024  0.229768
49056  0.229768
49088  0.229768
49120  0.229768
49152  0.229768
49184  0.229768
49216  0.229768
49248  0.229768
49280  0.229768
49312  0.229768
49344  0.229768
49376  0.229768
49408  0.229768
49440  0.229768
49472  0.229768
49504  0.229768
49536  0.229768
49568  0.229768
49600  0.229768
49632  0.229768
49664  0.229768
49696  0.229768
49728  0.229768
49760  0.229768
49792  0.229768
49824  0.229768
49856  0.229768
49888  0.229768
49920  0.229768
49952  0.229768
49984  0.229768
50016  0.229768
50048  0.229768
50080  0.229768
50112  0.229768
50144  0.229768
50176  0.229768
50208  0.229768
50240  0.229768
50272  0.229721
50304  0.229721
50336  0.229721
50368  0.229721
50400  0.229721
50432  0.229721
50464  0.229721
50496  0.229721
50528  0.229721
50560  0.229721
50592  0.229721
50624  0.229721
50656  0.229721
50688  0.229721
50720  0.229721
50752  0.229721
50784  0.229721
50816  0.229721
50848  0.229721
50880  0.229721
50912  0.229721
50944  0.229721
50976  0.229721
51008  0.229721
51040  0.229721
51072  0.229721
51104  0.229721
51136  0.229721
51168  0.229721
51200  0.229721
51232  0.229721
51264  0.229721
51296  0.229721
51328  0.229721
51360  0.229721
51392  0.229721
51424  0.229721
51456  0.229721
51488  0.229721
51520  0.229721
51552  0.229721
51584  0.229721
51616  0.229721
51648  0.229721
51680  0.229721
51712  0.229721
51744  0.229721
51776  0.229721
51808  0.229721
51840  0.229721
51872  0.229721
51904  0.229721
51936  0.229721
51968  0.229721
52000  0.229721
52032  0.229721
52064  0.229721
52096  0.229721
52128  0.229721
52160  0.229721
52192  0.229721
52224  0.229721
52256  0.229721
52288  0.229721
52320  0.229721
52352  0.229721
52384  0.229721
52416  0.229721
52448  0.229721
52480  0.229721
52512  0.229721
52544  0.229721
52576  0.229721
52608  0.229721
52640  0.229721
52672  0.229721
52704  0.229721
52736  0.229721
52768  0.229721
52800  0.229721
52832  0.229721
52864  0.229721
52896  0.229721
52928  0.229721
52960  0.229721
52992  0.229721
53024  0.229721
53056  0.229721
53088  0.229721
53120  0.229721
53152  0.229721
53184  0.22971
53216  0.22971
53248  0.22971
53280  0.22971
53312  0.22971
53344  0.22971
53376  0.22971
53408  0.22971
53440  0.22971
53472  0.22971
53504  0.22971
53536  0.22971
53568  0.22971
53600  0.22971
53632  0.22971
53664  0.22971
53696  0.22971
53728  0.22971
53760  0.22971
53792  0.22971
53824  0.22971
53856  0.22971
53888  0.22971
53920  0.22971
53952  0.22971
53984  0.22971
54016  0.22971
54048  0.22971
54080  0.22971
54112  0.22971
54144  0.22971
54176  0.22971
54208  0.22971
54240  0.22971
54272  0.22971
54304  0.22971
54336  0.22971
54368  0.22971
54400  0.22971
54432  0.22971
54464  0.22971
54496  0.22971
54528  0.22971
54560  0.22971
54592  0.22971
54624  0.22971
54656  0.22971
54688  0.22971
54720  0.22971
54752  0.22971
54784  0.22971
54816  0.22971
54848  0.22971
54880  0.22971
54912  0.22971
54944  0.22971
54976  0.22971
55008  0.22971
55040  0.22971
55072  0.22971
55104  0.22971
55136  0.22971
55168  0.22971
55200  0.229645
55232  0.229645
55264  0.229645
55296  0.229645
55328  0.229645
55360  0.229645
55392  0.229645
55424  0.229645
55456  0.229645
55488  0.229645
55520  0.229645
55552  0.229645
55584  0.229645
55616  0.229645
55648  0.229645
55680  0.229645
55712  0.229645
55744  0.229645
55776  0.229645
55808  0.229645
55840  0.229645
55872  0.229645
55904  0.229645
55936  0.229645
55968  0.229645
56000  0.229645
56032  0.229645
56064  0.229645
56096  0.229645
56128  0.229645
56160  0.229645
56192  0.229645
56224  0.229645
56256  0.229645
56288  0.229645
56320  0.229645
56352  0.229645
56384  0.229645
56416  0.229645
56448  0.229645
56480  0.229645
56512  0.229645
56544  0.229645
56576  0.229645
56608  0.229645
56640  0.229645
56672  0.229645
56704  0.229645
56736  0.229645
56768  0.229645
56800  0.229645
56832  0.229645
56864  0.229645
56896  0.229645
56928  0.229645
56960  0.229645
56992  0.229645
57024  0.229645
57056  0.229645
57088  0.229645
57120  0.229645
57152  0.229645
57184  0.229645
57216  0.229645
57248  0.229645
57280  0.229645
57312  0.229645
57344  0.229645
57376  0.229645
57408  0.229645
57440  0.229645
57472  0.229645
57504  0.229645
57536  0.229645
57568  0.229645
57600  0.229645
57632  0.229645
57664  0.229645
57696  0.229645
57728  0.229645
57760  0.229645
57792  0.229645
57824  0.229645
57856  0.229645
57888  0.229645
57920  0.229645
57952  0.229645
57984  0.229645
58016  0.229645
58048  0.229645
58080  0.229645
58112  0.229645
58144  0.229645
58176  0.229645
58208  0.229645
58240  0.229645
58272  0.229645
58304  0.229645
58336  0.229645
58368  0.229645
58400  0.229645
58432  0.229645
58464  0.229645
58496  0.229645
58528  0.229645
58560  0.229645
58592  0.229645
58624  0.229645
58656  0.229645
58688  0.229645
58720  0.229645
58752  0.229645
58784  0.229645
58816  0.229645
58848  0.229645
58880  0.229645
58912  0.229645
58944  0.229645
58976  0.229645
59008  0.229645
59040  0.229645
59072  0.229645
59104  0.229645
59136  0.229645
59168  0.229645
59200  0.229645
59232  0.229645
59264  0.229645
59296  0.229645
59328  0.229645
59360  0.229645
59392  0.229645
59424  0.229645
59456  0.229645
59488  0.229645
59520  0.229645
59552  0.229645
59584  0.229645
59616  0.229645
59648  0.229645
59680  0.229645
59712  0.229645
59744  0.229645
59776  0.229645
59808  0.229645
59840  0.229645
59872  0.229645
59904  0.229645
59936  0.229645
59968  0.229645
60000  0.229645
60032  0.229645
60064  0.229645
60096  0.229645
60128  0.229645
60160  0.229645
60192  0.229645
60224  0.229645
60256  0.229645
60288  0.229645
60320  0.229645
60352  0.229645
60384  0.229645
60416  0.229645
60448  0.229645
60480  0.229645
60512  0.229645
60544  0.229645
60576  0.229645
60608  0.229645
60640  0.229645
60672  0.229645
60704  0.229645
60736  0.229645
60768  0.229645
60800  0.229645
60832  0.229645
60864  0.229645
60896  0.229645
60928  0.229645
60960  0.229645
60992  0.229645
61024  0.229645
61056  0.229645
61088  0.229645
61120  0.229645
61152  0.229645
61184  0.229645
61216  0.229645
61248  0.229645
61280  0.229645
61312  0.229645
61344  0.229645
61376  0.229645
61408  0.229645
61440  0.229645
61472  0.229645
61504  0.229645
61536  0.229645
61568  0.229645
61600  0.229645
61632  0.229645
61664  0.229645
61696  0.229645
61728  0.229645
61760  0.229645
61792  0.229645
61824  0.229645
61856  0.229645
61888  0.229645
61920  0.229645
61952  0.229645
61984  0.229645
62016  0.229645
62048  0.229645
62080  0.229645
62112  0.229645
62144  0.229645
62176  0.229645
62208  0.229645
62240  0.229645
62272  0.229645
62304  0.229645
62336  0.229645
62368  0.229645
62400  0.229645
62432  0.229645
62464  0.229645
62496  0.229645
62528  0.229645
62560  0.229645
62592  0.229645
62624  0.229645
62656  0.229645
62688  0.229645
62720  0.229645
62752  0.229645
62784  0.229645
62816  0.229645
62848  0.229645
62880  0.229645
62912  0.229645
62944  0.229645
62976  0.229645
63008  0.229645
63040  0.229645
63072  0.229645
63104  0.229645
63136  0.229645
63168  0.229645
63200  0.229645
63232  0.229645
63264  0.229645
63296  0.229645
63328  0.229645
63360  0.229645
63392  0.229645
63424  0.229645
63456  0.229645
63488  0.229645
63520  0.229645
63552  0.229645
63584  0.229645
63616  0.229645
63648  0.229645
63680  0.229645
63712  0.229645
63744  0.229645
63776  0.229645
63808  0.229645
63840  0.229645
63872  0.229645
63904  0.229645
63936  0.229645
63968  0.229645
64000  0.229645
64032  0.229645
64064  0.229645
64096  0.229645
64128  0.229645
64160  0.229645
64192  0.229645
64224  0.229645
64256  0.229645
64288  0.229645
64320  0.229645
64352  0.229645
64384  0.229645
64416  0.229645
64448  0.229645
64480  0.229645
64512  0.229645
64544  0.229645
64576  0.229645
64608  0.229645
64640  0.229645
64672  0.229645
64704  0.229645
64736  0.229645
64768  0.229645
64800  0.229645
64832  0.229645
64864  0.229645
64896  0.229645
64928  0.229645
64960  0.229645
64992  0.229645
65024  0.229645
65056  0.229645
65088  0.229645
65120  0.229645
65152  0.229645
65184  0.229645
65216  0.229645
65248  0.229645
65280  0.229645
65312  0.229645
65344  0.229645
65376  0.229645
65408  0.229645
65440  0.229645
65472  0.229645
65504  0.229645
65536  0.229645
65568  0.229645
65600  0.229645
65632  0.229645
65664  0.229645
65696  0.229645
65728  0.229645
65760  0.229645
65792  0.229645
65824  0.229645
65856  0.229645
65888  0.229645
65920  0.229645
65952  0.229645
65984  0.229645
66016  0.229645
66048  0.229645
66080  0.229645
66112  0.229645
66144  0.229645
66176  0.229645
66208  0.229645
66240  0.229645
66272  0.229645
66304  0.229645
66336  0.229645
66368  0.229645
66400  0.229645
66432  0.229645
66464  0.229645
66496  0.229645
66528  0.229645
66560  0.229645
66592  0.229645
66624  0.229645
66656  0.229645
66688  0.229645
66720  0.229645
66752  0.229645
66784  0.229645
66816  0.229645
66848  0.229645
66880  0.229645
66912  0.229645
66944  0.229645
66976  0.229645
67008  0.229645
67040  0.229645
67072  0.229645
67104  0.229645
67136  0.229645
67168  0.229645
67200  0.229645
67232  0.229645
67264  0.229645
67296  0.229645
67328  0.229645
67360  0.229645
67392  0.229645
67424  0.229645
67456  0.229645
67488  0.229645
67520  0.229645
67552  0.229645
67584  0.229645
67616  0.229645
67648  0.229645
67680  0.229645
67712  0.229645
67744  0.229645
67776  0.229645
67808  0.229645
67840  0.229645
67872  0.229645
67904  0.229645
67936  0.229645
67968  0.229645
68000  0.229645
68032  0.229645
68064  0.229645
68096  0.229645
68128  0.229645
68160  0.229645
68192  0.229645
68224  0.229645
68256  0.22964
68288  0.22964
68320  0.22964
68352  0.22964
68384  0.22964
68416  0.22964
68448  0.22964
68480  0.22964
68512  0.22964
68544  0.22964
68576  0.22964
68608  0.22964
68640  0.22964
68672  0.22964
68704  0.22964
68736  0.22964
68768  0.22964
68800  0.22964
68832  0.22964
68864  0.22964
68896  0.22964
68928  0.22964
68960  0.22964
68992  0.22964
69024  0.22964
69056  0.22964
69088  0.22964
69120  0.229633
69152  0.229633
69184  0.229633
69216  0.229633
69248  0.229633
69280  0.229633
69312  0.229633
69344  0.229633
69376  0.229633
69408  0.229633
69440  0.229633
69472  0.229633
69504  0.229633
69536  0.229633
69568  0.229633
69600  0.229633
69632  0.229633
69664  0.229633
69696  0.229633
69728  0.229633
69760  0.229633
69792  0.229633
69824  0.229633
69856  0.229633
69888  0.229633
69920  0.229633
69952  0.229633
69984  0.229633
70016  0.229633
70048  0.229633
70080  0.229633
70112  0.229633
70144  0.229633
70176  0.229633
70208  0.229633
70240  0.229633
70272  0.229633
70304  0.229633
70336  0.229633
70368  0.229633
70400  0.229633
70432  0.229633
70464  0.229633
70496  0.229633
70528  0.229633
70560  0.229633
70592  0.229633
70624  0.229633
70656  0.229633
70688  0.229633
70720  0.229633
70752  0.229633
70784  0.229633
70816  0.229633
70848  0.229633
70880  0.229633
70912  0.229633
70944  0.229633
70976  0.229633
71008  0.229633
71040  0.229633
71072  0.229633
71104  0.229633
71136  0.229633
71168  0.229633
71200  0.229633
71232  0.229633
71264  0.229633
71296  0.229633
71328  0.229633
71360  0.229633
71392  0.229633
71424  0.229633
71456  0.229633
71488  0.229633
71520  0.229633
71552  0.229633
71584  0.229633
71616  0.229633
71648  0.229633
71680  0.229633
71712  0.229633
71744  0.229633
71776  0.229633
71808  0.229633
71840  0.229633
71872  0.229633
71904  0.229633
71936  0.229633
71968  0.229633
72000  0.229633
72032  0.229633
72064  0.229633
72096  0.229633
72128  0.229633
72160  0.229633
72192  0.229633
72224  0.229633
72256  0.229633
72288  0.229633
72320  0.229633
72352  0.229633
72384  0.229633
72416  0.229633
72448  0.229633
72480  0.229633
72512  0.229633
72544  0.229633
72576  0.229633
72608  0.229633
72640  0.229633
72672  0.229633
72704  0.229633
72736  0.229633
72768  0.229633
72800  0.229633
72832  0.229633
72864  0.229633
72896  0.229633
72928  0.229633
72960  0.229633
72992  0.229633
73024  0.229633
73056  0.229633
73088  0.229633
73120  0.229633
73152  0.229633
73184  0.229633
73216  0.229633
73248  0.229633
73280  0.229633
73312  0.229633
73344  0.229633
73376  0.229633
73408  0.229633
73440  0.229633
73472  0.229633
73504  0.229633
73536  0.229633
73568  0.229633
73600  0.229633
73632  0.229633
73664  0.229633
73696  0.229633
73728  0.229633
73760  0.229633
73792  0.229633
73824  0.229633
73856  0.229633
73888  0.229633
73920  0.229633
73952  0.229633
73984  0.229633
74016  0.229633
74048  0.229633
74080  0.229633
74112  0.229633
74144  0.229633
74176  0.229633
74208  0.229633
74240  0.229633
74272  0.229633
74304  0.229633
74336  0.229633
74368  0.229633
74400  0.229633
74432  0.229617
74464  0.229617
74496  0.229583
74528  0.229583
74560  0.229583
74592  0.229583
74624  0.229583
74656  0.229583
74688  0.229583
74720  0.229583
74752  0.229583
74784  0.229583
74816  0.229583
74848  0.229583
74880  0.229583
74912  0.229583
74944  0.229583
74976  0.229583
75008  0.229583
75040  0.229583
75072  0.229583
75104  0.229583
75136  0.229583
75168  0.229583
75200  0.229583
75232  0.229583
75264  0.229583
75296  0.229583
75328  0.229583
75360  0.229583
75392  0.229583
75424  0.229583
75456  0.229583
75488  0.229583
75520  0.229583
75552  0.229583
75584  0.229583
75616  0.229583
75648  0.229583
75680  0.229583
75712  0.229583
75744  0.229583
75776  0.229583
75808  0.229583
75840  0.229583
75872  0.229583
75904  0.229583
75936  0.229583
75968  0.229563
76000  0.229563
76032  0.229563
76064  0.229563
76096  0.229563
76128  0.229563
76160  0.229563
76192  0.229563
76224  0.229563
76256  0.229533
76288  0.229533
76320  0.229533
76352  0.229533
76384  0.229533
76416  0.229533
76448  0.229533
76480  0.229533
76512  0.229533
76544  0.229533
76576  0.229533
76608  0.229533
76640  0.229533
76672  0.229533
76704  0.229533
76736  0.229533
76768  0.229533
76800  0.229533
76832  0.229533
76864  0.229533
76896  0.229533
76928  0.229533
76960  0.229533
76992  0.229533
77024  0.229533
77056  0.229533
77088  0.229533
77120  0.229533
77152  0.229533
77184  0.229533
77216  0.229533
77248  0.229533
77280  0.229533
77312  0.229533
77344  0.229533
77376  0.229533
77408  0.229533
77440  0.229533
77472  0.229533
77504  0.229533
77536  0.229533
77568  0.229533
77600  0.229533
77632  0.229533
77664  0.229533
77696  0.229533
77728  0.229533
77760  0.229533
77792  0.229533
77824  0.229533
77856  0.229533
77888  0.229533
77920  0.229533
77952  0.229533
77984  0.229533
78016  0.229533
78048  0.229533
78080  0.229533
78112  0.229533
78144  0.229533
78176  0.229533
78208  0.229533
78240  0.229533
78272  0.229515
78304  0.229515
78336  0.229515
78368  0.229515
78400  0.229515
78432  0.229515
78464  0.229515
78496  0.229515
78528  0.229515
78560  0.229515
78592  0.229515
78624  0.229515
78656  0.229515
78688  0.229515
78720  0.229515
78752  0.229515
78784  0.229515
78816  0.229515
78848  0.229515
78880  0.229515
78912  0.229515
78944  0.229515
78976  0.229515
79008  0.229515
79040  0.229515
79072  0.229515
79104  0.229515
79136  0.229515
79168  0.229515
79200  0.229515
79232  0.229515
79264  0.229515
79296  0.229515
79328  0.229515
79360  0.229515
79392  0.229515
79424  0.229515
79456  0.229515
79488  0.229515
79520  0.229515
79552  0.229515
79584  0.229515
79616  0.229515
79648  0.229515
79680  0.229515
79712  0.229515
79744  0.229481
79776  0.229481
79808  0.229481
79840  0.229481
79872  0.229481
79904  0.229481
79936  0.229481
79968  0.229481
80000  0.229481
80032  0.229481
80064  0.229481
80096  0.229481
80128  0.229481
80160  0.229481
80192  0.229481
80224  0.229481
80256  0.229481
80288  0.229481
80320  0.229481
80352  0.229481
80384  0.229481
80416  0.229481
80448  0.229481
80480  0.229481
80512  0.229481
80544  0.229481
80576  0.229481
80608  0.229481
80640  0.229481
80672  0.229481
80704  0.229481
80736  0.229481
80768  0.229481
80800  0.229481
80832  0.229481
80864  0.229481
80896  0.229481
80928  0.229481
80960  0.229481
80992  0.229481
81024  0.229481
81056  0.229481
81088  0.229481
81120  0.229481
81152  0.229481
81184  0.229481
81216  0.229481
81248  0.229481
81280  0.229481
81312  0.229481
81344  0.229481
81376  0.229481
81408  0.229481
81440  0.229481
81472  0.229481
81504  0.229481
81536  0.229481
81568  0.229481
81600  0.229481
81632  0.229481
81664  0.229481
81696  0.229481
81728  0.229481
81760  0.229481
81792  0.229481
81824  0.229481
81856  0.229481
81888  0.229481
81920  0.229481
81952  0.229481
81984  0.229481
82016  0.229481
82048  0.229481
82080  0.229481
82112  0.229481
82144  0.229481
82176  0.229481
82208  0.229481
82240  0.229481
82272  0.229481
82304  0.229481
82336  0.229481
82368  0.229481
82400  0.229481
82432  0.229481
82464  0.229481
82496  0.229481
82528  0.229481
82560  0.229481
82592  0.229481
82624  0.229481
82656  0.229481
82688  0.229481
82720  0.229481
82752  0.229481
82784  0.229481
82816  0.229481
82848  0.229481
82880  0.229481
82912  0.229481
82944  0.229481
82976  0.229481
83008  0.229481
83040  0.229481
83072  0.229481
83104  0.229481
83136  0.229481
83168  0.229481
83200  0.229481
83232  0.229481
83264  0.229481
83296  0.229481
83328  0.229481
83360  0.229481
83392  0.229481
83424  0.229481
83456  0.229481
83488  0.229481
83520  0.229481
83552  0.229481
83584  0.229481
83616  0.229481
83648  0.229481
83680  0.229481
83712  0.229481
83744  0.229481
83776  0.229481
83808  0.229481
83840  0.229481
83872  0.229481
83904  0.229481
83936  0.229481
83968  0.229481
84000  0.229481
84032  0.229481
84064  0.229481
84096  0.229481
84128  0.229481
84160  0.229481
84192  0.229481
84224  0.229481
84256  0.229481
84288  0.229481
84320  0.229481
84352  0.229481
84384  0.229464
84416  0.229464
84448  0.229464
84480  0.229464
84512  0.229464
84544  0.229464
84576  0.229464
84608  0.229464
84640  0.229464
84672  0.229464
84704  0.229464
84736  0.229464
84768  0.229464
84800  0.229464
84832  0.229464
84864  0.229464
84896  0.229464
84928  0.229464
84960  0.229464
84992  0.229464
85024  0.229464
85056  0.229464
85088  0.229464
85120  0.229464
85152  0.229464
85184  0.229464
85216  0.229464
85248  0.229464
85280  0.229464
85312  0.229464
85344  0.229464
85376  0.229464
85408  0.229464
85440  0.229464
85472  0.229464
85504  0.229464
85536  0.229464
85568  0.229464
85600  0.229464
85632  0.229464
85664  0.229464
85696  0.229464
85728  0.229464
85760  0.229464
85792  0.229464
85824  0.229464
85856  0.229464
85888  0.229464
85920  0.229464
85952  0.229464
85984  0.229464
86016  0.229464
86048  0.229464
86080  0.229464
86112  0.229464
86144  0.22941
86176  0.22941
86208  0.22941
86240  0.22941
86272  0.22941
86304  0.22941
86336  0.22941
86368  0.22941
86400  0.22941
86432  0.22941
86464  0.229368
86496  0.229368
86528  0.229354
86560  0.229354
86592  0.229354
86624  0.229354
86656  0.229354
86688  0.229354
86720  0.229354
86752  0.229354
86784  0.229354
86816  0.229354
86848  0.229354
86880  0.229354
86912  0.229354
86944  0.229354
86976  0.229354
87008  0.229354
87040  0.229354
87072  0.229354
87104  0.229354
87136  0.229354
87168  0.229354
87200  0.229354
87232  0.229354
87264  0.229354
87296  0.229354
87328  0.229354
87360  0.229354
87392  0.229354
87424  0.229354
87456  0.229354
87488  0.229354
87520  0.229354
87552  0.229354
87584  0.229354
87616  0.229354
87648  0.229354
87680  0.229354
87712  0.229354
87744  0.229354
87776  0.229354
87808  0.229309
87840  0.229309
87872  0.229309
87904  0.229309
87936  0.229309
87968  0.229309
88000  0.229309
88032  0.229309
88064  0.229309
88096  0.229309
88128  0.229309
88160  0.229309
88192  0.229284
88224  0.229284
88256  0.229284
88288  0.229284
88320  0.229284
88352  0.229284
88384  0.229284
88416  0.229284
88448  0.229284
88480  0.229284
88512  0.229284
88544  0.229284
88576  0.229284
88608  0.229274
88640  0.229274
88672  0.229274
88704  0.229274
88736  0.229274
88768  0.229274
88800  0.229274
88832  0.229274
88864  0.229274
88896  0.229274
88928  0.229274
88960  0.229274
88992  0.229274
89024  0.229274
89056  0.229274
89088  0.229274
89120  0.229274
89152  0.229274
89184  0.229274
89216  0.229274
89248  0.229274
89280  0.229274
89312  0.229274
89344  0.229274
89376  0.229274
89408  0.229274
89440  0.229274
89472  0.229274
89504  0.229274
89536  0.229274
89568  0.229274
89600  0.229274
89632  0.229274
89664  0.229274
89696  0.229274
89728  0.229274
89760  0.229274
89792  0.229274
89824  0.229274
89856  0.229274
89888  0.229274
89920  0.229274
89952  0.229274
89984  0.229274
90016  0.229274
90048  0.229274
90080  0.229274
90112  0.229274
90144  0.229274
90176  0.229274
90208  0.229274
90240  0.229274
90272  0.229274
90304  0.229274
90336  0.229274
90368  0.229274
90400  0.229274
90432  0.229274
90464  0.229274
90496  0.229274
90528  0.229274
90560  0.229274
90592  0.229274
90624  0.229274
90656  0.229274
90688  0.229274
90720  0.229274
90752  0.229274
90784  0.229274
90816  0.229274
90848  0.229274
90880  0.229274
90912  0.229274
90944  0.229274
90976  0.229274
91008  0.229274
91040  0.229274
91072  0.229274
91104  0.229274
91136  0.229274
91168  0.229274
91200  0.229274
91232  0.229274
91264  0.229274
91296  0.229274
91328  0.229274
91360  0.229274
91392  0.229274
91424  0.229274
91456  0.229274
91488  0.229274
91520  0.229274
91552  0.229274
91584  0.229274
91616  0.229274
91648  0.229274
91680  0.229274
91712  0.229274
91744  0.229274
91776  0.229274
91808  0.229274
91840  0.229274
91872  0.229274
91904  0.229274
91936  0.229274
91968  0.229274
92000  0.229274
92032  0.229274
92064  0.229274
92096  0.229274
92128  0.229274
92160  0.229274
92192  0.229274
92224  0.229274
92256  0.229274
92288  0.229274
92320  0.229274
92352  0.229274
92384  0.229274
92416  0.229274
92448  0.229274
92480  0.229274
92512  0.229274
92544  0.229274
92576  0.229274
92608  0.229274
92640  0.229274
92672  0.229274
92704  0.229274
92736  0.229274
92768  0.229274
92800  0.229274
92832  0.229274
92864  0.229274
92896  0.229274
92928  0.229274
92960  0.229274
92992  0.229274
93024  0.229274
93056  0.229274
93088  0.229274
93120  0.229274
93152  0.229274
93184  0.229274
93216  0.229274
93248  0.229274
93280  0.229274
93312  0.229274
93344  0.229274
93376  0.229274
93408  0.229274
93440  0.229274
93472  0.229164
93504  0.229164
93536  0.229164
93568  0.229164
93600  0.229164
93632  0.229164
93664  0.229164
93696  0.229164
93728  0.229164
93760  0.229164
93792  0.229164
93824  0.229164
93856  0.229164
93888  0.229164
93920  0.229164
93952  0.229164
93984  0.229164
94016  0.229164
94048  0.229164
94080  0.229164
94112  0.229164
94144  0.229164
94176  0.229164
94208  0.229164
94240  0.229164
94272  0.229164
94304  0.229164
94336  0.229164
94368  0.229164
94400  0.229164
94432  0.229164
94464  0.229164
94496  0.229164
94528  0.229164
94560  0.229164
94592  0.229164
94624  0.229164
94656  0.229164
94688  0.229164
94720  0.229164
94752  0.229164
94784  0.229164
94816  0.229164
94848  0.229164
94880  0.229164
94912  0.229164
94944  0.229164
94976  0.229164
95008  0.229164
95040  0.229164
95072  0.229164
95104  0.229164
95136  0.229164
95168  0.229164
95200  0.229164
95232  0.229164
95264  0.229164
95296  0.229164
95328  0.229164
95360  0.229164
95392  0.229164
95424  0.229164
95456  0.229164
95488  0.229164
95520  0.229145
95552  0.229145
95584  0.229145
95616  0.229145
95648  0.229145
95680  0.229145
95712  0.229145
95744  0.229145
95776  0.229145
95808  0.229145
95840  0.229145
95872  0.229145
95904  0.229145
95936  0.229145
95968  0.229145
96000  0.229145
96032  0.229145
