Step  Penalty
32  0.493635
64  0.493635
96  0.493635
128  0.493635
160  0.487201
192  0.479771
224  0.466838
256  0.446147
288  0.416122
320  0.39071
352  0.37343
384  0.356447
416  0.329225
448  0.312676
480  0.300808
512  0.287395
544  0.278034
576  0.26818
608  0.26487
640  0.257452
672  0.252585
704  0.250392
736  0.243955
768  0.243955
800  0.243955
832  0.242946
864  0.242946
896  0.242946
928  0.242946
960  0.239594
992  0.239594
1024  0.239594
1056  0.239594
1088  0.239594
1120  0.239415
1152  0.239415
1184  0.239415
1216  0.239415
1248  0.239415
1280  0.23877
1312  0.23877
1344  0.23877
1376  0.23877
1408  0.23877
1440  0.236165
1472  0.236165
1504  0.236165
1536  0.236165
1568  0.236165
1600  0.236165
1632  0.236165
1664  0.236165
1696  0.236165
1728  0.236165
1760  0.236165
1792  0.236165
1824  0.236165
1856  0.236165
1888  0.236165
1920  0.236165
1952  0.236165
1984  0.235198
2016  0.235198
2048  0.235198
2080  0.235198
2112  0.235198
2144  0.235198
2176  0.235198
2208  0.235198
2240  0.235198
2272  0.235198
2304  0.235198
2336  0.235198
2368  0.235198
2400  0.235198
2432  0.231557
2464  0.231557
2496  0.231557
2528  0.231557
2560  0.231557
2592  0.231557
2624  0.231557
2656  0.231557
2688  0.231557
2720  0.231557
2752  0.231557
2784  0.231557
2816  0.231557
2848  0.231557
2880  0.231557
2912  0.231557
2944  0.231557
2976  0.231557
3008  0.231557
3040  0.231557
3072  0.231557
3104  0.231557
3136  0.231557
3168  0.231557
3200  0.231557
3232  0.231557
3264  0.231557
3296  0.231557
3328  0.231557
3360  0.231557
3392  0.231557
3424  0.231557
3456  0.231557
3488  0.231557
3520  0.231557
3552  0.231557
3584  0.231557
3616  0.231557
3648  0.231557
3680  0.231557
3712  0.231557
3744  0.231557
3776  0.231557
3808  0.231557
3840  0.231557
3872  0.231557
3904  0.231557
3936  0.231557
3968  0.231557
4000  0.231557
4032  0.231557
4064  0.231557
4096  0.231557
4128  0.231557
4160  0.231557
4192  0.231557
4224  0.231557
4256  0.231557
4288  0.231557
4320  0.231557
4352  0.231557
4384  0.231557
4416  0.231557
4448  0.231557
4480  0.231557
4512  0.231557
4544  0.231557
4576  0.231557
4608  0.231557
4640  0.231557
4672  0.231557
4704  0.231557
4736  0.231557
4768  0.231557
4800  0.231557
4832  0.231557
4864  0.231557
4896  0.231557
4928  0.231557
4960  0.231557
4992  0.231557
5024  0.231557
5056  0.231557
5088  0.231557
5120  0.231557
5152  0.231557
5184  0.231557
5216  0.231557
5248  0.231557
5280  0.231557
5312  0.231557
5344  0.231557
5376  0.231557
5408  0.231557
5440  0.231557
5472  0.231557
5504  0.231557
5536  0.231557
5568  0.231557
5600  0.231557
5632  0.231557
5664  0.231557
5696  0.231557
5728  0.231557
5760  0.231557
5792  0.231557
5824  0.231557
5856  0.231557
5888  0.231557
5920  0.231557
5952  0.231557
5984  0.231557
6016  0.231557
6048  0.231557
6080  0.231557
6112  0.231557
6144  0.231557
6176  0.231557
6208  0.231557
6240  0.231557
6272  0.231557
6304  0.231557
6336  0.231557
6368  0.231557
6400  0.231557
6432  0.231557
6464  0.231557
6496  0.231557
6528  0.231557
6560  0.231557
6592  0.231557
6624  0.231557
6656  0.231557
6688  0.231557
6720  0.231557
6752  0.231557
6784  0.231557
6816  0.231557
6848  0.231557
6880  0.231557
6912  0.231557
6944  0.231557
6976  0.231557
7008  0.231557
7040  0.231557
7072  0.231557
7104  0.231557
7136  0.231557
7168  0.231557
7200  0.231557
7232  0.231557
7264  0.231557
7296  0.231557
7328  0.231557
7360  0.231557
7392  0.231557
7424  0.231557
7456  0.231557
7488  0.231557
7520  0.231557
7552  0.231557
7584  0.231557
7616  0.231557
7648  0.231557
7680  0.231557
7712  0.231557
7744  0.231557
7776  0.231557
7808  0.231557
7840  0.231557
7872  0.231557
7904  0.231557
7936  0.231557
7968  0.231557
8000  0.231557
8032  0.231557
8064  0.231557
8096  0.231557
8128  0.231557
8160  0.231557
8192  0.231557
8224  0.231557
8256  0.231557
8288  0.231557
8320  0.231557
8352  0.231557
8384  0.231557
8416  0.231557
8448  0.231557
8480  0.231557
8512  0.231557
8544  0.231557
8576  0.231557
8608  0.231557
8640  0.231557
8672  0.231557
8704  0.231557
8736  0.231557
8768  0.231557
8800  0.231557
8832  0.231557
8864  0.231557
8896  0.231557
8928  0.231557
8960  0.231557
8992  0.231557
9024  0.231557
9056  0.231557
9088  0.231557
9120  0.231557
9152  0.231557
9184  0.231557
9216  0.231557
9248  0.231557
9280  0.231557
9312  0.231557
9344  0.231557
9376  0.231557
9408  0.231557
9440  0.231557
9472  0.231557
9504  0.231557
9536  0.231557
9568  0.231557
9600  0.231557
9632  0.231557
9664  0.231557
9696  0.231557
9728  0.231557
9760  0.231557
9792  0.231557
9824  0.231557
9856  0.231557
9888  0.231557
9920  0.231557
9952  0.231557
9984  0.231557
10016  0.231557
10048  0.231557
10080  0.231557
10112  0.231557
10144  0.231557
10176  0.231557
10208  0.231557
10240  0.231557
10272  0.231557
10304  0.231557
10336  0.231557
10368  0.231557
10400  0.231557
10432  0.231557
10464  0.231557
10496  0.231557
10528  0.231557
10560  0.231557
10592  0.231557
10624  0.231557
10656  0.231557
10688  0.231557
10720  0.231557
10752  0.231557
10784  0.231557
10816  0.231557
10848  0.231557
10880  0.231557
10912  0.231557
10944  0.231557
10976  0.231557
11008  0.231557
11040  0.231557
11072  0.231557
11104  0.231557
11136  0.231557
11168  0.231557
11200  0.231557
11232  0.231557
11264  0.231557
11296  0.231557
11328  0.231557
11360  0.231557
11392  0.231557
11424  0.231557
11456  0.231557
11488  0.231557
11520  0.231557
11552  0.231557
11584  0.231557
11616  0.231557
11648  0.231557
11680  0.231557
11712  0.231557
11744  0.231557
11776  0.231557
11808  0.231557
11840  0.231557
11872  0.231557
11904  0.231557
11936  0.231557
11968  0.231557
12000  0.231557
12032  0.231557
12064  0.231557
12096  0.231557
12128  0.231557
12160  0.231557
12192  0.231557
12224  0.231557
12256  0.231557
12288  0.231557
12320  0.231557
12352  0.231557
12384  0.231557
12416  0.231557
12448  0.231557
12480  0.231557
12512  0.231557
12544  0.231557
12576  0.231557
12608  0.231557
12640  0.231557
12672  0.231557
12704  0.231557
12736  0.231557
12768  0.231557
12800  0.231557
12832  0.231557
12864  0.231557
12896  0.231557
12928  0.231557
12960  0.231557
12992  0.231557
13024  0.231557
13056  0.231557
13088  0.231557
13120  0.231557
13152  0.231557
13184  0.231557
13216  0.231557
13248  0.231557
13280  0.231557
13312  0.231557
13344  0.231557
13376  0.231557
13408  0.231557
13440  0.231557
13472  0.231557
13504  0.231557
13536  0.231557
13568  0.231557
13600  0.231557
13632  0.231557
13664  0.231557
13696  0.231557
13728  0.231557
13760  0.231557
13792  0.231557
13824  0.231557
13856  0.231557
13888  0.231557
13920  0.231557
13952  0.231557
13984  0.231557
14016  0.231557
14048  0.231557
14080  0.231557
14112  0.231557
14144  0.231557
14176  0.231557
14208  0.231557
14240  0.231557
14272  0.231557
14304  0.231557
14336  0.231557
14368  0.231557
14400  0.231557
14432  0.231557
14464  0.231557
14496  0.231557
14528  0.231557
14560  0.231557
14592  0.231557
14624  0.231557
14656  0.231557
14688  0.231557
14720  0.231557
14752  0.231557
14784  0.231557
14816  0.231557
14848  0.231557
14880  0.231557
14912  0.231557
14944  0.231557
14976  0.231557
15008  0.231557
15040  0.231557
15072  0.231557
15104  0.231557
15136  0.231557
15168  0.231557
15200  0.231557
15232  0.231557
15264  0.231557
15296  0.231557
15328  0.231557
15360  0.231557
15392  0.231557
15424  0.231557
15456  0.231557
15488  0.231557
15520  0.231557
15552  0.231557
15584  0.231557
15616  0.231557
15648  0.231557
15680  0.231557
15712  0.231557
15744  0.231557
15776  0.231557
15808  0.231557
15840  0.231557
15872  0.231557
15904  0.231557
15936  0.231557
15968  0.231557
16000  0.231557
16032  0.231557
16064  0.231557
16096  0.231557
16128  0.231557
16160  0.231557
16192  0.231557
16224  0.231557
16256  0.231557
16288  0.231557
16320  0.231557
16352  0.231557
16384  0.231557
16416  0.231557
16448  0.231557
16480  0.231557
16512  0.231557
16544  0.231557
16576  0.231557
16608  0.231557
16640  0.231557
16672  0.231557
16704  0.231557
16736  0.231557
16768  0.231557
16800  0.231557
16832  0.231557
16864  0.231557
16896  0.231557
16928  0.231557
16960  0.231557
16992  0.231557
17024  0.231557
17056  0.231557
17088  0.231557
17120  0.231557
17152  0.231557
17184  0.231557
17216  0.231557
17248  0.231557
17280  0.231557
17312  0.231557
17344  0.231557
17376  0.231557
17408  0.231557
17440  0.231557
17472  0.231557
17504  0.231557
17536  0.231557
17568  0.231557
17600  0.231557
17632  0.231557
17664  0.231557
17696  0.231557
17728  0.231557
17760  0.231557
17792  0.231557
17824  0.231557
17856  0.231557
17888  0.231557
17920  0.231557
17952  0.231557
17984  0.231557
18016  0.231557
18048  0.231557
18080  0.231557
18112  0.231557
18144  0.231557
18176  0.231557
18208  0.231557
18240  0.231557
18272  0.231557
18304  0.231557
18336  0.231557
18368  0.231557
18400  0.231557
18432  0.231557
18464  0.231557
18496  0.231557
18528  0.231557
18560  0.231557
18592  0.231557
18624  0.231557
18656  0.231557
18688  0.231557
18720  0.231557
18752  0.231557
18784  0.231557
18816  0.231557
18848  0.231557
18880  0.231557
18912  0.231557
18944  0.231557
18976  0.231557
19008  0.231557
19040  0.231557
19072  0.231557
19104  0.231557
19136  0.231557
19168  0.231557
19200  0.231557
19232  0.231557
19264  0.231557
19296  0.231557
19328  0.231557
19360  0.231557
19392  0.231557
19424  0.231557
19456  0.231557
19488  0.231557
19520  0.231557
19552  0.231557
19584  0.231557
19616  0.231557
19648  0.231557
19680  0.231557
19712  0.231557
19744  0.231557
19776  0.231557
19808  0.231557
19840  0.231557
19872  0.231557
19904  0.231557
19936  0.231557
19968  0.231557
20000  0.231557
20032  0.231557
20064  0.231557
20096  0.231557
20128  0.231557
20160  0.231557
20192  0.231557
20224  0.231557
20256  0.231557
20288  0.231557
20320  0.231557
20352  0.231557
20384  0.231557
20416  0.231557
20448  0.231557
20480  0.231557
20512  0.231557
20544  0.231557
20576  0.231557
20608  0.231557
20640  0.231557
20672  0.231557
20704  0.231557
20736  0.231557
20768  0.231557
20800  0.231557
20832  0.231557
20864  0.231557
20896  0.231557
20928  0.231557
20960  0.231557
20992  0.231557
21024  0.231557
21056  0.231557
21088  0.231557
21120  0.231557
21152  0.231557
21184  0.231557
21216  0.231557
21248  0.231557
21280  0.231557
21312  0.231557
21344  0.231557
21376  0.231557
21408  0.231557
21440  0.231557
21472  0.231557
21504  0.231557
21536  0.231557
21568  0.231557
21600  0.231557
21632  0.231557
21664  0.231557
21696  0.231557
21728  0.231557
21760  0.231557
21792  0.231557
21824  0.231557
21856  0.231557
21888  0.231557
21920  0.231557
21952  0.231557
21984  0.231557
22016  0.231557
22048  0.231557
22080  0.231557
22112  0.231557
22144  0.231557
22176  0.231557
22208  0.231557
22240  0.231557
22272  0.231557
22304  0.231557
22336  0.231557
22368  0.231557
22400  0.231557
22432  0.231557
22464  0.231557
22496  0.231557
22528  0.231557
22560  0.231557
22592  0.231557
22624  0.231557
22656  0.231557
22688  0.231557
22720  0.231557
22752  0.231557
22784  0.231557
22816  0.231557
22848  0.231557
22880  0.231557
22912  0.231557
22944  0.231557
22976  0.231557
23008  0.231557
23040  0.231557
23072  0.231557
23104  0.231557
23136  0.231557
23168  0.231557
23200  0.231557
23232  0.231557
23264  0.231557
23296  0.231557
23328  0.231557
23360  0.231557
23392  0.231557
23424  0.231557
23456  0.231557
23488  0.231557
23520  0.231557
23552  0.231557
23584  0.231557
23616  0.231557
23648  0.231557
23680  0.231557
23712  0.231557
23744  0.231557
23776  0.231557
23808  0.231557
23840  0.231557
23872  0.231557
23904  0.231557
23936  0.231557
23968  0.231557
24000  0.231557
24032  0.231557
24064  0.231557
24096  0.231557
24128  0.231557
24160  0.231557
24192  0.231557
24224  0.231557
24256  0.231557
24288  0.231557
24320  0.231557
24352  0.231557
24384  0.231557
24416  0.231557
24448  0.231557
24480  0.231557
24512  0.231557
24544  0.231557
24576  0.231557
24608  0.231557
24640  0.231557
24672  0.231557
24704  0.231557
24736  0.231557
24768  0.231557
24800  0.231557
24832  0.231557
24864  0.231557
24896  0.231557
24928  0.231557
24960  0.231557
24992  0.231557
25024  0.231557
25056  0.231557
25088  0.231557
25120  0.231557
25152  0.231557
25184  0.231557
25216  0.231557
25248  0.231557
25280  0.231557
25312  0.231557
25344  0.231557
25376  0.231557
25408  0.231557
25440  0.231557
25472  0.231557
25504  0.231557
25536  0.231557
25568  0.231557
25600  0.231557
25632  0.231557
25664  0.231557
25696  0.231557
25728  0.231557
25760  0.231557
25792  0.231557
25824  0.231557
25856  0.231557
25888  0.231557
25920  0.231557
25952  0.231557
25984  0.231557
26016  0.231557
26048  0.231557
26080  0.231557
26112  0.231557
26144  0.231557
26176  0.231557
26208  0.231557
26240  0.231557
26272  0.231557
26304  0.231557
26336  0.231557
26368  0.231557
26400  0.231557
26432  0.231557
26464  0.231557
26496  0.231557
26528  0.231557
26560  0.231557
26592  0.231557
26624  0.231557
26656  0.231557
26688  0.231557
26720  0.231557
26752  0.231557
26784  0.231557
26816  0.231557
26848  0.231557
26880  0.231557
26912  0.231557
26944  0.231557
26976  0.231557
27008  0.231557
27040  0.231557
27072  0.231557
27104  0.231557
27136  0.231557
27168  0.231557
27200  0.231557
27232  0.231557
27264  0.231557
27296  0.231557
27328  0.231557
27360  0.231557
27392  0.231557
27424  0.231557
27456  0.231557
27488  0.231557
27520  0.231557
27552  0.231557
27584  0.231557
27616  0.231557
27648  0.231557
27680  0.231557
27712  0.231557
27744  0.231557
27776  0.231557
27808  0.231557
27840  0.231557
27872  0.231557
27904  0.231557
27936  0.231557
27968  0.231557
28000  0.231557
28032  0.231557
28064  0.231557
28096  0.231557
28128  0.231557
28160  0.231557
28192  0.231557
28224  0.231557
28256  0.231557
28288  0.231557
28320  0.231557
28352  0.231557
28384  0.231557
28416  0.231557
28448  0.231557
28480  0.231557
28512  0.231557
28544  0.231557
28576  0.231557
28608  0.231557
28640  0.231557
28672  0.231557
28704  0.231557
28736  0.231557
28768  0.231557
28800  0.231557
28832  0.231557
28864  0.231557
28896  0.231557
28928  0.231557
28960  0.231557
28992  0.231557
29024  0.231557
29056  0.230736
29088  0.230736
29120  0.230736
29152  0.230736
29184  0.230736
29216  0.230736
29248  0.230736
29280  0.230736
29312  0.230736
29344  0.230736
29376  0.230736
29408  0.230736
29440  0.230736
29472  0.230736
29504  0.230736
29536  0.230736
29568  0.230736
29600  0.230736
29632  0.230736
29664  0.230736
29696  0.230736
29728  0.230736
29760  0.230736
29792  0.230736
29824  0.230736
29856  0.230736
29888  0.230736
29920  0.230736
29952  0.230736
29984  0.230736
30016  0.230736
30048  0.230736
30080  0.230736
30112  0.230736
30144  0.230736
30176  0.230736
30208  0.230736
30240  0.230736
30272  0.230736
30304  0.230736
30336  0.230736
30368  0.230736
30400  0.230736
30432  0.230736
30464  0.230736
30496  0.230736
30528  0.230736
30560  0.230736
30592  0.230736
30624  0.230736
30656  0.230736
30688  0.230736
30720  0.230736
30752  0.230736
30784  0.230736
30816  0.230736
30848  0.230736
30880  0.230736
30912  0.230736
30944  0.230736
30976  0.230736
31008  0.230736
31040  0.230736
31072  0.230736
31104  0.230736
31136  0.230736
31168  0.230736
31200  0.230736
31232  0.230736
31264  0.230736
31296  0.230736
31328  0.230736
31360  0.230736
31392  0.230736
31424  0.230736
31456  0.230736
31488  0.230736
31520  0.230736
31552  0.230736
31584  0.230736
31616  0.230736
31648  0.230736
31680  0.230736
31712  0.230736
31744  0.230736
31776  0.230736
31808  0.230736
31840  0.230736
31872  0.230736
31904  0.230736
31936  0.230736
31968  0.230736
32000  0.230736
32032  0.230736
32064  0.230736
32096  0.230736
32128  0.230736
32160  0.230736
32192  0.230736
32224  0.230736
32256  0.230736
32288  0.230736
32320  0.230736
32352  0.230736
32384  0.230736
32416  0.230736
32448  0.230736
32480  0.230736
32512  0.230736
32544  0.230736
32576  0.230736
32608  0.230736
32640  0.230736
32672  0.230736
32704  0.230736
32736  0.230736
32768  0.230736
32800  0.230736
32832  0.230736
32864  0.230736
32896  0.230736
32928  0.230736
32960  0.230736
32992  0.230736
33024  0.230736
33056  0.230736
33088  0.230736
33120  0.230736
33152  0.230736
33184  0.230736
33216  0.230736
33248  0.230736
33280  0.230736
33312  0.230736
33344  0.230736
33376  0.230736
33408  0.230736
33440  0.230736
33472  0.230736
33504  0.230736
33536  0.230736
33568  0.230736
33600  0.230736
33632  0.230736
33664  0.230736
33696  0.230736
33728  0.230736
33760  0.230736
33792  0.230736
33824  0.230736
33856  0.230736
33888  0.230736
33920  0.230736
33952  0.230736
33984  0.230736
34016  0.230736
34048  0.230736
34080  0.230736
34112  0.230736
34144  0.230736
34176  0.230736
34208  0.230736
34240  0.230736
34272  0.230736
34304  0.230736
34336  0.230736
34368  0.230736
34400  0.230736
34432  0.230736
34464  0.230736
34496  0.230736
34528  0.230736
34560  0.230736
34592  0.230736
34624  0.230736
34656  0.230736
34688  0.230736
34720  0.230736
34752  0.230736
34784  0.230736
34816  0.230736
34848  0.230736
34880  0.230736
34912  0.230736
34944  0.230736
34976  0.230736
35008  0.230736
35040  0.230736
35072  0.230736
35104  0.230736
35136  0.230736
35168  0.230736
35200  0.230736
35232  0.230736
35264  0.230736
35296  0.230736
35328  0.230736
35360  0.230736
35392  0.230736
35424  0.230736
35456  0.230736
35488  0.230736
35520  0.230736
35552  0.230736
35584  0.230736
35616  0.230736
35648  0.230736
35680  0.230736
35712  0.230736
35744  0.230736
35776  0.230736
35808  0.230736
35840  0.230736
35872  0.230736
35904  0.230736
35936  0.230736
35968  0.230736
36000  0.230736
36032  0.230736
36064  0.230736
36096  0.230736
36128  0.230736
36160  0.230736
36192  0.230736
36224  0.230736
36256  0.230736
36288  0.230736
36320  0.230736
36352  0.230736
36384  0.230736
36416  0.230736
36448  0.230736
36480  0.230736
36512  0.230736
36544  0.230736
36576  0.230736
36608  0.230736
36640  0.230736
36672  0.230736
36704  0.230736
36736  0.230736
36768  0.230736
36800  0.230736
36832  0.230736
36864  0.230736
36896  0.230736
36928  0.230736
36960  0.230736
36992  0.230736
37024  0.230736
37056  0.230736
37088  0.230736
37120  0.230736
37152  0.230736
37184  0.230736
37216  0.230736
37248  0.230736
37280  0.230736
37312  0.230736
37344  0.230736
37376  0.230736
37408  0.230736
37440  0.230736
37472  0.230736
37504  0.230736
37536  0.230736
37568  0.230736
37600  0.230736
37632  0.230736
37664  0.230736
37696  0.230736
37728  0.230736
37760  0.230736
37792  0.230736
37824  0.230736
37856  0.230736
37888  0.230736
37920  0.230736
37952  0.230736
37984  0.230736
38016  0.230736
38048  0.230736
38080  0.230736
38112  0.230736
38144  0.230736
38176  0.230736
38208  0.230736
38240  0.230736
38272  0.230736
38304  0.230736
38336  0.230736
38368  0.230736
38400  0.230736
38432  0.230736
38464  0.230736
38496  0.230736
38528  0.230736
38560  0.230736
38592  0.230736
38624  0.230736
38656  0.230736
38688  0.230736
38720  0.230736
38752  0.230736
38784  0.230736
38816  0.230736
38848  0.230736
38880  0.230736
38912  0.230736
38944  0.230736
38976  0.230736
39008  0.230736
39040  0.230736
39072  0.230736
39104  0.230736
39136  0.230736
39168  0.230736
39200  0.230736
39232  0.230736
39264  0.230736
39296  0.230736
39328  0.230736
39360  0.230736
39392  0.230736
39424  0.230736
39456  0.230736
39488  0.230736
39520  0.230736
39552  0.230736
39584  0.230736
39616  0.230736
39648  0.230736
39680  0.230736
39712  0.230736
39744  0.230736
39776  0.230736
39808  0.230736
39840  0.230736
39872  0.230736
39904  0.230736
39936  0.230736
39968  0.230736
40000  0.230736
40032  0.230736
40064  0.230736
40096  0.230736
40128  0.230736
40160  0.230736
40192  0.230736
40224  0.230736
40256  0.230736
40288  0.230736
40320  0.230736
40352  0.230736
40384  0.230736
40416  0.230736
40448  0.230736
40480  0.230736
40512  0.230736
40544  0.230736
40576  0.230736
40608  0.230736
40640  0.230736
40672  0.230736
40704  0.230736
40736  0.230736
40768  0.230736
40800  0.230736
40832  0.230736
40864  0.230736
40896  0.230736
40928  0.230736
40960  0.230736
40992  0.230736
41024  0.230736
41056  0.230736
41088  0.230736
41120  0.230736
41152  0.230736
41184  0.230736
41216  0.230736
41248  0.230736
41280  0.230736
41312  0.230736
41344  0.230736
41376  0.230736
41408  0.230736
41440  0.230736
41472  0.230736
41504  0.230736
41536  0.230736
41568  0.230736
41600  0.230736
41632  0.230736
41664  0.230736
41696  0.230736
41728  0.230736
41760  0.230736
41792  0.230736
41824  0.230736
41856  0.230736
41888  0.230736
41920  0.230736
41952  0.230736
41984  0.230736
42016  0.230736
42048  0.230736
42080  0.230736
42112  0.230736
42144  0.230736
42176  0.230736
42208  0.230736
42240  0.230736
42272  0.230736
42304  0.230736
42336  0.230736
42368  0.230736
42400  0.230736
42432  0.230736
42464  0.230736
42496  0.230736
42528  0.230736
42560  0.230736
42592  0.230736
42624  0.230736
42656  0.230736
42688  0.230736
42720  0.230736
42752  0.230736
42784  0.230736
42816  0.230736
42848  0.230736
42880  0.230736
42912  0.230736
42944  0.230736
42976  0.230736
43008  0.230736
43040  0.230736
43072  0.230736
43104  0.230736
43136  0.230736
43168  0.230736
43200  0.230736
43232  0.230736
43264  0.230736
43296  0.230736
43328  0.230736
43360  0.230736
43392  0.230736
43424  0.230736
43456  0.230736
43488  0.230736
43520  0.230736
43552  0.230736
43584  0.230736
43616  0.230736
43648  0.230736
43680  0.230736
43712  0.230736
43744  0.230736
43776  0.230736
43808  0.230736
43840  0.230736
43872  0.230736
43904  0.230736
43936  0.230736
43968  0.230736
44000  0.230736
44032  0.230736
44064  0.230736
44096  0.230736
44128  0.230736
44160  0.230736
44192  0.230736
44224  0.230736
44256  0.230736
44288  0.230736
44320  0.230736
44352  0.230736
44384  0.230736
44416  0.230736
44448  0.230736
44480  0.230736
44512  0.230736
44544  0.230736
44576  0.230736
44608  0.230736
44640  0.230736
44672  0.230736
44704  0.230736
44736  0.230736
44768  0.230736
44800  0.230736
44832  0.230736
44864  0.230736
44896  0.230736
44928  0.230736
44960  0.230736
44992  0.230736
45024  0.230736
45056  0.230736
45088  0.230736
45120  0.230736
45152  0.230736
45184  0.230736
45216  0.230736
45248  0.230736
45280  0.230736
45312  0.230736
45344  0.230736
45376  0.230736
45408  0.230736
45440  0.230736
45472  0.230736
45504  0.230736
45536  0.230736
45568  0.230736
45600  0.230736
45632  0.230736
45664  0.230736
45696  0.230736
45728  0.230736
45760  0.230736
45792  0.230736
45824  0.230736
45856  0.230736
45888  0.230736
45920  0.230736
45952  0.230736
45984  0.230736
46016  0.230736
46048  0.230736
46080  0.230736
46112  0.230736
46144  0.230736
46176  0.230736
46208  0.230736
46240  0.230736
46272  0.230736
46304  0.230736
46336  0.230736
46368  0.230736
46400  0.230736
46432  0.230736
46464  0.230736
46496  0.230736
46528  0.230736
46560  0.230736
46592  0.230736
46624  0.230736
46656  0.230736
46688  0.230736
46720  0.230736
46752  0.230736
46784  0.230736
46816  0.230736
46848  0.230736
46880  0.230736
46912  0.230736
46944  0.230736
46976  0.230736
47008  0.230736
47040  0.230736
47072  0.230736
47104  0.230736
47136  0.230736
47168  0.230736
47200  0.230736
47232  0.230736
47264  0.230736
47296  0.230736
47328  0.230736
47360  0.230736
47392  0.230736
47424  0.230736
47456  0.230736
47488  0.230736
47520  0.230736
47552  0.230736
47584  0.230736
47616  0.230736
47648  0.230736
47680  0.230736
47712  0.230736
47744  0.230736
47776  0.230736
47808  0.230736
47840  0.230736
47872  0.230736
47904  0.230736
47936  0.230736
47968  0.230736
48000  0.230736
48032  0.230736
48064  0.230736
48096  0.230736
48128  0.230736
48160  0.230736
48192  0.230736
48224  0.230736
48256  0.230736
48288  0.230736
48320  0.230736
48352  0.230736
48384  0.230736
48416  0.230736
48448  0.230736
48480  0.230736
48512  0.230736
48544  0.230736
48576  0.230736
48608  0.230736
48640  0.230736
48672  0.230736
48704  0.230736
48736  0.230736
48768  0.230736
48800  0.230736
48832  0.230736
48864  0.230736
48896  0.230736
48928  0.230736
48960  0.230736
48992  0.230736
49024  0.230736
49056  0.230736
49088  0.230736
49120  0.230736
49152  0.230736
49184  0.230736
49216  0.230736
49248  0.230736
49280  0.230736
49312  0.230736
49344  0.230736
49376  0.230736
49408  0.230736
49440  0.230736
49472  0.230736
49504  0.230736
49536  0.230736
49568  0.230736
49600  0.230736
49632  0.230736
49664  0.230736
49696  0.230736
49728  0.230736
49760  0.230736
49792  0.230736
49824  0.230736
49856  0.230736
49888  0.230736
49920  0.230736
49952  0.230736
49984  0.230736
50016  0.230736
50048  0.230736
50080  0.230736
50112  0.230736
50144  0.230736
50176  0.230736
50208  0.230736
50240  0.230736
50272  0.230736
50304  0.230736
50336  0.230736
50368  0.230736
50400  0.230736
50432  0.230736
50464  0.230736
50496  0.230736
50528  0.230736
50560  0.230736
50592  0.230736
50624  0.230736
50656  0.230736
50688  0.230736
50720  0.230736
50752  0.230736
50784  0.230736
50816  0.230736
50848  0.230736
50880  0.230736
50912  0.230736
50944  0.230736
50976  0.230736
51008  0.230736
51040  0.230736
51072  0.230736
51104  0.230736
51136  0.230736
51168  0.230736
51200  0.230736
51232  0.230736
51264  0.230736
51296  0.230736
51328  0.230736
51360  0.230736
51392  0.230736
51424  0.230736
51456  0.230736
51488  0.230736
51520  0.230736
51552  0.230736
51584  0.230736
51616  0.230736
51648  0.230736
51680  0.230736
51712  0.230736
51744  0.230736
51776  0.230736
51808  0.230736
51840  0.230736
51872  0.230736
51904  0.230736
51936  0.230736
51968  0.230736
52000  0.230736
52032  0.230736
52064  0.230736
52096  0.230736
52128  0.230736
52160  0.230736
52192  0.230736
52224  0.230736
52256  0.230736
52288  0.230736
52320  0.230736
52352  0.230736
52384  0.230736
52416  0.230736
52448  0.230736
52480  0.230736
52512  0.230736
52544  0.230736
52576  0.230736
52608  0.230736
52640  0.230736
52672  0.230736
52704  0.230736
52736  0.230736
52768  0.230736
52800  0.230736
52832  0.230736
52864  0.230736
52896  0.230736
52928  0.230736
52960  0.230736
52992  0.230736
53024  0.230736
53056  0.230736
53088  0.230736
53120  0.230736
53152  0.230736
53184  0.230736
53216  0.230736
53248  0.230736
53280  0.230736
53312  0.230736
53344  0.230736
53376  0.230736
53408  0.230736
53440  0.230736
53472  0.230736
53504  0.230736
53536  0.230736
53568  0.230736
53600  0.230736
53632  0.230736
53664  0.230736
53696  0.230736
53728  0.230736
53760  0.230736
53792  0.230736
53824  0.230736
53856  0.230736
53888  0.230736
53920  0.230736
53952  0.230736
53984  0.230736
54016  0.230736
54048  0.230736
54080  0.230736
54112  0.230736
54144  0.230736
54176  0.230736
54208  0.230736
54240  0.230736
54272  0.230736
54304  0.230736
54336  0.230736
54368  0.230736
54400  0.230736
54432  0.230736
54464  0.230736
54496  0.230736
54528  0.230736
54560  0.230736
54592  0.230736
54624  0.230736
54656  0.230736
54688  0.230736
54720  0.230736
54752  0.230736
54784  0.230736
54816  0.230736
54848  0.230736
54880  0.230736
54912  0.230736
54944  0.230736
54976  0.230736
55008  0.230736
55040  0.230736
55072  0.230736
55104  0.230736
55136  0.230736
55168  0.230736
55200  0.230736
55232  0.230736
55264  0.230736
55296  0.230736
55328  0.230736
55360  0.230736
55392  0.230736
55424  0.230736
55456  0.230736
55488  0.230736
55520  0.230736
55552  0.230736
55584  0.230736
55616  0.230736
55648  0.230736
55680  0.230736
55712  0.230736
55744  0.230736
55776  0.230736
55808  0.230736
55840  0.230736
55872  0.230736
55904  0.230736
55936  0.230736
55968  0.230736
56000  0.230736
56032  0.230736
56064  0.230736
56096  0.230736
56128  0.230736
56160  0.230736
56192  0.230736
56224  0.230736
56256  0.230736
56288  0.230736
56320  0.230736
56352  0.230736
56384  0.230736
56416  0.230736
56448  0.230736
56480  0.230736
56512  0.230736
56544  0.230736
56576  0.230736
56608  0.230736
56640  0.230736
56672  0.230736
56704  0.230736
56736  0.230736
56768  0.230736
56800  0.230736
56832  0.230736
56864  0.230736
56896  0.230736
56928  0.230736
56960  0.230736
56992  0.230736
57024  0.230736
57056  0.230736
57088  0.230736
57120  0.230736
57152  0.230736
57184  0.230736
57216  0.230736
57248  0.230736
57280  0.230736
57312  0.230736
57344  0.230736
57376  0.230736
57408  0.230736
57440  0.230736
57472  0.230736
57504  0.230736
57536  0.230736
57568  0.230736
57600  0.230736
57632  0.230736
57664  0.230736
57696  0.230736
57728  0.230736
57760  0.230736
57792  0.230736
57824  0.230736
57856  0.230736
57888  0.230736
57920  0.230736
57952  0.230736
57984  0.230736
58016  0.230736
58048  0.230736
58080  0.230736
58112  0.230736
58144  0.230736
58176  0.230736
58208  0.230736
58240  0.230736
58272  0.230736
58304  0.230736
58336  0.230736
58368  0.230736
58400  0.230736
58432  0.230736
58464  0.230736
58496  0.230736
58528  0.230736
58560  0.230736
58592  0.230736
58624  0.230736
58656  0.230736
58688  0.230736
58720  0.230736
58752  0.230736
58784  0.230736
58816  0.230736
58848  0.230736
58880  0.230736
58912  0.230736
58944  0.230736
58976  0.230736
59008  0.230736
59040  0.230736
59072  0.230736
59104  0.230736
59136  0.230736
59168  0.230736
59200  0.230736
59232  0.230736
59264  0.230736
59296  0.230736
59328  0.230736
59360  0.230736
59392  0.230736
59424  0.230736
59456  0.230736
59488  0.230736
59520  0.230736
59552  0.230736
59584  0.230736
59616  0.230736
59648  0.230736
59680  0.230736
59712  0.230736
59744  0.230736
59776  0.230736
59808  0.230736
59840  0.230736
59872  0.230736
59904  0.230736
59936  0.230736
59968  0.230736
60000  0.230736
60032  0.230736
60064  0.230736
60096  0.230736
60128  0.230736
60160  0.230736
60192  0.230736
60224  0.230736
60256  0.230736
60288  0.230736
60320  0.230736
60352  0.230736
60384  0.230736
60416  0.230736
60448  0.230736
60480  0.230736
60512  0.230736
60544  0.230736
60576  0.230736
60608  0.230736
60640  0.230736
60672  0.230736
60704  0.230736
60736  0.230736
60768  0.230736
60800  0.230736
60832  0.230736
60864  0.230736
60896  0.230736
60928  0.230736
60960  0.230736
60992  0.230736
61024  0.230736
61056  0.230736
61088  0.230736
61120  0.230736
61152  0.230736
61184  0.230736
61216  0.230736
61248  0.230736
61280  0.230736
61312  0.230736
61344  0.230736
61376  0.230736
61408  0.230736
61440  0.230736
61472  0.230736
61504  0.230736
61536  0.230736
61568  0.230736
61600  0.230736
61632  0.230736
61664  0.230736
61696  0.230736
61728  0.230736
61760  0.230736
61792  0.230736
61824  0.230736
61856  0.230736
61888  0.230736
61920  0.230736
61952  0.230736
61984  0.230736
62016  0.230736
62048  0.230736
62080  0.230736
62112  0.230736
62144  0.230736
62176  0.230736
62208  0.230736
62240  0.230736
62272  0.230736
62304  0.230736
62336  0.230736
62368  0.230736
62400  0.230736
62432  0.230736
62464  0.230736
62496  0.230736
62528  0.230736
62560  0.230736
62592  0.230736
62624  0.230736
62656  0.230736
62688  0.230736
62720  0.230736
62752  0.230736
62784  0.230736
62816  0.230736
62848  0.230736
62880  0.230736
62912  0.230736
62944  0.230736
62976  0.230736
63008  0.230736
63040  0.230736
63072  0.230736
63104  0.230736
63136  0.230736
63168  0.230736
63200  0.230736
63232  0.230736
63264  0.230736
63296  0.230736
63328  0.230736
63360  0.230736
63392  0.230736
63424  0.230736
63456  0.230736
63488  0.230736
63520  0.230736
63552  0.230736
63584  0.230736
63616  0.230736
63648  0.230736
63680  0.230736
63712  0.230736
63744  0.230736
63776  0.230736
63808  0.230736
63840  0.230736
63872  0.230736
63904  0.230736
63936  0.230736
63968  0.230736
64000  0.230736
64032  0.230736
64064  0.230736
64096  0.230736
64128  0.230736
64160  0.230736
64192  0.230736
64224  0.230736
64256  0.230736
64288  0.230736
64320  0.230736
64352  0.230736
64384  0.230736
64416  0.230736
64448  0.230736
64480  0.230736
64512  0.230736
64544  0.230736
64576  0.230736
64608  0.230736
64640  0.230736
64672  0.230736
64704  0.230736
64736  0.230736
64768  0.230736
64800  0.230736
64832  0.230736
64864  0.230736
64896  0.230736
64928  0.230736
64960  0.230736
64992  0.230736
65024  0.230736
65056  0.230736
65088  0.230736
65120  0.230736
65152  0.230736
65184  0.230736
65216  0.230736
65248  0.230736
65280  0.230736
65312  0.230736
65344  0.230736
65376  0.230736
65408  0.230736
65440  0.230736
65472  0.230736
65504  0.230736
65536  0.230736
65568  0.230736
65600  0.230736
65632  0.230736
65664  0.230736
65696  0.230736
65728  0.230736
65760  0.230736
65792  0.230736
65824  0.230736
65856  0.230736
65888  0.230736
65920  0.230736
65952  0.230736
65984  0.230736
66016  0.230736
66048  0.230736
66080  0.230736
66112  0.230736
66144  0.230736
66176  0.230736
66208  0.230736
66240  0.230736
66272  0.230736
66304  0.230736
66336  0.230736
66368  0.230736
66400  0.230736
66432  0.230736
66464  0.230736
66496  0.230736
66528  0.230736
66560  0.230736
66592  0.230736
66624  0.230736
66656  0.230736
66688  0.230736
66720  0.230736
66752  0.230736
66784  0.230736
66816  0.230736
66848  0.230736
66880  0.230736
66912  0.230736
66944  0.230736
66976  0.230736
67008  0.230736
67040  0.230736
67072  0.230736
67104  0.230736
67136  0.230736
67168  0.230736
67200  0.230736
67232  0.230736
67264  0.230736
67296  0.230736
67328  0.230736
67360  0.230736
67392  0.230736
67424  0.230736
67456  0.230736
67488  0.230736
67520  0.230736
67552  0.230736
67584  0.230736
67616  0.230736
67648  0.230736
67680  0.230736
67712  0.230736
67744  0.230736
67776  0.230736
67808  0.230736
67840  0.230736
67872  0.230736
67904  0.230736
67936  0.230736
67968  0.230736
68000  0.230736
68032  0.230736
68064  0.230736
68096  0.230736
68128  0.230736
68160  0.230736
68192  0.230736
68224  0.230736
68256  0.230736
68288  0.230736
68320  0.230736
68352  0.230736
68384  0.230736
68416  0.230736
68448  0.230736
68480  0.230736
68512  0.230736
68544  0.230736
68576  0.230736
68608  0.230736
68640  0.230736
68672  0.230736
68704  0.230736
68736  0.230736
68768  0.230736
68800  0.230736
68832  0.230736
68864  0.230736
68896  0.230736
68928  0.230736
68960  0.230736
68992  0.230736
69024  0.230736
69056  0.230736
69088  0.230736
69120  0.230736
69152  0.230736
69184  0.230736
69216  0.230736
69248  0.230736
69280  0.230736
69312  0.230736
69344  0.230736
69376  0.230736
69408  0.230736
69440  0.230736
69472  0.230736
69504  0.230736
69536  0.230736
69568  0.230736
69600  0.230736
69632  0.230736
69664  0.230736
69696  0.230736
69728  0.230736
69760  0.230736
69792  0.230736
69824  0.230736
69856  0.230736
69888  0.230736
69920  0.230736
69952  0.230736
69984  0.230736
70016  0.230736
70048  0.230736
70080  0.230736
70112  0.230736
70144  0.230736
70176  0.230736
70208  0.230736
70240  0.230736
70272  0.230736
70304  0.230736
70336  0.230736
70368  0.230736
70400  0.230736
70432  0.230736
70464  0.230736
70496  0.230736
70528  0.230736
70560  0.230736
70592  0.230736
70624  0.230736
70656  0.230736
70688  0.230736
70720  0.230736
70752  0.230736
70784  0.230736
70816  0.230736
70848  0.230736
70880  0.230736
70912  0.230736
70944  0.230736
70976  0.230736
71008  0.230736
71040  0.230736
71072  0.230736
71104  0.230736
71136  0.230736
71168  0.230736
71200  0.230736
71232  0.230736
71264  0.230736
71296  0.230736
71328  0.230736
71360  0.230736
71392  0.230736
71424  0.230736
71456  0.230736
71488  0.230736
71520  0.230736
71552  0.230736
71584  0.230736
71616  0.230736
71648  0.230736
71680  0.230736
71712  0.230736
71744  0.230736
71776  0.230736
71808  0.230736
71840  0.230736
71872  0.230736
71904  0.230736
71936  0.230736
71968  0.230736
72000  0.230736
72032  0.230736
72064  0.230736
72096  0.230736
72128  0.230736
72160  0.230736
72192  0.230736
72224  0.230736
72256  0.230736
72288  0.230736
72320  0.230736
72352  0.230736
72384  0.230736
72416  0.230736
72448  0.230736
72480  0.230736
72512  0.230736
72544  0.230736
72576  0.230736
72608  0.230736
72640  0.230736
72672  0.230736
72704  0.230736
72736  0.230736
72768  0.230736
72800  0.230736
72832  0.230736
72864  0.230736
72896  0.230736
72928  0.230736
72960  0.230736
72992  0.230736
73024  0.230736
73056  0.230736
73088  0.230736
73120  0.230736
73152  0.230736
73184  0.230736
73216  0.230736
73248  0.230736
73280  0.230736
73312  0.230736
73344  0.230736
73376  0.230736
73408  0.230736
73440  0.230736
73472  0.230736
73504  0.230736
73536  0.230736
73568  0.230736
73600  0.230736
73632  0.230736
73664  0.230736
73696  0.230736
73728  0.230736
73760  0.230736
73792  0.230736
73824  0.230736
73856  0.230736
73888  0.230736
73920  0.230736
73952  0.230736
73984  0.230736
74016  0.230736
74048  0.230736
74080  0.230736
74112  0.230736
74144  0.230736
74176  0.230736
74208  0.230736
74240  0.230736
74272  0.230736
74304  0.230736
74336  0.230736
74368  0.230736
74400  0.230736
74432  0.230736
74464  0.230736
74496  0.230736
74528  0.230736
74560  0.230736
74592  0.230736
74624  0.230736
74656  0.230736
74688  0.230736
74720  0.230736
74752  0.230736
74784  0.230736
74816  0.230736
74848  0.230736
74880  0.230736
74912  0.230736
74944  0.230736
74976  0.230736
75008  0.230736
75040  0.230736
75072  0.230736
75104  0.230736
75136  0.230736
75168  0.230736
75200  0.230736
75232  0.230736
75264  0.230736
75296  0.230736
75328  0.230736
75360  0.230736
75392  0.230736
75424  0.230736
75456  0.230736
75488  0.230736
75520  0.230736
75552  0.230736
75584  0.230736
75616  0.230736
75648  0.230736
75680  0.230736
75712  0.230736
75744  0.230736
75776  0.230736
75808  0.230736
75840  0.230736
75872  0.230736
75904  0.230736
75936  0.230736
75968  0.230736
76000  0.230736
76032  0.230736
76064  0.230736
76096  0.230736
76128  0.230736
76160  0.230736
76192  0.230736
76224  0.230736
76256  0.230736
76288  0.230736
76320  0.230736
76352  0.230736
76384  0.230736
76416  0.230736
76448  0.230736
76480  0.230736
76512  0.230736
76544  0.230736
76576  0.230736
76608  0.230736
76640  0.230736
76672  0.230736
76704  0.230736
76736  0.230736
76768  0.230736
76800  0.230736
76832  0.230736
76864  0.230736
76896  0.230736
76928  0.230736
76960  0.230736
76992  0.230736
77024  0.230736
77056  0.230736
77088  0.230736
77120  0.230736
77152  0.230736
77184  0.230736
77216  0.230736
77248  0.230736
77280  0.230736
77312  0.230736
77344  0.230736
77376  0.230736
77408  0.230736
77440  0.230736
77472  0.230736
77504  0.230736
77536  0.230736
77568  0.230736
77600  0.230736
77632  0.230736
77664  0.230736
77696  0.230736
77728  0.230736
77760  0.230736
77792  0.230736
77824  0.230736
77856  0.230736
77888  0.230736
77920  0.230736
77952  0.230736
77984  0.230736
78016  0.230736
78048  0.230736
78080  0.230736
78112  0.230736
78144  0.230736
78176  0.230736
78208  0.230736
78240  0.230736
78272  0.230736
78304  0.230736
78336  0.230736
78368  0.230736
78400  0.230736
78432  0.230736
78464  0.230736
78496  0.230736
78528  0.230736
78560  0.230736
78592  0.230736
78624  0.230736
78656  0.230736
78688  0.230736
78720  0.230736
78752  0.230736
78784  0.230736
78816  0.230736
78848  0.230736
78880  0.230736
78912  0.230736
78944  0.230736
78976  0.230736
79008  0.230736
79040  0.230736
79072  0.230736
79104  0.230736
79136  0.230736
79168  0.230736
79200  0.230736
79232  0.230736
79264  0.230736
79296  0.230736
79328  0.230736
79360  0.230736
79392  0.230736
79424  0.230736
79456  0.230736
79488  0.230736
79520  0.230736
79552  0.230736
79584  0.230736
79616  0.230736
79648  0.230736
79680  0.230736
79712  0.230736
79744  0.230736
79776  0.230736
79808  0.230736
79840  0.230736
79872  0.230736
79904  0.230736
79936  0.230736
79968  0.230736
80000  0.230736
80032  0.230736
80064  0.230736
80096  0.230736
80128  0.230736
80160  0.230736
80192  0.230736
80224  0.230736
80256  0.230736
80288  0.230736
80320  0.230736
80352  0.230736
80384  0.230736
80416  0.230736
80448  0.230736
80480  0.230736
80512  0.230736
80544  0.230736
80576  0.230736
80608  0.230736
80640  0.230736
80672  0.230736
