Step  Penalty
32  0.582216
64  0.521364
96  0.513267
128  0.507725
160  0.500631
192  0.491458
224  0.489378
256  0.483038
288  0.473012
320  0.465614
352  0.455615
384  0.450714
416  0.443374
448  0.435755
480  0.428101
512  0.422582
544  0.416477
576  0.411262
608  0.406481
640  0.400493
672  0.396873
704  0.394188
736  0.388929
768  0.384517
800  0.377504
832  0.374533
864  0.37091
896  0.368453
928  0.364982
960  0.358791
992  0.354243
1024  0.352475
1056  0.351135
1088  0.349298
1120  0.348223
1152  0.345453
1184  0.344236
1216  0.341255
1248  0.338636
1280  0.336654
1312  0.333447
1344  0.328628
1376  0.324389
1408  0.32131
1440  0.316146
1472  0.313809
1504  0.310716
1536  0.307913
1568  0.306079
1600  0.303699
1632  0.301694
1664  0.300376
1696  0.297524
1728  0.295636
1760  0.292371
1792  0.2908
1824  0.289248
1856  0.287796
1888  0.287253
1920  0.285823
1952  0.283061
1984  0.282098
2016  0.280655
2048  0.279494
2080  0.278776
2112  0.278264
2144  0.277868
2176  0.277272
2208  0.276474
2240  0.275039
2272  0.273901
2304  0.272854
2336  0.271672
2368  0.270853
2400  0.270161
2432  0.269825
2464  0.26917
2496  0.268552
2528  0.267829
2560  0.267349
2592  0.26592
2624  0.265694
2656  0.26475
2688  0.263658
2720  0.263299
2752  0.263299
2784  0.263136
2816  0.262577
2848  0.262422
2880  0.262021
2912  0.261792
2944  0.261706
2976  0.261395
3008  0.261163
3040  0.261163
3072  0.261033
3104  0.260815
3136  0.260515
3168  0.260218
3200  0.260047
3232  0.259809
3264  0.259538
3296  0.259538
3328  0.259538
3360  0.259538
3392  0.259538
3424  0.259488
3456  0.259274
3488  0.258968
3520  0.258968
3552  0.258974
3584  0.258674
3616  0.258461
3648  0.258351
3680  0.258351
3712  0.258351
3744  0.257964
3776  0.257926
3808  0.257926
3840  0.257737
3872  0.257729
3904  0.257236
3936  0.257236
3968  0.257236
4000  0.256979
4032  0.256979
4064  0.256979
4096  0.2566
4128  0.2566
4160  0.256346
4192  0.256346
4224  0.256346
4256  0.256166
4288  0.256166
4320  0.256166
4352  0.25605
4384  0.256023
4416  0.255988
4448  0.255988
4480  0.255988
4512  0.255815
4544  0.255815
4576  0.255815
4608  0.255775
4640  0.255775
4672  0.255775
4704  0.255775
4736  0.255775
4768  0.25565
4800  0.25565
4832  0.25565
4864  0.255281
4896  0.255281
4928  0.2552
4960  0.255192
4992  0.255081
5024  0.255081
5056  0.255019
5088  0.254988
5120  0.254988
5152  0.254988
5184  0.254988
5216  0.254628
5248  0.254628
5280  0.254628
5312  0.254628
5344  0.254625
5376  0.254618
5408  0.254618
5440  0.254618
5472  0.254618
5504  0.254618
5536  0.254618
5568  0.254618
5600  0.254618
5632  0.254618
5664  0.254595
5696  0.254595
5728  0.254595
5760  0.254513
5792  0.254513
5824  0.254513
5856  0.254513
5888  0.254513
5920  0.254286
5952  0.254286
5984  0.254208
6016  0.254208
6048  0.254145
6080  0.253985
6112  0.253647
6144  0.253647
6176  0.253647
6208  0.253647
6240  0.253647
6272  0.253647
6304  0.253647
6336  0.253647
6368  0.253647
6400  0.253488
6432  0.253488
6464  0.252848
6496  0.252848
6528  0.252848
6560  0.252754
6592  0.252754
6624  0.252754
6656  0.252754
6688  0.252754
6720  0.25266
6752  0.25266
6784  0.25266
6816  0.25266
6848  0.25266
6880  0.25266
6912  0.25266
6944  0.25266
6976  0.25266
7008  0.25266
7040  0.252631
7072  0.252631
7104  0.252631
7136  0.252631
7168  0.252631
7200  0.252631
7232  0.25259
7264  0.25259
7296  0.25259
7328  0.25259
7360  0.252587
7392  0.252587
7424  0.252548
7456  0.252548
7488  0.252531
7520  0.252472
7552  0.252472
7584  0.252472
7616  0.252307
7648  0.252307
7680  0.252307
7712  0.252307
7744  0.252307
7776  0.252307
7808  0.252083
7840  0.25207
7872  0.25207
7904  0.251895
7936  0.251789
7968  0.251789
8000  0.251789
8032  0.251789
8064  0.251789
8096  0.251789
8128  0.251689
8160  0.251689
8192  0.251689
8224  0.251711
8256  0.251711
8288  0.251711
8320  0.251711
8352  0.251711
8384  0.251422
8416  0.251397
8448  0.251397
8480  0.251205
8512  0.251205
8544  0.251205
8576  0.251148
8608  0.251148
8640  0.251148
8672  0.251148
8704  0.25114
8736  0.251099
8768  0.251099
8800  0.251099
8832  0.251099
8864  0.251099
8896  0.251099
8928  0.251099
8960  0.251099
8992  0.251099
9024  0.251022
9056  0.251022
9088  0.251022
9120  0.251022
9152  0.251022
9184  0.251022
9216  0.251022
9248  0.251019
9280  0.251019
9312  0.251019
9344  0.251019
9376  0.251019
9408  0.251019
9440  0.251019
9472  0.251019
9504  0.25091
9536  0.25091
9568  0.250745
9600  0.250607
9632  0.250607
9664  0.250607
9696  0.250607
9728  0.250607
9760  0.250607
9792  0.250607
9824  0.250607
9856  0.250607
9888  0.250604
9920  0.250604
9952  0.250604
9984  0.250498
10016  0.250498
10048  0.250498
10080  0.250498
10112  0.250498
10144  0.250498
10176  0.250498
10208  0.250431
10240  0.250387
10272  0.250387
10304  0.250387
10336  0.250387
10368  0.250387
10400  0.250387
10432  0.250387
10464  0.250387
10496  0.250387
10528  0.250387
10560  0.250387
10592  0.250377
10624  0.250118
10656  0.250118
10688  0.250059
10720  0.250059
10752  0.250059
10784  0.250059
10816  0.250059
10848  0.250059
10880  0.250059
10912  0.250059
10944  0.249826
10976  0.249826
11008  0.249821
11040  0.249821
11072  0.249758
11104  0.249758
11136  0.249758
11168  0.249713
11200  0.249713
11232  0.249713
11264  0.249713
11296  0.249713
11328  0.249713
11360  0.249713
11392  0.249713
11424  0.249713
11456  0.249713
11488  0.249713
11520  0.249713
11552  0.249631
11584  0.249631
11616  0.249323
11648  0.249323
11680  0.249323
11712  0.249323
11744  0.249323
11776  0.249323
11808  0.249323
11840  0.249323
11872  0.249323
11904  0.249323
11936  0.249323
11968  0.249323
12000  0.249323
12032  0.24928
12064  0.24928
12096  0.24928
12128  0.249225
12160  0.249225
12192  0.249152
12224  0.249152
12256  0.249152
12288  0.24902
12320  0.24902
12352  0.24902
12384  0.24902
12416  0.24902
12448  0.248933
12480  0.248904
12512  0.248257
12544  0.248257
12576  0.248257
12608  0.248257
12640  0.248257
12672  0.248257
12704  0.248233
12736  0.248233
12768  0.248233
12800  0.248233
12832  0.248233
12864  0.248233
12896  0.248233
12928  0.248267
12960  0.247957
12992  0.247957
13024  0.247957
13056  0.247957
13088  0.247957
13120  0.247957
13152  0.247937
13184  0.247937
13216  0.247924
13248  0.247924
13280  0.247924
13312  0.247924
13344  0.247924
13376  0.247924
13408  0.247924
13440  0.247877
13472  0.247877
13504  0.247877
13536  0.247668
13568  0.247668
13600  0.247668
13632  0.247668
13664  0.247668
13696  0.247668
13728  0.247668
13760  0.247668
13792  0.247668
13824  0.247593
13856  0.24756
13888  0.247512
13920  0.247512
13952  0.247512
13984  0.247512
14016  0.247512
14048  0.247512
14080  0.247512
14112  0.247512
14144  0.247512
14176  0.247171
14208  0.247171
14240  0.247109
14272  0.246829
14304  0.246829
14336  0.246829
14368  0.24678
14400  0.246681
14432  0.246681
14464  0.246681
14496  0.246681
14528  0.246681
14560  0.246592
14592  0.246527
14624  0.246527
14656  0.246527
14688  0.246527
14720  0.246311
14752  0.246311
14784  0.246311
14816  0.246311
14848  0.246311
14880  0.246228
14912  0.246228
14944  0.246228
14976  0.246228
15008  0.246068
15040  0.245926
15072  0.245802
15104  0.245802
15136  0.245802
15168  0.245802
15200  0.245802
15232  0.245802
15264  0.245774
15296  0.245774
15328  0.245662
15360  0.245662
15392  0.245662
15424  0.245662
15456  0.245662
15488  0.245609
15520  0.245609
15552  0.245609
15584  0.245571
15616  0.245571
15648  0.245453
15680  0.245453
15712  0.245453
15744  0.245453
15776  0.245385
15808  0.245385
15840  0.245385
15872  0.245385
15904  0.245385
15936  0.245385
15968  0.245332
16000  0.245332
16032  0.245332
16064  0.245332
16096  0.245332
16128  0.245332
16160  0.245288
16192  0.245288
16224  0.245288
16256  0.245288
16288  0.24509
16320  0.24509
16352  0.24509
16384  0.24509
16416  0.244768
16448  0.24466
16480  0.24466
16512  0.24466
16544  0.24466
16576  0.24466
16608  0.24466
16640  0.24466
16672  0.244629
16704  0.244629
16736  0.244629
16768  0.244629
16800  0.244629
16832  0.244629
16864  0.244629
16896  0.244552
16928  0.244346
16960  0.244298
16992  0.244251
17024  0.244251
17056  0.244251
17088  0.244251
17120  0.244251
17152  0.244251
17184  0.244251
17216  0.244153
17248  0.244153
17280  0.244153
17312  0.244111
17344  0.244111
17376  0.244111
17408  0.244111
17440  0.244111
17472  0.244003
17504  0.243993
17536  0.243993
17568  0.243993
17600  0.243993
17632  0.243887
17664  0.243887
17696  0.243887
17728  0.243887
17760  0.243887
17792  0.24388
17824  0.24388
17856  0.24388
17888  0.24388
17920  0.24388
17952  0.24388
17984  0.24388
18016  0.24388
18048  0.24388
18080  0.24388
18112  0.24388
18144  0.243862
18176  0.243862
18208  0.243713
18240  0.243514
18272  0.243514
18304  0.243514
18336  0.243514
18368  0.243418
18400  0.243418
18432  0.243336
18464  0.243336
18496  0.243336
18528  0.243336
18560  0.24318
18592  0.24318
18624  0.24318
18656  0.24318
18688  0.24318
18720  0.24318
18752  0.24318
18784  0.24318
18816  0.242713
18848  0.242713
18880  0.242713
18912  0.242713
18944  0.242676
18976  0.242676
19008  0.242676
19040  0.242676
19072  0.242676
19104  0.242676
19136  0.242676
19168  0.242676
19200  0.242676
19232  0.242676
19264  0.242676
19296  0.242676
19328  0.242676
19360  0.242676
19392  0.242413
19424  0.242413
19456  0.242413
19488  0.242413
19520  0.242413
19552  0.242413
19584  0.242413
19616  0.242413
19648  0.242413
19680  0.242413
19712  0.242413
19744  0.242413
19776  0.242413
19808  0.242413
19840  0.242413
19872  0.242413
19904  0.242413
19936  0.242413
19968  0.242413
20000  0.242413
20032  0.242413
20064  0.242384
20096  0.242384
20128  0.242384
20160  0.242378
20192  0.242378
20224  0.242378
20256  0.242378
20288  0.242378
20320  0.242378
20352  0.242358
20384  0.242358
20416  0.242358
20448  0.242358
20480  0.242358
20512  0.242358
20544  0.242358
20576  0.242358
20608  0.242298
20640  0.242298
20672  0.242298
20704  0.242298
20736  0.242298
20768  0.242298
20800  0.242298
20832  0.242292
20864  0.242292
20896  0.242233
20928  0.242103
20960  0.242103
20992  0.242103
21024  0.242103
21056  0.242103
21088  0.242103
21120  0.242103
21152  0.242103
21184  0.242103
21216  0.242103
21248  0.242103
21280  0.242103
21312  0.242103
21344  0.242103
21376  0.242103
21408  0.241893
21440  0.241893
21472  0.241751
21504  0.241715
21536  0.241715
21568  0.241715
21600  0.241715
21632  0.241715
21664  0.241715
21696  0.241715
21728  0.241715
21760  0.241715
21792  0.241715
21824  0.241715
21856  0.241715
21888  0.241617
21920  0.241617
21952  0.241617
21984  0.241617
22016  0.241617
22048  0.241617
22080  0.241454
22112  0.241454
22144  0.241254
22176  0.241254
22208  0.241254
22240  0.241222
22272  0.24118
22304  0.240914
22336  0.240914
22368  0.240914
22400  0.240914
22432  0.240672
22464  0.240672
22496  0.240672
22528  0.240621
22560  0.240621
22592  0.240621
22624  0.240621
22656  0.240621
22688  0.240621
22720  0.240621
22752  0.240621
22784  0.240621
22816  0.240422
22848  0.240422
22880  0.240422
22912  0.240422
22944  0.240422
22976  0.240422
23008  0.240422
23040  0.240422
23072  0.240422
23104  0.240422
23136  0.240422
23168  0.240422
23200  0.240161
23232  0.240161
23264  0.240161
23296  0.240161
23328  0.240147
23360  0.240147
23392  0.240147
23424  0.240126
23456  0.240126
23488  0.240126
23520  0.240126
23552  0.240126
23584  0.240126
23616  0.240126
23648  0.240126
23680  0.240126
23712  0.240126
23744  0.240126
23776  0.240126
23808  0.240126
23840  0.240103
23872  0.240103
23904  0.240103
23936  0.240103
23968  0.240103
24000  0.240103
24032  0.240103
24064  0.240103
24096  0.240045
24128  0.240045
24160  0.240045
24192  0.240045
24224  0.240045
24256  0.240045
24288  0.239902
24320  0.239902
24352  0.239902
24384  0.239861
24416  0.239861
24448  0.239861
24480  0.239861
24512  0.239806
24544  0.239806
24576  0.239806
24608  0.239806
24640  0.239806
24672  0.239806
24704  0.239806
24736  0.239806
24768  0.239806
24800  0.239806
24832  0.239806
24864  0.239806
24896  0.239806
24928  0.239806
24960  0.239731
24992  0.239731
25024  0.239728
25056  0.239728
25088  0.239728
25120  0.239679
25152  0.239679
25184  0.239679
25216  0.239679
25248  0.239679
25280  0.239679
25312  0.239679
25344  0.239481
25376  0.239481
25408  0.239481
25440  0.239359
25472  0.239359
25504  0.239359
25536  0.239359
25568  0.239359
25600  0.239359
25632  0.239359
25664  0.239333
25696  0.239333
25728  0.239333
25760  0.239333
25792  0.239333
25824  0.239019
25856  0.239019
25888  0.238854
25920  0.238854
25952  0.238854
25984  0.238854
26016  0.238854
26048  0.238854
26080  0.238854
26112  0.238854
26144  0.238854
26176  0.238854
26208  0.238854
26240  0.238854
26272  0.238854
26304  0.238786
26336  0.238786
26368  0.238786
26400  0.238786
26432  0.238786
26464  0.238786
26496  0.238786
26528  0.238786
26560  0.238731
26592  0.238731
26624  0.238731
26656  0.23872
26688  0.23872
26720  0.23872
26752  0.23872
26784  0.23872
26816  0.23872
26848  0.23872
26880  0.23872
26912  0.23872
26944  0.23872
26976  0.23872
27008  0.23863
27040  0.23863
27072  0.238506
27104  0.238506
27136  0.238506
27168  0.238506
27200  0.238444
27232  0.238444
27264  0.238444
27296  0.238444
27328  0.238444
27360  0.238444
27392  0.238444
27424  0.238444
27456  0.238444
27488  0.238444
27520  0.238444
27552  0.238444
27584  0.238444
27616  0.238381
27648  0.238381
27680  0.238381
27712  0.238381
27744  0.238366
27776  0.238366
27808  0.23825
27840  0.23825
27872  0.238193
27904  0.238193
27936  0.238193
27968  0.238173
28000  0.238173
28032  0.23816
28064  0.238087
28096  0.238087
28128  0.238087
28160  0.238087
28192  0.238087
28224  0.238087
28256  0.238087
28288  0.238087
28320  0.238081
28352  0.238081
28384  0.238081
28416  0.238081
28448  0.238081
28480  0.238081
28512  0.238081
28544  0.238081
28576  0.238081
28608  0.237907
28640  0.237858
28672  0.237858
28704  0.237731
28736  0.237731
28768  0.237731
28800  0.237731
28832  0.237731
28864  0.237731
28896  0.237731
28928  0.237731
28960  0.237731
28992  0.237731
29024  0.237731
29056  0.237731
29088  0.237693
29120  0.237693
29152  0.237693
29184  0.237693
29216  0.237693
29248  0.237693
29280  0.237693
29312  0.237693
29344  0.237693
29376  0.237693
29408  0.237693
29440  0.237693
29472  0.237693
29504  0.237693
29536  0.237693
29568  0.237693
29600  0.237493
29632  0.237493
29664  0.237493
29696  0.237493
29728  0.237493
29760  0.237493
29792  0.237493
29824  0.237493
29856  0.237493
29888  0.237493
29920  0.237493
29952  0.237493
29984  0.237493
30016  0.237493
30048  0.237493
30080  0.237493
30112  0.237493
30144  0.237493
30176  0.237493
30208  0.237493
30240  0.237493
30272  0.237493
30304  0.237493
30336  0.237493
30368  0.237493
30400  0.237493
30432  0.237493
30464  0.237461
30496  0.237461
30528  0.237461
30560  0.237461
30592  0.237461
30624  0.237461
30656  0.237461
30688  0.237461
30720  0.237461
30752  0.237461
30784  0.237461
30816  0.237461
30848  0.237461
30880  0.237461
30912  0.237461
30944  0.237461
30976  0.237461
31008  0.237461
31040  0.237461
31072  0.237461
31104  0.237461
31136  0.237461
31168  0.237461
31200  0.237461
31232  0.23727
31264  0.23727
31296  0.23727
31328  0.23727
31360  0.23727
31392  0.23727
31424  0.23727
31456  0.23727
31488  0.237203
31520  0.237203
31552  0.237203
31584  0.237203
31616  0.237203
31648  0.237203
31680  0.237203
31712  0.237203
31744  0.237203
31776  0.237203
31808  0.237203
31840  0.237203
31872  0.237203
31904  0.237203
31936  0.237203
31968  0.237137
32000  0.237137
32032  0.237137
32064  0.237137
32096  0.237137
32128  0.237137
32160  0.237137
32192  0.237137
32224  0.237137
32256  0.237137
32288  0.237137
32320  0.237137
32352  0.237137
32384  0.237137
32416  0.237137
32448  0.237137
32480  0.237137
32512  0.237037
32544  0.237037
32576  0.237037
32608  0.237037
32640  0.237037
32672  0.237076
32704  0.237076
32736  0.237076
32768  0.237076
32800  0.237076
32832  0.237076
32864  0.237076
32896  0.237076
32928  0.237076
32960  0.236884
32992  0.236884
33024  0.236884
33056  0.236884
33088  0.236884
33120  0.236884
33152  0.236884
33184  0.236884
33216  0.236884
33248  0.236884
33280  0.236884
33312  0.236884
33344  0.236884
33376  0.236884
33408  0.236806
33440  0.236806
33472  0.236806
33504  0.236806
33536  0.236806
33568  0.236806
33600  0.236806
33632  0.236699
33664  0.236699
33696  0.236699
33728  0.236699
33760  0.236699
33792  0.236699
33824  0.236699
33856  0.236699
33888  0.236699
33920  0.236699
33952  0.236699
33984  0.236699
34016  0.236699
34048  0.236699
34080  0.236699
34112  0.236696
34144  0.236696
34176  0.236696
34208  0.236696
34240  0.236696
34272  0.236696
34304  0.236696
34336  0.236696
34368  0.236696
34400  0.23666
34432  0.23666
34464  0.23666
34496  0.23666
34528  0.23666
34560  0.23666
34592  0.23666
34624  0.23666
34656  0.23666
34688  0.23666
34720  0.23666
34752  0.23666
34784  0.23666
34816  0.23666
34848  0.23666
34880  0.23666
34912  0.23666
34944  0.23666
34976  0.23666
35008  0.23666
35040  0.23666
35072  0.23666
35104  0.23666
35136  0.23666
35168  0.23666
35200  0.23666
35232  0.23666
35264  0.23666
35296  0.23666
35328  0.23666
35360  0.23666
35392  0.23666
35424  0.23666
35456  0.23666
35488  0.23666
35520  0.23666
35552  0.23666
35584  0.23666
35616  0.23666
35648  0.23666
35680  0.23666
35712  0.23666
35744  0.23666
35776  0.23666
35808  0.23666
35840  0.23666
35872  0.23666
35904  0.23666
35936  0.23666
35968  0.23666
36000  0.23666
36032  0.23666
36064  0.23651
36096  0.23651
36128  0.23651
36160  0.23651
36192  0.23651
36224  0.23651
36256  0.23651
36288  0.23651
36320  0.23651
36352  0.23651
36384  0.23651
36416  0.23651
36448  0.23651
36480  0.23651
36512  0.23651
36544  0.236351
36576  0.236351
36608  0.236351
36640  0.236351
36672  0.236351
36704  0.236351
36736  0.236351
36768  0.236351
36800  0.236351
36832  0.236351
36864  0.236351
36896  0.236351
36928  0.236351
36960  0.236351
36992  0.236351
37024  0.236351
37056  0.236351
37088  0.236351
37120  0.236351
37152  0.236351
37184  0.236351
37216  0.236351
37248  0.236351
37280  0.236351
37312  0.236351
37344  0.236351
37376  0.236075
37408  0.236075
37440  0.236075
37472  0.236075
37504  0.236075
37536  0.236075
37568  0.236075
37600  0.236075
37632  0.236075
37664  0.236075
37696  0.236075
37728  0.236075
37760  0.236075
37792  0.236075
37824  0.236075
37856  0.236073
37888  0.236073
37920  0.23599
37952  0.235936
37984  0.235897
38016  0.235897
38048  0.235897
38080  0.235897
38112  0.235897
38144  0.235897
38176  0.235897
38208  0.235897
38240  0.235801
38272  0.235801
38304  0.235801
38336  0.235801
38368  0.235801
38400  0.235801
38432  0.235801
38464  0.235801
38496  0.235801
38528  0.235801
38560  0.235801
38592  0.235801
38624  0.235801
38656  0.235801
38688  0.235801
38720  0.235801
38752  0.235801
38784  0.235801
38816  0.235801
38848  0.235801
38880  0.235801
38912  0.235801
38944  0.23576
38976  0.23576
39008  0.23576
39040  0.23576
39072  0.23576
39104  0.23576
39136  0.23576
39168  0.23576
39200  0.23576
39232  0.23576
39264  0.23576
39296  0.23576
39328  0.23576
39360  0.235747
39392  0.235747
39424  0.235747
39456  0.235747
39488  0.235747
39520  0.235747
39552  0.235747
39584  0.235627
39616  0.235627
39648  0.235627
39680  0.235627
39712  0.235627
39744  0.235627
39776  0.235627
39808  0.235627
39840  0.235627
39872  0.235627
39904  0.235627
39936  0.235627
39968  0.235627
40000  0.235627
40032  0.235627
40064  0.235627
40096  0.235627
40128  0.235627
40160  0.235627
40192  0.235627
40224  0.235627
40256  0.235627
40288  0.235627
40320  0.235627
40352  0.235627
40384  0.235627
40416  0.235627
40448  0.235627
40480  0.235627
40512  0.235627
40544  0.235627
40576  0.235627
40608  0.235627
40640  0.235627
40672  0.235627
40704  0.235627
40736  0.235627
40768  0.235627
40800  0.235627
40832  0.235627
40864  0.235627
40896  0.235627
40928  0.235627
40960  0.235627
40992  0.235627
41024  0.235627
41056  0.235627
41088  0.235403
41120  0.235403
41152  0.235403
41184  0.235403
41216  0.235352
41248  0.235352
41280  0.235352
41312  0.235352
41344  0.235352
41376  0.235352
41408  0.235352
41440  0.235352
41472  0.235352
41504  0.235352
41536  0.235352
41568  0.235352
41600  0.235352
41632  0.235352
41664  0.235352
41696  0.235352
41728  0.235352
41760  0.235352
41792  0.235352
41824  0.235352
41856  0.235352
41888  0.235352
41920  0.235352
41952  0.235352
41984  0.235352
42016  0.235352
42048  0.235352
42080  0.235352
42112  0.235352
42144  0.235352
42176  0.235352
42208  0.235352
42240  0.235352
42272  0.235352
42304  0.235352
42336  0.235352
42368  0.235352
42400  0.235352
42432  0.235352
42464  0.235352
42496  0.235352
42528  0.235352
42560  0.235352
42592  0.235352
42624  0.235311
42656  0.235311
42688  0.235311
42720  0.235311
42752  0.235311
42784  0.235311
42816  0.235311
42848  0.235311
42880  0.235301
42912  0.235301
42944  0.235301
42976  0.235301
43008  0.235301
43040  0.235301
43072  0.235301
43104  0.235301
43136  0.235301
43168  0.235301
43200  0.235301
43232  0.235301
43264  0.235301
43296  0.235301
43328  0.235301
43360  0.235301
43392  0.235301
43424  0.235301
43456  0.235301
43488  0.235301
43520  0.235301
43552  0.235248
43584  0.235248
43616  0.235248
43648  0.235248
43680  0.235248
43712  0.235248
43744  0.235248
43776  0.235248
43808  0.235248
43840  0.235248
43872  0.235248
43904  0.235248
43936  0.235248
43968  0.235248
44000  0.235248
44032  0.235248
44064  0.235248
44096  0.235248
44128  0.235248
44160  0.235248
44192  0.235248
44224  0.235248
44256  0.235248
44288  0.235248
44320  0.235248
44352  0.235248
44384  0.235248
44416  0.235248
44448  0.235248
44480  0.235248
44512  0.235248
44544  0.235248
44576  0.235248
44608  0.235248
44640  0.235248
44672  0.235248
44704  0.235248
44736  0.235248
44768  0.235248
44800  0.235248
44832  0.235248
44864  0.235248
44896  0.235248
44928  0.235248
44960  0.235248
44992  0.234964
45024  0.234964
45056  0.234964
45088  0.234859
45120  0.234859
45152  0.234859
45184  0.234859
45216  0.234838
45248  0.234838
45280  0.234838
45312  0.234838
45344  0.234838
45376  0.234838
45408  0.234838
45440  0.234838
45472  0.234825
45504  0.234825
45536  0.234825
45568  0.234825
45600  0.234825
45632  0.234825
45664  0.234825
45696  0.234825
45728  0.234756
45760  0.234756
45792  0.234756
45824  0.234756
45856  0.234756
45888  0.234756
45920  0.234756
45952  0.234756
45984  0.234756
46016  0.234756
46048  0.234756
46080  0.234756
46112  0.234756
46144  0.234756
46176  0.234756
46208  0.234756
46240  0.234756
46272  0.234756
46304  0.234756
46336  0.234756
46368  0.234756
46400  0.234756
46432  0.234756
46464  0.234756
46496  0.234756
46528  0.234756
46560  0.234756
46592  0.234756
46624  0.234756
46656  0.234756
46688  0.234756
46720  0.234756
46752  0.234756
46784  0.234756
46816  0.234756
46848  0.234756
46880  0.234756
46912  0.234756
46944  0.234756
46976  0.234756
47008  0.234756
47040  0.234756
47072  0.234756
47104  0.234756
47136  0.234756
47168  0.234756
47200  0.234756
47232  0.234756
47264  0.234756
47296  0.234756
47328  0.234756
47360  0.234756
47392  0.234756
47424  0.234756
47456  0.234756
47488  0.234756
47520  0.234756
47552  0.234756
47584  0.234756
47616  0.234756
47648  0.234756
47680  0.234756
47712  0.234756
47744  0.234756
47776  0.234756
47808  0.234756
47840  0.234756
47872  0.234756
47904  0.234756
47936  0.234756
47968  0.234756
48000  0.234756
48032  0.234756
48064  0.234756
48096  0.234689
48128  0.234689
48160  0.234689
48192  0.234689
48224  0.234689
48256  0.234689
48288  0.234689
48320  0.234689
48352  0.234689
48384  0.234689
48416  0.234689
48448  0.234689
48480  0.234689
48512  0.234689
48544  0.234689
48576  0.234689
48608  0.234689
48640  0.234689
48672  0.234689
48704  0.234689
48736  0.234689
48768  0.234689
48800  0.234658
48832  0.234626
48864  0.234607
48896  0.234607
48928  0.234607
48960  0.234607
48992  0.234607
49024  0.234607
49056  0.234607
49088  0.234607
49120  0.234607
49152  0.234607
49184  0.234607
49216  0.234607
49248  0.234607
49280  0.234607
49312  0.234607
49344  0.234607
49376  0.234607
49408  0.234607
49440  0.234607
49472  0.234607
49504  0.234607
49536  0.234607
49568  0.234607
49600  0.234607
49632  0.234551
49664  0.234551
49696  0.234551
49728  0.234551
49760  0.234551
49792  0.234551
49824  0.234551
49856  0.234551
49888  0.234551
49920  0.234551
49952  0.234551
49984  0.234551
50016  0.234551
50048  0.234551
50080  0.234551
50112  0.234551
50144  0.234551
50176  0.234551
50208  0.234551
50240  0.234551
50272  0.234551
50304  0.234551
50336  0.234551
50368  0.234551
50400  0.234551
50432  0.234551
50464  0.234551
50496  0.234551
50528  0.234551
50560  0.234551
50592  0.234551
50624  0.234551
50656  0.234551
50688  0.234551
50720  0.234551
50752  0.234551
50784  0.234551
50816  0.234551
50848  0.234551
50880  0.234551
50912  0.234551
50944  0.234551
50976  0.234551
51008  0.234551
51040  0.234551
51072  0.234551
51104  0.234551
51136  0.234551
51168  0.234551
51200  0.234551
51232  0.234551
51264  0.234551
51296  0.234551
51328  0.234551
51360  0.234551
51392  0.234551
51424  0.234551
51456  0.234551
51488  0.234551
51520  0.234551
51552  0.234551
51584  0.234551
51616  0.234551
51648  0.234551
51680  0.234551
51712  0.234551
51744  0.234551
51776  0.234551
51808  0.234551
51840  0.234551
51872  0.234551
51904  0.234551
51936  0.234551
51968  0.234551
52000  0.234375
52032  0.234375
52064  0.234375
52096  0.234375
52128  0.234375
52160  0.234375
52192  0.234375
52224  0.234375
52256  0.234375
52288  0.234375
52320  0.234375
52352  0.234375
52384  0.234375
52416  0.234375
52448  0.234375
52480  0.234375
52512  0.234375
52544  0.234375
52576  0.234375
52608  0.234375
52640  0.234375
52672  0.234375
52704  0.234375
52736  0.234375
52768  0.234375
52800  0.234375
52832  0.234375
52864  0.234375
52896  0.234375
52928  0.234375
52960  0.234375
52992  0.234375
53024  0.234375
53056  0.234375
53088  0.234375
53120  0.234375
53152  0.234375
53184  0.234375
53216  0.234375
53248  0.234375
53280  0.234375
53312  0.234375
53344  0.234375
53376  0.234375
53408  0.234375
53440  0.234356
53472  0.234356
53504  0.234356
53536  0.234356
53568  0.234356
53600  0.234356
53632  0.234356
53664  0.234356
53696  0.234356
53728  0.234356
53760  0.234356
53792  0.234356
53824  0.234356
53856  0.234356
53888  0.234356
53920  0.234356
53952  0.234356
53984  0.234356
54016  0.234356
54048  0.234356
54080  0.234356
54112  0.234356
54144  0.234356
54176  0.234356
54208  0.234356
54240  0.234356
54272  0.234356
54304  0.234356
54336  0.234356
54368  0.234356
54400  0.234356
54432  0.234356
54464  0.234356
54496  0.234189
54528  0.234189
54560  0.234189
54592  0.234189
54624  0.234189
54656  0.234189
54688  0.234189
54720  0.234189
54752  0.234189
54784  0.234189
54816  0.234189
54848  0.234189
54880  0.234189
54912  0.234189
54944  0.234189
54976  0.234189
55008  0.234189
55040  0.234189
55072  0.234189
55104  0.234189
55136  0.234189
55168  0.234189
55200  0.234154
55232  0.234154
55264  0.234154
55296  0.234154
55328  0.234154
55360  0.234154
55392  0.234154
55424  0.234154
55456  0.234154
55488  0.234154
55520  0.234154
55552  0.234154
55584  0.234154
55616  0.234154
55648  0.234154
55680  0.234154
55712  0.234154
55744  0.234154
55776  0.234154
55808  0.234062
55840  0.234062
55872  0.234062
55904  0.234062
55936  0.234062
55968  0.234062
56000  0.234062
56032  0.234062
56064  0.234062
56096  0.234053
56128  0.234037
56160  0.234037
56192  0.234037
56224  0.234037
56256  0.234037
56288  0.234037
56320  0.234037
56352  0.234037
56384  0.234037
56416  0.234037
56448  0.234037
56480  0.234037
56512  0.234037
56544  0.233854
56576  0.233854
56608  0.233854
56640  0.233781
56672  0.233781
56704  0.233781
56736  0.233781
56768  0.233781
56800  0.233661
56832  0.233656
56864  0.233656
56896  0.233656
56928  0.233656
56960  0.233656
56992  0.233656
57024  0.233656
57056  0.233656
57088  0.233656
57120  0.233656
57152  0.233656
57184  0.233656
57216  0.233656
57248  0.233637
57280  0.233637
57312  0.233637
57344  0.233637
57376  0.233637
57408  0.233637
57440  0.233637
57472  0.233637
57504  0.233637
57536  0.233637
57568  0.233637
57600  0.233637
57632  0.233637
57664  0.233504
57696  0.233504
57728  0.233504
57760  0.233504
57792  0.233504
57824  0.233504
57856  0.233504
57888  0.233504
57920  0.233504
57952  0.233504
57984  0.233504
58016  0.233503
58048  0.233383
58080  0.233383
58112  0.233383
58144  0.233383
58176  0.233383
58208  0.233383
58240  0.233383
58272  0.233383
58304  0.233383
58336  0.233383
58368  0.233383
58400  0.233379
58432  0.233218
58464  0.233218
58496  0.233218
58528  0.233143
58560  0.233143
58592  0.233143
58624  0.233143
58656  0.233143
58688  0.232964
58720  0.232964
58752  0.232964
58784  0.232939
58816  0.232939
58848  0.232939
58880  0.232939
58912  0.232939
58944  0.232939
58976  0.232939
59008  0.232939
59040  0.232939
59072  0.232807
59104  0.23275
59136  0.23275
59168  0.23275
59200  0.23275
59232  0.23275
59264  0.23275
59296  0.23275
59328  0.23275
59360  0.23275
59392  0.23275
59424  0.23275
59456  0.23275
59488  0.23275
59520  0.23275
59552  0.23275
59584  0.23275
59616  0.23275
59648  0.23275
59680  0.23275
59712  0.23275
59744  0.23275
59776  0.23275
59808  0.23275
59840  0.23275
59872  0.23275
59904  0.23275
59936  0.23275
59968  0.23275
60000  0.23275
60032  0.23275
60064  0.23275
60096  0.23275
60128  0.23275
60160  0.23275
60192  0.23275
60224  0.23275
60256  0.23275
60288  0.23275
60320  0.232686
60352  0.232686
60384  0.232686
60416  0.232686
60448  0.232686
60480  0.232686
60512  0.232686
60544  0.232686
60576  0.232686
60608  0.232569
60640  0.232569
60672  0.232569
60704  0.232569
60736  0.232569
60768  0.232569
60800  0.232569
60832  0.232569
60864  0.232569
60896  0.232166
60928  0.232166
60960  0.232147
60992  0.232147
61024  0.232147
61056  0.232147
61088  0.232147
61120  0.232147
61152  0.232147
61184  0.232147
61216  0.232147
61248  0.232147
61280  0.23208
61312  0.23208
61344  0.23208
61376  0.232029
61408  0.232029
61440  0.232029
61472  0.232029
61504  0.231794
61536  0.231794
61568  0.231794
61600  0.231794
61632  0.231794
61664  0.231794
61696  0.231794
61728  0.231778
61760  0.231778
61792  0.231778
61824  0.231778
61856  0.231778
61888  0.231778
61920  0.231636
61952  0.231636
61984  0.231636
62016  0.231631
62048  0.231631
62080  0.231631
62112  0.231631
62144  0.231631
62176  0.231631
62208  0.231631
62240  0.231631
62272  0.231631
62304  0.231631
62336  0.231631
62368  0.231631
62400  0.231631
62432  0.231631
62464  0.231631
62496  0.231631
62528  0.231631
62560  0.231631
62592  0.231631
62624  0.231631
62656  0.231631
62688  0.231514
62720  0.231514
62752  0.231514
62784  0.231514
62816  0.231514
62848  0.231514
62880  0.231514
62912  0.231514
62944  0.231514
62976  0.231514
63008  0.231514
63040  0.231513
63072  0.231513
63104  0.231451
63136  0.231451
63168  0.231451
63200  0.231451
63232  0.231342
63264  0.231342
63296  0.231342
63328  0.231342
63360  0.231342
63392  0.23131
63424  0.23131
63456  0.23131
63488  0.23131
63520  0.23131
63552  0.23131
63584  0.23131
63616  0.23131
63648  0.23131
63680  0.23131
63712  0.231243
63744  0.231243
63776  0.231243
63808  0.231164
63840  0.231164
63872  0.231164
63904  0.231164
63936  0.231164
63968  0.231164
64000  0.231164
64032  0.231164
64064  0.231164
64096  0.231164
64128  0.231164
64160  0.231164
64192  0.231164
64224  0.231164
64256  0.231164
64288  0.231164
64320  0.231164
64352  0.231164
64384  0.231164
64416  0.231164
64448  0.231164
64480  0.231164
64512  0.231164
64544  0.231164
64576  0.231164
64608  0.231164
64640  0.231164
64672  0.231164
64704  0.231164
64736  0.231164
64768  0.231164
64800  0.231164
64832  0.231164
64864  0.231164
64896  0.231164
64928  0.231164
64960  0.231164
64992  0.230983
65024  0.230983
65056  0.230983
65088  0.230983
65120  0.230983
65152  0.230983
65184  0.230983
65216  0.230983
65248  0.230983
65280  0.230983
65312  0.230983
65344  0.230983
65376  0.230983
65408  0.230983
65440  0.230983
65472  0.230954
65504  0.230761
65536  0.230761
65568  0.230761
65600  0.230761
65632  0.230761
65664  0.230761
65696  0.230612
65728  0.230612
65760  0.230612
65792  0.230612
65824  0.230612
65856  0.230612
65888  0.230612
65920  0.230612
65952  0.230612
65984  0.230521
66016  0.230521
66048  0.230462
66080  0.230462
66112  0.230438
66144  0.230438
66176  0.230438
66208  0.230438
66240  0.230438
66272  0.230265
66304  0.230265
66336  0.230265
66368  0.230265
66400  0.230265
66432  0.230265
66464  0.230265
66496  0.230265
66528  0.230265
66560  0.230265
66592  0.230265
66624  0.230201
66656  0.230201
66688  0.230201
66720  0.230157
66752  0.230157
66784  0.230157
66816  0.230157
66848  0.230157
66880  0.230157
66912  0.230157
66944  0.230114
66976  0.230114
67008  0.230114
67040  0.230072
67072  0.230072
67104  0.230072
67136  0.229972
67168  0.229972
67200  0.229972
67232  0.229972
67264  0.229972
67296  0.229972
67328  0.229972
67360  0.229972
67392  0.229972
67424  0.229972
67456  0.229972
67488  0.229971
67520  0.229971
67552  0.229971
67584  0.229971
67616  0.229971
67648  0.229971
67680  0.229971
67712  0.229971
67744  0.229971
67776  0.229771
67808  0.229771
67840  0.229771
67872  0.229771
67904  0.229771
67936  0.229771
67968  0.229771
68000  0.229771
68032  0.229771
68064  0.229771
68096  0.229771
68128  0.229771
68160  0.229771
68192  0.229771
68224  0.229771
68256  0.229771
68288  0.229771
68320  0.229771
68352  0.229771
68384  0.229771
68416  0.229771
68448  0.229689
68480  0.229689
68512  0.229689
68544  0.229689
68576  0.229689
68608  0.229689
68640  0.229689
68672  0.229689
68704  0.229689
68736  0.229689
68768  0.229689
68800  0.229689
68832  0.229689
68864  0.229689
68896  0.229689
68928  0.229689
68960  0.229689
68992  0.229689
69024  0.229689
69056  0.229689
69088  0.229689
69120  0.229689
69152  0.229689
69184  0.229689
69216  0.229689
69248  0.229689
69280  0.229689
69312  0.229689
69344  0.229689
69376  0.229689
69408  0.229688
69440  0.229688
69472  0.229688
69504  0.229688
69536  0.229688
69568  0.229688
69600  0.229688
69632  0.229688
69664  0.229688
69696  0.229688
69728  0.229688
69760  0.229688
69792  0.229688
69824  0.229688
69856  0.229688
69888  0.229688
69920  0.229573
69952  0.229573
69984  0.229573
70016  0.229573
70048  0.229573
70080  0.229274
70112  0.229274
70144  0.229274
70176  0.229274
70208  0.229274
70240  0.229274
70272  0.229274
70304  0.229274
70336  0.229274
70368  0.229274
70400  0.229274
70432  0.229274
70464  0.229274
70496  0.229274
70528  0.229274
70560  0.229274
70592  0.229274
70624  0.229274
70656  0.229155
70688  0.229155
70720  0.229155
70752  0.229155
70784  0.229111
70816  0.229111
70848  0.229111
70880  0.229111
70912  0.229111
70944  0.229111
70976  0.229111
71008  0.229111
71040  0.229111
71072  0.229111
71104  0.229111
71136  0.229063
71168  0.229063
71200  0.229063
71232  0.229063
71264  0.229063
71296  0.229063
71328  0.22907
71360  0.22907
71392  0.22907
71424  0.229044
71456  0.229044
71488  0.229044
71520  0.229044
71552  0.229044
71584  0.229044
71616  0.229044
71648  0.229044
71680  0.229044
71712  0.229044
71744  0.229044
71776  0.229044
71808  0.229044
71840  0.229044
71872  0.229044
71904  0.229044
71936  0.229044
71968  0.229044
72000  0.229044
72032  0.229044
72064  0.229044
72096  0.229044
72128  0.229044
72160  0.229044
72192  0.229044
72224  0.229044
72256  0.229044
72288  0.229044
72320  0.229044
72352  0.229044
72384  0.229044
72416  0.229044
72448  0.229044
72480  0.229044
72512  0.229044
72544  0.229044
72576  0.229044
72608  0.228857
72640  0.228857
72672  0.228857
72704  0.228857
72736  0.228857
72768  0.228857
72800  0.228857
72832  0.228857
72864  0.228857
72896  0.228857
72928  0.228857
72960  0.228857
72992  0.228857
73024  0.228857
73056  0.228857
73088  0.228857
73120  0.228857
73152  0.228857
73184  0.228857
73216  0.228857
73248  0.228857
73280  0.228857
73312  0.228857
73344  0.228857
73376  0.228857
73408  0.228857
73440  0.228857
73472  0.228857
73504  0.228857
73536  0.228857
73568  0.228857
73600  0.228857
73632  0.228857
73664  0.228857
73696  0.228852
73728  0.228852
73760  0.228852
73792  0.228852
73824  0.228852
73856  0.228852
73888  0.228852
73920  0.228852
73952  0.228852
73984  0.228852
74016  0.228852
74048  0.228852
74080  0.228852
74112  0.228852
74144  0.228852
74176  0.228852
74208  0.228852
74240  0.228852
74272  0.228852
74304  0.228852
74336  0.228852
74368  0.228852
74400  0.228852
74432  0.228852
74464  0.228852
74496  0.228852
74528  0.228852
74560  0.228852
74592  0.228852
74624  0.228701
74656  0.228701
74688  0.228701
74720  0.228701
74752  0.228701
74784  0.228701
74816  0.228701
74848  0.228701
74880  0.228701
74912  0.228701
74944  0.228701
74976  0.228701
75008  0.228701
75040  0.228701
75072  0.228701
75104  0.228701
75136  0.228701
75168  0.228701
75200  0.228701
75232  0.228701
75264  0.228701
75296  0.228701
75328  0.228701
75360  0.228701
75392  0.228701
75424  0.228701
75456  0.228701
75488  0.228732
75520  0.228732
75552  0.228732
75584  0.228732
75616  0.228732
75648  0.228732
75680  0.228732
75712  0.228732
75744  0.228732
75776  0.228732
75808  0.228732
75840  0.228732
75872  0.228732
75904  0.228732
75936  0.228732
75968  0.228732
76000  0.228732
76032  0.228732
76064  0.228732
76096  0.228732
76128  0.228732
76160  0.228664
76192  0.228594
76224  0.228594
76256  0.228594
76288  0.228594
76320  0.228594
76352  0.228594
76384  0.228594
76416  0.228594
76448  0.228594
76480  0.228594
76512  0.228594
76544  0.228594
76576  0.228503
76608  0.228503
76640  0.228503
76672  0.228503
76704  0.228503
76736  0.228413
76768  0.228413
76800  0.228413
76832  0.228413
76864  0.228413
76896  0.228413
76928  0.228413
76960  0.228367
76992  0.228367
77024  0.228367
77056  0.228261
77088  0.228261
77120  0.228261
77152  0.228261
77184  0.228214
77216  0.228214
77248  0.228214
77280  0.228214
77312  0.228214
77344  0.228214
77376  0.228214
77408  0.228214
77440  0.228214
77472  0.228214
77504  0.228214
77536  0.228214
77568  0.228185
77600  0.228185
77632  0.228185
77664  0.228185
77696  0.228185
77728  0.228174
77760  0.228174
77792  0.228174
77824  0.228174
77856  0.228174
77888  0.228174
77920  0.228174
77952  0.228122
77984  0.228122
78016  0.228122
78048  0.228122
78080  0.228122
78112  0.228122
78144  0.228122
78176  0.228122
78208  0.228122
78240  0.228122
78272  0.228122
78304  0.228122
78336  0.228122
78368  0.228122
78400  0.228122
78432  0.228122
78464  0.228122
78496  0.228122
78528  0.228122
78560  0.228122
78592  0.228122
78624  0.228122
78656  0.228122
78688  0.228122
78720  0.228122
78752  0.228122
78784  0.228122
78816  0.228122
78848  0.228122
78880  0.228122
78912  0.228122
78944  0.228122
78976  0.228122
79008  0.228122
79040  0.228122
79072  0.228042
79104  0.228042
79136  0.228042
79168  0.22803
79200  0.227897
79232  0.227897
79264  0.227897
79296  0.227897
79328  0.227897
79360  0.227897
79392  0.227897
79424  0.227897
79456  0.227897
79488  0.227897
79520  0.227897
79552  0.227897
79584  0.227897
79616  0.227897
79648  0.227897
79680  0.227897
79712  0.227897
79744  0.227869
79776  0.227869
79808  0.227869
79840  0.227869
79872  0.227869
79904  0.227869
79936  0.227869
79968  0.227869
80000  0.227869
80032  0.227869
80064  0.227869
80096  0.227798
80128  0.227798
80160  0.227798
80192  0.227798
80224  0.227747
80256  0.227681
80288  0.227681
80320  0.227681
80352  0.227681
80384  0.227681
80416  0.227681
80448  0.227681
80480  0.227681
80512  0.227681
80544  0.227681
80576  0.227681
80608  0.227681
80640  0.227681
80672  0.227681
80704  0.227681
80736  0.227681
80768  0.227681
80800  0.227681
80832  0.227681
80864  0.227681
80896  0.227681
80928  0.227681
80960  0.227681
80992  0.227622
81024  0.227622
81056  0.227622
81088  0.227545
81120  0.227545
81152  0.227545
81184  0.227545
81216  0.227545
81248  0.227545
81280  0.227545
81312  0.227545
81344  0.227545
81376  0.227545
81408  0.227545
81440  0.227545
81472  0.227545
81504  0.227545
81536  0.227545
81568  0.227545
81600  0.227545
81632  0.227545
81664  0.227545
81696  0.227545
81728  0.227545
81760  0.227545
81792  0.227545
81824  0.227545
81856  0.227545
81888  0.227545
81920  0.227545
81952  0.227545
81984  0.227545
82016  0.227545
82048  0.227545
82080  0.227545
82112  0.227545
82144  0.227545
82176  0.227545
82208  0.227476
82240  0.227476
82272  0.227476
82304  0.227476
82336  0.227476
82368  0.227476
82400  0.227476
82432  0.227476
82464  0.227476
82496  0.227476
82528  0.227476
82560  0.227476
82592  0.227476
82624  0.227476
82656  0.227476
82688  0.227476
82720  0.227476
82752  0.227476
82784  0.227476
82816  0.227476
82848  0.227476
82880  0.227476
82912  0.227476
82944  0.227476
82976  0.227476
83008  0.227476
83040  0.227476
83072  0.227476
83104  0.227476
83136  0.227476
83168  0.227476
83200  0.227476
83232  0.227476
83264  0.227476
83296  0.227476
83328  0.227476
83360  0.227476
83392  0.227476
83424  0.227476
83456  0.227476
83488  0.227476
83520  0.227476
83552  0.22747
83584  0.22747
83616  0.22747
83648  0.22747
83680  0.22747
83712  0.22747
83744  0.22747
83776  0.22747
83808  0.22747
83840  0.22747
83872  0.22747
83904  0.22747
83936  0.22747
83968  0.22747
84000  0.22747
84032  0.22747
84064  0.22747
84096  0.22747
84128  0.22747
84160  0.22747
84192  0.22747
84224  0.22747
84256  0.22747
84288  0.22747
84320  0.22747
84352  0.22747
84384  0.22747
84416  0.22747
84448  0.227402
84480  0.227402
84512  0.227402
84544  0.227312
84576  0.227312
84608  0.227312
84640  0.227312
84672  0.227312
84704  0.227312
84736  0.227288
84768  0.227288
84800  0.227288
84832  0.227288
84864  0.227288
84896  0.227288
84928  0.227288
84960  0.227288
84992  0.227288
85024  0.227288
85056  0.227288
85088  0.227288
85120  0.227288
85152  0.227288
85184  0.227288
85216  0.227254
85248  0.227254
85280  0.227254
85312  0.227254
85344  0.227254
85376  0.227085
85408  0.227021
85440  0.227021
85472  0.227021
85504  0.227021
85536  0.227021
85568  0.227021
85600  0.227021
85632  0.227021
85664  0.227021
85696  0.227021
85728  0.227021
85760  0.227021
85792  0.227021
85824  0.227021
85856  0.227021
85888  0.227021
85920  0.227021
85952  0.22693
85984  0.22693
86016  0.22693
86048  0.22693
86080  0.22693
86112  0.22693
86144  0.22693
86176  0.22693
86208  0.22693
86240  0.22693
86272  0.22693
86304  0.22693
86336  0.22693
86368  0.22693
86400  0.22693
86432  0.22693
86464  0.22693
86496  0.22693
86528  0.22693
86560  0.22693
86592  0.22693
86624  0.226797
86656  0.226797
86688  0.226797
86720  0.226797
86752  0.226797
86784  0.226797
86816  0.226797
86848  0.226797
86880  0.226797
86912  0.226797
86944  0.226797
86976  0.226797
87008  0.226797
87040  0.226797
87072  0.226797
87104  0.226797
87136  0.226782
87168  0.226782
87200  0.226782
87232  0.226689
87264  0.226689
87296  0.226689
87328  0.226689
87360  0.226689
87392  0.226689
87424  0.226689
87456  0.226594
87488  0.226594
87520  0.226589
87552  0.226589
87584  0.226589
87616  0.226589
87648  0.226589
87680  0.226589
87712  0.226589
87744  0.226589
87776  0.226589
87808  0.226589
87840  0.226589
87872  0.226589
87904  0.226589
87936  0.226589
87968  0.226556
88000  0.226556
88032  0.226471
88064  0.226453
88096  0.226453
88128  0.226453
88160  0.226453
88192  0.226453
88224  0.226453
88256  0.226453
88288  0.226385
88320  0.226385
88352  0.226385
88384  0.226385
88416  0.226385
88448  0.226385
88480  0.226385
88512  0.226385
88544  0.226385
88576  0.226385
88608  0.226385
88640  0.226348
88672  0.226348
88704  0.226348
88736  0.226348
88768  0.22634
88800  0.22634
88832  0.22634
88864  0.22634
88896  0.22634
88928  0.22634
88960  0.22634
88992  0.22634
89024  0.22634
89056  0.22634
89088  0.226278
89120  0.226278
89152  0.226278
89184  0.226278
89216  0.226278
89248  0.226278
89280  0.226278
89312  0.226278
89344  0.226278
89376  0.226278
89408  0.226278
89440  0.226278
89472  0.226278
89504  0.226278
89536  0.226278
89568  0.226098
89600  0.226098
89632  0.226098
89664  0.226098
89696  0.226098
89728  0.226098
89760  0.226098
89792  0.226098
89824  0.226098
89856  0.226098
89888  0.226098
89920  0.226098
89952  0.226098
89984  0.226098
90016  0.226098
90048  0.226098
90080  0.226098
90112  0.226098
90144  0.226098
90176  0.226098
90208  0.226098
90240  0.226098
90272  0.226098
90304  0.226098
90336  0.226098
90368  0.226098
90400  0.226098
90432  0.226098
90464  0.226098
90496  0.226098
90528  0.226098
90560  0.226098
90592  0.226098
90624  0.225899
90656  0.225899
90688  0.225899
90720  0.225899
90752  0.225899
90784  0.225899
90816  0.225899
90848  0.225899
90880  0.225899
90912  0.225899
90944  0.225899
90976  0.225899
91008  0.225899
91040  0.225899
91072  0.225899
91104  0.225899
91136  0.225899
91168  0.225899
91200  0.225899
91232  0.225899
91264  0.225899
91296  0.225899
91328  0.225899
91360  0.225899
91392  0.225899
91424  0.225899
91456  0.225899
91488  0.225899
91520  0.225899
91552  0.225866
91584  0.225866
91616  0.225866
91648  0.225866
91680  0.225866
91712  0.225866
91744  0.225866
91776  0.225866
91808  0.225866
91840  0.225858
91872  0.225858
91904  0.225858
91936  0.225858
91968  0.225858
92000  0.225858
92032  0.225858
92064  0.225858
92096  0.225858
92128  0.225858
92160  0.225821
92192  0.225821
92224  0.225821
92256  0.225821
92288  0.225821
92320  0.225821
92352  0.225821
92384  0.225821
92416  0.225821
92448  0.225821
92480  0.225821
92512  0.225821
92544  0.225821
92576  0.225821
92608  0.225821
92640  0.225821
92672  0.225821
92704  0.225821
92736  0.225821
92768  0.225821
92800  0.225821
92832  0.225821
92864  0.225821
92896  0.225821
92928  0.225821
92960  0.225821
92992  0.225821
93024  0.225821
93056  0.225821
93088  0.225821
93120  0.225821
93152  0.225821
93184  0.225821
93216  0.225821
93248  0.225821
93280  0.225821
93312  0.225821
93344  0.225821
93376  0.225821
93408  0.225526
93440  0.225526
93472  0.225526
93504  0.225526
93536  0.225526
93568  0.225526
93600  0.225526
93632  0.225526
93664  0.225526
93696  0.225526
93728  0.225526
93760  0.225526
93792  0.225526
93824  0.225526
93856  0.225526
93888  0.225526
93920  0.225526
93952  0.225526
93984  0.225526
94016  0.225526
94048  0.225526
94080  0.225526
94112  0.225526
94144  0.225526
94176  0.225526
94208  0.225526
94240  0.225526
94272  0.225452
94304  0.225452
94336  0.225452
94368  0.225452
94400  0.225452
94432  0.225452
94464  0.225452
94496  0.225452
94528  0.225452
94560  0.225452
94592  0.225452
94624  0.225452
94656  0.225452
94688  0.225452
94720  0.225452
94752  0.225452
94784  0.225452
94816  0.225452
94848  0.225452
94880  0.225452
94912  0.225452
94944  0.225452
94976  0.225452
95008  0.225452
95040  0.225452
95072  0.225452
95104  0.225452
95136  0.225452
95168  0.225452
95200  0.225452
95232  0.225452
95264  0.225404
95296  0.225404
95328  0.225404
95360  0.225404
95392  0.225404
95424  0.225404
95456  0.225404
95488  0.225404
95520  0.225404
95552  0.225404
95584  0.225404
95616  0.225404
95648  0.225378
95680  0.225341
95712  0.225341
95744  0.225341
95776  0.225341
95808  0.225341
95840  0.225341
95872  0.225341
95904  0.225226
95936  0.225226
95968  0.225226
96000  0.225226
96032  0.225226
