Step  Penalty
50  0.567467
100  0.520779
150  0.509791
200  0.494958
250  0.487155
300  0.475818
350  0.462341
400  0.450081
450  0.435768
500  0.42094
550  0.403439
600  0.384345
650  0.370397
700  0.358047
750  0.34776
800  0.339398
850  0.332033
900  0.323861
950  0.31537
1000  0.308217
1050  0.300276
1100  0.292093
1150  0.286509
1200  0.279823
1250  0.275217
1300  0.267177
1350  0.260573
1400  0.256246
1450  0.250739
1500  0.246876
1550  0.24303
1600  0.238997
1650  0.236189
1700  0.233825
1750  0.231949
1800  0.229978
1850  0.228769
1900  0.226646
1950  0.225639
2000  0.223902
2050  0.222635
2100  0.220952
2150  0.219896
2200  0.217916
2250  0.216744
2300  0.215881
2350  0.21505
2400  0.214215
2450  0.213372
2500  0.212497
2550  0.211862
2600  0.211213
2650  0.210629
2700  0.210042
2750  0.209106
2800  0.209084
2850  0.208169
2900  0.207229
2950  0.2065
3000  0.20608
3050  0.205569
3100  0.205177
3150  0.20454
3200  0.204315
3250  0.203828
3300  0.203655
3350  0.20325
3400  0.202886
3450  0.202499
3500  0.202286
3550  0.20209
3600  0.201959
3650  0.201597
3700  0.201387
3750  0.201073
3800  0.200687
3850  0.200533
3900  0.200422
3950  0.200262
4000  0.199932
4050  0.199724
4100  0.199568
4150  0.199394
4200  0.199156
4250  0.198954
4300  0.198897
4350  0.198498
4400  0.198138
4450  0.197773
4500  0.197496
4550  0.197143
4600  0.196891
4650  0.19658
4700  0.196275
4750  0.195823
4800  0.195301
4850  0.194957
4900  0.19473
4950  0.194011
5000  0.193665
5050  0.193481
5100  0.192971
5150  0.192878
5200  0.19254
5250  0.192254
5300  0.191997
5350  0.19193
5400  0.191776
5450  0.19161
5500  0.191286
5550  0.191124
5600  0.190839
5650  0.19057
5700  0.19029
5750  0.190063
5800  0.189828
5850  0.189566
5900  0.189449
5950  0.189177
6000  0.188357
6050  0.188219
6100  0.188
6150  0.187724
6200  0.18741
6250  0.187185
6300  0.187023
6350  0.18692
6400  0.186738
6450  0.186653
6500  0.186609
6550  0.186493
6600  0.186297
6650  0.186219
6700  0.186101
6750  0.186029
6800  0.185797
6850  0.185629
6900  0.185565
6950  0.185459
7000  0.185331
7050  0.185331
7100  0.185331
7150  0.185202
7200  0.185133
7250  0.185039
7300  0.18499
7350  0.18497
7400  0.184943
7450  0.184943
7500  0.184872
7550  0.184851
7600  0.184687
7650  0.184593
7700  0.184593
7750  0.184529
7800  0.184443
7850  0.184441
7900  0.1844
7950  0.184361
8000  0.184361
8050  0.184361
8100  0.184361
8150  0.184319
8200  0.184195
8250  0.18419
8300  0.18419
8350  0.184138
8400  0.184126
8450  0.184103
8500  0.184034
8550  0.184011
8600  0.183979
8650  0.183943
8700  0.183924
8750  0.183924
8800  0.183889
8850  0.183889
8900  0.183882
8950  0.183879
9000  0.183841
9050  0.183841
9100  0.183788
9150  0.183788
9200  0.183723
9250  0.18367
9300  0.183578
9350  0.183553
9400  0.183398
9450  0.183364
9500  0.18335
9550  0.183339
9600  0.183339
9650  0.183339
9700  0.183339
9750  0.18316
9800  0.183089
9850  0.183048
9900  0.182947
9950  0.182934
10000  0.182934
10050  0.182965
10100  0.182934
10150  0.182934
10200  0.182839
10250  0.182754
10300  0.182754
10350  0.182754
10400  0.182719
10450  0.182719
10500  0.182671
10550  0.182671
10600  0.182627
10650  0.182627
10700  0.182615
10750  0.182696
10800  0.182489
10850  0.182588
10900  0.182559
10950  0.182467
11000  0.18244
11050  0.182364
11100  0.182364
11150  0.182408
11200  0.182408
11250  0.18232
11300  0.182274
11350  0.182209
11400  0.182209
11450  0.182205
11500  0.182165
11550  0.182165
11600  0.182165
11650  0.182165
11700  0.182161
11750  0.182091
11800  0.182074
11850  0.18207
11900  0.18207
11950  0.18207
12000  0.182047
12050  0.181934
12100  0.181918
12150  0.181894
12200  0.181874
12250  0.181874
12300  0.181869
12350  0.18185
12400  0.18185
12450  0.18185
12500  0.18185
12550  0.18185
12600  0.18185
12650  0.18185
12700  0.181821
12750  0.181797
12800  0.181797
12850  0.181736
12900  0.181736
12950  0.181725
13000  0.181725
13050  0.181725
13100  0.181682
13150  0.181691
13200  0.181664
13250  0.181664
13300  0.181614
13350  0.181614
13400  0.181593
13450  0.181577
13500  0.181545
13550  0.181545
13600  0.181544
13650  0.181531
13700  0.181531
13750  0.181531
13800  0.181531
13850  0.181469
13900  0.181454
13950  0.181413
14000  0.181413
14050  0.181413
14100  0.181413
14150  0.181413
14200  0.181413
14250  0.181494
14300  0.181509
14350  0.181413
14400  0.181359
14450  0.181345
14500  0.181345
14550  0.181325
14600  0.181325
14650  0.181325
14700  0.181325
14750  0.181325
14800  0.181301
14850  0.181301
14900  0.181301
14950  0.181301
15000  0.18123
15050  0.181169
15100  0.181169
15150  0.181164
15200  0.181164
15250  0.181164
15300  0.181064
15350  0.181064
15400  0.181058
15450  0.181056
15500  0.181056
15550  0.181406
15600  0.181056
15650  0.181044
15700  0.181406
15750  0.180968
15800  0.181239
15850  0.181048
15900  0.180952
15950  0.18123
16000  0.180952
16050  0.180932
16100  0.180932
16150  0.180909
16200  0.180909
16250  0.180909
16300  0.181162
16350  0.181401
16400  0.180887
16450  0.180887
16500  0.180887
16550  0.180887
16600  0.180887
16650  0.180846
16700  0.180846
16750  0.180846
16800  0.180846
16850  0.180846
16900  0.18084
16950  0.180695
17000  0.180695
17050  0.180695
17100  0.18066
17150  0.18066
17200  0.18066
17250  0.18066
17300  0.180586
17350  0.180586
17400  0.180581
17450  0.180546
17500  0.180546
17550  0.180532
17600  0.180609
17650  0.180532
17700  0.180427
17750  0.180427
17800  0.180427
17850  0.180411
17900  0.180327
17950  0.180302
18000  0.180302
18050  0.180302
18100  0.180251
18150  0.180251
18200  0.180251
18250  0.180232
18300  0.180232
18350  0.18022
18400  0.18022
18450  0.180217
18500  0.180248
18550  0.180175
18600  0.180175
18650  0.180142
18700  0.180142
18750  0.180142
18800  0.180142
18850  0.180142
18900  0.180142
18950  0.180136
19000  0.180019
19050  0.180019
19100  0.180008
19150  0.179973
19200  0.179973
19250  0.17994
19300  0.17994
19350  0.180126
19400  0.180092
19450  0.179852
19500  0.179852
19550  0.179852
19600  0.179852
19650  0.179852
19700  0.179828
19750  0.179828
19800  0.179786
19850  0.179786
19900  0.180118
19950  0.179786
20000  0.179767
20050  0.179758
20100  0.179758
20150  0.179758
20200  0.179753
20250  0.179753
20300  0.179753
20350  0.179783
20400  0.179753
20450  0.179783
20500  0.179718
20550  0.179718
20600  0.179718
20650  0.179718
20700  0.179718
20750  0.179662
20800  0.179653
20850  0.179675
20900  0.179759
20950  0.179714
21000  0.17963
21050  0.17963
21100  0.179603
21150  0.179603
21200  0.179577
21250  0.179577
21300  0.179568
21350  0.179697
21400  0.179529
21450  0.179455
21500  0.179623
21550  0.179423
21600  0.179423
21650  0.179393
21700  0.179393
21750  0.179502
21800  0.179392
21850  0.179392
21900  0.179441
21950  0.179392
22000  0.179345
22050  0.179402
22100  0.179319
22150  0.179319
22200  0.179293
22250  0.180004
22300  0.179348
22350  0.179518
22400  0.17925
22450  0.179209
22500  0.179209
22550  0.179229
22600  0.179166
22650  0.179106
22700  0.178913
22750  0.178905
22800  0.179057
22850  0.178905
22900  0.17887
22950  0.17887
23000  0.178819
23050  0.178737
23100  0.178778
23150  0.178832
23200  0.179052
23250  0.178868
23300  0.178868
23350  0.178763
23400  0.178681
23450  0.178673
23500  0.178691
23550  0.178691
23600  0.178665
23650  0.179243
23700  0.178908
23750  0.178603
23800  0.178603
23850  0.178567
23900  0.178567
23950  0.178567
24000  0.178567
24050  0.178533
24100  0.178484
24150  0.178484
24200  0.178468
24250  0.178468
24300  0.178468
24350  0.178579
24400  0.178384
24450  0.17831
24500  0.178323
24550  0.178288
24600  0.178288
24650  0.178544
24700  0.178264
24750  0.178349
24800  0.178422
24850  0.178245
24900  0.178209
24950  0.178187
25000  0.178187
25050  0.178134
25100  0.178245
25150  0.17822
25200  0.178338
25250  0.178603
25300  0.178134
25350  0.178134
25400  0.178134
25450  0.178246
25500  0.178281
25550  0.178246
25600  0.178134
25650  0.178912
25700  0.178512
25750  0.17839
25800  0.178056
25850  0.178056
25900  0.178056
25950  0.17817
26000  0.177965
26050  0.178105
26100  0.177993
26150  0.177835
26200  0.178671
26250  0.178851
26300  0.178304
26350  0.178053
26400  0.177979
26450  0.177837
26500  0.178014
26550  0.177804
26600  0.17771
26650  0.177995
26700  0.178514
26750  0.178361
26800  0.178608
26850  0.178016
26900  0.177806
26950  0.177706
27000  0.177581
27050  0.177577
27100  0.178933
27150  0.178908
27200  0.178374
27250  0.178453
27300  0.17752
27350  0.177434
27400  0.17788
27450  0.177309
27500  0.177381
27550  0.177184
27600  0.177176
27650  0.177256
27700  0.177162
27750  0.177516
27800  0.176886
27850  0.176816
27900  0.177013
27950  0.176696
28000  0.177199
28050  0.177215
28100  0.176303
28150  0.176436
28200  0.176671
28250  0.175919
28300  0.175896
28350  0.175756
28400  0.175464
28450  0.175687
28500  0.175472
28550  0.174836
28600  0.174977
28650  0.174467
28700  0.174557
28750  0.174495
28800  0.17439
28850  0.173653
28900  0.174406
28950  0.174111
29000  0.173804
29050  0.173503
29100  0.172961
29150  0.17372
29200  0.173253
29250  0.173074
29300  0.172309
29350  0.171775
29400  0.171821
29450  0.171706
29500  0.171957
29550  0.171765
29600  0.171603
29650  0.172094
29700  0.171204
29750  0.17056
29800  0.170752
29850  0.170993
29900  0.169887
29950  0.170136
30000  0.169615
30050  0.170695
30100  0.169595
30150  0.169053
30200  0.168549
30250  0.167613
30300  0.167853
30350  0.167602
30400  0.167331
30450  0.16706
30500  0.166791
30550  0.167356
30600  0.166512
30650  0.166204
30700  0.166143
30750  0.16655
30800  0.166793
30850  0.165998
30900  0.166126
30950  0.164764
31000  0.163877
31050  0.163022
31100  0.163516
31150  0.162289
31200  0.161838
31250  0.161028
31300  0.161272
31350  0.160689
31400  0.15981
31450  0.158363
31500  0.157964
31550  0.158189
31600  0.157197
31650  0.156959
31700  0.156552
31750  0.156265
31800  0.156696
31850  0.155663
31900  0.156346
31950  0.15503
32000  0.154893
32050  0.154581
32100  0.154424
32150  0.154666
32200  0.154434
32250  0.154167
32300  0.154213
32350  0.153184
32400  0.153763
32450  0.154287
32500  0.153054
32550  0.15278
32600  0.152665
32650  0.152223
32700  0.151909
32750  0.152361
32800  0.151761
32850  0.152018
32900  0.152087
32950  0.151844
33000  0.151179
33050  0.150918
33100  0.150921
33150  0.151225
33200  0.150909
33250  0.150606
33300  0.150074
33350  0.149445
33400  0.149295
33450  0.149489
33500  0.14954
33550  0.149283
33600  0.148948
33650  0.151057
33700  0.149056
33750  0.149148
33800  0.148969
33850  0.148522
33900  0.148497
33950  0.148492
34000  0.148413
34050  0.148701
34100  0.14832
34150  0.148196
34200  0.148123
34250  0.148364
34300  0.148244
34350  0.148624
34400  0.148015
34450  0.14796
34500  0.147903
34550  0.148071
34600  0.147945
34650  0.147978
34700  0.147978
34750  0.147989
34800  0.148488
34850  0.148316
34900  0.147875
34950  0.147504
35000  0.147606
35050  0.148237
35100  0.147455
35150  0.147446
35200  0.148442
35250  0.14755
35300  0.147248
35350  0.147326
35400  0.147299
35450  0.147612
35500  0.147417
35550  0.146952
35600  0.147895
35650  0.147348
35700  0.1477
35750  0.147554
35800  0.147624
35850  0.147024
35900  0.146709
35950  0.147247
36000  0.146613
36050  0.147599
36100  0.146285
36150  0.146118
36200  0.14612
36250  0.146532
36300  0.146203
36350  0.147081
36400  0.146247
36450  0.145802
36500  0.14601
36550  0.14639
36600  0.146402
36650  0.145846
36700  0.145949
36750  0.145886
36800  0.145548
36850  0.145787
36900  0.145879
36950  0.145786
37000  0.146052
37050  0.145678
37100  0.147196
37150  0.1455
37200  0.145734
37250  0.145906
37300  0.146537
37350  0.145563
37400  0.145535
37450  0.145562
37500  0.146278
37550  0.145362
37600  0.145754
37650  0.145299
37700  0.145447
37750  0.14511
37800  0.145123
37850  0.14502
37900  0.14646
37950  0.145427
38000  0.145066
38050  0.145047
38100  0.145438
38150  0.144889
38200  0.14586
38250  0.145901
38300  0.145901
38350  0.14572
38400  0.145058
38450  0.145132
38500  0.145361
38550  0.145399
38600  0.145058
38650  0.145098
38700  0.144518
38750  0.144602
38800  0.144971
38850  0.144793
38900  0.144717
38950  0.145074
39000  0.144632
39050  0.144463
39100  0.144399
39150  0.1444
39200  0.144492
39250  0.144605
39300  0.144359
39350  0.144359
39400  0.144416
39450  0.14426
39500  0.14425
39550  0.144378
39600  0.144218
39650  0.144253
39700  0.144224
39750  0.144159
39800  0.144249
39850  0.144267
39900  0.144224
39950  0.144343
40000  0.144491
40050  0.144335
40100  0.14426
40150  0.144299
40200  0.144138
40250  0.144373
40300  0.144286
40350  0.144703
40400  0.144856
40450  0.144596
40500  0.144875
40550  0.144097
40600  0.144163
40650  0.143857
40700  0.144178
40750  0.143848
40800  0.143776
40850  0.143803
40900  0.144212
40950  0.143694
41000  0.143688
41050  0.143799
41100  0.143718
41150  0.143791
41200  0.143826
41250  0.143826
41300  0.143826
41350  0.143785
41400  0.144111
41450  0.143963
41500  0.144245
41550  0.143781
41600  0.143779
41650  0.143754
41700  0.143847
41750  0.143658
41800  0.143839
41850  0.143748
41900  0.143764
41950  0.143834
42000  0.143871
42050  0.143991
42100  0.143778
42150  0.143918
42200  0.143832
42250  0.144541
42300  0.144013
42350  0.144186
42400  0.143852
42450  0.143755
42500  0.143755
42550  0.143882
42600  0.143871
42650  0.143749
42700  0.143668
42750  0.14385
42800  0.143607
42850  0.143648
42900  0.143637
42950  0.144438
43000  0.14412
43050  0.14412
43100  0.14416
43150  0.14345
43200  0.143836
43250  0.143877
43300  0.143617
43350  0.143539
43400  0.143443
43450  0.143565
43500  0.143867
43550  0.143917
43600  0.143949
43650  0.143815
43700  0.143815
43750  0.143815
43800  0.143514
43850  0.143888
43900  0.143434
43950  0.143498
44000  0.144321
44050  0.144044
44100  0.143809
44150  0.143991
44200  0.143991
44250  0.143991
44300  0.143991
44350  0.143991
44400  0.143416
44450  0.143506
44500  0.143695
44550  0.143516
44600  0.143541
44650  0.14364
44700  0.144559
44750  0.143638
44800  0.143513
44850  0.143435
44900  0.143451
44950  0.143459
45000  0.143513
45050  0.143448
45100  0.143359
45150  0.143337
45200  0.143357
45250  0.143419
45300  0.143695
45350  0.143228
45400  0.143342
45450  0.143317
45500  0.143392
45550  0.143315
45600  0.143343
45650  0.143302
45700  0.143361
45750  0.143392
45800  0.143233
45850  0.143364
45900  0.14331
45950  0.143364
46000  0.143233
46050  0.143449
46100  0.143199
46150  0.143407
46200  0.143449
46250  0.143214
46300  0.143196
46350  0.143476
46400  0.143199
46450  0.143334
46500  0.143195
46550  0.143264
46600  0.144053
46650  0.143701
46700  0.143701
46750  0.143701
46800  0.143361
46850  0.143615
46900  0.14336
46950  0.143728
47000  0.143307
47050  0.143537
47100  0.143246
47150  0.143366
47200  0.143305
47250  0.143262
47300  0.14316
47350  0.143262
47400  0.143255
47450  0.143262
47500  0.143152
47550  0.143123
47600  0.143196
47650  0.143266
47700  0.143216
47750  0.143268
47800  0.143098
47850  0.143097
47900  0.143262
47950  0.143112
48000  0.143356
48050  0.143136
48100  0.143262
48150  0.143174
48200  0.143179
48250  0.143173
48300  0.14328
48350  0.143262
48400  0.143111
48450  0.143305
48500  0.143194
48550  0.143135
48600  0.143179
48650  0.143121
48700  0.142966
48750  0.142969
48800  0.143451
48850  0.143451
48900  0.143125
48950  0.143241
49000  0.143159
49050  0.142967
49100  0.143179
49150  0.14312
49200  0.14312
49250  0.14312
49300  0.14312
49350  0.142963
49400  0.142943
49450  0.142993
49500  0.142952
49550  0.143092
49600  0.142962
49650  0.142881
49700  0.143068
49750  0.143069
49800  0.143024
49850  0.143069
49900  0.142993
49950  0.142909
50000  0.142949
50050  0.143497
50100  0.143368
50150  0.143368
50200  0.142952
50250  0.142922
50300  0.142908
50350  0.142908
50400  0.143014
50450  0.143574
50500  0.143417
50550  0.143417
50600  0.143212
50650  0.143417
50700  0.143212
50750  0.14294
50800  0.142871
50850  0.142908
50900  0.143034
50950  0.142887
51000  0.142871
51050  0.142885
51100  0.142885
51150  0.142908
51200  0.142885
51250  0.142908
51300  0.142885
51350  0.142908
51400  0.142885
51450  0.142799
51500  0.142791
51550  0.143062
51600  0.142754
51650  0.142754
51700  0.142754
51750  0.142691
51800  0.142704
51850  0.142737
51900  0.142803
51950  0.142628
52000  0.14262
52050  0.14258
52100  0.142611
52150  0.142669
52200  0.142583
52250  0.142636
52300  0.142583
52350  0.14266
52400  0.1428
52450  0.142563
52500  0.142541
52550  0.142534
52600  0.14264
52650  0.142577
52700  0.142577
52750  0.142593
52800  0.143258
52850  0.143274
52900  0.143586
52950  0.143586
53000  0.142723
53050  0.142729
53100  0.142589
53150  0.142647
53200  0.142647
53250  0.142442
53300  0.142553
53350  0.142569
53400  0.142483
53450  0.142516
53500  0.142636
53550  0.142362
53600  0.142446
53650  0.142509
53700  0.142537
53750  0.142482
53800  0.142569
53850  0.142364
53900  0.142477
53950  0.142509
54000  0.142477
54050  0.142537
54100  0.142416
54150  0.142569
54200  0.142561
54250  0.142537
54300  0.142537
54350  0.142537
54400  0.142485
54450  0.142474
54500  0.142394
54550  0.142516
54600  0.142236
54650  0.142481
54700  0.142201
54750  0.142442
54800  0.142468
54850  0.142329
54900  0.142468
54950  0.142516
55000  0.142395
55050  0.142443
55100  0.142289
55150  0.142505
55200  0.14255
55250  0.142301
55300  0.142368
55350  0.142301
55400  0.142399
55450  0.142234
55500  0.142406
55550  0.14285
55600  0.142317
55650  0.142362
55700  0.142561
55750  0.142269
55800  0.142345
55850  0.142217
55900  0.142385
55950  0.142362
56000  0.142238
56050  0.142136
56100  0.142198
56150  0.142145
56200  0.142219
56250  0.142471
56300  0.142358
56350  0.142676
56400  0.142634
56450  0.142529
56500  0.142478
56550  0.142529
56600  0.142191
56650  0.14218
56700  0.142529
56750  0.142283
56800  0.142662
56850  0.142238
56900  0.142259
56950  0.142167
57000  0.142435
57050  0.142182
57100  0.142394
57150  0.142286
57200  0.142198
57250  0.142415
57300  0.142582
57350  0.142263
57400  0.142655
57450  0.142269
57500  0.142341
57550  0.142223
57600  0.142687
57650  0.142537
57700  0.142537
57750  0.142537
57800  0.142912
57850  0.142912
57900  0.142487
57950  0.142912
58000  0.142912
58050  0.142123
58100  0.142222
58150  0.142026
58200  0.142044
58250  0.142074
58300  0.142151
58350  0.142044
58400  0.142044
58450  0.142044
58500  0.142281
58550  0.141934
58600  0.142044
58650  0.142096
58700  0.142096
58750  0.14184
58800  0.142204
58850  0.141684
58900  0.141923
58950  0.1418
59000  0.141703
59050  0.141841
59100  0.1418
59150  0.141879
59200  0.141836
59250  0.141921
59300  0.142202
59350  0.141921
59400  0.142012
59450  0.1418
59500  0.141919
59550  0.141976
59600  0.141641
59650  0.141989
59700  0.141852
59750  0.141852
59800  0.141788
59850  0.141722
59900  0.142018
59950  0.141697
60000  0.141735
60050  0.141768
60100  0.141878
60150  0.141879
60200  0.141705
60250  0.142005
60300  0.141874
60350  0.141809
60400  0.141809
60450  0.141832
60500  0.14174
60550  0.141758
60600  0.141775
60650  0.141757
60700  0.141746
60750  0.141993
60800  0.141711
60850  0.141661
60900  0.141905
60950  0.141995
61000  0.141976
61050  0.141799
61100  0.14193
61150  0.141696
61200  0.141787
61250  0.141641
61300  0.141734
61350  0.14184
61400  0.141614
61450  0.142018
61500  0.141753
61550  0.14184
61600  0.141735
61650  0.14177
61700  0.141864
61750  0.14171
61800  0.141976
61850  0.141989
61900  0.141902
61950  0.141621
62000  0.141845
62050  0.14161
62100  0.141753
62150  0.141842
62200  0.141706
62250  0.141832
62300  0.141641
62350  0.141614
62400  0.142022
62450  0.142022
62500  0.142022
62550  0.142022
62600  0.142022
62650  0.142022
62700  0.142022
62750  0.142022
62800  0.142022
62850  0.142022
62900  0.142022
62950  0.142022
63000  0.141686
63050  0.141673
63100  0.141673
63150  0.141688
63200  0.141832
63250  0.14168
63300  0.141673
63350  0.141673
63400  0.141673
63450  0.141673
63500  0.141832
63550  0.141762
63600  0.141673
63650  0.141714
63700  0.141745
63750  0.141714
63800  0.141745
63850  0.141727
63900  0.141714
63950  0.141673
64000  0.141714
64050  0.141673
64100  0.141673
64150  0.141673
64200  0.141745
64250  0.141832
64300  0.141673
64350  0.14168
64400  0.141673
64450  0.141673
64500  0.141673
64550  0.141673
64600  0.141673
64650  0.141682
64700  0.141659
64750  0.141641
64800  0.141832
64850  0.141593
64900  0.141659
64950  0.141572
65000  0.141433
65050  0.141572
65100  0.141569
65150  0.141659
65200  0.141572
65250  0.141428
65300  0.141505
65350  0.141623
65400  0.141768
65450  0.141514
65500  0.141645
65550  0.141442
65600  0.141645
65650  0.141643
65700  0.1415
65750  0.141832
65800  0.141731
65850  0.141926
65900  0.141926
65950  0.1416
66000  0.141785
66050  0.141676
66100  0.141593
66150  0.142084
66200  0.14201
66250  0.141926
66300  0.141574
66350  0.14179
66400  0.141644
66450  0.141836
66500  0.141717
66550  0.141733
66600  0.141594
66650  0.141686
66700  0.141641
66750  0.141556
66800  0.141473
66850  0.141644
66900  0.141912
66950  0.141971
67000  0.142096
67050  0.141503
67100  0.141641
67150  0.141659
67200  0.141412
67250  0.141524
67300  0.141551
67350  0.141641
67400  0.141685
67450  0.141659
67500  0.141412
67550  0.141491
67600  0.141412
67650  0.141559
67700  0.141633
67750  0.14143
67800  0.141671
67850  0.141436
67900  0.141412
67950  0.141412
68000  0.141436
68050  0.141764
68100  0.141452
68150  0.141659
68200  0.141641
68250  0.141836
68300  0.141456
68350  0.141412
68400  0.141456
68450  0.141412
68500  0.141641
68550  0.141484
68600  0.141436
68650  0.141503
68700  0.141641
68750  0.141417
68800  0.141659
68850  0.141559
68900  0.141659
68950  0.141412
69000  0.14148
69050  0.141412
69100  0.141559
69150  0.141641
69200  0.141685
69250  0.141791
69300  0.141419
69350  0.141621
69400  0.141412
69450  0.14149
69500  0.141412
69550  0.141753
69600  0.141576
69650  0.141573
69700  0.141573
69750  0.141696
69800  0.141821
69850  0.141662
69900  0.141419
69950  0.141546
70000  0.141675
70050  0.141412
70100  0.141473
70150  0.141602
70200  0.141604
70250  0.141306
70300  0.14138
70350  0.141427
70400  0.141473
70450  0.141649
70500  0.141708
70550  0.141393
70600  0.141625
70650  0.141293
70700  0.141393
70750  0.141662
70800  0.141412
70850  0.141577
70900  0.141327
70950  0.141509
71000  0.141552
71050  0.141433
71100  0.141552
71150  0.141509
71200  0.141365
71250  0.141301
71300  0.141577
71350  0.141366
71400  0.14152
71450  0.141324
71500  0.141577
71550  0.14124
71600  0.141347
71650  0.14138
71700  0.141315
71750  0.141708
71800  0.141675
71850  0.141734
71900  0.141382
71950  0.141306
72000  0.141293
72050  0.14124
72100  0.141602
72150  0.141453
72200  0.141473
72250  0.141516
72300  0.141602
72350  0.141459
72400  0.141602
72450  0.141471
72500  0.141473
72550  0.141575
72600  0.141377
72650  0.141522
72700  0.141489
72750  0.141473
72800  0.141575
72850  0.141522
72900  0.141708
72950  0.141285
73000  0.141727
73050  0.141708
73100  0.141393
73150  0.141285
73200  0.141556
73250  0.141433
73300  0.141973
73350  0.14193
73400  0.14193
73450  0.141758
73500  0.1416
73550  0.141708
73600  0.14173
73650  0.141561
73700  0.14173
73750  0.141376
73800  0.141796
73850  0.141393
73900  0.141456
73950  0.141713
74000  0.14164
74050  0.141427
74100  0.14147
74150  0.141594
74200  0.141605
74250  0.141525
74300  0.141546
74350  0.141675
74400  0.142052
74450  0.14205
74500  0.14205
74550  0.14205
74600  0.14205
74650  0.141846
74700  0.141532
74750  0.14199
74800  0.14199
74850  0.141805
74900  0.14199
74950  0.14199
75000  0.141807
75050  0.141807
75100  0.141378
75150  0.141835
75200  0.141665
75250  0.141665
75300  0.141665
75350  0.141665
75400  0.141647
75450  0.14148
75500  0.141715
75550  0.141715
75600  0.141715
75650  0.141715
75700  0.14144
75750  0.14144
75800  0.141715
75850  0.141715
75900  0.14148
75950  0.141715
76000  0.14148
76050  0.14148
76100  0.1414
76150  0.141411
76200  0.141478
76250  0.141478
76300  0.141478
76350  0.1414
76400  0.141411
76450  0.141349
76500  0.1414
76550  0.141323
76600  0.141378
76650  0.141378
76700  0.141448
76750  0.141292
76800  0.141323
76850  0.141378
76900  0.141326
76950  0.141326
77000  0.141326
77050  0.141326
77100  0.141326
77150  0.141326
77200  0.141326
77250  0.141326
77300  0.141326
77350  0.141326
77400  0.141292
77450  0.141326
77500  0.141326
77550  0.141326
77600  0.141233
77650  0.141218
77700  0.141269
77750  0.141269
77800  0.141269
77850  0.141269
77900  0.141269
77950  0.141398
78000  0.141301
78050  0.141301
78100  0.141301
78150  0.141301
78200  0.141241
78250  0.141269
78300  0.141268
78350  0.141268
78400  0.141268
78450  0.141268
78500  0.141268
78550  0.141268
78600  0.141268
78650  0.141268
78700  0.141268
78750  0.141268
78800  0.141269
78850  0.14138
78900  0.141346
78950  0.141346
79000  0.141269
79050  0.141269
79100  0.141269
79150  0.141269
79200  0.141269
79250  0.141269
79300  0.141269
79350  0.141269
79400  0.141241
79450  0.141215
79500  0.141215
79550  0.141215
79600  0.141215
79650  0.141215
79700  0.141215
79750  0.141215
79800  0.141215
79850  0.141091
79900  0.141182
79950  0.141058
80000  0.141091
80050  0.141187
80100  0.141091
80150  0.141142
80200  0.141261
80250  0.141091
80300  0.141142
80350  0.141082
80400  0.141097
80450  0.14102
80500  0.141055
80550  0.140999
80600  0.141097
80650  0.141142
80700  0.141013
80750  0.141111
80800  0.141142
80850  0.140999
80900  0.140999
80950  0.141044
81000  0.141097
81050  0.141055
81100  0.141027
81150  0.141142
81200  0.141097
81250  0.141043
81300  0.141097
81350  0.141142
81400  0.141142
81450  0.141142
81500  0.141142
81550  0.141142
81600  0.141142
81650  0.141142
81700  0.141142
81750  0.141142
81800  0.141142
81850  0.141142
81900  0.141142
81950  0.141142
82000  0.141142
82050  0.141142
82100  0.141142
82150  0.141142
82200  0.141142
82250  0.141142
82300  0.141142
82350  0.141142
82400  0.141142
82450  0.141142
82500  0.141142
82550  0.141142
82600  0.141142
82650  0.141142
82700  0.141142
82750  0.141142
82800  0.141142
82850  0.141142
82900  0.141142
82950  0.141142
83000  0.141142
83050  0.141142
83100  0.141142
83150  0.141142
83200  0.141142
83250  0.141142
83300  0.141142
83350  0.141142
83400  0.141142
83450  0.141142
83500  0.141142
83550  0.141142
83600  0.141142
83650  0.141142
83700  0.140942
83750  0.140999
83800  0.141057
83850  0.140999
83900  0.141039
83950  0.140849
84000  0.141057
84050  0.140999
84100  0.140984
84150  0.141057
84200  0.140999
84250  0.140923
84300  0.140984
84350  0.140962
84400  0.140923
84450  0.140923
84500  0.140951
84550  0.140923
84600  0.140923
84650  0.140953
84700  0.140936
84750  0.140964
84800  0.140999
84850  0.140949
84900  0.141057
84950  0.140923
85000  0.140923
85050  0.140949
85100  0.140971
85150  0.140951
85200  0.141057
85250  0.141108
85300  0.140964
85350  0.14166
85400  0.140951
85450  0.140999
85500  0.140997
85550  0.140999
85600  0.140949
85650  0.140917
85700  0.140852
85750  0.14091
85800  0.140999
85850  0.140996
85900  0.140923
85950  0.140838
86000  0.140999
86050  0.140999
86100  0.140999
86150  0.140999
86200  0.140999
86250  0.140999
86300  0.140999
86350  0.140999
86400  0.140999
86450  0.140988
86500  0.140902
86550  0.140864
86600  0.140902
86650  0.14091
86700  0.140843
86750  0.140821
86800  0.141308
86850  0.141308
86900  0.14091
86950  0.140864
87000  0.140822
87050  0.140977
87100  0.140822
87150  0.140871
87200  0.140822
87250  0.140899
87300  0.140827
87350  0.140827
87400  0.14091
87450  0.14091
87500  0.140822
87550  0.140822
87600  0.140822
87650  0.140822
87700  0.140828
87750  0.140837
87800  0.140822
87850  0.14085
87900  0.140822
87950  0.140822
88000  0.14084
88050  0.14091
88100  0.140935
88150  0.140877
88200  0.140877
88250  0.140877
88300  0.140877
88350  0.140877
88400  0.140877
88450  0.140877
88500  0.140877
88550  0.140877
88600  0.140877
88650  0.140877
88700  0.140877
88750  0.140877
88800  0.140877
88850  0.140877
88900  0.140877
88950  0.140877
89000  0.140877
89050  0.140877
89100  0.140877
89150  0.140877
89200  0.140877
89250  0.140877
89300  0.140877
89350  0.140877
89400  0.140877
89450  0.140877
89500  0.140877
89550  0.140877
89600  0.140877
89650  0.140877
89700  0.140877
89750  0.140877
89800  0.140877
89850  0.140877
89900  0.140877
89950  0.140877
90000  0.140877
90050  0.140877
90100  0.140877
90150  0.140877
90200  0.140661
90250  0.140749
90300  0.140709
90350  0.140707
90400  0.140758
90450  0.140731
90500  0.140736
90550  0.14067
90600  0.140707
90650  0.140805
90700  0.14083
90750  0.140697
90800  0.140799
90850  0.14075
90900  0.140693
90950  0.140782
91000  0.14072
91050  0.140651
91100  0.140715
91150  0.140731
91200  0.140707
91250  0.140829
91300  0.140675
91350  0.14067
91400  0.140926
91450  0.140842
91500  0.140707
91550  0.140758
91600  0.140796
91650  0.140805
91700  0.14082
91750  0.140829
91800  0.14077
91850  0.140726
91900  0.140749
91950  0.140805
92000  0.140866
92050  0.140788
92100  0.140744
92150  0.141628
92200  0.141628
92250  0.141628
92300  0.141628
92350  0.141628
92400  0.141628
92450  0.141628
92500  0.141628
92550  0.141628
92600  0.141628
92650  0.140705
92700  0.140935
92750  0.140699
92800  0.140805
92850  0.141102
92900  0.141101
92950  0.141593
93000  0.141711
93050  0.141711
93100  0.141102
93150  0.141101
93200  0.141102
93250  0.140961
93300  0.141065
93350  0.141074
93400  0.141102
93450  0.140961
93500  0.141063
93550  0.140994
93600  0.141102
93650  0.141063
93700  0.140895
93750  0.140831
93800  0.140729
93850  0.140895
93900  0.141064
93950  0.140976
94000  0.141102
94050  0.140941
94100  0.141057
94150  0.141078
94200  0.141102
94250  0.141101
94300  0.141065
94350  0.140758
94400  0.140802
94450  0.140828
94500  0.140766
94550  0.140868
94600  0.140994
94650  0.141421
94700  0.141421
94750  0.141421
94800  0.141421
94850  0.141421
94900  0.141421
94950  0.141421
95000  0.141421
95050  0.141421
95100  0.141382
95150  0.141333
95200  0.141382
95250  0.142065
95300  0.142434
95350  0.140931
95400  0.140931
95450  0.140931
95500  0.141016
95550  0.141016
95600  0.141016
95650  0.141016
95700  0.140924
95750  0.140924
95800  0.140924
95850  0.141016
95900  0.141016
95950  0.140924
96000  0.140924
96050  0.141016
96100  0.141016
96150  0.140985
96200  0.140916
96250  0.140916
96300  0.14105
96350  0.14092
96400  0.140959
96450  0.140959
96500  0.140959
96550  0.140967
96600  0.140887
96650  0.140956
96700  0.140956
96750  0.140918
96800  0.140834
96850  0.140767
96900  0.140718
96950  0.140864
97000  0.141158
97050  0.141158
97100  0.141158
97150  0.141158
97200  0.141158
97250  0.141158
97300  0.140737
97350  0.140675
97400  0.140743
97450  0.140767
97500  0.140719
97550  0.140692
97600  0.140775
97650  0.140767
97700  0.14079
97750  0.140618
97800  0.14087
97850  0.141015
97900  0.141015
97950  0.141015
98000  0.141015
98050  0.141015
98100  0.141015
98150  0.141015
98200  0.141015
98250  0.140712
98300  0.140641
98350  0.140742
98400  0.140647
98450  0.14065
98500  0.140782
98550  0.140687
98600  0.140781
98650  0.140579
98700  0.140648
98750  0.140745
98800  0.140745
98850  0.140745
98900  0.140745
98950  0.140745
99000  0.140745
99050  0.140745
99100  0.140745
99150  0.140745
99200  0.140745
99250  0.140745
99300  0.140745
99350  0.140818
99400  0.140745
99450  0.140745
99500  0.140745
99550  0.140745
99600  0.140818
99650  0.140635
99700  0.140654
99750  0.140645
99800  0.140675
99850  0.140552
99900  0.140636
99950  0.140785
100000  0.140531
100050  0.140676
100100  0.140697
100150  0.14056
100200  0.140828
100250  0.140781
100300  0.140569
100350  0.140675
100400  0.140758
100450  0.140559
100500  0.140697
100550  0.140623
100600  0.140583
100650  0.140612
100700  0.140603
100750  0.140653
100800  0.140664
100850  0.140621
100900  0.140665
100950  0.140705
101000  0.140592
101050  0.140616
101100  0.14065
101150  0.140686
101200  0.140686
101250  0.140686
101300  0.140686
101350  0.140686
101400  0.140686
101450  0.140686
101500  0.14072
101550  0.140612
101600  0.14067
101650  0.140741
101700  0.140871
101750  0.140527
101800  0.140675
101850  0.140572
101900  0.140541
101950  0.140565
102000  0.140541
102050  0.140541
102100  0.140576
102150  0.140531
102200  0.140572
102250  0.140572
102300  0.141658
102350  0.142118
102400  0.141206
102450  0.141206
102500  0.141206
102550  0.141206
102600  0.141206
102650  0.141206
102700  0.141206
102750  0.141206
102800  0.141206
102850  0.141206
102900  0.141206
102950  0.141206
103000  0.141206
103050  0.141206
103100  0.141206
103150  0.141206
103200  0.141206
103250  0.141206
103300  0.141206
103350  0.141206
103400  0.141206
103450  0.140594
103500  0.140527
103550  0.140612
103600  0.140697
103650  0.140697
103700  0.140697
103750  0.140697
103800  0.140697
103850  0.140697
103900  0.140697
103950  0.140697
104000  0.140697
104050  0.140697
104100  0.140697
104150  0.140697
104200  0.140697
104250  0.140697
104300  0.140697
104350  0.140527
104400  0.140592
104450  0.140527
104500  0.140512
104550  0.140527
104600  0.140534
104650  0.140527
104700  0.140512
104750  0.140527
104800  0.140594
104850  0.140527
104900  0.140527
104950  0.140509
105000  0.140527
105050  0.140512
105100  0.140545
105150  0.140528
105200  0.140509
105250  0.140527
105300  0.140512
105350  0.140527
105400  0.140512
105450  0.140527
105500  0.140594
105550  0.140527
105600  0.140527
105650  0.140527
105700  0.140527
105750  0.140509
105800  0.140594
105850  0.140527
105900  0.140509
105950  0.140527
106000  0.140584
106050  0.140527
106100  0.140527
106150  0.140512
106200  0.140534
106250  0.140527
106300  0.140527
106350  0.140533
106400  0.140534
106450  0.140527
106500  0.140594
106550  0.140527
106600  0.140594
106650  0.140652
106700  0.140592
106750  0.140527
106800  0.140527
106850  0.140527
106900  0.140592
106950  0.140527
107000  0.140527
107050  0.140527
107100  0.140527
107150  0.140534
107200  0.140527
107250  0.140723
107300  0.140621
107350  0.140851
107400  0.140914
107450  0.14065
107500  0.140561
107550  0.1409
107600  0.140851
107650  0.140669
107700  0.140851
107750  0.140614
107800  0.140829
107850  0.140714
107900  0.14051
107950  0.140614
108000  0.14069
108050  0.140662
108100  0.140526
108150  0.140877
108200  0.140662
108250  0.14069
108300  0.140726
108350  0.140614
108400  0.140823
108450  0.140614
108500  0.140823
108550  0.140512
108600  0.140614
108650  0.14069
108700  0.140614
108750  0.140674
108800  0.140526
108850  0.140749
108900  0.140526
108950  0.140668
109000  0.140614
109050  0.140823
109100  0.14069
109150  0.140526
109200  0.140594
109250  0.140614
109300  0.140526
109350  0.140877
109400  0.140614
109450  0.140823
109500  0.140714
109550  0.140614
109600  0.14069
109650  0.140614
109700  0.140576
109750  0.140863
109800  0.140628
109850  0.140788
109900  0.140614
109950  0.140823
110000  0.140532
110050  0.140643
110100  0.14069
110150  0.140614
110200  0.140823
110250  0.140714
110300  0.140586
110350  0.140563
110400  0.140601
110450  0.14054
110500  0.140526
110550  0.140785
110600  0.140785
110650  0.140785
110700  0.140785
110750  0.140785
110800  0.140785
110850  0.140785
110900  0.140785
110950  0.140785
111000  0.140785
111050  0.140785
111100  0.140785
111150  0.140785
111200  0.140785
111250  0.140785
111300  0.140785
111350  0.140785
111400  0.140785
111450  0.140785
111500  0.140785
111550  0.140785
111600  0.140785
111650  0.140785
111700  0.140785
111750  0.140785
111800  0.140785
111850  0.140785
111900  0.140785
111950  0.140785
112000  0.140785
112050  0.140785
112100  0.140785
112150  0.140785
112200  0.140785
112250  0.141307
112300  0.141307
112350  0.141307
112400  0.141307
112450  0.141307
112500  0.142258
112550  0.142258
112600  0.142258
112650  0.142258
112700  0.142258
112750  0.142258
112800  0.142258
112850  0.142258
112900  0.142258
112950  0.142258
113000  0.142258
113050  0.14174
113100  0.14174
113150  0.14174
113200  0.14174
113250  0.14174
113300  0.14174
113350  0.14174
113400  0.140523
113450  0.140523
113500  0.140523
113550  0.140523
113600  0.140523
113650  0.140523
113700  0.140523
113750  0.140523
113800  0.140523
113850  0.140523
113900  0.14048
113950  0.14048
114000  0.14048
114050  0.14048
114100  0.14048
114150  0.14048
114200  0.140481
114250  0.140468
114300  0.140468
114350  0.140576
114400  0.140488
114450  0.140483
114500  0.140512
114550  0.140488
114600  0.140488
114650  0.140468
114700  0.140564
114750  0.140454
114800  0.140497
114850  0.140527
114900  0.140488
114950  0.140488
115000  0.140512
115050  0.140508
115100  0.140488
115150  0.140512
115200  0.140468
115250  0.140468
115300  0.140497
115350  0.140468
115400  0.140488
115450  0.140488
115500  0.140512
115550  0.140472
115600  0.140512
115650  0.140468
115700  0.140468
115750  0.140468
115800  0.140468
115850  0.140468
115900  0.140468
115950  0.140468
116000  0.140454
116050  0.140481
116100  0.140488
116150  0.140512
116200  0.140488
116250  0.140488
116300  0.140468
116350  0.140504
116400  0.140509
116450  0.140472
116500  0.140512
116550  0.140488
116600  0.140512
116650  0.140496
116700  0.140512
116750  0.140527
116800  0.140474
116850  0.140474
116900  0.140492
116950  0.140474
117000  0.140474
117050  0.140451
117100  0.140512
117150  0.140527
117200  0.140512
117250  0.140536
117300  0.140474
117350  0.140458
117400  0.140474
117450  0.140472
117500  0.140488
117550  0.140497
117600  0.140536
117650  0.140488
117700  0.140488
117750  0.140488
117800  0.140474
117850  0.140474
117900  0.140536
117950  0.140488
118000  0.140474
118050  0.140488
118100  0.140474
118150  0.140512
118200  0.140574
118250  0.140574
118300  0.140481
118350  0.140497
118400  0.140474
118450  0.140497
118500  0.140458
118550  0.140682
118600  0.140682
118650  0.140472
118700  0.140517
118750  0.140472
118800  0.141248
118850  0.141248
118900  0.141037
118950  0.141037
119000  0.141037
119050  0.141037
119100  0.141037
119150  0.141037
119200  0.141037
119250  0.141037
119300  0.141037
119350  0.141037
119400  0.141035
119450  0.141035
119500  0.141035
119550  0.141035
119600  0.141035
119650  0.141035
119700  0.141529
119750  0.141529
119800  0.141529
119850  0.141529
119900  0.141529
119950  0.141529
120000  0.141529
120050  0.141529
120100  0.141529
120150  0.141529
120200  0.141529
120250  0.141529
120300  0.141529
120350  0.141529
120400  0.141529
120450  0.141529
120500  0.141529
120550  0.141529
120600  0.141529
120650  0.141529
120700  0.141141
120750  0.141141
120800  0.141141
120850  0.141141
120900  0.141141
120950  0.141645
121000  0.14127
121050  0.14127
121100  0.14127
121150  0.14127
121200  0.142007
121250  0.142007
121300  0.142007
121350  0.142007
121400  0.142007
121450  0.142007
121500  0.142007
