Step  Penalty
32  0.528289
64  0.507883
96  0.488341
128  0.468639
160  0.441412
192  0.411127
224  0.382021
256  0.36369
288  0.342743
320  0.326109
352  0.313163
384  0.2972
416  0.288465
448  0.281185
480  0.274778
512  0.26924
544  0.264153
576  0.260687
608  0.257362
640  0.253596
672  0.251029
704  0.248573
736  0.245974
768  0.24407
800  0.242948
832  0.242263
864  0.241523
896  0.240518
928  0.239935
960  0.239086
992  0.238605
1024  0.238473
1056  0.23818
1088  0.237864
1120  0.237705
1152  0.237549
1184  0.237445
1216  0.237431
1248  0.237277
1280  0.237179
1312  0.237059
1344  0.236898
1376  0.236747
1408  0.236661
1440  0.236658
1472  0.236576
1504  0.236457
1536  0.23643
1568  0.236266
1600  0.236172
1632  0.236152
1664  0.23598
1696  0.235966
1728  0.235877
1760  0.235758
1792  0.235741
1824  0.235741
1856  0.235463
1888  0.235428
1920  0.235396
1952  0.235338
1984  0.235304
2016  0.235304
2048  0.235304
2080  0.235304
2112  0.235248
2144  0.235248
2176  0.235149
2208  0.23514
2240  0.235072
2272  0.235021
2304  0.235002
2336  0.235002
2368  0.234855
2400  0.234839
2432  0.234839
2464  0.23483
2496  0.234745
2528  0.234642
2560  0.234642
2592  0.234591
2624  0.234591
2656  0.23451
2688  0.234408
2720  0.234406
2752  0.234406
2784  0.2344
2816  0.234401
2848  0.23427
2880  0.23427
2912  0.23427
2944  0.234262
2976  0.234262
3008  0.234262
3040  0.234255
3072  0.234255
3104  0.234166
3136  0.234166
3168  0.234081
3200  0.234081
3232  0.234017
3264  0.233982
3296  0.233982
3328  0.23397
3360  0.23397
3392  0.233904
3424  0.233904
3456  0.233785
3488  0.23375
3520  0.233683
3552  0.233615
3584  0.233615
3616  0.233615
3648  0.233602
3680  0.233602
3712  0.233552
3744  0.23355
3776  0.233529
3808  0.233529
3840  0.233529
3872  0.233529
3904  0.233529
3936  0.233529
3968  0.233454
4000  0.233454
4032  0.233454
4064  0.233454
4096  0.233454
4128  0.233454
4160  0.233454
4192  0.233454
4224  0.233454
4256  0.233454
4288  0.233419
4320  0.233419
4352  0.233419
4384  0.233287
4416  0.233227
4448  0.233205
4480  0.233205
4512  0.233055
4544  0.233055
4576  0.233028
4608  0.233028
4640  0.233028
4672  0.232951
4704  0.232951
4736  0.232951
4768  0.232951
4800  0.232947
4832  0.232947
4864  0.232947
4896  0.232947
4928  0.232947
4960  0.232947
4992  0.232947
5024  0.232905
5056  0.232905
5088  0.232811
5120  0.232811
5152  0.232811
5184  0.232811
5216  0.232811
5248  0.232811
5280  0.232811
5312  0.232811
5344  0.232811
5376  0.232791
5408  0.232791
5440  0.232741
5472  0.232538
5504  0.232515
5536  0.232515
5568  0.232495
5600  0.232495
5632  0.232463
5664  0.232463
5696  0.232463
5728  0.232463
5760  0.232457
5792  0.232457
5824  0.232457
5856  0.232457
5888  0.232437
5920  0.232437
5952  0.232437
5984  0.232437
6016  0.232437
6048  0.232437
6080  0.232433
6112  0.232433
6144  0.232433
6176  0.232433
6208  0.232433
6240  0.232432
6272  0.232432
6304  0.232432
6336  0.232432
6368  0.232432
6400  0.232432
6432  0.232432
6464  0.232432
6496  0.232377
6528  0.232377
6560  0.232377
6592  0.232308
6624  0.232304
6656  0.232248
6688  0.232248
6720  0.232248
6752  0.232248
6784  0.232248
6816  0.232248
6848  0.232248
6880  0.232248
6912  0.232248
6944  0.232248
6976  0.232248
7008  0.232248
7040  0.232248
7072  0.232212
7104  0.232206
7136  0.232198
7168  0.232213
7200  0.232203
7232  0.232198
7264  0.232206
7296  0.232198
7328  0.232205
7360  0.232198
7392  0.232206
7424  0.232198
7456  0.232206
7488  0.232198
7520  0.232206
7552  0.232198
7584  0.232163
7616  0.232162
7648  0.23217
7680  0.232162
7712  0.232162
7744  0.232162
7776  0.232162
7808  0.232083
7840  0.232092
7872  0.232082
7904  0.232026
7936  0.232026
7968  0.231945
8000  0.231945
8032  0.231953
8064  0.231953
8096  0.231949
8128  0.231919
8160  0.231919
8192  0.231919
8224  0.231919
8256  0.231919
8288  0.231919
8320  0.231919
8352  0.231919
8384  0.231919
8416  0.231919
8448  0.231919
8480  0.231919
8512  0.231919
8544  0.231919
8576  0.231919
8608  0.231919
8640  0.231919
8672  0.231919
8704  0.231919
8736  0.231919
8768  0.231919
8800  0.231892
8832  0.231892
8864  0.231892
8896  0.231892
8928  0.231892
8960  0.231892
8992  0.231892
9024  0.231892
9056  0.231892
9088  0.231892
9120  0.231818
9152  0.231818
9184  0.231818
9216  0.231818
9248  0.231818
9280  0.231818
9312  0.231818
9344  0.231818
9376  0.231818
9408  0.231818
9440  0.231818
9472  0.231818
9504  0.231818
9536  0.231818
9568  0.231793
9600  0.2318
9632  0.231793
9664  0.231801
9696  0.231718
9728  0.231732
9760  0.231739
9792  0.231703
9824  0.231702
9856  0.231694
9888  0.231703
9920  0.231702
9952  0.231694
9984  0.231666
10016  0.231662
10048  0.231641
10080  0.231614
10112  0.231623
10144  0.231635
10176  0.231624
10208  0.231631
10240  0.231622
10272  0.231624
10304  0.231624
10336  0.231624
10368  0.231624
10400  0.231624
10432  0.231624
10464  0.231624
10496  0.231624
10528  0.231624
10560  0.231624
10592  0.231624
10624  0.231624
10656  0.231624
10688  0.231624
10720  0.231624
10752  0.231624
10784  0.231624
10816  0.231624
10848  0.231624
10880  0.231624
10912  0.231624
10944  0.231624
10976  0.231624
11008  0.231624
11040  0.231624
11072  0.231631
11104  0.231624
11136  0.231563
11168  0.231556
11200  0.231556
11232  0.231568
11264  0.231556
11296  0.231556
11328  0.231557
11360  0.231557
11392  0.231568
11424  0.231556
11456  0.231568
11488  0.231556
11520  0.231568
11552  0.231556
11584  0.231563
11616  0.231563
11648  0.231563
11680  0.231563
11712  0.231563
11744  0.231563
11776  0.231563
11808  0.231563
11840  0.231563
11872  0.231563
11904  0.231563
11936  0.231563
11968  0.231562
12000  0.231562
12032  0.231562
12064  0.231562
12096  0.231562
12128  0.231562
12160  0.231562
12192  0.231562
12224  0.231562
12256  0.231562
12288  0.231562
12320  0.231562
12352  0.231557
12384  0.231557
12416  0.231557
12448  0.231557
12480  0.231557
12512  0.231555
12544  0.231555
12576  0.231555
12608  0.231555
12640  0.231555
12672  0.231555
12704  0.231555
12736  0.231555
12768  0.231555
12800  0.231555
12832  0.231555
12864  0.231555
12896  0.231555
12928  0.231555
12960  0.231555
12992  0.231555
13024  0.231555
13056  0.231555
13088  0.231555
13120  0.231555
13152  0.231555
13184  0.231555
13216  0.231555
13248  0.231555
13280  0.231555
13312  0.231555
13344  0.231555
13376  0.231555
13408  0.231555
13440  0.231555
13472  0.231553
13504  0.231553
13536  0.231553
13568  0.231553
13600  0.231553
13632  0.231553
13664  0.231553
13696  0.231553
13728  0.231553
13760  0.231553
13792  0.231553
13824  0.231553
13856  0.231553
13888  0.231553
13920  0.231553
13952  0.231553
13984  0.231553
14016  0.231553
14048  0.231553
14080  0.231553
14112  0.231553
14144  0.231553
14176  0.231553
14208  0.231553
14240  0.231553
14272  0.231553
14304  0.231553
14336  0.231553
14368  0.231553
14400  0.231553
14432  0.231553
14464  0.231553
14496  0.231553
14528  0.231553
14560  0.231553
14592  0.231553
14624  0.231553
14656  0.231553
14688  0.231553
14720  0.231553
14752  0.231553
14784  0.231553
14816  0.231553
14848  0.231553
14880  0.231553
14912  0.231553
14944  0.231553
14976  0.231553
15008  0.231553
15040  0.231553
15072  0.231553
15104  0.231553
15136  0.231553
15168  0.231553
15200  0.231553
15232  0.231553
15264  0.231553
15296  0.231553
15328  0.231553
15360  0.231553
15392  0.231553
15424  0.231553
15456  0.231553
15488  0.231553
15520  0.231553
15552  0.231553
15584  0.231553
15616  0.231553
15648  0.231553
15680  0.231553
15712  0.231553
15744  0.231553
15776  0.231553
15808  0.231553
15840  0.231553
15872  0.231553
15904  0.231553
15936  0.231553
15968  0.231553
16000  0.231553
16032  0.231551
16064  0.231551
16096  0.231551
16128  0.231551
16160  0.231551
16192  0.231551
16224  0.231551
16256  0.231551
16288  0.231551
16320  0.231551
16352  0.231551
16384  0.231551
16416  0.231551
16448  0.231551
16480  0.231551
16512  0.231551
16544  0.231551
16576  0.231551
16608  0.231551
16640  0.231551
16672  0.231551
16704  0.231551
16736  0.231551
16768  0.231551
16800  0.231551
16832  0.231551
16864  0.231551
16896  0.231551
16928  0.231551
16960  0.231551
16992  0.231551
17024  0.231515
17056  0.231515
17088  0.231515
17120  0.231515
17152  0.231515
17184  0.231515
17216  0.231515
17248  0.231515
17280  0.231515
17312  0.231515
17344  0.231515
17376  0.231515
17408  0.231515
17440  0.231515
17472  0.231515
17504  0.231515
17536  0.231515
17568  0.231515
17600  0.231515
17632  0.231515
17664  0.231515
17696  0.231515
17728  0.231515
17760  0.231515
17792  0.231515
17824  0.231387
17856  0.231387
17888  0.231387
17920  0.231387
17952  0.231387
17984  0.231387
18016  0.231387
18048  0.231387
18080  0.231387
18112  0.231387
18144  0.231387
18176  0.231387
18208  0.231387
18240  0.231387
18272  0.231387
18304  0.231387
18336  0.231387
18368  0.231387
18400  0.231387
18432  0.231387
18464  0.231387
18496  0.231288
18528  0.231288
18560  0.231288
18592  0.231288
18624  0.231288
18656  0.231288
18688  0.231288
18720  0.231288
18752  0.231288
18784  0.231288
18816  0.231288
18848  0.231288
18880  0.231288
18912  0.231288
18944  0.231288
18976  0.231288
19008  0.231288
19040  0.231288
19072  0.231288
19104  0.231288
19136  0.231288
19168  0.231288
19200  0.231288
19232  0.231288
19264  0.231288
19296  0.231288
19328  0.231288
19360  0.231288
19392  0.231288
19424  0.231288
19456  0.231288
19488  0.231288
19520  0.231288
19552  0.231288
19584  0.231288
19616  0.231288
19648  0.231288
19680  0.231288
19712  0.231288
19744  0.231288
19776  0.231288
19808  0.231288
19840  0.231288
19872  0.231288
19904  0.231288
19936  0.231288
19968  0.231288
20000  0.231284
20032  0.231284
20064  0.231284
20096  0.231284
20128  0.231284
20160  0.231284
20192  0.231284
20224  0.231284
20256  0.231284
20288  0.231284
20320  0.231284
20352  0.231284
20384  0.231284
20416  0.231284
20448  0.231284
20480  0.231284
20512  0.231284
20544  0.231284
20576  0.231284
20608  0.231284
20640  0.231284
20672  0.231284
20704  0.231284
20736  0.231284
20768  0.231284
20800  0.231284
20832  0.231284
20864  0.231284
20896  0.231284
20928  0.231284
20960  0.231284
20992  0.231284
21024  0.231284
21056  0.231284
21088  0.231284
21120  0.231284
21152  0.231284
21184  0.231284
21216  0.231284
21248  0.231284
21280  0.231284
21312  0.231284
21344  0.231284
21376  0.231284
21408  0.231284
21440  0.231284
21472  0.231284
21504  0.231284
21536  0.231284
21568  0.231284
21600  0.231284
21632  0.231284
21664  0.231284
21696  0.231284
21728  0.231284
21760  0.231284
21792  0.231284
21824  0.231284
21856  0.231284
21888  0.231284
21920  0.231284
21952  0.231284
21984  0.231284
22016  0.231284
22048  0.231284
22080  0.231284
22112  0.231284
22144  0.231284
22176  0.231284
22208  0.231284
22240  0.231284
22272  0.231284
22304  0.231284
22336  0.231284
22368  0.231284
22400  0.231284
22432  0.231284
22464  0.231284
22496  0.231284
22528  0.231284
22560  0.231284
22592  0.231284
22624  0.231284
22656  0.231284
22688  0.231284
22720  0.231284
22752  0.231284
22784  0.231284
22816  0.231284
22848  0.231284
22880  0.231284
22912  0.231284
22944  0.231284
22976  0.231284
23008  0.231284
23040  0.231284
23072  0.231284
23104  0.231284
23136  0.231284
23168  0.231284
23200  0.231284
23232  0.231284
23264  0.231284
23296  0.231284
23328  0.231284
23360  0.231281
23392  0.231281
23424  0.231281
23456  0.231281
23488  0.231281
23520  0.231281
23552  0.231281
23584  0.231281
23616  0.231281
23648  0.231281
23680  0.231281
23712  0.231281
23744  0.231253
23776  0.231253
23808  0.231253
23840  0.231253
23872  0.231253
23904  0.231186
23936  0.231186
23968  0.231186
24000  0.231186
24032  0.231186
24064  0.231186
24096  0.231186
24128  0.231186
24160  0.231186
24192  0.231186
24224  0.231186
24256  0.231186
24288  0.231186
24320  0.231186
24352  0.231186
24384  0.231186
24416  0.231186
24448  0.231186
24480  0.231186
24512  0.231186
24544  0.231186
24576  0.231186
24608  0.231186
24640  0.231186
24672  0.231186
24704  0.231149
24736  0.23115
24768  0.23115
24800  0.23115
24832  0.23115
24864  0.23115
24896  0.23115
24928  0.23115
24960  0.23115
24992  0.23115
25024  0.23115
25056  0.23115
25088  0.23115
25120  0.23115
25152  0.23115
25184  0.23115
25216  0.23115
25248  0.23115
25280  0.23115
25312  0.23115
25344  0.23115
25376  0.23115
25408  0.23115
25440  0.23115
25472  0.23115
25504  0.23115
25536  0.23115
25568  0.23115
25600  0.23115
25632  0.23115
25664  0.23115
25696  0.23115
25728  0.23115
25760  0.23115
25792  0.23115
25824  0.23115
25856  0.23115
25888  0.23115
25920  0.23115
25952  0.23115
25984  0.23115
26016  0.23115
26048  0.23115
26080  0.23115
26112  0.23115
26144  0.23115
26176  0.23115
26208  0.23115
26240  0.23115
26272  0.23115
26304  0.23115
26336  0.23115
26368  0.23115
26400  0.23115
26432  0.23115
26464  0.23115
26496  0.23115
26528  0.23115
26560  0.23115
26592  0.23115
26624  0.23115
26656  0.23115
26688  0.23115
26720  0.23115
26752  0.23115
26784  0.23115
26816  0.23115
26848  0.23115
26880  0.23115
26912  0.23115
26944  0.231123
26976  0.231123
27008  0.231123
27040  0.231122
27072  0.231122
27104  0.231122
27136  0.231122
27168  0.231122
27200  0.231122
27232  0.231122
27264  0.231122
27296  0.231122
27328  0.231122
27360  0.231122
27392  0.231122
27424  0.231122
27456  0.231122
27488  0.231098
27520  0.231098
27552  0.231098
27584  0.231098
27616  0.231098
27648  0.231098
27680  0.231098
27712  0.231098
27744  0.231098
27776  0.231098
27808  0.231098
27840  0.231098
27872  0.231098
27904  0.231098
27936  0.231098
27968  0.231098
28000  0.231098
28032  0.231098
28064  0.231098
28096  0.231098
28128  0.231098
28160  0.231098
28192  0.231098
28224  0.231098
28256  0.231098
28288  0.231098
28320  0.231098
28352  0.231098
28384  0.231098
28416  0.231098
28448  0.231098
28480  0.231098
28512  0.231098
28544  0.231098
28576  0.231098
28608  0.231098
28640  0.231098
28672  0.231098
28704  0.231098
28736  0.231098
28768  0.231098
28800  0.231098
28832  0.231098
28864  0.231098
28896  0.231098
28928  0.231098
28960  0.231098
28992  0.231098
29024  0.231098
29056  0.231098
29088  0.231098
29120  0.231098
29152  0.231098
29184  0.231098
29216  0.231098
29248  0.231098
29280  0.231098
29312  0.231098
29344  0.231098
29376  0.231098
29408  0.231098
29440  0.231098
29472  0.231098
29504  0.231098
29536  0.231098
29568  0.231098
29600  0.231098
29632  0.231098
29664  0.231098
29696  0.231098
29728  0.231098
29760  0.231098
29792  0.231098
29824  0.231098
29856  0.231098
29888  0.231098
29920  0.231098
29952  0.231098
29984  0.231098
30016  0.231098
30048  0.231098
30080  0.231098
30112  0.231098
30144  0.23109
30176  0.23109
30208  0.23109
30240  0.23109
30272  0.23109
30304  0.23109
30336  0.23109
30368  0.23109
30400  0.23109
30432  0.23109
30464  0.23109
30496  0.23109
30528  0.23109
30560  0.23109
30592  0.23109
30624  0.23109
30656  0.23109
30688  0.23109
30720  0.23109
30752  0.23109
30784  0.23109
30816  0.23109
30848  0.23109
30880  0.23109
30912  0.23109
30944  0.23109
30976  0.23109
31008  0.23109
31040  0.23109
31072  0.23109
31104  0.23109
31136  0.23109
31168  0.23109
31200  0.23109
31232  0.231077
31264  0.231077
31296  0.231077
31328  0.231077
31360  0.231077
31392  0.231077
31424  0.231077
31456  0.231077
31488  0.231077
31520  0.231077
31552  0.231077
31584  0.231077
31616  0.231077
31648  0.231077
31680  0.231077
31712  0.231077
31744  0.231077
31776  0.231077
31808  0.231077
31840  0.231077
31872  0.231077
31904  0.231077
31936  0.231077
31968  0.231077
32000  0.231077
32032  0.231077
32064  0.231077
32096  0.231077
32128  0.231077
32160  0.231077
32192  0.231077
32224  0.231077
32256  0.231077
32288  0.231077
32320  0.231077
32352  0.231077
32384  0.231077
32416  0.231077
32448  0.231077
32480  0.231077
32512  0.231077
32544  0.231077
32576  0.231077
32608  0.231077
32640  0.231077
32672  0.231077
32704  0.231077
32736  0.231077
32768  0.231077
32800  0.231077
32832  0.231077
32864  0.231077
32896  0.231077
32928  0.231077
32960  0.231077
32992  0.231077
33024  0.231077
33056  0.231077
33088  0.231077
33120  0.231077
33152  0.231051
33184  0.231051
33216  0.231051
33248  0.231051
33280  0.231051
33312  0.231051
33344  0.231051
33376  0.231051
33408  0.231051
33440  0.231051
33472  0.231051
33504  0.231051
33536  0.231051
33568  0.231051
33600  0.231051
33632  0.231051
33664  0.231051
33696  0.231051
33728  0.231051
33760  0.231051
33792  0.231051
33824  0.231051
33856  0.231051
33888  0.231051
33920  0.231051
33952  0.231051
33984  0.231051
34016  0.231051
34048  0.231051
34080  0.231051
34112  0.231051
34144  0.231051
34176  0.231051
34208  0.231051
34240  0.231051
34272  0.231051
34304  0.231051
34336  0.231051
34368  0.231051
34400  0.231051
34432  0.231051
34464  0.231051
34496  0.231051
34528  0.231051
34560  0.231051
34592  0.231051
34624  0.231051
34656  0.231051
34688  0.231051
34720  0.231051
34752  0.231051
34784  0.231051
34816  0.231051
34848  0.231051
34880  0.231051
34912  0.231051
34944  0.231006
34976  0.231006
35008  0.231006
35040  0.231006
35072  0.231006
35104  0.231006
35136  0.231006
35168  0.231006
35200  0.231006
35232  0.231006
35264  0.231006
35296  0.231006
35328  0.231006
35360  0.231006
35392  0.231006
35424  0.231006
35456  0.231006
35488  0.231006
35520  0.231006
35552  0.231006
35584  0.231006
35616  0.231006
35648  0.231006
35680  0.231006
35712  0.231006
35744  0.231006
35776  0.231006
35808  0.231006
35840  0.231006
35872  0.231006
35904  0.231006
35936  0.231006
35968  0.231006
36000  0.231006
36032  0.231006
36064  0.231006
36096  0.231006
36128  0.231006
36160  0.231006
36192  0.231006
36224  0.231006
36256  0.231006
36288  0.231006
36320  0.231006
36352  0.231006
36384  0.231006
36416  0.231006
36448  0.231006
36480  0.231006
36512  0.231006
36544  0.231006
36576  0.231006
36608  0.231006
36640  0.231006
36672  0.231006
36704  0.231006
36736  0.231006
36768  0.231006
36800  0.231006
36832  0.231006
36864  0.231006
36896  0.231006
36928  0.231006
36960  0.231006
36992  0.231006
37024  0.231006
37056  0.231006
37088  0.231006
37120  0.231006
37152  0.231006
37184  0.231006
37216  0.231006
37248  0.231006
37280  0.231006
37312  0.231006
37344  0.231006
37376  0.231006
37408  0.231006
37440  0.231006
37472  0.231006
37504  0.231006
37536  0.231006
37568  0.231006
37600  0.231006
37632  0.231006
37664  0.231006
37696  0.231006
37728  0.231006
37760  0.231006
37792  0.231006
37824  0.231006
37856  0.231006
37888  0.231006
37920  0.230999
37952  0.230999
37984  0.230999
38016  0.230999
38048  0.230999
38080  0.230999
38112  0.230999
38144  0.230999
38176  0.230999
38208  0.230999
38240  0.230999
38272  0.230999
38304  0.230999
38336  0.230999
38368  0.230999
38400  0.230999
38432  0.230999
38464  0.230999
38496  0.230999
38528  0.230999
38560  0.230999
38592  0.230999
38624  0.230999
38656  0.230999
38688  0.230999
38720  0.230999
38752  0.230999
38784  0.230999
38816  0.230999
38848  0.230999
38880  0.230999
38912  0.230999
38944  0.230999
38976  0.230999
39008  0.230999
39040  0.230999
39072  0.230999
39104  0.230999
39136  0.230999
39168  0.230999
39200  0.230999
39232  0.230999
39264  0.230999
39296  0.230999
39328  0.230999
39360  0.230999
39392  0.230999
39424  0.230999
39456  0.230999
39488  0.230999
39520  0.230999
39552  0.230999
39584  0.230999
39616  0.230999
39648  0.230999
39680  0.230999
39712  0.230999
39744  0.230999
39776  0.230999
39808  0.230999
39840  0.230999
39872  0.230999
39904  0.230999
39936  0.231007
39968  0.231002
40000  0.231007
40032  0.231001
40064  0.231002
40096  0.230999
40128  0.231
40160  0.231
40192  0.231002
40224  0.231001
40256  0.231001
40288  0.231001
40320  0.230999
40352  0.231002
40384  0.230999
40416  0.231002
40448  0.231002
40480  0.231001
40512  0.231001
40544  0.231001
40576  0.230999
40608  0.230999
40640  0.231002
40672  0.231001
40704  0.231001
40736  0.231002
40768  0.231002
40800  0.231002
40832  0.230999
40864  0.231
40896  0.231
40928  0.231001
40960  0.231001
40992  0.231001
41024  0.231001
41056  0.231001
41088  0.231001
41120  0.231001
41152  0.230999
41184  0.230974
41216  0.230976
41248  0.230976
41280  0.230975
41312  0.230975
41344  0.230975
41376  0.230975
41408  0.230975
41440  0.230975
41472  0.230975
41504  0.230975
41536  0.230975
41568  0.230975
41600  0.230975
41632  0.230975
41664  0.230975
41696  0.230975
41728  0.230975
41760  0.230975
41792  0.230974
41824  0.230974
41856  0.230974
41888  0.230974
41920  0.230975
41952  0.230975
41984  0.230975
42016  0.230975
42048  0.230975
42080  0.230975
42112  0.230975
42144  0.230975
42176  0.230975
42208  0.230975
42240  0.230974
42272  0.230974
42304  0.230908
42336  0.23091
42368  0.23091
42400  0.23091
42432  0.230909
42464  0.230911
42496  0.230911
42528  0.230911
42560  0.230911
42592  0.230911
42624  0.230911
42656  0.230911
42688  0.230911
42720  0.230911
42752  0.230911
42784  0.230911
42816  0.230911
42848  0.230911
42880  0.230911
42912  0.230911
42944  0.230911
42976  0.230911
43008  0.230911
43040  0.230911
43072  0.230911
43104  0.230911
43136  0.230911
43168  0.230911
43200  0.230911
43232  0.230911
43264  0.230911
43296  0.230911
43328  0.230911
43360  0.230911
43392  0.230911
43424  0.230911
43456  0.230911
43488  0.230911
43520  0.230911
43552  0.230911
43584  0.230911
43616  0.230911
43648  0.230911
43680  0.230911
43712  0.230911
43744  0.230911
43776  0.230911
43808  0.230911
43840  0.230911
43872  0.230911
43904  0.230911
43936  0.230911
43968  0.230911
44000  0.230911
44032  0.230911
44064  0.230911
44096  0.230911
44128  0.230911
44160  0.230911
44192  0.230911
44224  0.230864
44256  0.230864
44288  0.230864
44320  0.230864
44352  0.230864
44384  0.230864
44416  0.230864
44448  0.230864
44480  0.230864
44512  0.230864
44544  0.230864
44576  0.230864
44608  0.230864
44640  0.230864
44672  0.230864
44704  0.230864
44736  0.230864
44768  0.230828
44800  0.230828
44832  0.230828
44864  0.230828
44896  0.230828
44928  0.230828
44960  0.230828
44992  0.230828
45024  0.230828
45056  0.230828
45088  0.230828
45120  0.230828
45152  0.230828
45184  0.230828
45216  0.230828
45248  0.230828
45280  0.230828
45312  0.230828
45344  0.230828
45376  0.230828
45408  0.230828
45440  0.230828
45472  0.230828
45504  0.230828
45536  0.230828
45568  0.230828
45600  0.230828
45632  0.230828
45664  0.230828
45696  0.230828
45728  0.230828
45760  0.230828
45792  0.230828
45824  0.230828
45856  0.230828
45888  0.230799
45920  0.230799
45952  0.230773
45984  0.230773
46016  0.230773
46048  0.230773
46080  0.230773
46112  0.230773
46144  0.230773
46176  0.230773
46208  0.230773
46240  0.230773
46272  0.230773
46304  0.230773
46336  0.230773
46368  0.230773
46400  0.230773
46432  0.230764
46464  0.230767
46496  0.230767
46528  0.230767
46560  0.230767
46592  0.230767
46624  0.230767
46656  0.230767
46688  0.230767
46720  0.230767
46752  0.230767
46784  0.230767
46816  0.230767
46848  0.230767
46880  0.230767
46912  0.230767
46944  0.230767
46976  0.230767
47008  0.230767
47040  0.230767
47072  0.230767
47104  0.230767
47136  0.230767
47168  0.230767
47200  0.230767
47232  0.230767
47264  0.230767
47296  0.230767
47328  0.230767
47360  0.230767
47392  0.230767
47424  0.230767
47456  0.230767
47488  0.230767
47520  0.230767
47552  0.230767
47584  0.230767
47616  0.230767
47648  0.230767
47680  0.230767
47712  0.230767
47744  0.230767
47776  0.230767
47808  0.230767
47840  0.230767
47872  0.230767
47904  0.230767
47936  0.230767
47968  0.230767
48000  0.230767
48032  0.230767
48064  0.230767
48096  0.230767
48128  0.230767
48160  0.230767
48192  0.230767
48224  0.230767
48256  0.230767
48288  0.230767
48320  0.230767
48352  0.230767
48384  0.230767
48416  0.230767
48448  0.230767
48480  0.230767
48512  0.230767
48544  0.230767
48576  0.230767
48608  0.230767
48640  0.230767
48672  0.230767
48704  0.230767
48736  0.230767
48768  0.230767
48800  0.230767
48832  0.230767
48864  0.230767
48896  0.230767
48928  0.230767
48960  0.230767
48992  0.230767
49024  0.230767
49056  0.230767
49088  0.230767
49120  0.230767
49152  0.230767
49184  0.230767
49216  0.230767
49248  0.230767
49280  0.230767
49312  0.230767
49344  0.230767
49376  0.230767
49408  0.230767
49440  0.230767
49472  0.230767
49504  0.230767
49536  0.230767
49568  0.230767
49600  0.230767
49632  0.230767
49664  0.230767
49696  0.230767
49728  0.230767
49760  0.230767
49792  0.230767
49824  0.230767
49856  0.230767
49888  0.230767
49920  0.230767
49952  0.230769
49984  0.230771
50016  0.230774
50048  0.230774
50080  0.230773
50112  0.230773
50144  0.230773
50176  0.230773
50208  0.230773
50240  0.230773
50272  0.230773
50304  0.230773
50336  0.230773
50368  0.230773
50400  0.230773
50432  0.230773
50464  0.230773
50496  0.230773
50528  0.230773
50560  0.230773
50592  0.230773
50624  0.230773
50656  0.230773
50688  0.230773
50720  0.230773
50752  0.230773
50784  0.230773
50816  0.230773
50848  0.230773
50880  0.230773
50912  0.230773
50944  0.230773
50976  0.230773
51008  0.230773
51040  0.230774
51072  0.230774
51104  0.230643
51136  0.230643
51168  0.230643
51200  0.230643
51232  0.230643
51264  0.230643
51296  0.230643
51328  0.230643
51360  0.230643
51392  0.230643
51424  0.230643
51456  0.230643
51488  0.230643
51520  0.230643
51552  0.230643
51584  0.230643
51616  0.230643
51648  0.230643
51680  0.230644
51712  0.230644
51744  0.230644
51776  0.230644
51808  0.230625
51840  0.230625
51872  0.230625
51904  0.230625
51936  0.230625
51968  0.230625
52000  0.230625
52032  0.230625
52064  0.230625
52096  0.230625
52128  0.230625
52160  0.230625
52192  0.230625
52224  0.230625
52256  0.230625
52288  0.230625
52320  0.230625
52352  0.230625
52384  0.230625
52416  0.230625
52448  0.230625
52480  0.230625
52512  0.230625
52544  0.230625
52576  0.230625
52608  0.230625
52640  0.230625
52672  0.230625
52704  0.230625
52736  0.230625
52768  0.230625
52800  0.230625
52832  0.230625
52864  0.230625
52896  0.230625
52928  0.230625
52960  0.230625
52992  0.230625
53024  0.230625
53056  0.230625
53088  0.230625
53120  0.230625
53152  0.230625
53184  0.230625
53216  0.230625
53248  0.230625
53280  0.230625
53312  0.230625
53344  0.230625
53376  0.230625
53408  0.230625
53440  0.230625
53472  0.230625
53504  0.230625
53536  0.230625
53568  0.230625
53600  0.230625
53632  0.230625
53664  0.230625
53696  0.230625
53728  0.230625
53760  0.230625
53792  0.230625
53824  0.230625
53856  0.230625
53888  0.230625
53920  0.230625
53952  0.230625
53984  0.230625
54016  0.230625
54048  0.230625
54080  0.230625
54112  0.230625
54144  0.230625
54176  0.230625
54208  0.230625
54240  0.230625
54272  0.230625
54304  0.230625
54336  0.230625
54368  0.230625
54400  0.230625
54432  0.230625
54464  0.230625
54496  0.230625
54528  0.230625
54560  0.230625
54592  0.230625
54624  0.230625
54656  0.230625
54688  0.230625
54720  0.230625
54752  0.230625
54784  0.230625
54816  0.230625
54848  0.230625
54880  0.230625
54912  0.230625
54944  0.230625
54976  0.230625
55008  0.230625
55040  0.230625
55072  0.230625
55104  0.230625
55136  0.230625
55168  0.230625
55200  0.230625
55232  0.230625
55264  0.230625
55296  0.230625
55328  0.230625
55360  0.230625
55392  0.230625
55424  0.230625
55456  0.230625
55488  0.230625
55520  0.230595
55552  0.230589
55584  0.230589
55616  0.230589
55648  0.230589
55680  0.230589
55712  0.230589
55744  0.230589
55776  0.230589
55808  0.230589
55840  0.230589
55872  0.230589
55904  0.230589
55936  0.230589
55968  0.230589
56000  0.230589
56032  0.230589
56064  0.230589
56096  0.230589
56128  0.230589
56160  0.230589
56192  0.230589
56224  0.230589
56256  0.230589
56288  0.230589
56320  0.230589
56352  0.230589
56384  0.230589
56416  0.230589
56448  0.230589
56480  0.230589
56512  0.230589
56544  0.230589
56576  0.230589
56608  0.230589
56640  0.230589
56672  0.230589
56704  0.230589
56736  0.230589
56768  0.230589
56800  0.230589
56832  0.230589
56864  0.230589
56896  0.230589
56928  0.230589
56960  0.230589
56992  0.230589
57024  0.230589
57056  0.230589
57088  0.230589
57120  0.230589
57152  0.230589
57184  0.230589
57216  0.230589
57248  0.230589
57280  0.230589
57312  0.230589
57344  0.230589
57376  0.230589
57408  0.230589
57440  0.230589
57472  0.230589
57504  0.230589
57536  0.230589
57568  0.230589
57600  0.230589
57632  0.230589
57664  0.230589
57696  0.230589
57728  0.230589
57760  0.230589
57792  0.230589
57824  0.230589
57856  0.230589
57888  0.230589
57920  0.230589
57952  0.230589
57984  0.230589
58016  0.230589
58048  0.230589
58080  0.230589
58112  0.230589
58144  0.230589
58176  0.230589
58208  0.230589
58240  0.230589
58272  0.230589
58304  0.230574
58336  0.230574
58368  0.230574
58400  0.230574
58432  0.230574
58464  0.230435
58496  0.230435
58528  0.230435
58560  0.230435
58592  0.230435
58624  0.230435
58656  0.230435
58688  0.230435
58720  0.230435
58752  0.230434
58784  0.230434
58816  0.230434
58848  0.230434
58880  0.230434
58912  0.230434
58944  0.230434
58976  0.230434
59008  0.230434
59040  0.230434
59072  0.230434
59104  0.230434
59136  0.230434
59168  0.230434
59200  0.230434
59232  0.230434
59264  0.230434
59296  0.230434
59328  0.230434
59360  0.230434
59392  0.230434
59424  0.230434
59456  0.230434
59488  0.230434
59520  0.230434
59552  0.230434
59584  0.230434
59616  0.230425
59648  0.230425
59680  0.230425
59712  0.230425
59744  0.230425
59776  0.230425
59808  0.230426
59840  0.230425
59872  0.230425
59904  0.230425
59936  0.230425
59968  0.230425
60000  0.230425
60032  0.230425
60064  0.230425
60096  0.230425
60128  0.230425
60160  0.230425
60192  0.230425
60224  0.230425
60256  0.230425
60288  0.230425
60320  0.230425
60352  0.230425
60384  0.230425
60416  0.230425
60448  0.230425
60480  0.230425
60512  0.230425
60544  0.230425
60576  0.230425
60608  0.230425
60640  0.230425
60672  0.230425
60704  0.230425
60736  0.230425
60768  0.230425
60800  0.230425
60832  0.230425
60864  0.230425
60896  0.230425
60928  0.230425
60960  0.230425
60992  0.230425
61024  0.230425
61056  0.230425
61088  0.230425
61120  0.230425
61152  0.230425
61184  0.230425
61216  0.230425
61248  0.230425
61280  0.230425
61312  0.230425
61344  0.230425
61376  0.230426
61408  0.230425
61440  0.230425
61472  0.230425
61504  0.230425
61536  0.230425
61568  0.230425
61600  0.230425
61632  0.230425
61664  0.230425
61696  0.230425
61728  0.230425
61760  0.230425
61792  0.230425
61824  0.230425
61856  0.230425
61888  0.230425
61920  0.230425
61952  0.230425
61984  0.230425
62016  0.230425
62048  0.230425
62080  0.230425
62112  0.230425
62144  0.230425
62176  0.230425
62208  0.230425
62240  0.230425
62272  0.230426
62304  0.230425
62336  0.230425
62368  0.230425
62400  0.230425
62432  0.230425
62464  0.230425
62496  0.230425
62528  0.230425
62560  0.230425
62592  0.230425
62624  0.230425
62656  0.230425
62688  0.230425
62720  0.230425
62752  0.230425
62784  0.230425
62816  0.230425
62848  0.230425
62880  0.230425
62912  0.230425
62944  0.230425
62976  0.230425
63008  0.230425
63040  0.230425
63072  0.230425
63104  0.230425
63136  0.230425
63168  0.230425
63200  0.230425
63232  0.230425
63264  0.230425
63296  0.230425
63328  0.230425
63360  0.230425
63392  0.230425
63424  0.230425
63456  0.230425
63488  0.230425
63520  0.230425
63552  0.230425
63584  0.230425
63616  0.230425
63648  0.230425
63680  0.230425
63712  0.230425
63744  0.230425
63776  0.230425
63808  0.230425
63840  0.230425
63872  0.230425
63904  0.230425
63936  0.230425
63968  0.230425
64000  0.230425
64032  0.230413
64064  0.230416
64096  0.230416
64128  0.230416
64160  0.230416
64192  0.230416
64224  0.230416
64256  0.230416
64288  0.230416
64320  0.230416
64352  0.230416
64384  0.230416
64416  0.230416
64448  0.230416
64480  0.230416
64512  0.230416
64544  0.230416
64576  0.230416
64608  0.230416
64640  0.230416
64672  0.230416
64704  0.230416
64736  0.230416
64768  0.230416
64800  0.230416
64832  0.230416
64864  0.230416
64896  0.230416
64928  0.230416
64960  0.230416
64992  0.230416
65024  0.230416
65056  0.230416
65088  0.230416
65120  0.230416
65152  0.230416
65184  0.230416
65216  0.230416
65248  0.230416
65280  0.230416
65312  0.230416
65344  0.230416
65376  0.230416
65408  0.230416
65440  0.230416
65472  0.230416
65504  0.230412
65536  0.23041
65568  0.23041
65600  0.23041
65632  0.23041
65664  0.23041
65696  0.23041
65728  0.23041
65760  0.23041
65792  0.23041
65824  0.23041
65856  0.23041
65888  0.23041
65920  0.23041
65952  0.23041
65984  0.23041
66016  0.23041
66048  0.23041
66080  0.23041
66112  0.23041
66144  0.23041
66176  0.23041
66208  0.23041
66240  0.23041
66272  0.23041
66304  0.23041
66336  0.230376
66368  0.230376
66400  0.230376
66432  0.230376
66464  0.230376
66496  0.230376
66528  0.230376
66560  0.230376
66592  0.230376
66624  0.230376
66656  0.230376
66688  0.230376
66720  0.230376
66752  0.230376
66784  0.230376
66816  0.230376
66848  0.230376
66880  0.230376
66912  0.230376
66944  0.230376
66976  0.230376
67008  0.230376
67040  0.230376
67072  0.230376
67104  0.230376
67136  0.230376
67168  0.230376
67200  0.230376
67232  0.230376
67264  0.230376
67296  0.230377
67328  0.230376
67360  0.230376
67392  0.230376
67424  0.230376
67456  0.230376
67488  0.230376
67520  0.230376
67552  0.230376
67584  0.230376
67616  0.230376
67648  0.230376
67680  0.230376
67712  0.230376
67744  0.230376
67776  0.230376
67808  0.230376
67840  0.230376
67872  0.230376
67904  0.230376
67936  0.230376
67968  0.230376
68000  0.230376
68032  0.230376
68064  0.230376
68096  0.230376
68128  0.230376
68160  0.230376
68192  0.230376
68224  0.230376
68256  0.230376
68288  0.230376
68320  0.230376
68352  0.230376
68384  0.230376
68416  0.230376
68448  0.230376
68480  0.230376
68512  0.230376
68544  0.230376
68576  0.230376
68608  0.230376
68640  0.230376
68672  0.230376
68704  0.230376
68736  0.230376
68768  0.230376
68800  0.230376
68832  0.230376
68864  0.230376
68896  0.230376
68928  0.230376
68960  0.230376
68992  0.230376
69024  0.230376
69056  0.230376
69088  0.230376
69120  0.230376
69152  0.230376
69184  0.230376
69216  0.230376
69248  0.230376
69280  0.230376
69312  0.230376
69344  0.230376
69376  0.230376
69408  0.230376
69440  0.230376
69472  0.230376
69504  0.230376
69536  0.230376
69568  0.230376
69600  0.230376
69632  0.230376
69664  0.230376
69696  0.230376
69728  0.230376
69760  0.230376
69792  0.230376
69824  0.230376
69856  0.230376
69888  0.230376
69920  0.230376
69952  0.230376
69984  0.230376
70016  0.230254
70048  0.230254
70080  0.230255
70112  0.230255
70144  0.230255
70176  0.230255
70208  0.230255
70240  0.230255
70272  0.230255
70304  0.230255
70336  0.230255
70368  0.230255
70400  0.230255
70432  0.230255
70464  0.230255
70496  0.230255
70528  0.230255
70560  0.230255
70592  0.230255
70624  0.230255
70656  0.230255
70688  0.230255
70720  0.230255
70752  0.230255
70784  0.230255
70816  0.230255
70848  0.230255
70880  0.230255
70912  0.230255
70944  0.230255
70976  0.230255
71008  0.230255
71040  0.230255
71072  0.230255
71104  0.230255
71136  0.230255
71168  0.230255
71200  0.230255
71232  0.230255
71264  0.230255
71296  0.230255
71328  0.230255
71360  0.230255
71392  0.230255
71424  0.230255
71456  0.230255
71488  0.230255
71520  0.230255
71552  0.230255
71584  0.230255
71616  0.230255
71648  0.230255
71680  0.230255
71712  0.230255
71744  0.230255
71776  0.230255
71808  0.230255
71840  0.230255
71872  0.230255
71904  0.230255
71936  0.230255
71968  0.230255
72000  0.230255
72032  0.230255
72064  0.230255
72096  0.230255
72128  0.230255
72160  0.230255
72192  0.230255
72224  0.230255
72256  0.230255
72288  0.230255
72320  0.230255
72352  0.230255
72384  0.230255
72416  0.230255
72448  0.230255
72480  0.230255
72512  0.230255
72544  0.230255
72576  0.230255
72608  0.230255
72640  0.230255
72672  0.230255
72704  0.230255
72736  0.230255
72768  0.230255
72800  0.230255
72832  0.230255
72864  0.230255
72896  0.230255
72928  0.230255
72960  0.230255
72992  0.230255
73024  0.230255
73056  0.230255
73088  0.230255
73120  0.230255
73152  0.230255
73184  0.230255
73216  0.230255
73248  0.230255
73280  0.230255
73312  0.230255
73344  0.230255
73376  0.230255
73408  0.230255
73440  0.230255
73472  0.230255
73504  0.230255
73536  0.230255
73568  0.230255
73600  0.230255
73632  0.230255
73664  0.230255
73696  0.230255
73728  0.230255
73760  0.230255
73792  0.230255
73824  0.230255
73856  0.230255
73888  0.230255
73920  0.230255
73952  0.230255
73984  0.230255
74016  0.230255
74048  0.230255
74080  0.230255
74112  0.230255
74144  0.230255
74176  0.230255
74208  0.230255
74240  0.230255
74272  0.230255
74304  0.230255
74336  0.230255
74368  0.230255
74400  0.230255
74432  0.230255
74464  0.230255
74496  0.230255
74528  0.230255
74560  0.230255
74592  0.230255
74624  0.230255
74656  0.230255
74688  0.230255
74720  0.230255
74752  0.230255
74784  0.230255
74816  0.230255
74848  0.230255
74880  0.230255
74912  0.230255
74944  0.230255
74976  0.230255
75008  0.230255
75040  0.230255
75072  0.230255
75104  0.230255
75136  0.230255
75168  0.230255
75200  0.230255
75232  0.230255
75264  0.230255
75296  0.230255
75328  0.230255
75360  0.230255
75392  0.230255
75424  0.230255
75456  0.230255
75488  0.230255
75520  0.230255
75552  0.230255
75584  0.230255
75616  0.230255
75648  0.230255
75680  0.230255
75712  0.230255
75744  0.230255
75776  0.230255
75808  0.230255
75840  0.230255
75872  0.230255
75904  0.230255
75936  0.230255
75968  0.230255
76000  0.230255
76032  0.230255
76064  0.230255
76096  0.230255
76128  0.230255
76160  0.230255
76192  0.230255
76224  0.230255
76256  0.230255
76288  0.230255
76320  0.230255
76352  0.230255
76384  0.230255
76416  0.230255
76448  0.230255
76480  0.230255
76512  0.230255
76544  0.230255
76576  0.230255
76608  0.230255
76640  0.230255
76672  0.230255
76704  0.230255
76736  0.230255
76768  0.230255
76800  0.230255
76832  0.230255
76864  0.230255
76896  0.230255
76928  0.230255
76960  0.230255
76992  0.230255
77024  0.230255
77056  0.230255
77088  0.230255
77120  0.230255
77152  0.230255
77184  0.230255
77216  0.230255
77248  0.230255
77280  0.230255
77312  0.230255
77344  0.230255
77376  0.230255
77408  0.230255
77440  0.230255
77472  0.230255
77504  0.230255
77536  0.230255
77568  0.230255
77600  0.230255
77632  0.230255
77664  0.230255
77696  0.230255
77728  0.230255
77760  0.230255
77792  0.230255
77824  0.230255
77856  0.230255
77888  0.230255
77920  0.230255
77952  0.230255
77984  0.230255
78016  0.230255
78048  0.230255
78080  0.230255
78112  0.230255
78144  0.230255
78176  0.230255
78208  0.230255
78240  0.230255
78272  0.230255
78304  0.230255
78336  0.230255
78368  0.230255
78400  0.230255
78432  0.230255
78464  0.230255
78496  0.230255
78528  0.230255
78560  0.230255
78592  0.230255
78624  0.230255
78656  0.230255
78688  0.230255
78720  0.230255
78752  0.230255
78784  0.230255
78816  0.230255
78848  0.230255
78880  0.230255
78912  0.230255
78944  0.230255
78976  0.230255
79008  0.230255
79040  0.230255
79072  0.230255
79104  0.230255
79136  0.230255
79168  0.230255
79200  0.230255
79232  0.230255
79264  0.230255
79296  0.230255
79328  0.230255
79360  0.230255
79392  0.230255
79424  0.230255
79456  0.230255
79488  0.230255
79520  0.230255
79552  0.230255
79584  0.230255
79616  0.230255
79648  0.230255
79680  0.230255
79712  0.230255
79744  0.230255
79776  0.230255
79808  0.230255
79840  0.230255
79872  0.230255
79904  0.230255
79936  0.230255
79968  0.230255
80000  0.230255
80032  0.230255
80064  0.230255
80096  0.230255
80128  0.230255
80160  0.230255
80192  0.230255
80224  0.230255
80256  0.230255
80288  0.230255
80320  0.230255
80352  0.230255
80384  0.230255
80416  0.230255
80448  0.230255
80480  0.230255
80512  0.230255
80544  0.230255
80576  0.230255
80608  0.230255
80640  0.230255
80672  0.230255
80704  0.230255
80736  0.230255
80768  0.230255
80800  0.230255
80832  0.230255
80864  0.230255
80896  0.230255
80928  0.230255
80960  0.230255
80992  0.230255
81024  0.230255
81056  0.230255
81088  0.230255
81120  0.230255
81152  0.230255
81184  0.230255
81216  0.230255
81248  0.230255
81280  0.230255
81312  0.230255
81344  0.230255
81376  0.230255
81408  0.230255
81440  0.230255
81472  0.230255
81504  0.230255
81536  0.230255
81568  0.230255
81600  0.230255
81632  0.230255
81664  0.230255
81696  0.230255
81728  0.230255
81760  0.230255
81792  0.230255
81824  0.230255
81856  0.230255
81888  0.230255
81920  0.230255
81952  0.230255
81984  0.230255
82016  0.230255
82048  0.230255
82080  0.230255
82112  0.230255
82144  0.230255
82176  0.230255
82208  0.230255
82240  0.230255
82272  0.230255
82304  0.230255
82336  0.230255
82368  0.230255
82400  0.230255
82432  0.230255
82464  0.230255
82496  0.230255
82528  0.230255
82560  0.230255
82592  0.230255
82624  0.230255
82656  0.230255
82688  0.230255
82720  0.230255
82752  0.230255
82784  0.230255
82816  0.230255
82848  0.230255
82880  0.230255
82912  0.230255
82944  0.230255
82976  0.230255
83008  0.230255
83040  0.230255
83072  0.230255
83104  0.230255
83136  0.230255
83168  0.230255
83200  0.230255
83232  0.230255
83264  0.230255
83296  0.230255
83328  0.230255
83360  0.230255
83392  0.230255
83424  0.230255
83456  0.230255
83488  0.230255
83520  0.230255
83552  0.230255
83584  0.230255
83616  0.230255
83648  0.230255
83680  0.230255
83712  0.230255
83744  0.230255
83776  0.230255
83808  0.230255
83840  0.230255
83872  0.230255
83904  0.230255
83936  0.230255
83968  0.230255
84000  0.230255
84032  0.230255
84064  0.230255
84096  0.230255
84128  0.230255
84160  0.230255
84192  0.230255
84224  0.230255
84256  0.230255
84288  0.230255
84320  0.230255
84352  0.230255
84384  0.230255
84416  0.230255
84448  0.230255
84480  0.230255
84512  0.230255
84544  0.230255
84576  0.230255
84608  0.230255
84640  0.230255
84672  0.230255
84704  0.230255
84736  0.230255
84768  0.230255
84800  0.230255
84832  0.230255
84864  0.230255
84896  0.230255
84928  0.230255
84960  0.230255
84992  0.230255
85024  0.230255
85056  0.230255
85088  0.230255
85120  0.230255
85152  0.230255
85184  0.230255
85216  0.230255
85248  0.230255
85280  0.230255
85312  0.230255
85344  0.230255
85376  0.230255
85408  0.230255
85440  0.230255
85472  0.230255
85504  0.230255
85536  0.230255
85568  0.230255
85600  0.230255
85632  0.230255
85664  0.230255
85696  0.230255
85728  0.230255
85760  0.230255
85792  0.230255
85824  0.230255
85856  0.230255
85888  0.230255
85920  0.230255
85952  0.230255
85984  0.230255
86016  0.230255
86048  0.230255
86080  0.230255
86112  0.230255
86144  0.230255
86176  0.230255
86208  0.230255
86240  0.230255
86272  0.230255
86304  0.230255
86336  0.230255
86368  0.230255
86400  0.230255
86432  0.230255
86464  0.230255
86496  0.230255
86528  0.230255
86560  0.230255
86592  0.230255
86624  0.230255
86656  0.230255
86688  0.230255
86720  0.230255
86752  0.230255
86784  0.230255
86816  0.230255
86848  0.230255
86880  0.230255
86912  0.230255
86944  0.230255
86976  0.230255
87008  0.230255
87040  0.230255
87072  0.230255
87104  0.230255
87136  0.230255
87168  0.230255
87200  0.230255
87232  0.230255
87264  0.230255
87296  0.230255
87328  0.230255
87360  0.230255
87392  0.230255
87424  0.230255
87456  0.230255
87488  0.230255
87520  0.230255
87552  0.230255
87584  0.230255
87616  0.230255
87648  0.230255
87680  0.230255
87712  0.230255
87744  0.230255
87776  0.230255
87808  0.230255
87840  0.230255
87872  0.230255
87904  0.230255
87936  0.230255
87968  0.230255
88000  0.230255
88032  0.230255
88064  0.230255
88096  0.230255
88128  0.230255
88160  0.230255
88192  0.230255
88224  0.230255
88256  0.230255
88288  0.230255
88320  0.230255
88352  0.230255
88384  0.230255
88416  0.230255
88448  0.230255
88480  0.230255
88512  0.230255
88544  0.230255
88576  0.230255
88608  0.230255
88640  0.230255
88672  0.230255
88704  0.230256
88736  0.230255
88768  0.230255
88800  0.230255
88832  0.230255
88864  0.230255
88896  0.230255
88928  0.230255
88960  0.230255
88992  0.230255
89024  0.230255
89056  0.230255
89088  0.230255
89120  0.230255
89152  0.230255
89184  0.230255
89216  0.230255
89248  0.230255
89280  0.230255
89312  0.230255
89344  0.230255
89376  0.230255
89408  0.230255
89440  0.230255
89472  0.230255
89504  0.230255
89536  0.230255
89568  0.230255
89600  0.230255
89632  0.230255
89664  0.230255
89696  0.230255
89728  0.230255
89760  0.230255
89792  0.230255
89824  0.230255
89856  0.230255
89888  0.230255
89920  0.230255
89952  0.230255
89984  0.230255
90016  0.230255
90048  0.230255
90080  0.230255
90112  0.230255
90144  0.230255
90176  0.230255
90208  0.230255
90240  0.230255
90272  0.230255
90304  0.230255
90336  0.230255
90368  0.230255
90400  0.230255
90432  0.230255
90464  0.230255
90496  0.230255
90528  0.230255
90560  0.230255
90592  0.230255
90624  0.230255
90656  0.230255
90688  0.230255
90720  0.230255
90752  0.230255
90784  0.230255
90816  0.230255
90848  0.230255
90880  0.230255
90912  0.230255
90944  0.230255
90976  0.230255
91008  0.230255
91040  0.230255
91072  0.230255
91104  0.230255
91136  0.230255
91168  0.230255
91200  0.230255
91232  0.230255
91264  0.230255
91296  0.230255
91328  0.230255
91360  0.230255
91392  0.230255
91424  0.230255
91456  0.230255
91488  0.230255
91520  0.230255
91552  0.230255
91584  0.230255
91616  0.230255
91648  0.230255
91680  0.230255
91712  0.230255
91744  0.230255
91776  0.230255
91808  0.230255
91840  0.230255
91872  0.230255
91904  0.230255
91936  0.230255
91968  0.230255
92000  0.230255
92032  0.230255
92064  0.230255
92096  0.230255
92128  0.230255
92160  0.230255
92192  0.230255
92224  0.230255
92256  0.230255
92288  0.230255
92320  0.230255
92352  0.230255
92384  0.230255
92416  0.230255
92448  0.230255
92480  0.230255
92512  0.230255
92544  0.230255
92576  0.230255
92608  0.230255
92640  0.230255
92672  0.230255
92704  0.230255
92736  0.230255
92768  0.230255
92800  0.230255
92832  0.230255
92864  0.230255
92896  0.230255
92928  0.230255
92960  0.230255
92992  0.230255
93024  0.230255
93056  0.230255
93088  0.230255
93120  0.230255
93152  0.230255
93184  0.230255
93216  0.230255
93248  0.230255
93280  0.230255
93312  0.230255
93344  0.230255
93376  0.230255
93408  0.230255
93440  0.230255
93472  0.230255
93504  0.230255
93536  0.230255
93568  0.230255
93600  0.230255
93632  0.230255
93664  0.230255
93696  0.230255
93728  0.230255
93760  0.230255
93792  0.230255
93824  0.230255
93856  0.230255
93888  0.230255
93920  0.230255
93952  0.230255
93984  0.230255
94016  0.230255
94048  0.230255
94080  0.230255
94112  0.230255
94144  0.230255
94176  0.230255
94208  0.230255
94240  0.230255
94272  0.230255
94304  0.230255
94336  0.230255
94368  0.230255
94400  0.230255
94432  0.230255
94464  0.230255
94496  0.230255
94528  0.230255
94560  0.230255
94592  0.230255
94624  0.230255
94656  0.230255
94688  0.230255
94720  0.230255
94752  0.230255
94784  0.230255
94816  0.230255
94848  0.230255
94880  0.230255
94912  0.230255
94944  0.230255
94976  0.230255
95008  0.230255
95040  0.230255
95072  0.230255
95104  0.230255
95136  0.230255
95168  0.230255
95200  0.230255
95232  0.230255
95264  0.230255
95296  0.230255
95328  0.230255
95360  0.230255
95392  0.230255
95424  0.230255
95456  0.230255
95488  0.230255
95520  0.230255
95552  0.230255
95584  0.230255
95616  0.230255
95648  0.230255
95680  0.230255
95712  0.230255
95744  0.230255
95776  0.230255
95808  0.230255
95840  0.230255
95872  0.230255
95904  0.230255
95936  0.230255
95968  0.230255
96000  0.230255
96032  0.230255
