Step  Penalty
50  0.577231
100  0.552155
150  0.548885
200  0.546455
250  0.543611
300  0.542826
350  0.542542
400  0.540369
450  0.538091
500  0.536785
550  0.536128
600  0.536128
650  0.535486
700  0.533361
750  0.533012
800  0.532456
850  0.532456
900  0.531143
950  0.531143
1000  0.527706
1050  0.525841
1100  0.516836
1150  0.513421
1200  0.504972
1250  0.496989
1300  0.492046
1350  0.486315
1400  0.477624
1450  0.473192
1500  0.468001
1550  0.464346
1600  0.460713
1650  0.457823
1700  0.45463
1750  0.453437
1800  0.45204
1850  0.449407
1900  0.447238
1950  0.445209
2000  0.444119
2050  0.442048
2100  0.440584
2150  0.438098
2200  0.436947
2250  0.435282
2300  0.43359
2350  0.432535
2400  0.430681
2450  0.429355
2500  0.428024
2550  0.426574
2600  0.42458
2650  0.422986
2700  0.421224
2750  0.420401
2800  0.418263
2850  0.417931
2900  0.417225
2950  0.416833
3000  0.4162
3050  0.415469
3100  0.414134
3150  0.412681
3200  0.411909
3250  0.411166
3300  0.410788
3350  0.410217
3400  0.409161
3450  0.408044
3500  0.407141
3550  0.406587
3600  0.405305
3650  0.40377
3700  0.402055
3750  0.400632
3800  0.399564
3850  0.399027
3900  0.397411
3950  0.395615
4000  0.392553
4050  0.390203
4100  0.385003
4150  0.382567
4200  0.379793
4250  0.376376
4300  0.374308
4350  0.3713
4400  0.368692
4450  0.366804
4500  0.365178
4550  0.36241
4600  0.359032
4650  0.358079
4700  0.356154
4750  0.354997
4800  0.353723
4850  0.352116
4900  0.350774
4950  0.349954
5000  0.349439
5050  0.348802
5100  0.347588
5150  0.346765
5200  0.345553
5250  0.34432
5300  0.34305
5350  0.342086
5400  0.341551
5450  0.340862
5500  0.339968
5550  0.339362
5600  0.339
5650  0.337694
5700  0.336637
5750  0.336236
5800  0.335949
5850  0.335272
5900  0.334921
5950  0.334131
6000  0.333729
6050  0.333432
6100  0.332506
6150  0.331508
6200  0.330425
6250  0.329866
6300  0.329484
6350  0.329273
6400  0.328755
6450  0.328345
6500  0.327513
6550  0.326967
6600  0.326481
6650  0.325614
6700  0.324864
6750  0.324099
6800  0.323601
6850  0.323248
6900  0.322431
6950  0.321314
7000  0.319837
7050  0.318987
7100  0.318428
7150  0.3173
7200  0.317139
7250  0.316617
7300  0.315963
7350  0.315151
7400  0.314731
7450  0.314233
7500  0.313576
7550  0.313159
7600  0.312045
7650  0.311763
7700  0.31159
7750  0.310984
7800  0.310378
7850  0.309412
7900  0.308855
7950  0.307863
8000  0.306593
8050  0.305895
8100  0.305012
8150  0.303927
8200  0.302452
8250  0.301494
8300  0.300542
8350  0.299411
8400  0.299071
8450  0.298091
8500  0.296467
8550  0.295659
8600  0.295475
8650  0.295035
8700  0.294537
8750  0.294104
8800  0.293603
8850  0.293426
8900  0.292689
8950  0.292467
9000  0.292121
9050  0.291245
9100  0.291147
9150  0.290919
9200  0.290397
9250  0.290292
9300  0.289842
9350  0.289452
9400  0.288958
9450  0.288813
9500  0.28853
9550  0.288376
9600  0.287496
9650  0.286924
9700  0.286438
9750  0.286008
9800  0.285558
9850  0.285089
9900  0.283825
9950  0.28331
10000  0.282841
10050  0.282239
10100  0.281555
10150  0.281204
10200  0.280815
10250  0.280457
10300  0.2799
10350  0.279314
10400  0.278745
10450  0.278585
10500  0.2785
10550  0.277771
10600  0.277322
10650  0.276972
10700  0.276717
10750  0.276418
10800  0.276066
10850  0.275953
10900  0.275717
10950  0.275576
11000  0.275286
11050  0.27519
11100  0.274897
11150  0.274686
11200  0.274213
11250  0.273975
11300  0.273681
11350  0.273087
11400  0.272654
11450  0.272242
11500  0.271798
11550  0.271452
11600  0.270797
11650  0.270383
11700  0.270353
11750  0.270184
11800  0.269915
11850  0.26966
11900  0.269656
11950  0.269336
12000  0.269214
12050  0.269005
12100  0.268991
12150  0.268763
12200  0.268497
12250  0.267896
12300  0.267499
12350  0.267184
12400  0.266971
12450  0.266752
12500  0.26662
12550  0.266444
12600  0.266114
12650  0.265955
12700  0.265747
12750  0.265609
12800  0.265474
12850  0.265124
12900  0.265124
12950  0.264864
13000  0.264755
13050  0.26425
13100  0.26425
13150  0.263891
13200  0.263457
13250  0.263414
13300  0.263008
13350  0.262873
13400  0.2626
13450  0.262522
13500  0.262143
13550  0.261467
13600  0.261013
13650  0.260664
13700  0.260306
13750  0.260218
13800  0.259842
13850  0.259693
13900  0.259412
13950  0.259207
14000  0.2589
14050  0.258539
14100  0.258296
14150  0.257975
14200  0.257445
14250  0.257077
14300  0.256345
14350  0.255898
14400  0.255499
14450  0.255266
14500  0.254849
14550  0.254221
14600  0.254148
14650  0.253951
14700  0.253542
14750  0.253312
14800  0.253008
14850  0.252761
14900  0.252647
14950  0.252353
15000  0.252214
15050  0.252046
15100  0.25177
15150  0.25143
15200  0.25088
15250  0.250633
15300  0.250489
15350  0.250378
15400  0.250073
15450  0.249859
15500  0.249547
15550  0.248972
15600  0.248352
15650  0.248053
15700  0.247929
15750  0.24777
15800  0.247395
15850  0.247022
15900  0.246726
15950  0.246296
16000  0.245668
16050  0.245489
16100  0.245177
16150  0.244514
16200  0.244034
16250  0.243748
16300  0.242952
16350  0.242483
16400  0.24234
16450  0.242179
16500  0.242034
16550  0.24195
16600  0.24178
16650  0.241564
16700  0.241369
16750  0.241179
16800  0.2408
16850  0.240634
16900  0.240634
16950  0.240188
17000  0.240002
17050  0.239949
17100  0.23987
17150  0.239483
17200  0.239483
17250  0.239345
17300  0.239341
17350  0.239026
17400  0.238732
17450  0.238732
17500  0.238667
17550  0.23865
17600  0.238569
17650  0.238476
17700  0.238414
17750  0.238142
17800  0.238114
17850  0.237978
17900  0.237789
17950  0.237721
18000  0.237683
18050  0.237442
18100  0.237348
18150  0.237246
18200  0.237136
18250  0.237136
18300  0.237068
18350  0.237068
18400  0.236912
18450  0.236881
18500  0.236876
18550  0.236759
18600  0.236725
18650  0.236725
18700  0.236725
18750  0.236725
18800  0.236683
18850  0.236629
18900  0.236552
18950  0.236417
19000  0.23624
19050  0.23624
19100  0.23624
19150  0.236125
19200  0.236035
19250  0.236035
19300  0.235846
19350  0.235846
19400  0.235841
19450  0.23582
19500  0.235747
19550  0.235662
19600  0.235572
19650  0.23541
19700  0.235317
19750  0.235317
19800  0.23524
19850  0.23524
19900  0.235191
19950  0.234913
20000  0.234791
20050  0.234645
20100  0.234631
20150  0.234535
20200  0.234535
20250  0.234443
20300  0.234231
20350  0.23422
20400  0.23409
20450  0.234008
20500  0.234008
20550  0.233954
20600  0.233821
20650  0.233646
20700  0.233371
20750  0.233279
20800  0.233206
20850  0.233194
20900  0.232983
20950  0.232795
21000  0.232707
21050  0.232421
21100  0.232326
21150  0.232105
21200  0.231969
21250  0.231838
21300  0.231803
21350  0.231575
21400  0.231459
21450  0.231316
21500  0.231241
21550  0.23116
21600  0.231085
21650  0.230729
21700  0.230482
21750  0.230305
21800  0.229923
21850  0.229746
21900  0.229185
21950  0.228943
22000  0.228766
22050  0.228668
22100  0.228567
22150  0.228434
22200  0.228257
22250  0.227954
22300  0.227719
22350  0.227616
22400  0.227553
22450  0.22743
22500  0.22735
22550  0.227288
22600  0.227206
22650  0.22715
22700  0.227138
22750  0.22665
22800  0.226547
22850  0.226302
22900  0.226218
22950  0.226133
23000  0.226066
23050  0.225904
23100  0.22582
23150  0.225797
23200  0.225725
23250  0.225386
23300  0.225255
23350  0.22519
23400  0.225126
23450  0.225111
23500  0.224972
23550  0.224889
23600  0.224889
23650  0.224872
23700  0.224762
23750  0.224659
23800  0.224627
23850  0.224626
23900  0.224558
23950  0.224558
24000  0.224515
24050  0.224354
24100  0.224305
24150  0.224305
24200  0.224087
24250  0.223956
24300  0.223942
24350  0.223806
24400  0.223774
24450  0.223655
24500  0.223509
24550  0.22342
24600  0.223303
24650  0.223156
24700  0.223053
24750  0.223002
24800  0.222945
24850  0.22279
24900  0.222775
24950  0.222555
25000  0.222504
25050  0.222504
25100  0.22234
25150  0.222257
25200  0.222167
25250  0.221905
25300  0.221905
25350  0.221905
25400  0.221842
25450  0.221842
25500  0.2218
25550  0.221676
25600  0.221592
25650  0.221592
25700  0.221585
25750  0.221499
25800  0.221475
25850  0.221423
25900  0.2214
25950  0.221349
26000  0.221318
26050  0.221318
26100  0.221205
26150  0.221205
26200  0.221185
26250  0.221125
26300  0.221096
26350  0.221067
26400  0.221019
26450  0.221004
26500  0.221004
26550  0.220991
26600  0.220978
26650  0.220829
26700  0.22081
26750  0.22081
26800  0.220755
26850  0.220614
26900  0.220614
26950  0.220614
27000  0.220585
27050  0.220525
27100  0.220419
27150  0.220306
27200  0.220163
27250  0.219975
27300  0.21996
27350  0.219956
27400  0.219956
27450  0.21992
27500  0.21992
27550  0.21992
27600  0.219763
27650  0.219642
27700  0.219616
27750  0.219616
27800  0.219618
27850  0.219572
27900  0.219572
27950  0.219499
28000  0.219496
28050  0.219436
28100  0.219406
28150  0.219298
28200  0.219027
28250  0.218842
28300  0.218794
28350  0.218617
28400  0.218573
28450  0.218509
28500  0.218361
28550  0.218325
28600  0.218303
28650  0.218303
28700  0.218142
28750  0.21808
28800  0.218061
28850  0.217827
28900  0.217774
28950  0.217711
29000  0.217621
29050  0.217555
29100  0.217496
29150  0.217437
29200  0.217437
29250  0.217196
29300  0.21703
29350  0.216991
29400  0.216991
29450  0.216802
29500  0.216802
29550  0.216802
29600  0.216671
29650  0.216671
29700  0.216578
29750  0.216531
29800  0.216512
29850  0.216436
29900  0.216334
29950  0.216334
30000  0.216334
30050  0.216334
30100  0.216284
30150  0.216284
30200  0.216165
30250  0.216114
30300  0.216114
30350  0.21605
30400  0.215983
30450  0.215983
30500  0.215983
30550  0.215983
30600  0.215932
30650  0.215932
30700  0.215918
30750  0.215918
30800  0.215867
30850  0.215765
30900  0.215765
30950  0.215698
31000  0.215638
31050  0.215638
31100  0.215638
31150  0.215584
31200  0.215584
31250  0.215582
31300  0.215463
31350  0.215463
31400  0.215437
31450  0.215378
31500  0.215339
31550  0.215316
31600  0.215219
31650  0.215219
31700  0.215219
31750  0.215068
31800  0.215068
31850  0.215054
31900  0.215054
31950  0.215009
32000  0.215009
32050  0.21499
32100  0.214965
32150  0.214843
32200  0.214838
32250  0.214824
32300  0.214734
32350  0.214703
32400  0.214622
32450  0.21456
32500  0.21456
32550  0.21456
32600  0.214413
32650  0.214325
32700  0.214325
32750  0.214271
32800  0.214201
32850  0.214098
32900  0.214047
32950  0.214047
33000  0.213956
33050  0.213901
33100  0.213734
33150  0.213603
33200  0.213519
33250  0.213519
33300  0.213326
33350  0.213244
33400  0.213185
33450  0.21303
33500  0.21303
33550  0.21299
33600  0.212956
33650  0.212918
33700  0.212918
33750  0.212866
33800  0.212783
33850  0.212754
33900  0.212691
33950  0.212691
34000  0.212544
34050  0.212501
34100  0.212501
34150  0.212466
34200  0.212401
34250  0.212339
34300  0.212339
34350  0.2123
34400  0.212275
34450  0.212204
34500  0.212204
34550  0.212138
34600  0.21204
34650  0.211953
34700  0.211937
34750  0.211882
34800  0.211882
34850  0.211671
34900  0.211671
34950  0.211671
35000  0.211671
35050  0.211577
35100  0.211483
35150  0.211458
35200  0.211412
35250  0.211374
35300  0.211374
35350  0.211268
35400  0.211268
35450  0.211223
35500  0.211117
35550  0.211104
35600  0.21104
35650  0.21104
35700  0.21104
35750  0.211014
35800  0.21091
35850  0.210864
35900  0.21074
35950  0.210701
36000  0.210674
36050  0.210674
36100  0.210674
36150  0.210674
36200  0.210555
36250  0.210514
36300  0.210433
36350  0.210433
36400  0.210352
36450  0.21024
36500  0.21019
36550  0.21019
36600  0.210098
36650  0.210098
36700  0.210079
36750  0.209992
36800  0.209921
36850  0.209825
36900  0.209756
36950  0.209756
37000  0.209756
37050  0.209707
37100  0.209707
37150  0.20965
37200  0.20965
37250  0.209559
37300  0.209558
37350  0.209526
37400  0.209526
37450  0.209406
37500  0.209406
37550  0.209389
37600  0.209389
37650  0.209389
37700  0.209306
37750  0.209306
37800  0.20926
37850  0.209218
37900  0.209144
37950  0.209101
38000  0.208963
38050  0.208889
38100  0.20885
38150  0.208671
38200  0.208613
38250  0.208518
38300  0.208486
38350  0.208486
38400  0.208486
38450  0.208424
38500  0.208387
38550  0.208195
38600  0.208126
38650  0.208037
38700  0.208037
38750  0.207961
38800  0.207952
38850  0.207865
38900  0.207786
38950  0.207786
39000  0.207736
39050  0.207736
39100  0.207649
39150  0.207584
39200  0.207458
39250  0.20741
39300  0.20741
39350  0.207378
39400  0.207378
39450  0.207417
39500  0.207378
39550  0.207378
39600  0.207347
39650  0.20736
39700  0.207337
39750  0.207282
39800  0.207282
39850  0.207141
39900  0.207141
39950  0.207141
40000  0.207101
40050  0.206929
40100  0.206929
40150  0.206906
40200  0.206856
40250  0.206811
40300  0.206733
40350  0.206697
40400  0.206697
40450  0.20665
40500  0.20657
40550  0.20654
40600  0.20654
40650  0.206466
40700  0.206464
40750  0.206414
40800  0.206413
40850  0.206299
40900  0.206299
40950  0.206238
41000  0.206198
41050  0.206123
41100  0.206008
41150  0.205928
41200  0.205865
41250  0.205848
41300  0.205701
41350  0.205662
41400  0.205563
41450  0.205563
41500  0.205514
41550  0.205347
41600  0.205347
41650  0.205273
41700  0.205266
41750  0.205221
41800  0.205221
41850  0.205221
41900  0.205174
41950  0.20506
42000  0.205002
42050  0.204836
42100  0.204836
42150  0.204808
42200  0.204808
42250  0.204799
42300  0.204799
42350  0.204785
42400  0.204727
42450  0.204654
42500  0.204654
42550  0.204491
42600  0.204446
42650  0.204405
42700  0.204405
42750  0.204405
42800  0.204289
42850  0.204205
42900  0.204129
42950  0.204123
43000  0.204045
43050  0.204045
43100  0.204025
43150  0.203957
43200  0.203957
43250  0.203879
43300  0.203879
43350  0.203827
43400  0.203788
43450  0.203714
43500  0.203689
43550  0.203665
43600  0.203665
43650  0.203541
43700  0.203416
43750  0.203341
43800  0.203341
43850  0.203265
43900  0.203265
43950  0.203215
44000  0.203107
44050  0.203036
44100  0.203055
44150  0.203036
44200  0.203036
44250  0.203005
44300  0.202908
44350  0.202808
44400  0.202694
44450  0.202634
44500  0.202549
44550  0.202517
44600  0.202517
44650  0.202478
44700  0.202478
44750  0.202457
44800  0.202457
44850  0.202443
44900  0.202413
44950  0.202299
45000  0.202299
45050  0.202234
45100  0.202234
45150  0.202188
45200  0.202188
45250  0.20212
45300  0.202017
45350  0.202017
45400  0.201992
45450  0.201992
45500  0.201992
45550  0.201992
45600  0.201915
45650  0.201897
45700  0.201897
45750  0.201869
45800  0.201816
45850  0.201714
45900  0.201668
45950  0.201667
46000  0.201653
46050  0.201653
46100  0.201577
46150  0.201577
46200  0.201577
46250  0.201533
46300  0.201507
46350  0.201496
46400  0.201496
46450  0.201496
46500  0.201496
46550  0.201496
46600  0.201462
46650  0.201371
46700  0.201371
46750  0.201371
46800  0.201344
46850  0.201344
46900  0.201344
46950  0.201344
47000  0.201344
47050  0.201344
47100  0.201344
47150  0.201344
47200  0.201344
47250  0.201247
47300  0.201224
47350  0.201224
47400  0.201224
47450  0.201217
47500  0.201217
47550  0.201217
47600  0.201185
47650  0.201185
47700  0.201185
47750  0.201095
47800  0.20107
47850  0.20107
47900  0.20107
47950  0.201017
48000  0.200992
48050  0.200981
48100  0.200981
48150  0.200981
48200  0.200981
48250  0.200981
48300  0.200974
48350  0.200928
48400  0.2009
48450  0.2009
48500  0.20085
48550  0.20085
48600  0.20085
48650  0.20085
48700  0.20077
48750  0.20077
48800  0.20077
48850  0.20077
48900  0.200683
48950  0.20067
49000  0.200614
49050  0.200614
49100  0.200614
49150  0.200566
49200  0.200566
49250  0.200566
49300  0.200517
49350  0.200517
49400  0.200517
49450  0.200517
49500  0.200517
49550  0.200517
49600  0.200517
49650  0.200517
49700  0.200517
49750  0.200517
49800  0.200484
49850  0.200484
49900  0.200484
49950  0.200484
50000  0.200462
50050  0.200462
50100  0.200462
50150  0.200462
50200  0.200462
50250  0.200402
50300  0.200402
50350  0.200347
50400  0.200347
50450  0.200338
50500  0.200338
50550  0.200309
50600  0.200309
50650  0.200309
50700  0.200218
50750  0.200182
50800  0.200182
50850  0.200182
50900  0.20014
50950  0.200123
51000  0.200123
51050  0.19999
51100  0.19999
51150  0.19999
51200  0.19993
51250  0.199904
51300  0.199874
51350  0.199855
51400  0.19977
51450  0.199755
51500  0.199755
51550  0.199755
51600  0.199755
51650  0.199681
51700  0.199681
51750  0.199681
51800  0.199681
51850  0.199626
51900  0.199626
51950  0.199554
52000  0.199554
52050  0.199554
52100  0.199542
52150  0.199542
52200  0.19945
52250  0.19945
52300  0.199398
52350  0.199398
52400  0.199323
52450  0.19931
52500  0.19931
52550  0.19931
52600  0.199272
52650  0.199218
52700  0.199216
52750  0.199203
52800  0.199203
52850  0.199203
52900  0.199203
52950  0.199093
53000  0.198982
53050  0.198982
53100  0.19898
53150  0.19898
53200  0.19898
53250  0.19898
53300  0.198922
53350  0.198922
53400  0.198922
53450  0.198861
53500  0.198734
53550  0.198674
53600  0.198674
53650  0.198653
53700  0.198614
53750  0.198614
53800  0.198604
53850  0.198541
53900  0.198533
53950  0.198515
54000  0.198443
54050  0.198443
54100  0.198373
54150  0.198355
54200  0.198229
54250  0.198229
54300  0.198115
54350  0.198039
54400  0.197976
54450  0.197969
54500  0.19779
54550  0.197749
54600  0.197724
54650  0.197609
54700  0.197543
54750  0.19753
54800  0.19753
54850  0.197521
54900  0.197521
54950  0.197461
55000  0.197431
55050  0.19731
55100  0.19723
55150  0.197177
55200  0.197171
55250  0.197116
55300  0.197076
55350  0.197016
55400  0.196872
55450  0.196748
55500  0.196735
55550  0.196735
55600  0.196667
55650  0.196493
55700  0.196437
55750  0.196339
55800  0.196339
55850  0.196111
55900  0.196098
55950  0.196044
56000  0.196044
56050  0.195924
56100  0.195838
56150  0.195754
56200  0.195754
56250  0.19572
56300  0.195678
56350  0.19562
56400  0.195595
56450  0.195522
56500  0.195522
56550  0.195393
56600  0.195373
56650  0.195314
56700  0.195302
56750  0.195176
56800  0.195176
56850  0.195142
56900  0.195121
56950  0.195053
57000  0.195053
57050  0.195053
57100  0.195053
57150  0.195023
57200  0.194938
57250  0.194938
57300  0.194938
57350  0.19474
57400  0.19474
57450  0.194655
57500  0.194655
57550  0.19464
57600  0.194541
57650  0.194541
57700  0.194541
57750  0.1945
57800  0.1945
57850  0.194419
57900  0.194363
57950  0.194363
58000  0.194299
58050  0.194299
58100  0.194254
58150  0.194236
58200  0.194149
58250  0.194149
58300  0.19412
58350  0.194106
58400  0.194106
58450  0.194106
58500  0.194106
58550  0.194074
58600  0.193994
58650  0.193974
58700  0.193908
58750  0.193908
58800  0.193908
58850  0.193908
58900  0.193908
58950  0.193908
59000  0.193908
59050  0.193908
59100  0.193908
59150  0.193879
59200  0.19384
59250  0.19384
59300  0.193807
59350  0.193791
59400  0.193748
59450  0.193748
59500  0.193748
59550  0.193748
59600  0.19374
59650  0.193707
59700  0.193707
59750  0.193691
59800  0.193691
59850  0.193691
59900  0.193691
59950  0.193691
60000  0.193503
60050  0.193486
60100  0.193486
60150  0.193349
60200  0.193349
60250  0.193295
60300  0.193277
60350  0.193258
60400  0.193258
60450  0.193258
60500  0.193258
60550  0.193258
60600  0.193219
60650  0.193219
60700  0.193219
60750  0.193219
60800  0.193219
60850  0.193219
60900  0.193188
60950  0.193188
61000  0.193188
61050  0.193141
61100  0.193091
61150  0.193091
61200  0.193015
61250  0.192968
61300  0.192959
61350  0.192959
61400  0.192959
61450  0.192959
61500  0.192959
61550  0.192959
61600  0.192959
61650  0.192959
61700  0.192959
61750  0.192959
61800  0.192959
61850  0.192935
61900  0.192914
61950  0.192914
62000  0.192914
62050  0.192914
62100  0.192914
62150  0.192914
62200  0.192914
62250  0.19288
62300  0.19288
62350  0.19288
62400  0.192838
62450  0.192807
62500  0.192764
62550  0.192764
62600  0.192743
62650  0.192676
62700  0.192676
62750  0.192676
62800  0.192676
62850  0.192676
62900  0.192626
62950  0.192626
63000  0.192626
63050  0.19255
63100  0.192488
63150  0.192483
63200  0.192483
63250  0.192411
63300  0.192411
63350  0.192411
63400  0.192369
63450  0.192369
63500  0.192369
63550  0.192369
63600  0.192264
63650  0.192264
63700  0.192264
63750  0.192248
63800  0.192248
63850  0.192235
63900  0.192183
63950  0.192149
64000  0.192149
64050  0.192149
64100  0.192149
64150  0.192069
64200  0.192062
64250  0.192055
64300  0.192001
64350  0.191931
64400  0.191889
64450  0.191814
64500  0.191814
64550  0.191814
64600  0.191755
64650  0.191755
64700  0.191755
64750  0.191755
64800  0.191698
64850  0.191698
64900  0.191675
64950  0.191675
65000  0.191675
65050  0.191675
65100  0.191576
65150  0.191527
65200  0.191422
65250  0.191422
65300  0.191411
65350  0.191411
65400  0.191348
65450  0.191348
65500  0.191286
65550  0.191286
65600  0.191204
65650  0.191188
65700  0.191188
65750  0.191188
65800  0.191188
65850  0.191188
65900  0.191188
65950  0.191188
66000  0.191188
66050  0.191108
66100  0.191108
66150  0.191108
66200  0.191095
66250  0.191095
66300  0.191074
66350  0.191074
66400  0.191052
66450  0.191048
66500  0.191001
66550  0.191001
66600  0.191001
66650  0.190981
66700  0.190931
66750  0.190931
66800  0.190878
66850  0.190878
66900  0.190878
66950  0.190878
67000  0.190878
67050  0.190878
67100  0.190878
67150  0.190878
67200  0.190878
67250  0.190872
67300  0.190872
67350  0.190788
67400  0.190788
67450  0.190781
67500  0.190781
67550  0.190781
67600  0.190781
67650  0.190776
67700  0.190668
67750  0.190668
67800  0.190668
67850  0.190668
67900  0.190638
67950  0.190601
68000  0.190575
68050  0.190575
68100  0.190575
68150  0.190518
68200  0.190518
68250  0.190518
68300  0.190438
68350  0.190389
68400  0.190373
68450  0.190373
68500  0.190373
68550  0.190373
68600  0.190397
68650  0.190397
68700  0.190326
68750  0.190267
68800  0.190267
68850  0.190265
68900  0.190265
68950  0.190223
69000  0.190223
69050  0.190223
69100  0.190223
69150  0.190223
69200  0.190203
69250  0.190144
69300  0.190144
69350  0.190144
69400  0.190144
69450  0.190056
69500  0.190056
69550  0.190005
69600  0.190005
69650  0.190005
69700  0.189993
69750  0.189993
69800  0.189993
69850  0.189993
69900  0.189967
69950  0.189888
70000  0.189888
70050  0.189885
70100  0.189858
70150  0.189858
70200  0.189858
70250  0.1898
70300  0.1898
70350  0.1898
70400  0.1898
70450  0.1898
70500  0.189759
70550  0.189759
70600  0.189742
70650  0.189742
70700  0.189742
70750  0.189742
70800  0.18971
70850  0.18971
70900  0.18971
70950  0.18971
71000  0.189707
71050  0.189662
71100  0.189677
71150  0.189625
71200  0.189604
71250  0.1896
71300  0.1896
71350  0.1896
71400  0.1896
71450  0.189554
71500  0.189554
71550  0.189549
71600  0.189537
71650  0.189537
71700  0.18952
71750  0.189484
71800  0.189461
71850  0.189397
71900  0.189382
71950  0.189382
72000  0.189382
72050  0.189304
72100  0.189304
72150  0.189272
72200  0.189272
72250  0.189272
72300  0.189272
72350  0.189272
72400  0.189272
72450  0.189272
72500  0.189209
72550  0.189209
72600  0.189174
72650  0.189174
72700  0.189143
72750  0.189143
72800  0.189143
72850  0.189143
72900  0.189074
72950  0.189078
73000  0.189035
73050  0.189003
73100  0.189003
73150  0.189003
73200  0.188988
73250  0.18897
73300  0.18897
73350  0.188964
73400  0.188964
73450  0.188915
73500  0.188891
73550  0.188864
73600  0.188846
73650  0.188802
73700  0.18869
73750  0.18869
73800  0.188676
73850  0.188676
73900  0.188655
73950  0.18862
74000  0.18862
74050  0.188589
74100  0.188589
74150  0.188589
74200  0.18854
74250  0.188473
74300  0.188473
74350  0.188473
74400  0.18847
74450  0.18847
74500  0.188451
74550  0.188426
74600  0.188426
74650  0.188426
74700  0.188426
74750  0.188426
74800  0.188387
74850  0.188387
74900  0.188387
74950  0.188387
75000  0.188387
75050  0.188387
75100  0.188373
75150  0.188362
75200  0.188362
75250  0.188362
75300  0.188309
75350  0.188309
75400  0.188309
75450  0.188309
75500  0.188309
75550  0.188309
75600  0.188309
75650  0.188161
75700  0.188146
75750  0.188146
75800  0.188067
75850  0.188
75900  0.188
75950  0.187973
76000  0.187933
76050  0.187933
76100  0.187933
76150  0.187933
76200  0.187933
76250  0.187933
76300  0.187933
76350  0.187933
76400  0.187868
76450  0.187868
76500  0.187868
76550  0.187868
76600  0.187868
76650  0.187868
76700  0.187868
76750  0.187813
76800  0.187813
76850  0.187712
76900  0.187712
76950  0.187712
77000  0.187662
77050  0.187662
77100  0.187662
77150  0.187662
77200  0.187622
77250  0.187622
77300  0.187617
77350  0.187617
77400  0.187617
77450  0.187617
77500  0.187589
77550  0.187589
77600  0.187589
77650  0.187586
77700  0.187586
77750  0.187586
77800  0.187586
77850  0.187586
77900  0.187586
77950  0.187527
78000  0.187527
78050  0.187527
78100  0.187527
78150  0.187522
78200  0.187522
78250  0.187522
78300  0.187513
78350  0.187417
78400  0.187417
78450  0.187417
78500  0.187417
78550  0.187417
78600  0.187417
78650  0.187385
78700  0.187385
78750  0.187382
78800  0.18733
78850  0.18733
78900  0.18733
78950  0.18733
79000  0.18733
79050  0.18733
79100  0.18733
79150  0.187309
79200  0.187309
79250  0.187309
79300  0.187266
79350  0.187266
79400  0.187266
79450  0.187266
79500  0.187266
79550  0.187266
79600  0.187266
79650  0.187266
79700  0.187228
79750  0.187227
79800  0.187227
79850  0.187174
79900  0.187174
79950  0.187187
80000  0.187187
80050  0.187187
80100  0.187187
80150  0.187142
80200  0.187142
80250  0.187122
80300  0.187122
80350  0.187122
80400  0.187122
80450  0.187122
80500  0.187122
80550  0.187122
80600  0.187122
80650  0.187122
80700  0.187119
80750  0.187109
80800  0.18705
80850  0.187035
80900  0.187029
80950  0.187029
81000  0.187029
81050  0.187009
81100  0.187009
81150  0.186925
81200  0.186925
81250  0.186901
81300  0.186901
81350  0.186901
81400  0.186861
81450  0.186839
81500  0.186775
81550  0.186775
81600  0.186775
81650  0.186717
81700  0.186717
81750  0.186696
81800  0.186659
81850  0.186659
81900  0.186659
81950  0.186598
82000  0.186552
82050  0.186515
82100  0.186515
82150  0.186515
82200  0.186457
82250  0.186451
82300  0.186443
82350  0.186425
82400  0.186425
82450  0.186425
82500  0.186375
82550  0.186332
82600  0.186299
82650  0.186271
82700  0.186271
82750  0.18626
82800  0.18625
82850  0.186191
82900  0.186174
82950  0.186174
83000  0.186174
83050  0.186147
83100  0.186136
83150  0.186074
83200  0.186074
83250  0.186074
83300  0.186074
83350  0.186043
83400  0.186032
83450  0.186032
83500  0.186024
83550  0.185976
83600  0.185948
83650  0.185948
83700  0.185948
83750  0.185948
83800  0.185948
83850  0.185948
83900  0.185898
83950  0.18582
84000  0.18582
84050  0.18582
84100  0.18582
84150  0.185811
84200  0.185798
84250  0.185727
84300  0.185723
84350  0.185723
84400  0.185672
84450  0.185672
84500  0.185635
84550  0.185635
84600  0.185635
84650  0.185635
84700  0.1856
84750  0.18558
84800  0.18558
84850  0.18558
84900  0.18558
84950  0.18558
85000  0.18558
85050  0.18558
85100  0.18558
85150  0.185509
85200  0.185509
85250  0.185486
85300  0.185486
85350  0.185486
85400  0.185458
85450  0.185452
85500  0.185408
85550  0.185408
85600  0.185408
85650  0.185408
85700  0.185408
85750  0.185408
85800  0.185408
85850  0.185376
85900  0.185376
85950  0.185359
86000  0.185359
86050  0.185359
86100  0.185279
86150  0.185207
86200  0.185184
86250  0.185174
86300  0.185174
86350  0.185162
86400  0.185162
86450  0.185162
86500  0.185162
86550  0.185133
86600  0.185133
86650  0.185133
86700  0.185133
86750  0.185133
86800  0.18507
86850  0.18507
86900  0.18507
86950  0.18507
87000  0.185058
87050  0.185058
87100  0.185058
87150  0.185058
87200  0.185021
87250  0.184965
87300  0.184965
87350  0.184965
87400  0.184965
87450  0.184925
87500  0.184925
87550  0.184914
87600  0.184914
87650  0.184914
87700  0.184914
87750  0.184914
87800  0.184914
87850  0.184851
87900  0.184851
87950  0.184851
88000  0.184823
88050  0.184823
88100  0.184823
88150  0.184823
88200  0.184823
88250  0.184772
88300  0.184752
88350  0.184679
88400  0.184679
88450  0.184666
88500  0.184666
88550  0.184666
88600  0.184666
88650  0.184666
88700  0.184659
88750  0.184659
88800  0.184659
88850  0.184625
88900  0.184592
88950  0.184592
89000  0.184592
89050  0.184592
89100  0.184592
89150  0.184592
89200  0.184592
89250  0.184592
89300  0.184553
89350  0.184553
89400  0.184553
89450  0.184553
89500  0.184544
89550  0.184544
89600  0.184544
89650  0.184544
89700  0.184544
89750  0.184544
89800  0.184544
89850  0.184544
89900  0.184511
89950  0.184511
90000  0.184503
90050  0.184503
90100  0.184503
90150  0.184461
90200  0.184461
90250  0.184461
90300  0.184421
90350  0.184421
90400  0.184421
90450  0.184421
90500  0.184421
90550  0.18442
90600  0.18442
90650  0.184342
90700  0.184342
90750  0.184335
90800  0.184333
90850  0.184333
90900  0.184318
90950  0.184251
91000  0.184251
91050  0.184251
91100  0.184251
91150  0.184251
91200  0.184251
91250  0.184251
91300  0.184251
91350  0.184251
91400  0.184251
91450  0.184221
91500  0.1842
91550  0.1842
91600  0.18418
91650  0.18418
91700  0.184142
91750  0.184142
91800  0.184125
91850  0.184079
91900  0.184038
91950  0.184037
92000  0.184
92050  0.184
92100  0.184
92150  0.184
92200  0.184
92250  0.183925
92300  0.183925
92350  0.183925
92400  0.183925
92450  0.183918
92500  0.183918
92550  0.183918
92600  0.183917
92650  0.183955
92700  0.183897
92750  0.183829
92800  0.183829
92850  0.183829
92900  0.183829
92950  0.183829
93000  0.183829
93050  0.183829
93100  0.183829
93150  0.183779
93200  0.183779
93250  0.183779
93300  0.183779
93350  0.183779
93400  0.183779
93450  0.183697
93500  0.183697
93550  0.183697
93600  0.183696
93650  0.183696
93700  0.183696
93750  0.183696
93800  0.183696
93850  0.183696
93900  0.183696
93950  0.183663
94000  0.183663
94050  0.183663
94100  0.183663
94150  0.183663
94200  0.183663
94250  0.183663
94300  0.183663
94350  0.183611
94400  0.183591
94450  0.183591
94500  0.183535
94550  0.183535
94600  0.183535
94650  0.183467
94700  0.183467
94750  0.183459
94800  0.183459
94850  0.183431
94900  0.183431
94950  0.183431
95000  0.183359
95050  0.183359
95100  0.183359
95150  0.183307
95200  0.183307
95250  0.183252
95300  0.183252
95350  0.183252
95400  0.183248
95450  0.183248
95500  0.183248
95550  0.183248
95600  0.183248
95650  0.183199
95700  0.183189
95750  0.183189
95800  0.183189
95850  0.183189
95900  0.183189
95950  0.183184
96000  0.183184
96050  0.183154
96100  0.183154
96150  0.183154
96200  0.183154
96250  0.183154
96300  0.183154
96350  0.183154
96400  0.183154
96450  0.183154
96500  0.183154
96550  0.183154
96600  0.183154
96650  0.183154
96700  0.183154
96750  0.183154
96800  0.183154
96850  0.183154
96900  0.183096
96950  0.183071
97000  0.183032
97050  0.183032
97100  0.183041
97150  0.183041
97200  0.183041
97250  0.183041
97300  0.183041
97350  0.183041
97400  0.183041
97450  0.183041
97500  0.183041
97550  0.18302
97600  0.182976
97650  0.182976
97700  0.182976
97750  0.182976
97800  0.182976
97850  0.182976
97900  0.182976
97950  0.182976
98000  0.182976
98050  0.182974
98100  0.182974
98150  0.182974
98200  0.182974
98250  0.182974
98300  0.182939
98350  0.182939
98400  0.182939
98450  0.182939
98500  0.182939
98550  0.182939
98600  0.182939
98650  0.182883
98700  0.182883
98750  0.182836
98800  0.182836
98850  0.182836
98900  0.182836
98950  0.182836
99000  0.182836
99050  0.182836
99100  0.182794
99150  0.182794
99200  0.182794
99250  0.182794
99300  0.182794
99350  0.182794
99400  0.182791
99450  0.182758
99500  0.182758
99550  0.182758
99600  0.182758
99650  0.182758
99700  0.182758
99750  0.182758
99800  0.182687
99850  0.182649
99900  0.182638
99950  0.182638
100000  0.182638
100050  0.182638
100100  0.182638
100150  0.182638
100200  0.182638
100250  0.182621
100300  0.182621
100350  0.182621
100400  0.182621
100450  0.182621
100500  0.182541
100550  0.182541
100600  0.182541
100650  0.182541
100700  0.182541
100750  0.182541
100800  0.182541
100850  0.182488
100900  0.182488
100950  0.182488
101000  0.182467
101050  0.182467
101100  0.182404
101150  0.182404
101200  0.182404
101250  0.18238
101300  0.18238
101350  0.18238
101400  0.18238
101450  0.18238
101500  0.18238
101550  0.18238
101600  0.18238
101650  0.18238
101700  0.18238
101750  0.18238
101800  0.18238
101850  0.18238
101900  0.18238
101950  0.18238
102000  0.18238
102050  0.18238
102100  0.18238
102150  0.18238
102200  0.182353
102250  0.182353
102300  0.182353
102350  0.182353
102400  0.182336
102450  0.182336
102500  0.182336
102550  0.182336
102600  0.182336
102650  0.182336
102700  0.182363
102750  0.182363
102800  0.182363
102850  0.182363
102900  0.182336
102950  0.182321
103000  0.182321
103050  0.182321
103100  0.182306
103150  0.182306
103200  0.182306
103250  0.182262
103300  0.182262
103350  0.182262
103400  0.182236
103450  0.182236
103500  0.182234
103550  0.182236
103600  0.182236
103650  0.182236
103700  0.182236
103750  0.182236
103800  0.182236
103850  0.182236
103900  0.182236
103950  0.182187
104000  0.182106
104050  0.182075
104100  0.182039
104150  0.182039
104200  0.181994
104250  0.181994
104300  0.181982
104350  0.181982
104400  0.181982
104450  0.181982
104500  0.18195
104550  0.181918
104600  0.181912
104650  0.181912
104700  0.181912
104750  0.181912
104800  0.181919
104850  0.181771
104900  0.181739
104950  0.181676
105000  0.18167
105050  0.18167
105100  0.181629
105150  0.181629
105200  0.181629
105250  0.181629
105300  0.181629
105350  0.181629
105400  0.181595
105450  0.181548
105500  0.181501
105550  0.181501
105600  0.181501
105650  0.181501
105700  0.181501
105750  0.18146
105800  0.18146
105850  0.18146
105900  0.18146
105950  0.18146
106000  0.181445
106050  0.181441
106100  0.181441
106150  0.181441
106200  0.181441
106250  0.181418
106300  0.18133
106350  0.181289
106400  0.181263
106450  0.181263
106500  0.181242
106550  0.181242
106600  0.181214
106650  0.181214
106700  0.181214
106750  0.181214
106800  0.181152
106850  0.181152
106900  0.181089
106950  0.181083
107000  0.181033
107050  0.181033
107100  0.181033
107150  0.181033
107200  0.180969
107250  0.180969
107300  0.180951
107350  0.18095
107400  0.18095
107450  0.180922
107500  0.180922
107550  0.180878
107600  0.180878
107650  0.180878
107700  0.180852
107750  0.180852
107800  0.180852
107850  0.180819
107900  0.180756
107950  0.180756
108000  0.180756
108050  0.180756
108100  0.180756
108150  0.180756
108200  0.180756
108250  0.180756
108300  0.180756
108350  0.180644
108400  0.180644
108450  0.180644
108500  0.180629
108550  0.180629
108600  0.180629
108650  0.180523
108700  0.180523
108750  0.180507
108800  0.180507
108850  0.180507
108900  0.180507
108950  0.180507
109000  0.180507
109050  0.180507
109100  0.180507
109150  0.180507
109200  0.180507
109250  0.180507
109300  0.180501
109350  0.180501
109400  0.180501
109450  0.180501
109500  0.180501
109550  0.180501
109600  0.180501
109650  0.18043
109700  0.18043
109750  0.18043
109800  0.18043
109850  0.18043
109900  0.18043
109950  0.180359
110000  0.180359
110050  0.180359
110100  0.180359
110150  0.180359
110200  0.180359
110250  0.180359
110300  0.180355
110350  0.180355
110400  0.180355
110450  0.180285
110500  0.180285
110550  0.180285
110600  0.180285
110650  0.180285
110700  0.18028
110750  0.18028
110800  0.18028
110850  0.18028
110900  0.18028
110950  0.18028
111000  0.18028
111050  0.18028
111100  0.180262
111150  0.180262
111200  0.180262
111250  0.180262
111300  0.180242
111350  0.180242
111400  0.180242
111450  0.180242
111500  0.180242
111550  0.180242
111600  0.180242
111650  0.180242
111700  0.180242
111750  0.180242
111800  0.180242
111850  0.180242
111900  0.180242
111950  0.180242
112000  0.180111
112050  0.180111
112100  0.180111
112150  0.180111
112200  0.180111
112250  0.180111
112300  0.180111
112350  0.180111
112400  0.180111
112450  0.180111
112500  0.180111
112550  0.180111
112600  0.180111
112650  0.180111
112700  0.180111
112750  0.180111
112800  0.180059
112850  0.180059
112900  0.180059
112950  0.180059
113000  0.180059
113050  0.180059
113100  0.180039
113150  0.180039
113200  0.180039
113250  0.180039
113300  0.180002
113350  0.179947
113400  0.179947
113450  0.179867
113500  0.179867
113550  0.179867
113600  0.179867
113650  0.179867
113700  0.179867
113750  0.179867
113800  0.179867
113850  0.179867
113900  0.179777
113950  0.179777
114000  0.179777
114050  0.179777
114100  0.179777
114150  0.179777
114200  0.179777
114250  0.179777
114300  0.179777
114350  0.179777
114400  0.179777
114450  0.179777
114500  0.179777
114550  0.179777
114600  0.179777
114650  0.179758
114700  0.179758
114750  0.179758
114800  0.179758
114850  0.179758
114900  0.179758
114950  0.179758
115000  0.179758
115050  0.179758
115100  0.179758
115150  0.179758
115200  0.179758
115250  0.179758
115300  0.179758
115350  0.179758
115400  0.179758
115450  0.179758
115500  0.179758
115550  0.179758
115600  0.179758
115650  0.179758
115700  0.179758
115750  0.179787
115800  0.179787
115850  0.179787
115900  0.179787
115950  0.179758
116000  0.179758
116050  0.179758
116100  0.179758
116150  0.179758
116200  0.179758
116250  0.179758
116300  0.179758
116350  0.179758
116400  0.179758
116450  0.179758
116500  0.179758
116550  0.179758
116600  0.179758
116650  0.179758
116700  0.179758
116750  0.179758
116800  0.179758
116850  0.179739
116900  0.179739
116950  0.179739
117000  0.179739
117050  0.179739
117100  0.179679
117150  0.179647
117200  0.179647
117250  0.179647
117300  0.179647
117350  0.179647
117400  0.179647
117450  0.179647
117500  0.179642
117550  0.179642
117600  0.179642
117650  0.179642
117700  0.179647
117750  0.179647
117800  0.179647
117850  0.179647
117900  0.179647
117950  0.179647
118000  0.179647
118050  0.179647
118100  0.179647
118150  0.179647
118200  0.179647
118250  0.179647
118300  0.179647
118350  0.179647
118400  0.179647
118450  0.179647
118500  0.179647
118550  0.179597
118600  0.179597
118650  0.179597
118700  0.179597
118750  0.179597
118800  0.179569
118850  0.179569
118900  0.179569
118950  0.179569
119000  0.179569
119050  0.179558
119100  0.179558
119150  0.179558
119200  0.179558
119250  0.179558
119300  0.179558
119350  0.179558
119400  0.179558
119450  0.179558
119500  0.179536
119550  0.179536
119600  0.17951
119650  0.17951
119700  0.17951
119750  0.17951
119800  0.17951
119850  0.17951
119900  0.17951
119950  0.17951
120000  0.17951
120050  0.17951
120100  0.17951
120150  0.17951
120200  0.179499
120250  0.179499
120300  0.179499
120350  0.179494
120400  0.179494
120450  0.179494
120500  0.179494
120550  0.179494
120600  0.179494
120650  0.179449
120700  0.179449
120750  0.179449
120800  0.179449
120850  0.179449
120900  0.179449
120950  0.179348
121000  0.179348
121050  0.179348
121100  0.179348
121150  0.179348
121200  0.179348
121250  0.179348
121300  0.179348
121350  0.17931
121400  0.179325
121450  0.179325
121500  0.179325
121550  0.179325
121600  0.179325
121650  0.17931
121700  0.17929
121750  0.17929
121800  0.17929
121850  0.17929
121900  0.17929
121950  0.17929
122000  0.17929
122050  0.17929
122100  0.17929
122150  0.17929
122200  0.17929
122250  0.179195
122300  0.179195
122350  0.179195
122400  0.179195
122450  0.179173
122500  0.179173
122550  0.179173
122600  0.179173
122650  0.179173
122700  0.179173
122750  0.179173
122800  0.179173
122850  0.179173
122900  0.179173
122950  0.179173
123000  0.179173
123050  0.179173
123100  0.179173
123150  0.179173
123200  0.179173
123250  0.179173
123300  0.179173
123350  0.179173
123400  0.179137
123450  0.179137
123500  0.179124
123550  0.179124
123600  0.179124
123650  0.179124
123700  0.179124
123750  0.179124
123800  0.179124
123850  0.179124
123900  0.179124
123950  0.179124
124000  0.179124
124050  0.179124
124100  0.179124
124150  0.179081
124200  0.179081
124250  0.179081
124300  0.179081
124350  0.179081
124400  0.179081
124450  0.179081
124500  0.179081
124550  0.179081
124600  0.179081
124650  0.179081
124700  0.179081
124750  0.179081
124800  0.179081
124850  0.179081
124900  0.179081
124950  0.179054
125000  0.179054
125050  0.179054
125100  0.179054
125150  0.179054
125200  0.178953
125250  0.178953
125300  0.178953
125350  0.178953
125400  0.178953
125450  0.178953
125500  0.178953
125550  0.178953
125600  0.17893
125650  0.17891
125700  0.178867
125750  0.178867
125800  0.178867
125850  0.178867
125900  0.178867
125950  0.178867
126000  0.178867
126050  0.178867
126100  0.178867
126150  0.178858
126200  0.178858
126250  0.178894
126300  0.178894
126350  0.178894
126400  0.178842
126450  0.178842
126500  0.178842
126550  0.178842
126600  0.178842
126650  0.178842
126700  0.178842
126750  0.178774
126800  0.178774
126850  0.178774
126900  0.178774
126950  0.178774
127000  0.178774
127050  0.178774
127100  0.178774
127150  0.178774
127200  0.178774
127250  0.178774
127300  0.178774
127350  0.178774
127400  0.178774
127450  0.178774
127500  0.178774
127550  0.178774
127600  0.178774
127650  0.178774
127700  0.178774
127750  0.178774
127800  0.178755
127850  0.178755
127900  0.178755
127950  0.178755
128000  0.178755
128050  0.178755
128100  0.178755
128150  0.178755
128200  0.178755
128250  0.178755
128300  0.178755
128350  0.178755
128400  0.178755
128450  0.178755
128500  0.178755
128550  0.178684
128600  0.178684
128650  0.178684
128700  0.178684
128750  0.178684
128800  0.178684
128850  0.178684
128900  0.178684
128950  0.178684
129000  0.178646
129050  0.178646
129100  0.178646
129150  0.178623
129200  0.178623
129250  0.178623
129300  0.178623
129350  0.178623
129400  0.178623
129450  0.178623
129500  0.178623
129550  0.178623
129600  0.178579
129650  0.178579
129700  0.178579
129750  0.178579
129800  0.178579
129850  0.178579
129900  0.178579
129950  0.178579
130000  0.178579
130050  0.178579
130100  0.178579
130150  0.178579
130200  0.178579
130250  0.178579
130300  0.178579
130350  0.178579
130400  0.178579
130450  0.178579
130500  0.178579
130550  0.178579
130600  0.178579
130650  0.178579
130700  0.178579
130750  0.178579
130800  0.178579
130850  0.178579
130900  0.178579
130950  0.178579
131000  0.178579
131050  0.178637
131100  0.178579
131150  0.178579
131200  0.178579
131250  0.178579
131300  0.178579
131350  0.178579
131400  0.178579
131450  0.178579
131500  0.178579
131550  0.178579
131600  0.178579
131650  0.178579
131700  0.178572
131750  0.178572
131800  0.178572
131850  0.178572
131900  0.178572
131950  0.178572
132000  0.178572
132050  0.178572
132100  0.178572
132150  0.178572
132200  0.178572
132250  0.178572
132300  0.178572
132350  0.178572
132400  0.178572
132450  0.178572
132500  0.178572
132550  0.178572
132600  0.178572
132650  0.178572
132700  0.178572
132750  0.178572
132800  0.178572
132850  0.178518
132900  0.178518
132950  0.178518
133000  0.178518
133050  0.178514
133100  0.178514
133150  0.178514
133200  0.178514
133250  0.178514
133300  0.178514
133350  0.178514
133400  0.178514
133450  0.178514
133500  0.178514
133550  0.178514
133600  0.178514
133650  0.178514
133700  0.178514
133750  0.178514
133800  0.178514
133850  0.178512
133900  0.178512
133950  0.178512
134000  0.178512
134050  0.178512
134100  0.178512
134150  0.178512
134200  0.178512
134250  0.178512
134300  0.178512
134350  0.178512
134400  0.178512
134450  0.178512
134500  0.178512
134550  0.178512
134600  0.178512
134650  0.178512
