Step  Penalty
10  0.531896
20  0.510907
30  0.497119
40  0.480822
50  0.464798
60  0.457755
70  0.450384
80  0.44164
90  0.435107
100  0.428516
110  0.420782
120  0.413332
130  0.405033
140  0.398254
150  0.392223
160  0.388982
170  0.386598
180  0.38403
190  0.380671
200  0.37601
210  0.368306
220  0.361426
230  0.355529
240  0.34969
250  0.344743
260  0.34147
270  0.336919
280  0.332734
290  0.32869
300  0.325034
310  0.321579
320  0.318686
330  0.315693
340  0.311891
350  0.309171
360  0.308113
370  0.307387
380  0.304558
390  0.303698
400  0.302704
410  0.301477
420  0.298209
430  0.295049
440  0.292762
450  0.288729
460  0.287406
470  0.285472
480  0.283431
490  0.280679
500  0.2788
510  0.276649
520  0.274546
530  0.272602
540  0.27201
550  0.268335
560  0.266954
570  0.26596
580  0.264082
590  0.262747
600  0.261293
610  0.259311
620  0.258507
630  0.257928
640  0.257219
650  0.257011
660  0.25689
670  0.256212
680  0.256112
690  0.255305
700  0.254102
710  0.252753
720  0.250195
730  0.248898
740  0.246441
750  0.245927
760  0.245378
770  0.244137
780  0.242919
790  0.242665
800  0.242508
810  0.242331
820  0.242243
830  0.241907
840  0.241431
850  0.241011
860  0.240147
870  0.239893
880  0.239893
890  0.239893
900  0.239893
910  0.239491
920  0.239491
930  0.239423
940  0.238951
950  0.238482
960  0.23828
970  0.237887
980  0.237758
990  0.237752
1000  0.237332
1010  0.236603
1020  0.235517
1030  0.234946
1040  0.234673
1050  0.233312
1060  0.232504
1070  0.231839
1080  0.231185
1090  0.230776
1100  0.230533
1110  0.229299
1120  0.228156
1130  0.227191
1140  0.226476
1150  0.226344
1160  0.225643
1170  0.224505
1180  0.223883
1190  0.223361
1200  0.223261
1210  0.223148
1220  0.223148
1230  0.223148
1240  0.223077
1250  0.222918
1260  0.222918
1270  0.222918
1280  0.222708
1290  0.222147
1300  0.222071
1310  0.222071
1320  0.222051
1330  0.221613
1340  0.221546
1350  0.221535
1360  0.221527
1370  0.221527
1380  0.221527
1390  0.221232
1400  0.221232
1410  0.221232
1420  0.221232
1430  0.220774
1440  0.220774
1450  0.220774
1460  0.220774
1470  0.220499
1480  0.22049
1490  0.220347
1500  0.219611
1510  0.219611
1520  0.219611
1530  0.219383
1540  0.218935
1550  0.218927
1560  0.218927
1570  0.218918
1580  0.21884
1590  0.21884
1600  0.21884
1610  0.21884
1620  0.21884
1630  0.21884
1640  0.218811
1650  0.218811
1660  0.218811
1670  0.218811
1680  0.218811
1690  0.218811
1700  0.218811
1710  0.218811
1720  0.218811
1730  0.218811
1740  0.218811
1750  0.218811
1760  0.218761
1770  0.218753
1780  0.218753
1790  0.218753
1800  0.218753
1810  0.218753
1820  0.218753
1830  0.218753
1840  0.218642
1850  0.218642
1860  0.218642
1870  0.218642
1880  0.218642
1890  0.218347
1900  0.218062
1910  0.217805
1920  0.217805
1930  0.217551
1940  0.217551
1950  0.217551
1960  0.217179
1970  0.217051
1980  0.217051
1990  0.216714
2000  0.216714
2010  0.21671
2020  0.216238
2030  0.215929
2040  0.215735
2050  0.215735
2060  0.215735
2070  0.215541
2080  0.215145
2090  0.215145
2100  0.214982
2110  0.214829
2120  0.213853
2130  0.213523
2140  0.213403
2150  0.213403
2160  0.213403
2170  0.213403
2180  0.213403
2190  0.213403
2200  0.213403
2210  0.213403
2220  0.212718
2230  0.212619
2240  0.212554
2250  0.212554
2260  0.212094
2270  0.212094
2280  0.212089
2290  0.211392
2300  0.211392
2310  0.21127
2320  0.210896
2330  0.210757
2340  0.210516
2350  0.210516
2360  0.210516
2370  0.210516
2380  0.210516
2390  0.210516
2400  0.210516
2410  0.210287
2420  0.210287
2430  0.210121
2440  0.209465
2450  0.209465
2460  0.209465
2470  0.209465
2480  0.209465
2490  0.209465
2500  0.209465
2510  0.209429
2520  0.209429
2530  0.209429
2540  0.209332
2550  0.209332
2560  0.209332
2570  0.209291
2580  0.209291
2590  0.209291
2600  0.209291
2610  0.209291
2620  0.209291
2630  0.209215
2640  0.209215
2650  0.209215
2660  0.209215
2670  0.209215
2680  0.209215
2690  0.208541
2700  0.208541
2710  0.208473
2720  0.208204
2730  0.208204
2740  0.208181
2750  0.208034
2760  0.208034
2770  0.208034
2780  0.208034
2790  0.208034
2800  0.208016
2810  0.208016
2820  0.208016
2830  0.208016
2840  0.207897
2850  0.207897
2860  0.207897
2870  0.207897
2880  0.207897
2890  0.207775
2900  0.207775
2910  0.207775
2920  0.207597
2930  0.207597
2940  0.207597
2950  0.207428
2960  0.207428
2970  0.207428
2980  0.207428
2990  0.207428
3000  0.207428
3010  0.207428
3020  0.207428
3030  0.207428
3040  0.207428
3050  0.207428
3060  0.207428
3070  0.207361
3080  0.207361
3090  0.207361
3100  0.207361
3110  0.207361
3120  0.207361
3130  0.207361
3140  0.207361
3150  0.207361
3160  0.207257
3170  0.207257
3180  0.207257
3190  0.207132
3200  0.207132
3210  0.207132
3220  0.207132
3230  0.207132
3240  0.207132
3250  0.207132
3260  0.207132
3270  0.207132
3280  0.207132
3290  0.207132
3300  0.207132
3310  0.207132
3320  0.207132
3330  0.207132
3340  0.207132
3350  0.207132
3360  0.207132
3370  0.207132
3380  0.207132
3390  0.207132
3400  0.207132
3410  0.207132
3420  0.207132
3430  0.207132
3440  0.207132
3450  0.207132
3460  0.207063
3470  0.207063
3480  0.207063
3490  0.207063
3500  0.207063
3510  0.207063
3520  0.207063
3530  0.207063
3540  0.207063
3550  0.207063
3560  0.206997
3570  0.206997
3580  0.206997
3590  0.206997
3600  0.206997
3610  0.206997
3620  0.206997
3630  0.206997
3640  0.206997
3650  0.206997
3660  0.206997
3670  0.206997
3680  0.206997
3690  0.206997
3700  0.206997
3710  0.206997
3720  0.206997
3730  0.206997
3740  0.206997
3750  0.206997
3760  0.206997
3770  0.206997
3780  0.206997
3790  0.206997
3800  0.206997
3810  0.206997
3820  0.206997
3830  0.206997
3840  0.206997
3850  0.206997
3860  0.206997
3870  0.206997
3880  0.206997
3890  0.206997
3900  0.206997
3910  0.206997
3920  0.206997
3930  0.206997
3940  0.206997
3950  0.206997
3960  0.206997
3970  0.206997
3980  0.206997
3990  0.206931
4000  0.206931
4010  0.206931
4020  0.206914
4030  0.206914
4040  0.206914
4050  0.206914
4060  0.206914
4070  0.206914
4080  0.206914
4090  0.206914
4100  0.206914
4110  0.206914
4120  0.206914
4130  0.206914
4140  0.206914
4150  0.206914
4160  0.206914
4170  0.206914
4180  0.206914
4190  0.206914
4200  0.206914
4210  0.206914
4220  0.206914
4230  0.206914
4240  0.206914
4250  0.206914
4260  0.206914
4270  0.206914
4280  0.206914
4290  0.206914
4300  0.206914
4310  0.206914
4320  0.206783
4330  0.206783
4340  0.206783
4350  0.206783
4360  0.206783
4370  0.206783
4380  0.206783
4390  0.206783
4400  0.206783
4410  0.206783
4420  0.206783
4430  0.206783
4440  0.206783
4450  0.206783
4460  0.206783
4470  0.206783
4480  0.206783
4490  0.206783
4500  0.206783
4510  0.206783
4520  0.206783
4530  0.206783
4540  0.206783
4550  0.206783
4560  0.206783
4570  0.206783
4580  0.206783
4590  0.206783
4600  0.206783
4610  0.206783
4620  0.206783
4630  0.206783
4640  0.206783
4650  0.206529
4660  0.206529
4670  0.206529
4680  0.206529
4690  0.206529
4700  0.206529
4710  0.206529
4720  0.206529
4730  0.206529
4740  0.206529
4750  0.206529
4760  0.206529
4770  0.206529
4780  0.206529
4790  0.206529
4800  0.206529
4810  0.206529
4820  0.206529
4830  0.206529
4840  0.206529
4850  0.206314
4860  0.206314
4870  0.206314
4880  0.206314
4890  0.206314
4900  0.206314
4910  0.206314
4920  0.206314
4930  0.206314
4940  0.206314
4950  0.206314
4960  0.206314
4970  0.206314
4980  0.205935
4990  0.205935
5000  0.205935
5010  0.205935
5020  0.205935
5030  0.205935
5040  0.205935
5050  0.205692
5060  0.205692
5070  0.205692
5080  0.205692
5090  0.205692
5100  0.205692
5110  0.205692
5120  0.205692
5130  0.205598
5140  0.205598
5150  0.205598
5160  0.205598
5170  0.205598
5180  0.205598
5190  0.205598
5200  0.205598
5210  0.205598
5220  0.205598
5230  0.205598
5240  0.205598
5250  0.205598
5260  0.205598
5270  0.205598
5280  0.205598
5290  0.205598
5300  0.205598
5310  0.205598
5320  0.205598
5330  0.205598
5340  0.205598
5350  0.205598
5360  0.205598
5370  0.205598
5380  0.205579
5390  0.205579
5400  0.205579
5410  0.205579
5420  0.205579
5430  0.205579
5440  0.205579
5450  0.205579
5460  0.205579
5470  0.205579
5480  0.205579
5490  0.205579
5500  0.205579
5510  0.205579
5520  0.205579
5530  0.205579
5540  0.205579
5550  0.205579
5560  0.205579
5570  0.205579
5580  0.205579
5590  0.205579
5600  0.205579
5610  0.205579
5620  0.205579
5630  0.205579
5640  0.205579
5650  0.205579
5660  0.205579
5670  0.205579
5680  0.205579
5690  0.205579
5700  0.205579
5710  0.205579
5720  0.205579
5730  0.205579
5740  0.205579
5750  0.205579
5760  0.205579
5770  0.205579
5780  0.205579
5790  0.205579
5800  0.205579
5810  0.205579
5820  0.205579
5830  0.205579
5840  0.205579
5850  0.205579
5860  0.205579
5870  0.205579
5880  0.205579
5890  0.205579
5900  0.205579
5910  0.205579
5920  0.205579
5930  0.205579
5940  0.205552
5950  0.205552
5960  0.205552
5970  0.205552
5980  0.205552
5990  0.205552
6000  0.205552
6010  0.205552
6020  0.205552
6030  0.205552
6040  0.205552
6050  0.205552
6060  0.205552
6070  0.205552
6080  0.205552
6090  0.205552
6100  0.205552
6110  0.205552
6120  0.205552
6130  0.205552
6140  0.205552
6150  0.205552
6160  0.205552
6170  0.205552
6180  0.205552
6190  0.205552
6200  0.205552
6210  0.205552
6220  0.205552
6230  0.205552
6240  0.205552
6250  0.205552
6260  0.205552
6270  0.205552
6280  0.205552
6290  0.205552
6300  0.205552
6310  0.205552
6320  0.205552
6330  0.205552
6340  0.205552
6350  0.205552
6360  0.205552
6370  0.205552
6380  0.205552
6390  0.205552
6400  0.205552
6410  0.20551
6420  0.20551
6430  0.20551
6440  0.20551
6450  0.20551
6460  0.20551
6470  0.20551
6480  0.20551
6490  0.20551
6500  0.20551
6510  0.20551
6520  0.20551
6530  0.20551
6540  0.20551
6550  0.20551
6560  0.20551
6570  0.20551
6580  0.20551
6590  0.205364
6600  0.205364
6610  0.205364
6620  0.205364
6630  0.205364
6640  0.205364
6650  0.205364
6660  0.205364
6670  0.205364
6680  0.205364
6690  0.205364
6700  0.205364
6710  0.205364
6720  0.205364
6730  0.205364
6740  0.205364
6750  0.205364
6760  0.205364
6770  0.205364
6780  0.205364
6790  0.205364
6800  0.205364
6810  0.205364
6820  0.205364
6830  0.205364
6840  0.205364
6850  0.205364
6860  0.205364
6870  0.205364
6880  0.205364
6890  0.205364
6900  0.205364
6910  0.205364
6920  0.205364
6930  0.205364
6940  0.205346
6950  0.205346
6960  0.205346
6970  0.205346
6980  0.205346
6990  0.205346
7000  0.205346
7010  0.205346
7020  0.205346
7030  0.205346
7040  0.205346
7050  0.205346
7060  0.205314
7070  0.205314
7080  0.205314
7090  0.205151
7100  0.205151
7110  0.205151
7120  0.205151
7130  0.205151
7140  0.205151
7150  0.205151
7160  0.205151
7170  0.205151
7180  0.205151
7190  0.20515
7200  0.20515
7210  0.20515
7220  0.20515
7230  0.20515
7240  0.20515
7250  0.20515
7260  0.20515
7270  0.20515
7280  0.20515
7290  0.20515
7300  0.20515
7310  0.20515
7320  0.20515
7330  0.20515
7340  0.20515
7350  0.20515
7360  0.20515
7370  0.20515
7380  0.20515
7390  0.20515
7400  0.20515
7410  0.20515
7420  0.20515
7430  0.20515
7440  0.20515
7450  0.20515
7460  0.20515
7470  0.20515
7480  0.20515
7490  0.20515
7500  0.20515
7510  0.20515
7520  0.20515
7530  0.20515
7540  0.20515
7550  0.20515
7560  0.20515
7570  0.20515
7580  0.20515
7590  0.20515
7600  0.20515
7610  0.20515
7620  0.20515
7630  0.20515
7640  0.20515
7650  0.20515
7660  0.20515
7670  0.20515
7680  0.20515
7690  0.205094
7700  0.205094
7710  0.205094
7720  0.205094
7730  0.205094
7740  0.205094
7750  0.205094
7760  0.205094
7770  0.205094
7780  0.205094
7790  0.205094
7800  0.205094
7810  0.205094
7820  0.205094
7830  0.205094
7840  0.205094
7850  0.205094
7860  0.205094
7870  0.205094
7880  0.205094
7890  0.205094
7900  0.204993
7910  0.204993
7920  0.204993
7930  0.204993
7940  0.204993
7950  0.204993
7960  0.204993
7970  0.204993
7980  0.204993
7990  0.204993
8000  0.20439
8010  0.20439
8020  0.204296
8030  0.204296
8040  0.204296
8050  0.204296
8060  0.204296
8070  0.204296
8080  0.204296
8090  0.204296
8100  0.204296
8110  0.204296
8120  0.204296
8130  0.204296
8140  0.204296
8150  0.204069
8160  0.203603
8170  0.203603
8180  0.203407
8190  0.203407
8200  0.203407
8210  0.203239
8220  0.203239
8230  0.203239
8240  0.203214
8250  0.203214
8260  0.203214
8270  0.203214
8280  0.203214
8290  0.203214
8300  0.203214
8310  0.203214
8320  0.203214
8330  0.203214
8340  0.20318
8350  0.20318
8360  0.20318
8370  0.203049
8380  0.203049
8390  0.203049
8400  0.202769
8410  0.202769
8420  0.202769
8430  0.202632
8440  0.202632
8450  0.2024
8460  0.2024
8470  0.2024
8480  0.2024
8490  0.2024
8500  0.2024
8510  0.2024
8520  0.2024
8530  0.2024
8540  0.2024
8550  0.2024
8560  0.2024
8570  0.2024
8580  0.2024
8590  0.2024
8600  0.202311
8610  0.202311
8620  0.202311
8630  0.202311
8640  0.202311
8650  0.202311
8660  0.202311
8670  0.202311
8680  0.202311
8690  0.202311
8700  0.202311
8710  0.202311
8720  0.202311
8730  0.202311
8740  0.202311
8750  0.202311
8760  0.202311
8770  0.202311
8780  0.202311
8790  0.20229
8800  0.20229
8810  0.20229
8820  0.20229
8830  0.20229
8840  0.20229
8850  0.20229
8860  0.20229
8870  0.20229
8880  0.20229
8890  0.20229
8900  0.20229
8910  0.20229
8920  0.20229
8930  0.20229
8940  0.20229
8950  0.20229
8960  0.20229
8970  0.20229
8980  0.20229
8990  0.20229
9000  0.20229
9010  0.20229
9020  0.20229
9030  0.20229
9040  0.20229
9050  0.20229
9060  0.202281
9070  0.202281
9080  0.202281
9090  0.202281
9100  0.202281
9110  0.202281
9120  0.202281
9130  0.202281
9140  0.202281
9150  0.202281
9160  0.202281
9170  0.202202
9180  0.202202
9190  0.202202
9200  0.202202
9210  0.202064
9220  0.202064
9230  0.202064
9240  0.202064
9250  0.202064
9260  0.202064
9270  0.202064
9280  0.202064
9290  0.202064
9300  0.202064
9310  0.202064
9320  0.202064
9330  0.202064
9340  0.202064
9350  0.202064
9360  0.202064
9370  0.202064
9380  0.202064
9390  0.202064
9400  0.202064
9410  0.202064
9420  0.202064
9430  0.202064
9440  0.202064
9450  0.202064
9460  0.202064
9470  0.202064
9480  0.202064
9490  0.202064
9500  0.202064
9510  0.202064
9520  0.201914
9530  0.201863
9540  0.201863
9550  0.201863
9560  0.201863
9570  0.201863
9580  0.201863
9590  0.2016
9600  0.2016
9610  0.201578
9620  0.201578
9630  0.201578
9640  0.201523
9650  0.201523
9660  0.201523
9670  0.201523
9680  0.201523
9690  0.201378
9700  0.201378
9710  0.201378
9720  0.201378
9730  0.201378
9740  0.201378
9750  0.201378
9760  0.201378
9770  0.201378
9780  0.201378
9790  0.201378
9800  0.201378
9810  0.201378
9820  0.201378
9830  0.201378
9840  0.201378
9850  0.201378
9860  0.201378
9870  0.201378
9880  0.201378
9890  0.201378
9900  0.201378
9910  0.201378
9920  0.201378
9930  0.201378
9940  0.201378
9950  0.201378
9960  0.201278
9970  0.201278
9980  0.201278
9990  0.201278
10000  0.201278
10010  0.201278
10020  0.201278
10030  0.201278
10040  0.201172
10050  0.201172
10060  0.201172
10070  0.201172
10080  0.201172
10090  0.201172
10100  0.201172
10110  0.201172
10120  0.201172
10130  0.201172
10140  0.201172
10150  0.201172
10160  0.201172
10170  0.201172
10180  0.201172
10190  0.201172
10200  0.201172
10210  0.201172
10220  0.201172
10230  0.201172
10240  0.201172
10250  0.201172
10260  0.201172
10270  0.201172
10280  0.201172
10290  0.201172
10300  0.201172
10310  0.201172
10320  0.201172
10330  0.201172
10340  0.201172
10350  0.201172
10360  0.201172
10370  0.201172
10380  0.201172
10390  0.201172
10400  0.201172
10410  0.201172
10420  0.201172
10430  0.201172
10440  0.201134
10450  0.201134
10460  0.201035
10470  0.201035
10480  0.201035
10490  0.201035
10500  0.201035
10510  0.201035
10520  0.201035
10530  0.200902
10540  0.200902
10550  0.200902
10560  0.200902
10570  0.200902
10580  0.200902
10590  0.200902
10600  0.200902
10610  0.200902
10620  0.200765
10630  0.200765
10640  0.200765
10650  0.200765
10660  0.200765
10670  0.200765
10680  0.200765
10690  0.200765
10700  0.200681
10710  0.200681
10720  0.200681
10730  0.200439
10740  0.200424
10750  0.20024
10760  0.20024
10770  0.200183
10780  0.200183
10790  0.200183
10800  0.200183
10810  0.200183
10820  0.200183
10830  0.200183
10840  0.200183
10850  0.200183
10860  0.200183
10870  0.200183
10880  0.200183
10890  0.200183
10900  0.200183
10910  0.200183
10920  0.200183
10930  0.200183
10940  0.200183
10950  0.200183
10960  0.200183
10970  0.200167
10980  0.200167
10990  0.200167
11000  0.200167
11010  0.200167
11020  0.200167
11030  0.200167
11040  0.200106
11050  0.200106
11060  0.200106
11070  0.200106
11080  0.200106
11090  0.200106
11100  0.200106
11110  0.200106
11120  0.200106
11130  0.200106
11140  0.200077
11150  0.200077
11160  0.200077
11170  0.200077
11180  0.200077
11190  0.200077
11200  0.200077
11210  0.200077
11220  0.200077
11230  0.200077
11240  0.200077
11250  0.200077
11260  0.200077
11270  0.200077
11280  0.200077
11290  0.200077
11300  0.19997
11310  0.19997
11320  0.19997
11330  0.19997
11340  0.19997
11350  0.19997
11360  0.19997
11370  0.19997
11380  0.19997
11390  0.19997
11400  0.19997
11410  0.19997
11420  0.19997
11430  0.19997
11440  0.19997
11450  0.19997
11460  0.19997
11470  0.19997
11480  0.19997
11490  0.199968
11500  0.199968
11510  0.199968
11520  0.199968
11530  0.199968
11540  0.199968
11550  0.199968
11560  0.199968
11570  0.199968
11580  0.199968
11590  0.199968
11600  0.199968
11610  0.199968
11620  0.199968
11630  0.199968
11640  0.199968
11650  0.199968
11660  0.19985
11670  0.19985
11680  0.19985
11690  0.19985
11700  0.19985
11710  0.19985
11720  0.19985
11730  0.19985
11740  0.19985
11750  0.19985
11760  0.19985
11770  0.199634
11780  0.199634
11790  0.199634
11800  0.199521
11810  0.199521
11820  0.199521
11830  0.199521
11840  0.199521
11850  0.199521
11860  0.19924
11870  0.199213
11880  0.199213
11890  0.199213
11900  0.199213
11910  0.199213
11920  0.199213
11930  0.199213
11940  0.199213
11950  0.199213
11960  0.199119
11970  0.199119
11980  0.199119
11990  0.198874
12000  0.198874
12010  0.198874
12020  0.198874
12030  0.198851
12040  0.198851
12050  0.198851
12060  0.19886
12070  0.19886
12080  0.19886
12090  0.19886
12100  0.19886
12110  0.19886
12120  0.19886
12130  0.19886
12140  0.19879
12150  0.19879
12160  0.19879
12170  0.19879
12180  0.19879
12190  0.19879
12200  0.19863
12210  0.19863
12220  0.19863
12230  0.19863
12240  0.19863
12250  0.19863
12260  0.19863
12270  0.19863
12280  0.19863
12290  0.19863
12300  0.19863
12310  0.19863
12320  0.19863
12330  0.19863
12340  0.19863
12350  0.19863
12360  0.19863
12370  0.198413
12380  0.198413
12390  0.198413
12400  0.198413
12410  0.198413
12420  0.198413
12430  0.198413
12440  0.198413
12450  0.198413
12460  0.198413
12470  0.198413
12480  0.198413
12490  0.198407
12500  0.198407
12510  0.19811
12520  0.19811
12530  0.19811
12540  0.19811
12550  0.19811
12560  0.19811
12570  0.19811
12580  0.19811
12590  0.19811
12600  0.19811
12610  0.19811
12620  0.19811
12630  0.198106
12640  0.19807
12650  0.19807
12660  0.19807
12670  0.197902
12680  0.197902
12690  0.197902
12700  0.197636
12710  0.197636
12720  0.197636
12730  0.197636
12740  0.19747
12750  0.197265
12760  0.197265
12770  0.197265
12780  0.197265
12790  0.197202
12800  0.197202
12810  0.197202
12820  0.197136
12830  0.197136
12840  0.197136
12850  0.19693
12860  0.196684
12870  0.196684
12880  0.196684
12890  0.196684
12900  0.196641
12910  0.196641
12920  0.196641
12930  0.196641
12940  0.196641
12950  0.196641
12960  0.196641
12970  0.196502
12980  0.196502
12990  0.196502
13000  0.196502
13010  0.196502
13020  0.196502
13030  0.196452
13040  0.196452
13050  0.196452
13060  0.196452
13070  0.196452
13080  0.196452
13090  0.196379
13100  0.196379
13110  0.196379
13120  0.196379
13130  0.196379
13140  0.196232
13150  0.196232
13160  0.196232
13170  0.196232
13180  0.196232
13190  0.196232
13200  0.196232
13210  0.196134
13220  0.196134
13230  0.196134
13240  0.196134
13250  0.196134
13260  0.196134
13270  0.196134
13280  0.195834
13290  0.195834
13300  0.195834
13310  0.195834
13320  0.195834
13330  0.195834
13340  0.195804
13350  0.195804
13360  0.195804
13370  0.195804
13380  0.195804
13390  0.195804
13400  0.195804
13410  0.195804
13420  0.195804
13430  0.195804
13440  0.19576
13450  0.19576
13460  0.19576
13470  0.195756
13480  0.195756
13490  0.195756
13500  0.195756
13510  0.195756
13520  0.195756
13530  0.195756
13540  0.195756
13550  0.195588
13560  0.195588
13570  0.195588
13580  0.195588
13590  0.19537
13600  0.19537
13610  0.19537
13620  0.19537
13630  0.19537
13640  0.195288
13650  0.195288
13660  0.195288
13670  0.195288
13680  0.195288
13690  0.195288
13700  0.195288
13710  0.195288
13720  0.195288
13730  0.195288
13740  0.195288
13750  0.195288
13760  0.195288
13770  0.195288
13780  0.195288
13790  0.195288
13800  0.195288
13810  0.195288
13820  0.195288
13830  0.195288
13840  0.195288
13850  0.195288
13860  0.195288
13870  0.195288
13880  0.195288
13890  0.195288
13900  0.195288
13910  0.195288
13920  0.195272
13930  0.195272
13940  0.195272
13950  0.195272
13960  0.195272
13970  0.195272
13980  0.195144
13990  0.195144
14000  0.195144
14010  0.195144
14020  0.195144
14030  0.195144
14040  0.195144
14050  0.195144
14060  0.195144
14070  0.195144
14080  0.195144
14090  0.195144
14100  0.195144
14110  0.195144
14120  0.195144
14130  0.195144
14140  0.194922
14150  0.194922
14160  0.194922
14170  0.194883
14180  0.194883
14190  0.194883
14200  0.194883
14210  0.194883
14220  0.194883
14230  0.194883
14240  0.194883
14250  0.194883
14260  0.194883
14270  0.194883
14280  0.194883
14290  0.194883
14300  0.194883
14310  0.194883
14320  0.194883
14330  0.194883
14340  0.194883
14350  0.194883
14360  0.194866
14370  0.194866
14380  0.194824
14390  0.194824
14400  0.194824
14410  0.194824
14420  0.194824
14430  0.194824
14440  0.194806
14450  0.194806
14460  0.194806
14470  0.194806
14480  0.194806
14490  0.194806
14500  0.194806
14510  0.194806
14520  0.194806
14530  0.194806
14540  0.194806
14550  0.194806
14560  0.194806
14570  0.194806
14580  0.194806
14590  0.194806
14600  0.194806
14610  0.194806
14620  0.194806
14630  0.194806
14640  0.194806
14650  0.194806
14660  0.194806
14670  0.194806
14680  0.194806
14690  0.194806
14700  0.194806
14710  0.194806
14720  0.194806
14730  0.194806
14740  0.194806
14750  0.194806
14760  0.194806
14770  0.194806
14780  0.194806
14790  0.194806
14800  0.194806
14810  0.194806
14820  0.194806
14830  0.194806
14840  0.194806
14850  0.194806
14860  0.194806
14870  0.194806
14880  0.194806
14890  0.194806
14900  0.194806
14910  0.194806
14920  0.194806
14930  0.194806
14940  0.194806
14950  0.194806
14960  0.194806
14970  0.194806
14980  0.194806
14990  0.194806
15000  0.194806
15010  0.194806
15020  0.194806
15030  0.194806
15040  0.194806
15050  0.194806
15060  0.194806
15070  0.194806
15080  0.19461
15090  0.19461
15100  0.19461
15110  0.19461
15120  0.19461
15130  0.1946
15140  0.1946
15150  0.1946
15160  0.1946
15170  0.1946
15180  0.194404
15190  0.194404
15200  0.194404
15210  0.194404
15220  0.194203
15230  0.194203
15240  0.194203
15250  0.194203
15260  0.194203
15270  0.194203
15280  0.194203
15290  0.194203
15300  0.194203
15310  0.194203
15320  0.19416
15330  0.19416
15340  0.19416
15350  0.19416
15360  0.19416
15370  0.19416
15380  0.19416
15390  0.19416
15400  0.19416
15410  0.19416
15420  0.19416
15430  0.19416
15440  0.19416
15450  0.19416
15460  0.19416
15470  0.19416
15480  0.19416
15490  0.19416
15500  0.19416
15510  0.19416
15520  0.19416
15530  0.19416
15540  0.19416
15550  0.19416
15560  0.19416
15570  0.19416
15580  0.19416
15590  0.19416
15600  0.19416
15610  0.19416
15620  0.19416
15630  0.19416
15640  0.19416
15650  0.19416
15660  0.19416
15670  0.19416
15680  0.19416
15690  0.19416
15700  0.19416
15710  0.19416
15720  0.19416
15730  0.19416
15740  0.19416
15750  0.19416
15760  0.194142
15770  0.194142
15780  0.194142
15790  0.194142
15800  0.194142
15810  0.194069
15820  0.194069
15830  0.194069
15840  0.194069
15850  0.194069
15860  0.194069
15870  0.194069
15880  0.194069
15890  0.194069
15900  0.194069
15910  0.194069
15920  0.194069
15930  0.194069
15940  0.194069
15950  0.194069
15960  0.194
15970  0.194
15980  0.194
15990  0.194
16000  0.194
16010  0.194
16020  0.194
16030  0.194
16040  0.194
16050  0.194
16060  0.194
16070  0.194
16080  0.194
16090  0.194
16100  0.194
16110  0.193825
16120  0.193825
16130  0.193825
16140  0.193825
16150  0.193825
16160  0.193825
16170  0.193825
16180  0.193825
16190  0.193825
16200  0.193825
16210  0.193825
16220  0.193825
16230  0.193825
16240  0.193825
16250  0.193825
16260  0.193825
16270  0.193825
16280  0.193825
16290  0.193825
16300  0.193825
16310  0.193825
16320  0.193825
16330  0.193606
16340  0.19353
16350  0.19353
16360  0.19353
16370  0.19353
16380  0.19353
16390  0.19353
16400  0.19353
16410  0.19353
16420  0.19353
16430  0.19353
16440  0.19353
16450  0.19353
16460  0.19353
16470  0.193321
16480  0.193321
16490  0.193321
16500  0.193195
16510  0.193195
16520  0.193195
16530  0.193195
16540  0.193195
16550  0.193195
16560  0.193195
16570  0.193195
16580  0.193195
16590  0.193195
16600  0.193195
16610  0.193195
16620  0.193195
16630  0.193195
16640  0.193195
16650  0.193193
16660  0.193193
16670  0.193193
16680  0.193193
16690  0.193193
16700  0.193193
16710  0.193079
16720  0.193079
16730  0.193079
16740  0.193025
16750  0.193025
16760  0.193025
16770  0.193025
16780  0.193025
16790  0.192997
16800  0.192997
16810  0.192997
16820  0.192997
16830  0.192997
16840  0.192997
16850  0.192997
16860  0.192997
16870  0.192997
16880  0.192997
16890  0.192997
16900  0.192997
16910  0.192997
16920  0.192781
16930  0.192781
16940  0.192781
16950  0.192781
16960  0.192781
16970  0.192781
16980  0.192781
16990  0.192781
17000  0.192781
17010  0.192781
17020  0.192781
17030  0.192781
17040  0.192781
17050  0.192675
17060  0.192675
17070  0.192675
17080  0.192675
17090  0.192675
17100  0.192675
17110  0.192675
17120  0.192675
17130  0.192675
17140  0.192675
17150  0.192675
17160  0.192675
17170  0.192675
17180  0.192675
17190  0.192675
17200  0.192675
17210  0.192675
17220  0.192675
17230  0.192675
17240  0.192675
17250  0.192675
17260  0.192675
17270  0.192675
17280  0.192675
17290  0.192675
17300  0.192591
17310  0.192591
17320  0.192591
17330  0.192591
17340  0.192591
17350  0.192591
17360  0.192591
17370  0.192591
17380  0.192591
17390  0.192591
17400  0.192591
17410  0.192591
17420  0.192591
17430  0.192591
17440  0.192591
17450  0.192591
17460  0.192591
17470  0.192445
17480  0.192445
17490  0.192445
17500  0.192445
17510  0.192445
17520  0.192445
17530  0.192445
17540  0.192445
17550  0.192445
17560  0.192445
17570  0.192445
17580  0.192445
17590  0.192445
17600  0.192445
17610  0.192445
17620  0.192445
17630  0.192445
17640  0.192445
17650  0.192445
17660  0.192445
17670  0.192445
17680  0.192445
17690  0.192445
17700  0.192445
17710  0.192445
17720  0.192445
17730  0.192445
17740  0.192445
17750  0.192445
17760  0.192445
17770  0.192211
17780  0.192211
17790  0.192211
17800  0.192211
17810  0.192211
17820  0.192186
17830  0.192186
17840  0.192186
17850  0.192186
17860  0.191888
17870  0.191888
17880  0.191888
17890  0.191888
17900  0.191888
17910  0.191888
17920  0.191888
17930  0.191888
17940  0.191888
17950  0.191888
17960  0.191888
17970  0.191888
17980  0.191888
17990  0.191883
18000  0.191883
18010  0.191883
18020  0.191883
18030  0.191883
18040  0.191883
18050  0.191883
18060  0.191883
18070  0.191883
18080  0.191883
18090  0.191883
18100  0.191883
18110  0.191883
18120  0.191883
18130  0.191883
18140  0.191883
18150  0.191883
18160  0.191883
18170  0.191883
18180  0.191883
18190  0.191883
18200  0.191883
18210  0.191883
18220  0.191766
18230  0.191766
18240  0.191766
18250  0.191766
18260  0.191766
18270  0.191766
18280  0.191766
18290  0.191766
18300  0.191674
18310  0.191674
18320  0.191674
18330  0.191674
18340  0.191674
18350  0.191674
18360  0.191674
18370  0.191674
18380  0.191674
18390  0.191674
18400  0.191674
18410  0.191674
18420  0.191674
18430  0.191674
18440  0.191632
18450  0.191632
18460  0.191632
18470  0.191632
18480  0.191632
18490  0.191357
18500  0.191357
18510  0.191357
18520  0.19106
18530  0.19106
18540  0.19106
18550  0.19106
18560  0.19106
18570  0.19106
18580  0.19106
18590  0.19106
18600  0.19106
18610  0.190992
18620  0.190992
18630  0.190992
18640  0.190992
18650  0.190992
18660  0.190992
18670  0.190992
18680  0.190992
18690  0.190992
18700  0.190992
18710  0.190992
18720  0.190992
18730  0.190992
18740  0.190992
18750  0.190992
18760  0.190992
18770  0.190992
18780  0.190992
18790  0.190992
18800  0.190992
18810  0.190992
18820  0.190992
18830  0.190992
18840  0.190992
18850  0.190992
18860  0.190992
18870  0.190992
18880  0.190992
18890  0.190992
18900  0.190819
18910  0.190591
18920  0.190574
18930  0.190574
18940  0.190574
18950  0.190574
18960  0.190574
18970  0.190346
18980  0.190346
18990  0.190346
19000  0.190346
19010  0.190346
19020  0.190346
19030  0.190346
19040  0.190346
19050  0.190346
19060  0.190346
19070  0.190346
19080  0.190346
19090  0.190346
19100  0.190346
19110  0.190346
19120  0.190346
19130  0.190346
19140  0.190346
19150  0.190346
19160  0.190308
19170  0.190268
19180  0.190268
19190  0.190268
19200  0.190268
19210  0.190268
19220  0.190268
19230  0.190268
19240  0.190268
19250  0.190268
19260  0.190268
19270  0.190268
19280  0.190268
19290  0.190268
19300  0.190268
19310  0.190268
19320  0.190268
19330  0.190268
19340  0.190268
19350  0.190268
19360  0.190268
19370  0.190268
19380  0.190268
19390  0.190268
19400  0.190268
19410  0.190268
19420  0.190268
19430  0.190268
19440  0.190268
19450  0.190268
19460  0.190268
19470  0.190268
19480  0.190268
19490  0.190268
19500  0.190268
19510  0.190268
19520  0.190268
19530  0.190268
19540  0.190268
19550  0.190268
19560  0.190268
19570  0.190268
19580  0.190268
19590  0.190268
19600  0.1902
19610  0.1902
19620  0.1902
19630  0.1902
19640  0.1902
19650  0.1902
19660  0.1902
19670  0.1902
19680  0.1902
19690  0.1902
19700  0.1902
19710  0.1902
19720  0.1902
19730  0.1902
19740  0.1902
19750  0.1902
19760  0.1902
19770  0.1902
19780  0.1902
19790  0.1902
19800  0.1902
19810  0.1902
19820  0.1902
19830  0.1902
19840  0.1902
19850  0.1902
19860  0.1902
19870  0.1902
19880  0.1902
19890  0.1902
19900  0.1902
19910  0.1902
19920  0.1902
19930  0.1902
19940  0.1902
19950  0.1902
19960  0.1902
19970  0.1902
19980  0.1902
19990  0.1902
20000  0.1902
20010  0.1902
20020  0.1902
20030  0.190141
20040  0.190141
20050  0.190141
20060  0.190141
20070  0.189968
20080  0.189968
20090  0.189968
20100  0.189968
20110  0.189968
20120  0.189968
20130  0.189968
20140  0.189968
20150  0.189968
20160  0.189968
20170  0.189968
20180  0.189968
20190  0.189968
20200  0.189968
20210  0.189968
20220  0.189968
20230  0.189968
20240  0.189968
20250  0.189968
20260  0.189968
20270  0.189968
20280  0.189968
20290  0.189968
20300  0.189914
20310  0.189914
20320  0.189914
20330  0.189914
20340  0.189914
20350  0.189914
20360  0.189914
20370  0.189914
20380  0.189914
20390  0.189914
20400  0.189914
20410  0.189914
20420  0.189914
20430  0.189914
20440  0.189914
20450  0.189914
20460  0.189914
20470  0.189914
20480  0.189914
20490  0.189914
20500  0.189914
20510  0.189914
20520  0.189914
20530  0.189914
20540  0.189914
20550  0.189914
20560  0.189914
20570  0.189914
20580  0.189914
20590  0.189914
20600  0.189914
20610  0.189914
20620  0.189914
20630  0.189914
20640  0.189914
20650  0.189914
20660  0.189914
20670  0.189914
20680  0.189914
20690  0.189914
20700  0.189914
20710  0.189914
20720  0.189914
20730  0.189914
20740  0.189914
20750  0.189914
20760  0.189914
20770  0.189914
20780  0.189914
20790  0.189914
20800  0.189914
20810  0.189914
20820  0.189914
20830  0.189914
20840  0.189914
20850  0.189914
20860  0.189914
20870  0.189914
20880  0.189914
20890  0.189914
20900  0.189914
20910  0.189914
20920  0.189914
20930  0.189914
20940  0.189914
20950  0.189914
20960  0.189914
20970  0.189914
20980  0.189914
20990  0.189914
21000  0.189914
21010  0.189914
21020  0.189914
21030  0.189914
21040  0.189914
21050  0.189914
21060  0.189914
21070  0.189914
21080  0.189914
21090  0.189914
21100  0.189914
21110  0.189914
21120  0.189914
21130  0.189914
21140  0.189914
21150  0.189914
21160  0.189914
21170  0.189914
21180  0.189914
21190  0.189914
21200  0.189914
21210  0.189914
21220  0.189914
21230  0.18973
21240  0.18973
21250  0.18973
21260  0.18973
21270  0.18973
21280  0.18973
21290  0.18973
21300  0.18973
21310  0.18973
21320  0.18973
21330  0.18973
21340  0.18973
21350  0.18973
21360  0.18973
21370  0.18973
21380  0.189569
21390  0.189569
21400  0.189569
21410  0.189569
21420  0.189569
21430  0.189569
21440  0.189569
21450  0.189569
21460  0.189569
21470  0.189569
21480  0.189569
21490  0.189569
21500  0.189569
21510  0.189569
21520  0.189569
21530  0.189569
21540  0.189569
21550  0.189569
21560  0.189569
21570  0.189569
21580  0.189569
21590  0.189569
21600  0.189569
21610  0.189569
21620  0.189569
21630  0.189569
21640  0.189569
21650  0.189569
21660  0.189569
21670  0.189569
21680  0.189569
21690  0.189569
21700  0.189569
21710  0.189569
21720  0.189569
21730  0.189569
21740  0.189569
21750  0.189569
21760  0.189569
21770  0.189569
21780  0.189493
21790  0.189493
21800  0.189493
21810  0.189493
21820  0.189493
21830  0.189493
21840  0.189492
21850  0.189492
21860  0.189492
21870  0.189492
21880  0.189492
21890  0.189492
21900  0.189492
21910  0.189492
21920  0.189492
21930  0.189492
21940  0.189492
21950  0.189492
21960  0.189492
21970  0.189492
21980  0.189492
21990  0.189492
22000  0.189492
22010  0.189492
22020  0.189492
22030  0.189492
22040  0.189492
22050  0.189492
22060  0.189492
22070  0.189492
22080  0.189492
22090  0.189492
22100  0.189492
22110  0.189492
22120  0.189492
22130  0.189492
22140  0.189492
22150  0.189492
22160  0.189492
22170  0.189492
22180  0.189492
22190  0.189492
22200  0.189492
22210  0.189492
22220  0.189492
22230  0.189492
22240  0.189492
22250  0.189492
22260  0.189492
22270  0.189492
22280  0.189492
22290  0.189492
22300  0.189492
22310  0.189492
22320  0.189492
22330  0.189492
22340  0.189492
22350  0.189492
22360  0.189492
22370  0.189492
22380  0.189492
22390  0.189492
22400  0.189492
22410  0.189492
22420  0.189492
22430  0.189492
22440  0.189492
22450  0.189492
22460  0.189492
22470  0.189492
22480  0.189492
22490  0.189492
22500  0.189492
22510  0.189492
22520  0.189492
22530  0.189492
22540  0.189492
22550  0.189492
22560  0.189492
22570  0.189492
22580  0.189492
22590  0.189492
22600  0.189492
22610  0.189492
22620  0.189492
22630  0.189492
22640  0.189492
22650  0.189492
22660  0.189492
22670  0.189492
22680  0.189492
22690  0.189492
22700  0.189492
22710  0.189492
22720  0.189492
22730  0.189492
22740  0.189492
22750  0.189492
22760  0.189492
22770  0.189492
22780  0.189492
22790  0.189492
22800  0.189492
22810  0.189492
22820  0.189492
22830  0.189492
22840  0.189492
22850  0.189492
22860  0.189492
22870  0.189492
22880  0.189492
22890  0.189492
22900  0.189492
22910  0.189492
22920  0.189492
22930  0.189492
22940  0.189492
22950  0.189492
22960  0.189492
22970  0.189492
22980  0.189492
22990  0.189492
23000  0.189492
23010  0.189492
23020  0.189492
23030  0.189492
23040  0.189492
23050  0.189492
23060  0.189492
23070  0.189492
23080  0.189356
23090  0.189356
23100  0.189356
23110  0.189356
23120  0.189356
23130  0.189356
23140  0.189356
23150  0.189356
23160  0.189356
23170  0.189356
23180  0.189356
23190  0.189356
23200  0.189356
23210  0.189356
23220  0.189356
23230  0.189356
23240  0.189356
23250  0.189356
23260  0.189356
23270  0.189356
23280  0.189356
23290  0.189356
23300  0.189356
23310  0.189356
23320  0.189356
23330  0.189356
23340  0.189356
23350  0.189356
23360  0.189356
23370  0.189356
23380  0.189356
23390  0.189356
23400  0.189356
23410  0.189356
23420  0.189356
23430  0.189356
23440  0.189356
23450  0.189356
23460  0.189356
23470  0.189356
23480  0.189356
23490  0.189356
23500  0.189356
23510  0.189356
23520  0.189356
23530  0.189356
23540  0.189356
23550  0.189356
23560  0.189356
23570  0.189356
23580  0.189356
23590  0.189356
23600  0.189356
23610  0.189356
23620  0.189356
23630  0.189356
23640  0.189356
23650  0.189356
23660  0.189356
23670  0.189356
23680  0.189344
23690  0.189344
23700  0.189344
23710  0.189344
23720  0.189344
23730  0.189344
23740  0.189344
23750  0.189344
23760  0.189344
23770  0.189344
23780  0.189344
23790  0.189344
23800  0.189344
23810  0.189344
23820  0.189344
23830  0.189344
23840  0.189344
23850  0.189344
23860  0.189344
23870  0.189344
23880  0.189344
23890  0.189344
23900  0.189344
23910  0.189344
23920  0.189344
23930  0.189344
23940  0.189344
23950  0.189332
23960  0.189332
23970  0.189332
23980  0.189332
23990  0.189332
24000  0.189332
24010  0.189332
24020  0.189332
24030  0.189332
24040  0.189332
24050  0.189332
24060  0.189332
24070  0.189332
24080  0.189332
24090  0.189332
24100  0.189332
24110  0.189332
24120  0.189332
24130  0.189332
24140  0.189332
24150  0.189332
24160  0.189332
24170  0.189332
24180  0.189332
24190  0.189332
24200  0.189332
24210  0.189332
24220  0.189332
24230  0.189332
24240  0.189332
24250  0.189332
24260  0.18922
24270  0.18922
24280  0.18922
24290  0.18922
24300  0.18922
24310  0.18922
24320  0.18922
24330  0.18922
24340  0.18922
24350  0.18922
24360  0.18922
24370  0.18922
24380  0.18922
24390  0.18922
24400  0.18922
24410  0.18922
24420  0.18922
24430  0.18922
24440  0.18922
24450  0.18922
24460  0.18922
24470  0.18922
24480  0.18922
24490  0.18922
24500  0.18922
24510  0.18922
24520  0.18922
24530  0.18922
24540  0.18922
24550  0.18922
24560  0.18922
24570  0.18922
24580  0.18922
24590  0.18922
24600  0.18922
24610  0.18922
24620  0.18922
24630  0.18922
24640  0.18922
24650  0.18922
24660  0.18922
24670  0.18922
24680  0.18922
24690  0.18922
24700  0.18922
24710  0.18922
24720  0.18922
24730  0.18922
24740  0.18922
24750  0.18922
24760  0.18922
24770  0.18922
24780  0.18922
24790  0.18922
24800  0.18922
24810  0.18922
24820  0.18922
24830  0.18922
24840  0.18922
24850  0.18922
24860  0.18922
24870  0.18922
24880  0.18922
24890  0.18922
24900  0.18922
24910  0.18922
24920  0.18922
24930  0.18922
24940  0.18922
24950  0.18922
24960  0.18922
24970  0.18922
24980  0.18922
24990  0.18922
25000  0.18922
25010  0.18922
25020  0.18922
25030  0.18922
25040  0.18922
25050  0.18922
25060  0.18922
25070  0.18922
25080  0.18922
25090  0.18922
25100  0.18922
25110  0.18922
25120  0.18922
25130  0.18922
25140  0.18922
25150  0.18922
25160  0.18922
25170  0.18922
25180  0.18922
25190  0.18922
25200  0.18922
25210  0.18922
25220  0.18922
25230  0.18922
25240  0.18922
25250  0.18922
25260  0.18922
25270  0.18922
25280  0.18922
25290  0.18922
25300  0.18922
25310  0.18922
25320  0.18922
25330  0.18922
25340  0.18922
25350  0.18922
25360  0.18922
25370  0.18922
25380  0.18922
25390  0.18922
25400  0.18922
25410  0.18922
25420  0.18922
25430  0.18922
25440  0.18922
25450  0.18922
25460  0.18922
25470  0.18922
25480  0.18922
25490  0.18922
25500  0.18922
25510  0.18922
25520  0.18922
25530  0.18922
25540  0.18922
25550  0.18922
25560  0.18922
25570  0.18922
25580  0.18922
25590  0.18922
25600  0.18922
25610  0.18922
25620  0.18922
25630  0.18922
25640  0.18922
25650  0.18922
25660  0.18922
25670  0.18922
25680  0.189201
25690  0.189201
25700  0.189201
25710  0.189201
25720  0.189201
25730  0.189201
25740  0.189201
25750  0.189201
25760  0.189201
25770  0.189201
25780  0.189201
25790  0.189201
25800  0.189201
25810  0.189201
25820  0.189201
25830  0.189201
25840  0.189201
25850  0.189201
25860  0.189201
25870  0.189201
25880  0.189201
25890  0.189201
25900  0.189201
25910  0.189201
25920  0.189201
25930  0.189201
25940  0.189201
25950  0.189201
25960  0.189201
25970  0.189201
25980  0.189201
25990  0.189201
26000  0.189201
26010  0.189201
26020  0.189201
26030  0.189201
26040  0.189201
26050  0.189201
26060  0.189201
26070  0.189201
26080  0.189201
26090  0.189201
26100  0.189201
26110  0.189201
26120  0.189201
26130  0.189201
26140  0.189201
26150  0.189201
26160  0.189201
26170  0.189201
26180  0.189201
26190  0.189201
26200  0.189201
26210  0.189201
26220  0.189201
26230  0.189201
26240  0.189201
26250  0.189201
26260  0.189201
26270  0.189201
26280  0.189201
26290  0.189201
26300  0.189201
26310  0.189201
26320  0.189201
26330  0.18917
26340  0.18917
26350  0.18917
26360  0.18917
26370  0.18917
26380  0.18917
26390  0.18917
26400  0.18917
26410  0.18917
26420  0.18917
26430  0.18917
26440  0.18917
26450  0.18917
26460  0.18917
26470  0.18917
26480  0.18917
26490  0.18917
26500  0.18917
26510  0.18917
26520  0.18917
26530  0.18917
26540  0.18917
26550  0.18917
26560  0.18917
26570  0.18917
26580  0.18917
26590  0.18917
26600  0.18917
26610  0.18917
26620  0.18917
26630  0.18917
26640  0.18917
26650  0.18917
26660  0.18917
26670  0.18917
26680  0.18917
26690  0.18917
26700  0.18917
26710  0.18917
26720  0.18917
26730  0.18917
26740  0.18917
26750  0.18917
26760  0.18917
26770  0.18917
26780  0.18917
26790  0.18917
26800  0.18917
26810  0.18917
26820  0.18917
26830  0.18917
26840  0.18917
26850  0.18917
26860  0.18917
26870  0.18917
26880  0.18917
26890  0.18917
26900  0.18917
26910  0.18917
26920  0.18917
26930  0.18917
26940  0.18917
26950  0.18917
26960  0.18917
26970  0.18917
26980  0.18917
26990  0.18917
27000  0.18917
27010  0.18917
27020  0.18917
27030  0.18917
27040  0.18917
27050  0.18917
27060  0.18917
27070  0.18917
27080  0.18917
27090  0.18917
27100  0.18917
27110  0.18917
27120  0.18917
27130  0.18917
27140  0.18917
27150  0.18917
27160  0.18917
27170  0.18917
27180  0.18917
27190  0.18917
27200  0.18917
27210  0.18917
27220  0.18917
27230  0.18917
27240  0.18917
27250  0.18917
27260  0.18917
27270  0.18917
27280  0.18917
27290  0.18917
27300  0.18917
27310  0.18917
27320  0.18917
27330  0.18917
27340  0.18917
27350  0.18917
27360  0.18917
27370  0.189035
27380  0.189035
27390  0.189035
27400  0.189035
27410  0.189035
27420  0.189035
27430  0.189035
27440  0.189035
27450  0.189035
27460  0.189035
27470  0.189035
27480  0.189035
27490  0.189035
27500  0.189035
27510  0.189035
27520  0.189035
27530  0.189035
27540  0.189035
27550  0.189035
27560  0.189035
27570  0.189035
27580  0.189035
27590  0.189035
27600  0.189035
27610  0.189035
27620  0.189035
27630  0.189035
27640  0.189035
27650  0.189035
27660  0.189035
27670  0.189035
27680  0.189035
27690  0.189035
27700  0.189035
27710  0.189035
27720  0.189035
27730  0.189035
27740  0.189035
27750  0.189035
27760  0.189035
27770  0.189035
27780  0.189035
27790  0.189035
27800  0.189035
27810  0.189035
27820  0.189035
27830  0.189035
27840  0.189036
27850  0.189036
27860  0.189036
27870  0.189003
27880  0.189003
27890  0.189003
27900  0.189003
27910  0.189003
27920  0.189003
27930  0.189003
27940  0.189003
27950  0.189003
27960  0.189003
27970  0.189003
27980  0.189003
27990  0.189003
28000  0.189003
28010  0.189003
28020  0.189003
28030  0.189003
28040  0.189003
28050  0.189003
28060  0.189003
28070  0.189003
28080  0.189003
28090  0.189003
28100  0.189003
28110  0.189003
28120  0.189003
28130  0.189003
28140  0.189003
28150  0.189003
28160  0.189003
28170  0.189003
28180  0.189003
28190  0.189003
28200  0.189003
28210  0.189003
28220  0.189003
28230  0.189003
28240  0.189003
28250  0.189003
28260  0.189003
28270  0.189003
28280  0.189003
28290  0.189003
28300  0.189003
28310  0.189003
28320  0.189003
28330  0.189003
28340  0.189003
28350  0.189003
28360  0.189003
28370  0.189003
28380  0.189003
28390  0.189003
28400  0.189003
28410  0.189003
28420  0.189003
28430  0.189003
28440  0.189003
28450  0.189003
28460  0.189003
28470  0.189003
28480  0.188969
28490  0.188969
28500  0.188969
28510  0.188969
28520  0.188969
28530  0.188969
28540  0.188969
28550  0.188969
28560  0.188969
28570  0.188969
28580  0.188969
28590  0.188969
28600  0.188969
28610  0.188969
28620  0.188969
28630  0.188969
28640  0.188969
28650  0.188969
28660  0.188969
28670  0.188969
28680  0.188969
28690  0.188969
28700  0.188969
28710  0.188969
28720  0.188969
28730  0.188969
28740  0.188969
28750  0.188969
28760  0.188969
28770  0.188969
28780  0.188969
28790  0.188969
28800  0.188969
28810  0.188969
28820  0.188969
28830  0.188969
28840  0.188969
28850  0.188969
28860  0.188969
28870  0.188969
28880  0.188937
28890  0.188937
28900  0.188937
28910  0.188937
28920  0.188937
28930  0.188937
28940  0.188937
28950  0.188937
28960  0.188937
28970  0.188937
28980  0.188937
28990  0.188937
29000  0.188937
29010  0.188937
29020  0.188937
29030  0.188937
29040  0.188937
29050  0.188937
29060  0.188937
29070  0.188937
29080  0.188937
29090  0.188937
29100  0.188937
29110  0.188937
29120  0.188937
29130  0.188937
29140  0.188937
29150  0.188937
29160  0.188937
29170  0.188937
29180  0.188937
29190  0.188937
29200  0.188937
29210  0.188937
29220  0.188937
29230  0.188937
29240  0.188937
29250  0.188937
29260  0.188937
29270  0.188937
29280  0.188937
29290  0.188937
29300  0.188937
29310  0.188937
29320  0.188937
29330  0.188937
29340  0.188937
29350  0.18879
29360  0.18879
29370  0.18879
29380  0.18879
29390  0.18879
29400  0.18879
29410  0.18879
29420  0.18879
29430  0.18879
29440  0.18879
29450  0.18879
29460  0.18879
29470  0.18879
29480  0.18879
29490  0.18879
29500  0.18879
29510  0.18879
29520  0.18879
29530  0.18879
29540  0.18879
29550  0.188773
29560  0.188773
29570  0.188773
29580  0.188773
29590  0.188773
29600  0.188773
29610  0.188773
29620  0.188773
29630  0.188773
29640  0.188773
29650  0.188773
29660  0.188773
29670  0.188773
29680  0.188773
29690  0.188773
29700  0.188773
29710  0.188773
29720  0.188773
29730  0.188773
29740  0.188773
29750  0.188773
29760  0.188773
29770  0.188773
29780  0.188773
29790  0.188773
29800  0.188773
29810  0.188773
29820  0.188773
29830  0.188773
29840  0.188773
29850  0.188773
29860  0.188773
29870  0.188773
29880  0.188773
29890  0.188773
29900  0.188773
29910  0.188773
29920  0.188773
29930  0.188773
29940  0.188773
29950  0.188773
29960  0.188773
29970  0.188773
29980  0.188773
29990  0.188773
30000  0.188773
30010  0.188773
