Step  Penalty
50  0.556879
100  0.526309
150  0.512772
200  0.507136
250  0.501888
300  0.496054
350  0.489237
400  0.482594
450  0.476266
500  0.469592
550  0.463641
600  0.458918
650  0.453567
700  0.44422
750  0.435972
800  0.426703
850  0.417688
900  0.404379
950  0.39493
1000  0.382798
1050  0.376002
1100  0.365044
1150  0.356038
1200  0.346962
1250  0.342002
1300  0.335363
1350  0.328083
1400  0.321382
1450  0.31577
1500  0.309461
1550  0.30551
1600  0.299289
1650  0.296117
1700  0.291204
1750  0.28658
1800  0.280694
1850  0.277246
1900  0.274823
1950  0.269923
2000  0.267417
2050  0.264004
2100  0.262698
2150  0.259905
2200  0.255806
2250  0.254403
2300  0.252178
2350  0.247913
2400  0.245735
2450  0.244218
2500  0.24142
2550  0.240143
2600  0.238845
2650  0.236752
2700  0.235025
2750  0.234155
2800  0.23369
2850  0.231623
2900  0.229272
2950  0.228568
3000  0.227424
3050  0.226629
3100  0.225826
3150  0.225391
3200  0.225012
3250  0.224723
3300  0.224255
3350  0.223642
3400  0.22265
3450  0.222215
3500  0.222105
3550  0.222037
3600  0.221807
3650  0.221246
3700  0.221272
3750  0.220698
3800  0.220503
3850  0.219956
3900  0.219956
3950  0.219488
4000  0.219119
4050  0.218797
4100  0.218461
4150  0.218043
4200  0.217692
4250  0.217429
4300  0.217066
4350  0.216747
4400  0.216125
4450  0.215971
4500  0.215757
4550  0.2154
4600  0.21528
4650  0.215019
4700  0.214765
4750  0.214585
4800  0.214334
4850  0.214085
4900  0.213247
4950  0.212581
5000  0.212305
5050  0.211627
5100  0.211546
5150  0.210815
5200  0.210669
5250  0.210237
5300  0.209368
5350  0.209122
5400  0.208998
5450  0.208979
5500  0.208731
5550  0.208662
5600  0.208553
5650  0.208456
5700  0.207951
5750  0.207842
5800  0.207499
5850  0.206768
5900  0.206554
5950  0.206472
6000  0.206329
6050  0.206317
6100  0.206017
6150  0.205987
6200  0.205923
6250  0.205561
6300  0.205391
6350  0.205151
6400  0.205107
6450  0.204956
6500  0.204723
6550  0.204644
6600  0.204432
6650  0.20439
6700  0.204217
6750  0.204078
6800  0.204057
6850  0.203917
6900  0.203671
6950  0.203011
7000  0.202899
7050  0.202793
7100  0.202477
7150  0.201989
7200  0.201569
7250  0.201371
7300  0.200617
7350  0.200517
7400  0.200549
7450  0.200368
7500  0.200074
7550  0.200071
7600  0.199682
7650  0.199282
7700  0.199192
7750  0.198889
7800  0.198752
7850  0.198537
7900  0.198447
7950  0.198374
8000  0.198288
8050  0.197762
8100  0.197651
8150  0.197616
8200  0.197616
8250  0.197614
8300  0.197397
8350  0.197348
8400  0.197141
8450  0.196928
8500  0.19689
8550  0.196845
8600  0.196648
8650  0.19647
8700  0.196312
8750  0.196275
8800  0.196026
8850  0.196026
8900  0.195962
8950  0.195861
9000  0.195782
9050  0.195699
9100  0.195546
9150  0.195536
9200  0.195454
9250  0.195377
9300  0.195377
9350  0.194973
9400  0.194885
9450  0.19474
9500  0.19474
9550  0.194713
9600  0.194713
9650  0.194661
9700  0.1946
9750  0.194564
9800  0.194408
9850  0.194408
9900  0.194344
9950  0.194344
10000  0.194233
10050  0.194197
10100  0.194223
10150  0.194197
10200  0.194164
10250  0.19415
10300  0.19415
10350  0.194014
10400  0.194014
10450  0.193961
10500  0.193961
10550  0.193961
10600  0.193732
10650  0.1937
10700  0.1937
10750  0.193631
10800  0.193631
10850  0.193622
10900  0.193538
10950  0.193537
11000  0.193293
11050  0.193293
11100  0.193293
11150  0.193293
11200  0.193293
11250  0.193127
11300  0.193127
11350  0.192981
11400  0.192892
11450  0.192882
11500  0.192814
11550  0.192795
11600  0.192709
11650  0.19263
11700  0.192455
11750  0.192455
11800  0.192379
11850  0.192343
11900  0.192288
11950  0.192288
12000  0.192288
12050  0.192288
12100  0.192133
12150  0.192035
12200  0.192092
12250  0.192035
12300  0.192011
12350  0.191941
12400  0.191922
12450  0.191878
12500  0.191878
12550  0.191808
12600  0.191763
12650  0.191616
12700  0.19155
12750  0.191565
12800  0.19155
12850  0.191428
12900  0.191216
12950  0.191176
13000  0.191176
13050  0.191176
13100  0.191175
13150  0.191064
13200  0.191002
13250  0.190927
13300  0.190712
13350  0.19065
13400  0.19065
13450  0.190572
13500  0.190554
13550  0.190309
13600  0.190248
13650  0.190248
13700  0.190248
13750  0.189908
13800  0.189795
13850  0.189576
13900  0.189576
13950  0.189435
14000  0.189435
14050  0.189435
14100  0.189435
14150  0.189435
14200  0.189385
14250  0.189385
14300  0.189385
14350  0.189385
14400  0.189385
14450  0.189331
14500  0.189331
14550  0.189244
14600  0.189173
14650  0.189076
14700  0.189076
14750  0.188983
14800  0.188983
14850  0.188889
14900  0.188868
14950  0.188868
15000  0.188751
15050  0.188751
15100  0.188629
15150  0.188629
15200  0.188582
15250  0.188586
15300  0.188582
15350  0.188468
15400  0.188468
15450  0.188468
15500  0.188354
15550  0.188315
15600  0.188117
15650  0.188032
15700  0.187942
15750  0.187893
15800  0.187865
15850  0.187787
15900  0.187787
15950  0.187772
16000  0.187772
16050  0.187772
16100  0.187772
16150  0.187772
16200  0.187743
16250  0.187743
16300  0.187743
16350  0.187684
16400  0.187684
16450  0.187684
16500  0.187684
16550  0.187684
16600  0.187684
16650  0.187592
16700  0.187517
16750  0.187517
16800  0.187471
16850  0.187374
16900  0.18737
16950  0.18737
17000  0.18737
17050  0.18737
17100  0.187227
17150  0.187227
17200  0.187032
17250  0.187032
17300  0.187032
17350  0.187032
17400  0.187032
17450  0.187008
17500  0.18678
17550  0.18678
17600  0.186739
17650  0.186702
17700  0.186593
17750  0.186593
17800  0.186443
17850  0.186399
17900  0.186399
17950  0.186299
18000  0.186299
18050  0.186299
18100  0.186148
18150  0.186073
18200  0.186001
18250  0.185872
18300  0.185872
18350  0.185872
18400  0.185832
18450  0.185812
18500  0.185812
18550  0.185812
18600  0.185812
18650  0.185812
18700  0.18574
18750  0.186
18800  0.18566
18850  0.185618
18900  0.185618
18950  0.185578
19000  0.185662
19050  0.185391
19100  0.185358
19150  0.185271
19200  0.18504
19250  0.18504
19300  0.18495
19350  0.184737
19400  0.184737
19450  0.184665
19500  0.184664
19550  0.184605
19600  0.184605
19650  0.184323
19700  0.18424
19750  0.184037
19800  0.183979
19850  0.183979
19900  0.183979
19950  0.183979
20000  0.183979
20050  0.183979
20100  0.183979
20150  0.18389
20200  0.18389
20250  0.183771
20300  0.183621
20350  0.183823
20400  0.183503
20450  0.183503
20500  0.183374
20550  0.183413
20600  0.183374
20650  0.183413
20700  0.183374
20750  0.183312
20800  0.183187
20850  0.182995
20900  0.182995
20950  0.183069
21000  0.182865
21050  0.182618
21100  0.182618
21150  0.182618
21200  0.182618
21250  0.182618
21300  0.182618
21350  0.182618
21400  0.182618
21450  0.182581
21500  0.182581
21550  0.182481
21600  0.182481
21650  0.182447
21700  0.182339
21750  0.182326
21800  0.182339
21850  0.18225
21900  0.18225
21950  0.18225
22000  0.18225
22050  0.18225
22100  0.182183
22150  0.182108
22200  0.182065
22250  0.182065
22300  0.182021
22350  0.181949
22400  0.181949
22450  0.181949
22500  0.181888
22550  0.181776
22600  0.181735
22650  0.181685
22700  0.181725
22750  0.181641
22800  0.181641
22850  0.18162
22900  0.18162
22950  0.18162
23000  0.18162
23050  0.181568
23100  0.181685
23150  0.181459
23200  0.181406
23250  0.181346
23300  0.181346
23350  0.181346
23400  0.181346
23450  0.181228
23500  0.181228
23550  0.181228
23600  0.181228
23650  0.181228
23700  0.181218
23750  0.181218
23800  0.181218
23850  0.181218
23900  0.181201
23950  0.181201
24000  0.181201
24050  0.181138
24100  0.181065
24150  0.181005
24200  0.181005
24250  0.181005
24300  0.181005
24350  0.181005
24400  0.181005
24450  0.181005
24500  0.181005
24550  0.181005
24600  0.181005
24650  0.181005
24700  0.180887
24750  0.180887
24800  0.180744
24850  0.180744
24900  0.180671
24950  0.180671
25000  0.180671
25050  0.180671
25100  0.180555
25150  0.180531
25200  0.180531
25250  0.180531
25300  0.180531
25350  0.180531
25400  0.180531
25450  0.180531
25500  0.180531
25550  0.180507
25600  0.180429
25650  0.180429
25700  0.180429
25750  0.180429
25800  0.180429
25850  0.180429
25900  0.180429
25950  0.180377
26000  0.180377
26050  0.180361
26100  0.180361
26150  0.180361
26200  0.180361
26250  0.180361
26300  0.180361
26350  0.180361
26400  0.180361
26450  0.180274
26500  0.180274
26550  0.180143
26600  0.180143
26650  0.180143
26700  0.180143
26750  0.180103
26800  0.180052
26850  0.180103
26900  0.180052
26950  0.180052
27000  0.180052
27050  0.180052
27100  0.180052
27150  0.180052
27200  0.180052
27250  0.180038
27300  0.180038
27350  0.179941
27400  0.179941
27450  0.179941
27500  0.179968
27550  0.179923
27600  0.179968
27650  0.179744
27700  0.179845
27750  0.179845
27800  0.179845
27850  0.179845
27900  0.179845
27950  0.179845
28000  0.179744
28050  0.179744
28100  0.179485
28150  0.179486
28200  0.179485
28250  0.179486
28300  0.17938
28350  0.179486
28400  0.179486
28450  0.179486
28500  0.179486
28550  0.179486
28600  0.179486
28650  0.179486
28700  0.179486
28750  0.179486
28800  0.179395
28850  0.179395
28900  0.179395
28950  0.179395
29000  0.179395
29050  0.179395
29100  0.179395
29150  0.179395
29200  0.179395
29250  0.179395
29300  0.179395
29350  0.179354
29400  0.179354
29450  0.179354
29500  0.179354
29550  0.179242
29600  0.179242
29650  0.179242
29700  0.179242
29750  0.179242
29800  0.179242
29850  0.179242
29900  0.179242
29950  0.179242
30000  0.179242
30050  0.179242
30100  0.179242
30150  0.179242
30200  0.179283
30250  0.179203
30300  0.179203
30350  0.179116
30400  0.179219
30450  0.179116
30500  0.179116
30550  0.179116
30600  0.179116
30650  0.179116
30700  0.179116
30750  0.179116
30800  0.179116
30850  0.179116
30900  0.179116
30950  0.179116
31000  0.179102
31050  0.179102
31100  0.179102
31150  0.179096
31200  0.179096
31250  0.179096
31300  0.179096
31350  0.178975
31400  0.178975
31450  0.178975
31500  0.178904
31550  0.178907
31600  0.178904
31650  0.178894
31700  0.178881
31750  0.178877
31800  0.178877
31850  0.178877
31900  0.178877
31950  0.178877
32000  0.178847
32050  0.178748
32100  0.178723
32150  0.178723
32200  0.178723
32250  0.178723
32300  0.178723
32350  0.178723
32400  0.178723
32450  0.178723
32500  0.178643
32550  0.178643
32600  0.178643
32650  0.178643
32700  0.178643
32750  0.178643
32800  0.178637
32850  0.178637
32900  0.178637
32950  0.178637
33000  0.178637
33050  0.178637
33100  0.178637
33150  0.178637
33200  0.178637
33250  0.178637
33300  0.178637
33350  0.178583
33400  0.178555
33450  0.178555
33500  0.178555
33550  0.178555
33600  0.178555
33650  0.178555
33700  0.178555
33750  0.178555
33800  0.178555
33850  0.178555
33900  0.178555
33950  0.178555
34000  0.178555
34050  0.178555
34100  0.178555
34150  0.178351
34200  0.178491
34250  0.178491
34300  0.178491
34350  0.178491
34400  0.178491
34450  0.178491
34500  0.178491
34550  0.178491
34600  0.178491
34650  0.178491
34700  0.178491
34750  0.178351
34800  0.178351
34850  0.178351
34900  0.178351
34950  0.178351
35000  0.178351
35050  0.178337
35100  0.178337
35150  0.178274
35200  0.178274
35250  0.178259
35300  0.178259
35350  0.17826
35400  0.178259
35450  0.178259
35500  0.178259
35550  0.178259
35600  0.178259
35650  0.178259
35700  0.178259
35750  0.178259
35800  0.178259
35850  0.178259
35900  0.178259
35950  0.178227
36000  0.178227
36050  0.178227
36100  0.178227
36150  0.178227
36200  0.178227
36250  0.178227
36300  0.178227
36350  0.17825
36400  0.178227
36450  0.178227
36500  0.178227
36550  0.17825
36600  0.178227
36650  0.178227
36700  0.178227
36750  0.178227
36800  0.178227
36850  0.178227
36900  0.178227
36950  0.178227
37000  0.178227
37050  0.178227
37100  0.178227
37150  0.178227
37200  0.178227
37250  0.178227
37300  0.178227
37350  0.178227
37400  0.178227
37450  0.178227
37500  0.178227
37550  0.178227
37600  0.178227
37650  0.178173
37700  0.178173
37750  0.178173
37800  0.178173
37850  0.178173
37900  0.178173
37950  0.178173
38000  0.178173
38050  0.178173
38100  0.178173
38150  0.178173
38200  0.178173
38250  0.178173
38300  0.178173
38350  0.178173
38400  0.178173
38450  0.178173
38500  0.178173
38550  0.178173
38600  0.178173
38650  0.178173
38700  0.178173
38750  0.178173
38800  0.178173
38850  0.178173
38900  0.178071
38950  0.178071
39000  0.178071
39050  0.178071
39100  0.178071
39150  0.178071
39200  0.178071
39250  0.178071
39300  0.178071
39350  0.178071
39400  0.178071
39450  0.178071
39500  0.178071
39550  0.178071
39600  0.178071
39650  0.178071
39700  0.178071
39750  0.178071
39800  0.178071
39850  0.178071
39900  0.178071
39950  0.178071
40000  0.178017
40050  0.178017
40100  0.178017
40150  0.178017
40200  0.178017
40250  0.178017
40300  0.178017
40350  0.178017
40400  0.178017
40450  0.178017
40500  0.178017
40550  0.178017
40600  0.177978
40650  0.177978
40700  0.177978
40750  0.177978
40800  0.177978
40850  0.177978
40900  0.177978
40950  0.177952
41000  0.177952
41050  0.177952
41100  0.177952
41150  0.177952
41200  0.177952
41250  0.177952
41300  0.177952
41350  0.177952
41400  0.177952
41450  0.177952
41500  0.177952
41550  0.177952
41600  0.177952
41650  0.177952
41700  0.177952
41750  0.177952
41800  0.177952
41850  0.177952
41900  0.177952
41950  0.177952
42000  0.177952
42050  0.177952
42100  0.177952
42150  0.177856
42200  0.177856
42250  0.177856
42300  0.177856
42350  0.177856
42400  0.177856
42450  0.177856
42500  0.177847
42550  0.177847
42600  0.177847
42650  0.177847
42700  0.177847
42750  0.177847
42800  0.177847
42850  0.177847
42900  0.177847
42950  0.177847
43000  0.177847
43050  0.177847
43100  0.177847
43150  0.177847
43200  0.177808
43250  0.177808
43300  0.177808
43350  0.177808
43400  0.177808
43450  0.177808
43500  0.177808
43550  0.177788
43600  0.177788
43650  0.177788
43700  0.177788
43750  0.177788
43800  0.177788
43850  0.177788
43900  0.177788
43950  0.177788
44000  0.177788
44050  0.177788
44100  0.177788
44150  0.177721
44200  0.177721
44250  0.177721
44300  0.177721
44350  0.177721
44400  0.177721
44450  0.177601
44500  0.177601
44550  0.177601
44600  0.177601
44650  0.177601
44700  0.177601
44750  0.177601
44800  0.177601
44850  0.177601
44900  0.177601
44950  0.177601
45000  0.177601
45050  0.177601
45100  0.177601
45150  0.177584
45200  0.177584
45250  0.177584
45300  0.177578
45350  0.177578
45400  0.177578
45450  0.177562
45500  0.177562
45550  0.177562
45600  0.177562
45650  0.177532
45700  0.177532
45750  0.177532
45800  0.177532
45850  0.177532
45900  0.177532
45950  0.177532
46000  0.177532
46050  0.177532
46100  0.177532
46150  0.177532
46200  0.177532
46250  0.177532
46300  0.177496
46350  0.177496
46400  0.177496
46450  0.177496
46500  0.177496
46550  0.177496
46600  0.177496
46650  0.177496
46700  0.177496
46750  0.177496
46800  0.177496
46850  0.177496
46900  0.177496
46950  0.177469
47000  0.177467
47050  0.177467
47100  0.177467
47150  0.177467
47200  0.177467
47250  0.177467
47300  0.177467
47350  0.177467
47400  0.177467
47450  0.177377
47500  0.177377
47550  0.177377
47600  0.177377
47650  0.177377
47700  0.177377
47750  0.177377
47800  0.177377
47850  0.177377
47900  0.177377
47950  0.177377
48000  0.177377
48050  0.177377
48100  0.177377
48150  0.177377
48200  0.177377
48250  0.177377
48300  0.177377
48350  0.17734
48400  0.17734
48450  0.17734
48500  0.17734
48550  0.17734
48600  0.17734
48650  0.17734
48700  0.17734
48750  0.17734
48800  0.17734
48850  0.17734
48900  0.17734
48950  0.17734
49000  0.17734
49050  0.17734
49100  0.17734
49150  0.17734
49200  0.17734
49250  0.17734
49300  0.17734
49350  0.17734
49400  0.17734
49450  0.17734
49500  0.17734
49550  0.17734
49600  0.17734
49650  0.17734
49700  0.17734
49750  0.17734
49800  0.17734
49850  0.17734
49900  0.17734
49950  0.17734
50000  0.17734
50050  0.17734
50100  0.17734
50150  0.17734
50200  0.17734
50250  0.17734
50300  0.17734
50350  0.17734
50400  0.17734
50450  0.17734
50500  0.17734
50550  0.177279
50600  0.177278
50650  0.177279
50700  0.177279
50750  0.177279
50800  0.177279
50850  0.177279
50900  0.177279
50950  0.177279
51000  0.177279
51050  0.177278
51100  0.177278
51150  0.177279
51200  0.177279
51250  0.177279
51300  0.177278
51350  0.177278
51400  0.177279
51450  0.177279
51500  0.177279
51550  0.177279
51600  0.177279
51650  0.177279
51700  0.177279
51750  0.177279
51800  0.177279
51850  0.177278
51900  0.177278
51950  0.177279
52000  0.177279
52050  0.177279
52100  0.177278
52150  0.177279
52200  0.177278
52250  0.177279
52300  0.177309
52350  0.177279
52400  0.177279
52450  0.177279
52500  0.177279
52550  0.177279
52600  0.177279
52650  0.177279
52700  0.177279
52750  0.177279
52800  0.177279
52850  0.177279
52900  0.177247
52950  0.177241
53000  0.177241
53050  0.177241
53100  0.177241
53150  0.177241
53200  0.177241
53250  0.177241
53300  0.177241
53350  0.177198
53400  0.177198
53450  0.177198
53500  0.177198
53550  0.177198
53600  0.177149
53650  0.177149
53700  0.177149
53750  0.177149
53800  0.177149
53850  0.177149
53900  0.177149
53950  0.177149
54000  0.177149
54050  0.177149
54100  0.177149
54150  0.177149
54200  0.177149
54250  0.177149
54300  0.177149
54350  0.177149
54400  0.177149
54450  0.177149
54500  0.177149
54550  0.177149
54600  0.177149
54650  0.177149
54700  0.177149
54750  0.177149
54800  0.177149
54850  0.177149
54900  0.177149
54950  0.177149
55000  0.177149
55050  0.177149
55100  0.177149
55150  0.177149
55200  0.177149
55250  0.177149
55300  0.177149
55350  0.177149
55400  0.177149
55450  0.177149
55500  0.177149
55550  0.177149
55600  0.177149
55650  0.177149
55700  0.177149
55750  0.177149
55800  0.177149
55850  0.177149
55900  0.177149
55950  0.177149
56000  0.177149
56050  0.177149
56100  0.177149
56150  0.177149
56200  0.177149
56250  0.177149
56300  0.177149
56350  0.177149
56400  0.177149
56450  0.177149
56500  0.177149
56550  0.177149
56600  0.177149
56650  0.177149
56700  0.177141
56750  0.177141
56800  0.177141
56850  0.177141
56900  0.177141
56950  0.177141
57000  0.177141
57050  0.177141
57100  0.177141
57150  0.177141
57200  0.177141
57250  0.177141
57300  0.177141
57350  0.177141
57400  0.177141
57450  0.177141
57500  0.177141
57550  0.177141
57600  0.177141
57650  0.177141
57700  0.177141
57750  0.177141
57800  0.177141
57850  0.177141
57900  0.177141
57950  0.177117
58000  0.177117
58050  0.177117
58100  0.177117
58150  0.177117
58200  0.177117
58250  0.177117
58300  0.177117
58350  0.177117
58400  0.177117
58450  0.177117
58500  0.177117
58550  0.177117
58600  0.177117
58650  0.177117
58700  0.177117
58750  0.177117
58800  0.177117
58850  0.177117
58900  0.177117
58950  0.177117
59000  0.177117
59050  0.177117
59100  0.177117
59150  0.177098
59200  0.177098
59250  0.177098
59300  0.177098
59350  0.177098
59400  0.177098
59450  0.177098
59500  0.177098
59550  0.177098
59600  0.177098
59650  0.177098
59700  0.177103
59750  0.177103
59800  0.177103
59850  0.177103
59900  0.177098
59950  0.177098
60000  0.177098
60050  0.177098
60100  0.177098
60150  0.177098
60200  0.177098
60250  0.177098
60300  0.177098
60350  0.177098
60400  0.177098
60450  0.177098
60500  0.177098
60550  0.177098
60600  0.177098
60650  0.177098
60700  0.177098
60750  0.177098
60800  0.177098
60850  0.177098
60900  0.177098
60950  0.177098
61000  0.177098
61050  0.177098
61100  0.177098
61150  0.177098
61200  0.177098
61250  0.177098
61300  0.177098
61350  0.177098
61400  0.177098
61450  0.177098
61500  0.177098
61550  0.177098
61600  0.177098
61650  0.177098
61700  0.177098
61750  0.177098
61800  0.177098
61850  0.177098
61900  0.177098
61950  0.177098
62000  0.177098
62050  0.177098
62100  0.177098
62150  0.177098
62200  0.177098
62250  0.177098
62300  0.177098
62350  0.177098
62400  0.177098
62450  0.177098
62500  0.177098
62550  0.177098
62600  0.177098
62650  0.177098
62700  0.177098
62750  0.17701
62800  0.17701
62850  0.17701
62900  0.176985
62950  0.176985
63000  0.17703
63050  0.17703
63100  0.17703
63150  0.17703
63200  0.17703
63250  0.17703
63300  0.17703
63350  0.17703
63400  0.17703
63450  0.17703
63500  0.17703
63550  0.17703
63600  0.17703
63650  0.17703
63700  0.17703
63750  0.17703
63800  0.17703
63850  0.17703
63900  0.17703
63950  0.17703
64000  0.17703
64050  0.17703
64100  0.17703
64150  0.17703
64200  0.17703
64250  0.17703
64300  0.17703
64350  0.17703
64400  0.17703
64450  0.17703
64500  0.17703
64550  0.17703
64600  0.17703
64650  0.17703
64700  0.17703
64750  0.17703
64800  0.17703
64850  0.17703
64900  0.17703
64950  0.17703
65000  0.17703
65050  0.176985
65100  0.176985
65150  0.176985
65200  0.176985
65250  0.176985
65300  0.176985
65350  0.176985
65400  0.176985
65450  0.176985
65500  0.176985
65550  0.176985
65600  0.176985
65650  0.176985
65700  0.176985
65750  0.176985
65800  0.176985
65850  0.176985
65900  0.176985
65950  0.176985
66000  0.176985
66050  0.176985
66100  0.176985
66150  0.176985
66200  0.176985
66250  0.176985
66300  0.176985
66350  0.176985
66400  0.176985
66450  0.176985
66500  0.176985
66550  0.176985
66600  0.176985
66650  0.176985
66700  0.176985
66750  0.176985
66800  0.176985
66850  0.176985
66900  0.176985
66950  0.176985
67000  0.176985
67050  0.176985
67100  0.176985
67150  0.176985
67200  0.176962
67250  0.176985
67300  0.176962
67350  0.176985
67400  0.176962
67450  0.176985
67500  0.176962
67550  0.176985
67600  0.176962
67650  0.176962
67700  0.176962
67750  0.176962
67800  0.176962
67850  0.176966
67900  0.176966
67950  0.176966
68000  0.176966
68050  0.176966
68100  0.176966
68150  0.176966
68200  0.176966
68250  0.176966
68300  0.176966
68350  0.176966
68400  0.176966
68450  0.176966
68500  0.176966
68550  0.176966
68600  0.176966
68650  0.176966
68700  0.176966
68750  0.176966
68800  0.176966
68850  0.176966
68900  0.176966
68950  0.176966
69000  0.176945
69050  0.17688
69100  0.17688
69150  0.17688
69200  0.177237
69250  0.177055
69300  0.177055
69350  0.177055
69400  0.177055
69450  0.177055
69500  0.177055
69550  0.177055
69600  0.177055
69650  0.177055
69700  0.177055
69750  0.177055
69800  0.177055
69850  0.177055
69900  0.177055
69950  0.177055
70000  0.177055
70050  0.177055
70100  0.177055
70150  0.177055
70200  0.177055
70250  0.177055
70300  0.177055
70350  0.177055
70400  0.177055
70450  0.177055
70500  0.177055
70550  0.177055
70600  0.177055
70650  0.177055
70700  0.177055
70750  0.177055
70800  0.177055
70850  0.177055
70900  0.177055
70950  0.177055
71000  0.177055
71050  0.177055
71100  0.177055
71150  0.177055
71200  0.177055
71250  0.177055
71300  0.177055
71350  0.177055
71400  0.176812
71450  0.176804
71500  0.176812
71550  0.176821
71600  0.176821
71650  0.176821
71700  0.176821
71750  0.176821
71800  0.176821
71850  0.176821
71900  0.176821
71950  0.176821
72000  0.176821
72050  0.176821
72100  0.176821
72150  0.176821
72200  0.176821
72250  0.176821
72300  0.176821
72350  0.176821
72400  0.176773
72450  0.176773
72500  0.176773
72550  0.176773
72600  0.176804
72650  0.176804
72700  0.176804
72750  0.176756
72800  0.176756
72850  0.176756
72900  0.176756
72950  0.176756
73000  0.176756
73050  0.176756
73100  0.176756
73150  0.176756
73200  0.176678
73250  0.176673
73300  0.176673
73350  0.176673
73400  0.176673
73450  0.176673
73500  0.176673
73550  0.176673
73600  0.176673
73650  0.176673
73700  0.176673
73750  0.176673
73800  0.176673
73850  0.176673
73900  0.176673
73950  0.176673
74000  0.176673
74050  0.176673
74100  0.176673
74150  0.176673
74200  0.176673
74250  0.176673
74300  0.176673
74350  0.176673
74400  0.176673
74450  0.176673
74500  0.176673
74550  0.176673
74600  0.176673
74650  0.176673
74700  0.176673
74750  0.176673
74800  0.176673
74850  0.176673
74900  0.176673
74950  0.176673
75000  0.176673
75050  0.176673
75100  0.176673
75150  0.176673
75200  0.176673
75250  0.176673
75300  0.176673
75350  0.176673
75400  0.176673
75450  0.176673
75500  0.176673
75550  0.176673
75600  0.176673
75650  0.176673
75700  0.176673
75750  0.176673
75800  0.176673
75850  0.176673
75900  0.176673
75950  0.176673
76000  0.176673
76050  0.176673
76100  0.176673
76150  0.176673
76200  0.176673
76250  0.176673
76300  0.176673
76350  0.176673
76400  0.176673
76450  0.176673
76500  0.176673
76550  0.176673
76600  0.176673
76650  0.176673
76700  0.176673
76750  0.176673
76800  0.176673
76850  0.176673
76900  0.176673
76950  0.176673
77000  0.176673
77050  0.176673
77100  0.176673
77150  0.176673
77200  0.176673
77250  0.176673
77300  0.176673
77350  0.176673
77400  0.176673
77450  0.176673
77500  0.176673
77550  0.176673
77600  0.176673
77650  0.176673
77700  0.176673
77750  0.176673
77800  0.176673
77850  0.176673
77900  0.176673
77950  0.176673
78000  0.176673
78050  0.176673
78100  0.176673
78150  0.176673
78200  0.176673
78250  0.176673
78300  0.176673
78350  0.176673
78400  0.176673
78450  0.176673
78500  0.176673
78550  0.176673
78600  0.176673
78650  0.176673
78700  0.176673
78750  0.176673
78800  0.176673
78850  0.176673
78900  0.176673
78950  0.176673
79000  0.176673
79050  0.176673
79100  0.176673
79150  0.176673
79200  0.176673
79250  0.176673
79300  0.176673
79350  0.176673
79400  0.176673
79450  0.176673
79500  0.176673
79550  0.176673
79600  0.176673
79650  0.176673
79700  0.176673
79750  0.176673
79800  0.176673
79850  0.176673
79900  0.176673
79950  0.176673
80000  0.176673
80050  0.176673
80100  0.176673
80150  0.176673
80200  0.176673
80250  0.176673
80300  0.176673
80350  0.176673
80400  0.176673
80450  0.176673
80500  0.176673
80550  0.176673
80600  0.17667
80650  0.17667
80700  0.17667
80750  0.17667
80800  0.17667
80850  0.17667
80900  0.17667
80950  0.17667
81000  0.17667
81050  0.17667
81100  0.17667
81150  0.17667
81200  0.17667
81250  0.17667
81300  0.17667
81350  0.17667
81400  0.17667
81450  0.17667
81500  0.17667
81550  0.17667
81600  0.17667
81650  0.17667
81700  0.17667
81750  0.17667
81800  0.17667
81850  0.17667
81900  0.17667
81950  0.17667
82000  0.17667
82050  0.17667
82100  0.17667
82150  0.17667
82200  0.17667
82250  0.17667
82300  0.17667
82350  0.17667
82400  0.17667
82450  0.17667
82500  0.17667
82550  0.17667
82600  0.17667
82650  0.17667
82700  0.17667
82750  0.17667
82800  0.17667
82850  0.17667
82900  0.17667
82950  0.17667
83000  0.17667
83050  0.17667
83100  0.17667
83150  0.17667
83200  0.17667
83250  0.17667
83300  0.17667
83350  0.17667
83400  0.17667
83450  0.17667
83500  0.17667
83550  0.17667
83600  0.17667
83650  0.17667
83700  0.17667
83750  0.17667
83800  0.17667
83850  0.17667
83900  0.17667
83950  0.17667
84000  0.17667
84050  0.17667
84100  0.17667
84150  0.17667
84200  0.17667
84250  0.17667
84300  0.17667
84350  0.17667
84400  0.17667
84450  0.17667
84500  0.17667
84550  0.17667
84600  0.17667
84650  0.17667
84700  0.17667
84750  0.17667
84800  0.17667
84850  0.17667
84900  0.17667
84950  0.17667
85000  0.17667
85050  0.17667
85100  0.17667
85150  0.17667
85200  0.17667
85250  0.17667
85300  0.17667
85350  0.17667
85400  0.17667
85450  0.17667
85500  0.17667
85550  0.17667
85600  0.17667
85650  0.17667
85700  0.17667
85750  0.176662
85800  0.176662
85850  0.176662
85900  0.176662
85950  0.176662
86000  0.176662
86050  0.176662
86100  0.176662
86150  0.176662
86200  0.176602
86250  0.176602
86300  0.176602
86350  0.176602
86400  0.176602
86450  0.176602
86500  0.176602
86550  0.176602
86600  0.176602
86650  0.176602
86700  0.176602
86750  0.176602
86800  0.176602
86850  0.176602
86900  0.176602
86950  0.176602
87000  0.176602
87050  0.176602
87100  0.176602
87150  0.176602
87200  0.176602
87250  0.176602
87300  0.176602
87350  0.176602
87400  0.176602
87450  0.176602
87500  0.176602
87550  0.176602
87600  0.176602
87650  0.176602
87700  0.176602
87750  0.176602
87800  0.176602
87850  0.176602
87900  0.176602
87950  0.176602
88000  0.176602
88050  0.176602
88100  0.176602
88150  0.176602
88200  0.176602
88250  0.176602
88300  0.176602
88350  0.176602
88400  0.176602
88450  0.176602
88500  0.176602
88550  0.176602
88600  0.176602
88650  0.176602
88700  0.176602
88750  0.176602
88800  0.176602
88850  0.176602
88900  0.176602
88950  0.176602
89000  0.176602
89050  0.176602
89100  0.176602
89150  0.176602
89200  0.176602
89250  0.176602
89300  0.176602
89350  0.176602
89400  0.176602
89450  0.176602
89500  0.176602
89550  0.176602
89600  0.176602
89650  0.176602
89700  0.176602
89750  0.176602
89800  0.176602
89850  0.176602
89900  0.176602
89950  0.176602
90000  0.176602
90050  0.176602
90100  0.176602
90150  0.176602
90200  0.176602
90250  0.176602
90300  0.176602
90350  0.176602
90400  0.176602
90450  0.176602
90500  0.176602
90550  0.176602
90600  0.17656
90650  0.17656
90700  0.17656
90750  0.17656
90800  0.17656
90850  0.17656
90900  0.17656
90950  0.17656
91000  0.17656
91050  0.17656
91100  0.17656
91150  0.17656
91200  0.17656
91250  0.17656
91300  0.17656
91350  0.17656
91400  0.17656
91450  0.17656
91500  0.17656
91550  0.17658
91600  0.17656
91650  0.17656
91700  0.17656
91750  0.17656
91800  0.17656
91850  0.17656
91900  0.17656
91950  0.17656
92000  0.17656
92050  0.17656
92100  0.17653
92150  0.17653
92200  0.17653
92250  0.17653
92300  0.17653
92350  0.17653
92400  0.17653
92450  0.17653
92500  0.17653
92550  0.17653
92600  0.17653
92650  0.17653
92700  0.17653
92750  0.17653
92800  0.17653
92850  0.17653
92900  0.17653
92950  0.17653
93000  0.17653
93050  0.17653
93100  0.17653
93150  0.17653
93200  0.17653
93250  0.17653
93300  0.17653
93350  0.17653
93400  0.17653
93450  0.17653
93500  0.17653
93550  0.17653
93600  0.17653
93650  0.17653
93700  0.17653
93750  0.17653
93800  0.17653
93850  0.17653
93900  0.17653
93950  0.17653
94000  0.17653
94050  0.17653
94100  0.17653
94150  0.17653
94200  0.17653
94250  0.17653
94300  0.17653
94350  0.17653
94400  0.17653
94450  0.17653
94500  0.17653
94550  0.17653
94600  0.17653
94650  0.17653
94700  0.17653
94750  0.17653
94800  0.17653
94850  0.17653
94900  0.17653
94950  0.17653
95000  0.17653
95050  0.17653
95100  0.17653
95150  0.17653
95200  0.17653
95250  0.17653
95300  0.17653
95350  0.17653
95400  0.17653
95450  0.17653
95500  0.17653
95550  0.17653
95600  0.17653
95650  0.17653
95700  0.17653
95750  0.17653
95800  0.17653
95850  0.17653
95900  0.17653
95950  0.17653
96000  0.17653
96050  0.17653
96100  0.17653
96150  0.17653
96200  0.17653
96250  0.17653
96300  0.17653
96350  0.17653
96400  0.17653
96450  0.17653
96500  0.17653
96550  0.17651
96600  0.17651
96650  0.17651
96700  0.17651
96750  0.17651
96800  0.17651
96850  0.17651
96900  0.17651
96950  0.17651
97000  0.17651
97050  0.17651
97100  0.17651
97150  0.17651
97200  0.17651
97250  0.17651
97300  0.176443
97350  0.176443
97400  0.176443
97450  0.176443
97500  0.176443
97550  0.176443
97600  0.176443
97650  0.176443
97700  0.176443
97750  0.176443
97800  0.176443
97850  0.176443
97900  0.176443
97950  0.176443
98000  0.176443
98050  0.176443
98100  0.176443
98150  0.176443
98200  0.176443
98250  0.176443
98300  0.176443
98350  0.176443
98400  0.176443
98450  0.176443
98500  0.176443
98550  0.176443
98600  0.176443
98650  0.176443
98700  0.176443
98750  0.176443
98800  0.176443
98850  0.176443
98900  0.176443
98950  0.176443
99000  0.176443
99050  0.176443
99100  0.176443
99150  0.176443
99200  0.176443
99250  0.176443
99300  0.176443
99350  0.176443
99400  0.176443
99450  0.176443
99500  0.176443
99550  0.176443
99600  0.176443
99650  0.176443
99700  0.176443
99750  0.176443
99800  0.176443
99850  0.176443
99900  0.176443
99950  0.176443
100000  0.176443
100050  0.176443
100100  0.176443
100150  0.176443
100200  0.176443
100250  0.176443
100300  0.176443
100350  0.176443
100400  0.176443
100450  0.176443
100500  0.176443
100550  0.176443
100600  0.176443
100650  0.176443
100700  0.176443
100750  0.176443
100800  0.176443
100850  0.176443
100900  0.176443
100950  0.176443
101000  0.176443
101050  0.176443
101100  0.176443
101150  0.176443
101200  0.176443
101250  0.176443
101300  0.176443
101350  0.176443
101400  0.176443
101450  0.176443
101500  0.176443
101550  0.176443
101600  0.176443
101650  0.176443
101700  0.176443
101750  0.176443
101800  0.176443
101850  0.176443
101900  0.176443
101950  0.176443
102000  0.176443
102050  0.176443
102100  0.176443
102150  0.176443
102200  0.176443
102250  0.176443
102300  0.176443
102350  0.176443
102400  0.176443
102450  0.176443
102500  0.176443
102550  0.176443
102600  0.176443
102650  0.176443
102700  0.176443
102750  0.176443
102800  0.176443
102850  0.176406
102900  0.176406
102950  0.176406
103000  0.176406
103050  0.176406
103100  0.176406
103150  0.176406
103200  0.176406
103250  0.176406
103300  0.176406
103350  0.176406
103400  0.176406
103450  0.176406
103500  0.176406
103550  0.176406
103600  0.176406
103650  0.176406
103700  0.176406
103750  0.176406
103800  0.176406
103850  0.176406
103900  0.176406
103950  0.176406
104000  0.176406
104050  0.176406
104100  0.176406
104150  0.176381
104200  0.176307
104250  0.17656
104300  0.176636
104350  0.176307
104400  0.176307
104450  0.176307
104500  0.176307
104550  0.176307
104600  0.176307
104650  0.176307
104700  0.176307
104750  0.176265
104800  0.176265
104850  0.176265
104900  0.176265
104950  0.176265
105000  0.176265
105050  0.176265
105100  0.176265
105150  0.176265
105200  0.176265
105250  0.176265
105300  0.176265
105350  0.176265
105400  0.176236
105450  0.176236
105500  0.176236
105550  0.176236
105600  0.176236
105650  0.176236
105700  0.176236
105750  0.176236
105800  0.176236
105850  0.176236
105900  0.176236
105950  0.176236
106000  0.176236
106050  0.176236
106100  0.176236
106150  0.176236
106200  0.176236
106250  0.176236
106300  0.176236
106350  0.176236
106400  0.176236
106450  0.176236
106500  0.176236
106550  0.176236
106600  0.176236
106650  0.176236
106700  0.176236
106750  0.176236
106800  0.176236
106850  0.176236
106900  0.176236
106950  0.176236
107000  0.176236
107050  0.176236
107100  0.176236
107150  0.176236
107200  0.176236
107250  0.176236
107300  0.176236
107350  0.176236
107400  0.176236
107450  0.176236
107500  0.176236
107550  0.176236
107600  0.176236
107650  0.176236
107700  0.176236
107750  0.176236
107800  0.176236
107850  0.176236
107900  0.176236
107950  0.176236
108000  0.176236
108050  0.176236
108100  0.176236
108150  0.176236
108200  0.176236
108250  0.176236
108300  0.176236
108350  0.176236
108400  0.176236
108450  0.176236
108500  0.176236
108550  0.176236
108600  0.176236
108650  0.176236
108700  0.176236
108750  0.176236
108800  0.176236
108850  0.176236
108900  0.176236
108950  0.176236
109000  0.176236
109050  0.176236
109100  0.176236
109150  0.176236
109200  0.176236
109250  0.176236
109300  0.176236
109350  0.176236
109400  0.176236
109450  0.176236
109500  0.176236
109550  0.176236
109600  0.176236
109650  0.176236
109700  0.176236
109750  0.176236
109800  0.176236
109850  0.176236
109900  0.176236
109950  0.176236
110000  0.176236
110050  0.176236
110100  0.176236
110150  0.176209
110200  0.176209
110250  0.176209
110300  0.176209
110350  0.176209
110400  0.176209
110450  0.176209
110500  0.176209
110550  0.176209
110600  0.176209
110650  0.176209
110700  0.176209
110750  0.176209
110800  0.176209
110850  0.176209
110900  0.176209
110950  0.176209
111000  0.176209
111050  0.176209
111100  0.176209
111150  0.176209
111200  0.176209
111250  0.176209
111300  0.176209
111350  0.176209
111400  0.176209
111450  0.176209
111500  0.176209
111550  0.176209
111600  0.176209
111650  0.176209
111700  0.176209
111750  0.176209
111800  0.176209
111850  0.176209
111900  0.176209
111950  0.176209
112000  0.176209
112050  0.176209
112100  0.176209
112150  0.176209
112200  0.176209
112250  0.176209
112300  0.176209
112350  0.176209
112400  0.176209
112450  0.176209
112500  0.176209
112550  0.176209
112600  0.176209
112650  0.176209
112700  0.176209
112750  0.176209
112800  0.176209
112850  0.176209
112900  0.176209
112950  0.176209
113000  0.176209
113050  0.176209
113100  0.176209
113150  0.176209
113200  0.176209
113250  0.176209
113300  0.176209
113350  0.176209
113400  0.176209
113450  0.176209
113500  0.176209
113550  0.176209
113600  0.176209
113650  0.176209
113700  0.176209
113750  0.176209
113800  0.176209
113850  0.176209
113900  0.176209
113950  0.176209
114000  0.176209
114050  0.176209
114100  0.176209
114150  0.176209
114200  0.176209
114250  0.176209
114300  0.176209
114350  0.176209
114400  0.176209
114450  0.176209
114500  0.176209
114550  0.176209
114600  0.176209
114650  0.176209
114700  0.176209
114750  0.176209
114800  0.176209
114850  0.176209
114900  0.176209
114950  0.176209
115000  0.176209
115050  0.176209
115100  0.176209
115150  0.176209
115200  0.176209
115250  0.176209
115300  0.176209
115350  0.176209
115400  0.176209
115450  0.176209
115500  0.176209
115550  0.176209
115600  0.176209
115650  0.176209
115700  0.176209
115750  0.176209
115800  0.176209
115850  0.176209
115900  0.176209
115950  0.176209
116000  0.176209
116050  0.176209
116100  0.176209
116150  0.176209
116200  0.176209
116250  0.176209
116300  0.176193
116350  0.176193
116400  0.176193
116450  0.176193
116500  0.176193
116550  0.176193
116600  0.176193
116650  0.176193
116700  0.176193
116750  0.176193
116800  0.176193
116850  0.176193
116900  0.176193
116950  0.176193
117000  0.176193
117050  0.176193
117100  0.176193
117150  0.176193
117200  0.176193
117250  0.176193
117300  0.176193
117350  0.176193
117400  0.176193
117450  0.176193
117500  0.176193
117550  0.176193
117600  0.176193
117650  0.176193
117700  0.176193
117750  0.176193
117800  0.176193
117850  0.176193
117900  0.176193
117950  0.176193
118000  0.176193
