Step  Penalty
32  0.528464
64  0.516131
96  0.510763
128  0.504907
160  0.500484
192  0.495909
224  0.493227
256  0.492123
288  0.490952
320  0.489952
352  0.488523
384  0.486766
416  0.484844
448  0.483956
480  0.483388
512  0.482719
544  0.480633
576  0.480155
608  0.479712
640  0.479263
672  0.479255
704  0.478991
736  0.47875
768  0.477483
800  0.477052
832  0.476847
864  0.476847
896  0.476804
928  0.476436
960  0.476065
992  0.475701
1024  0.475285
1056  0.475285
1088  0.47497
1120  0.47497
1152  0.47497
1184  0.474877
1216  0.474572
1248  0.474572
1280  0.474548
1312  0.47357
1344  0.473466
1376  0.472966
1408  0.472724
1440  0.472724
1472  0.472642
1504  0.472472
1536  0.472472
1568  0.47188
1600  0.471614
1632  0.471614
1664  0.471614
1696  0.471614
1728  0.471497
1760  0.471497
1792  0.471497
1824  0.471497
1856  0.471497
1888  0.471497
1920  0.471497
1952  0.471392
1984  0.471354
2016  0.471354
2048  0.471354
2080  0.471172
2112  0.471172
2144  0.471038
2176  0.471038
2208  0.47027
2240  0.470219
2272  0.47005
2304  0.469826
2336  0.469543
2368  0.469543
2400  0.469543
2432  0.46927
2464  0.469103
2496  0.469087
2528  0.468985
2560  0.468437
2592  0.468223
2624  0.468223
2656  0.467937
2688  0.467937
2720  0.467937
2752  0.467937
2784  0.467937
2816  0.467709
2848  0.467709
2880  0.467457
2912  0.467457
2944  0.467457
2976  0.466645
3008  0.466548
3040  0.466195
3072  0.466011
3104  0.466011
3136  0.466011
3168  0.466004
3200  0.466004
3232  0.466004
3264  0.465734
3296  0.465734
3328  0.465083
3360  0.465083
3392  0.465083
3424  0.465083
3456  0.465083
3488  0.465083
3520  0.465083
3552  0.465083
3584  0.465083
3616  0.464829
3648  0.464829
3680  0.464352
3712  0.464352
3744  0.464352
3776  0.464352
3808  0.464352
3840  0.464352
3872  0.463993
3904  0.463993
3936  0.463993
3968  0.463993
4000  0.463993
4032  0.463993
4064  0.463993
4096  0.463913
4128  0.463009
4160  0.463009
4192  0.462897
4224  0.462897
4256  0.462857
4288  0.462857
4320  0.462857
4352  0.462857
4384  0.462734
4416  0.462734
4448  0.462734
4480  0.462734
4512  0.462734
4544  0.462734
4576  0.46262
4608  0.46262
4640  0.46262
4672  0.46262
4704  0.46262
4736  0.46262
4768  0.46262
4800  0.46262
4832  0.46262
4864  0.462397
4896  0.46234
4928  0.462261
4960  0.462153
4992  0.462153
5024  0.462153
5056  0.462153
5088  0.462153
5120  0.4621
5152  0.462056
5184  0.462056
5216  0.462056
5248  0.462056
5280  0.462056
5312  0.462056
5344  0.462056
5376  0.462056
5408  0.462056
5440  0.462056
5472  0.462056
5504  0.462056
5536  0.462056
5568  0.462056
5600  0.462056
5632  0.461993
5664  0.461993
5696  0.461993
5728  0.461993
5760  0.461993
5792  0.461993
5824  0.461692
5856  0.461692
5888  0.461692
5920  0.461692
5952  0.461692
5984  0.461692
6016  0.461692
6048  0.461692
6080  0.461372
6112  0.461372
6144  0.461372
6176  0.461372
6208  0.461372
6240  0.461372
6272  0.461372
6304  0.461372
6336  0.461372
6368  0.461372
6400  0.460879
6432  0.460879
6464  0.460794
6496  0.460763
6528  0.460747
6560  0.460747
6592  0.460592
6624  0.460592
6656  0.460592
6688  0.460592
6720  0.460592
6752  0.460592
6784  0.460592
6816  0.460592
6848  0.460592
6880  0.460272
6912  0.460272
6944  0.460158
6976  0.460158
7008  0.460158
7040  0.460158
7072  0.460158
7104  0.460158
7136  0.460158
7168  0.460158
7200  0.460158
7232  0.460158
7264  0.460158
7296  0.460158
7328  0.460158
7360  0.460158
7392  0.460158
7424  0.460158
7456  0.460158
7488  0.460158
7520  0.460088
7552  0.460088
7584  0.460088
7616  0.460088
7648  0.459818
7680  0.459818
7712  0.459818
7744  0.459818
7776  0.459818
7808  0.459818
7840  0.459818
7872  0.459818
7904  0.459818
7936  0.459818
7968  0.459818
8000  0.459818
8032  0.459818
8064  0.459818
8096  0.459818
8128  0.459818
8160  0.459818
8192  0.45954
8224  0.45954
8256  0.45954
8288  0.45954
8320  0.459211
8352  0.459141
8384  0.459141
8416  0.459141
8448  0.459141
8480  0.459141
8512  0.459141
8544  0.459141
8576  0.459102
8608  0.459102
8640  0.459102
8672  0.459102
8704  0.459097
8736  0.459097
8768  0.458636
8800  0.458636
8832  0.458636
8864  0.458636
8896  0.458636
8928  0.458636
8960  0.458596
8992  0.458596
9024  0.458596
9056  0.458596
9088  0.458596
9120  0.458596
9152  0.458596
9184  0.458475
9216  0.458475
9248  0.458475
9280  0.458475
9312  0.458475
9344  0.458241
9376  0.458241
9408  0.458241
9440  0.458241
9472  0.458241
9504  0.458241
9536  0.458241
9568  0.458196
9600  0.458196
9632  0.458196
9664  0.458196
9696  0.458196
9728  0.458196
9760  0.458196
9792  0.458196
9824  0.458196
9856  0.458196
9888  0.458196
9920  0.458196
9952  0.457636
9984  0.457386
10016  0.457386
10048  0.457315
10080  0.456794
10112  0.456794
10144  0.456794
10176  0.456794
10208  0.456794
10240  0.456794
10272  0.456794
10304  0.456794
10336  0.456794
10368  0.456794
10400  0.456281
10432  0.456281
10464  0.456281
10496  0.456281
10528  0.456281
10560  0.456281
10592  0.456281
10624  0.456281
10656  0.456123
10688  0.456123
10720  0.456123
10752  0.456123
10784  0.456123
10816  0.455885
10848  0.455885
10880  0.455885
10912  0.455885
10944  0.455885
10976  0.455885
11008  0.455885
11040  0.455885
11072  0.455885
11104  0.455885
11136  0.455807
11168  0.455807
11200  0.455807
11232  0.45562
11264  0.455562
11296  0.455562
11328  0.455562
11360  0.455562
11392  0.455562
11424  0.455381
11456  0.455381
11488  0.455381
11520  0.455381
11552  0.455381
11584  0.455381
11616  0.455381
11648  0.455381
11680  0.455381
11712  0.455233
11744  0.455233
11776  0.455233
11808  0.455233
11840  0.455233
11872  0.455233
11904  0.455233
11936  0.455233
11968  0.455233
12000  0.455233
12032  0.455233
12064  0.455233
12096  0.455233
12128  0.455233
12160  0.455233
12192  0.455233
12224  0.455233
12256  0.455233
12288  0.455233
12320  0.455233
12352  0.454933
12384  0.454933
12416  0.454933
12448  0.454933
12480  0.454933
12512  0.454933
12544  0.454933
12576  0.454933
12608  0.454933
12640  0.454933
12672  0.454933
12704  0.454933
12736  0.454933
12768  0.454933
12800  0.454933
12832  0.454933
12864  0.454933
12896  0.454933
12928  0.454933
12960  0.454933
12992  0.454933
13024  0.454933
13056  0.454933
13088  0.454933
13120  0.454933
13152  0.454933
13184  0.454933
13216  0.454933
13248  0.454933
13280  0.454933
13312  0.454933
13344  0.454933
13376  0.454933
13408  0.454933
13440  0.454933
13472  0.454933
13504  0.454933
13536  0.454933
13568  0.454933
13600  0.454809
13632  0.454809
13664  0.454809
13696  0.454809
13728  0.454809
13760  0.454809
13792  0.454809
13824  0.454809
13856  0.454809
13888  0.454809
13920  0.454809
13952  0.454809
13984  0.454809
14016  0.454809
14048  0.454809
14080  0.454809
14112  0.454809
14144  0.454809
14176  0.454809
14208  0.454809
14240  0.454809
14272  0.454809
14304  0.454809
14336  0.454809
14368  0.454809
14400  0.454809
14432  0.454809
14464  0.454809
14496  0.454809
14528  0.454809
14560  0.454809
14592  0.454809
14624  0.454809
14656  0.454809
14688  0.454809
14720  0.454809
14752  0.454809
14784  0.454809
14816  0.454809
14848  0.454809
14880  0.454809
14912  0.454809
14944  0.454794
14976  0.454794
15008  0.454794
15040  0.454794
15072  0.454794
15104  0.454794
15136  0.454737
15168  0.454737
15200  0.454737
15232  0.454737
15264  0.454737
15296  0.454737
15328  0.454706
15360  0.454706
15392  0.454706
15424  0.454706
15456  0.454706
15488  0.454706
15520  0.454706
15552  0.454706
15584  0.454706
15616  0.454706
15648  0.454706
15680  0.454706
15712  0.454706
15744  0.454605
15776  0.454605
15808  0.454605
15840  0.454605
15872  0.454605
15904  0.454605
15936  0.454605
15968  0.454605
16000  0.454605
16032  0.454605
16064  0.454605
16096  0.454605
16128  0.454605
16160  0.454605
16192  0.454605
16224  0.454605
16256  0.454605
16288  0.454605
16320  0.454605
16352  0.454605
16384  0.454605
16416  0.454605
16448  0.454605
16480  0.454605
16512  0.454605
16544  0.454605
16576  0.454605
16608  0.454605
16640  0.454605
16672  0.454605
16704  0.454605
16736  0.454605
16768  0.454605
16800  0.454605
16832  0.454605
16864  0.454605
16896  0.454605
16928  0.454605
16960  0.454366
16992  0.454366
17024  0.454366
17056  0.454366
17088  0.454366
17120  0.454366
17152  0.454366
17184  0.454366
17216  0.454366
17248  0.454366
17280  0.454366
17312  0.454366
17344  0.454366
17376  0.454366
17408  0.454366
17440  0.454366
17472  0.454366
17504  0.454349
17536  0.454349
17568  0.454349
17600  0.454349
17632  0.454349
17664  0.454349
17696  0.454349
17728  0.454349
17760  0.454349
17792  0.454349
17824  0.454349
17856  0.454349
17888  0.454349
17920  0.454349
17952  0.454349
17984  0.454349
18016  0.454349
18048  0.454349
18080  0.454349
18112  0.454349
18144  0.454349
18176  0.454349
18208  0.454349
18240  0.454349
18272  0.454349
18304  0.454349
18336  0.454349
18368  0.454349
18400  0.454349
18432  0.454349
18464  0.454349
18496  0.454349
18528  0.454349
18560  0.454349
18592  0.454349
18624  0.454349
18656  0.454349
18688  0.454349
18720  0.454349
18752  0.454349
18784  0.454349
18816  0.454349
18848  0.454349
18880  0.454349
18912  0.454349
18944  0.454137
18976  0.454137
19008  0.454137
19040  0.454137
19072  0.454137
19104  0.454137
19136  0.454137
19168  0.454137
19200  0.454137
19232  0.454137
19264  0.454137
19296  0.454137
19328  0.454137
19360  0.454137
19392  0.454137
19424  0.454137
19456  0.454137
19488  0.454137
19520  0.454137
19552  0.454137
19584  0.454137
19616  0.454137
19648  0.454137
19680  0.454137
19712  0.454137
19744  0.454137
19776  0.454137
19808  0.454137
19840  0.454105
19872  0.454105
19904  0.454105
19936  0.454105
19968  0.453934
20000  0.453934
20032  0.453934
20064  0.453934
20096  0.453934
20128  0.453934
20160  0.453296
20192  0.453296
20224  0.453296
20256  0.453296
20288  0.453296
20320  0.453296
20352  0.453296
20384  0.453296
20416  0.453296
20448  0.453296
20480  0.453296
20512  0.453296
20544  0.453296
20576  0.453296
20608  0.453296
20640  0.453296
20672  0.453296
20704  0.453296
20736  0.453296
20768  0.453296
20800  0.453296
20832  0.453296
20864  0.453296
20896  0.453296
20928  0.453296
20960  0.453296
20992  0.453296
21024  0.453296
21056  0.453296
21088  0.453296
21120  0.453296
21152  0.453296
21184  0.453296
21216  0.453296
21248  0.453296
21280  0.453296
21312  0.453296
21344  0.453296
21376  0.453296
21408  0.453296
21440  0.453296
21472  0.453296
21504  0.453296
21536  0.453296
21568  0.453296
21600  0.453296
21632  0.453296
21664  0.453296
21696  0.453296
21728  0.453296
21760  0.453296
21792  0.453296
21824  0.453296
21856  0.453296
21888  0.453296
21920  0.453296
21952  0.453296
21984  0.453296
22016  0.452888
22048  0.452888
22080  0.452888
22112  0.452888
22144  0.452888
22176  0.452888
22208  0.452888
22240  0.452888
22272  0.452888
22304  0.452653
22336  0.452653
22368  0.452653
22400  0.452653
22432  0.452653
22464  0.452653
22496  0.452653
22528  0.452653
22560  0.452653
22592  0.452653
22624  0.452653
22656  0.452653
22688  0.452653
22720  0.452653
22752  0.452653
22784  0.452653
22816  0.452653
22848  0.452653
22880  0.452607
22912  0.452607
22944  0.452607
22976  0.452607
23008  0.452384
23040  0.452384
23072  0.452057
23104  0.452057
23136  0.452057
23168  0.452057
23200  0.452057
23232  0.452007
23264  0.452007
23296  0.452007
23328  0.452007
23360  0.452007
23392  0.452007
23424  0.452007
23456  0.452007
23488  0.452007
23520  0.452007
23552  0.452007
23584  0.452007
23616  0.452007
23648  0.452007
23680  0.452007
23712  0.452007
23744  0.452007
23776  0.452007
23808  0.452007
23840  0.452007
23872  0.452007
23904  0.452007
23936  0.452007
23968  0.452007
24000  0.452007
24032  0.452007
24064  0.452007
24096  0.452007
24128  0.452007
24160  0.452007
24192  0.452007
24224  0.452007
24256  0.451736
24288  0.451736
24320  0.451736
24352  0.451736
24384  0.451736
24416  0.451736
24448  0.451736
24480  0.451736
24512  0.451736
24544  0.451736
24576  0.451736
24608  0.451736
24640  0.451736
24672  0.451736
24704  0.451736
24736  0.451736
24768  0.451736
24800  0.451736
24832  0.451736
24864  0.451736
24896  0.451736
24928  0.451736
24960  0.451736
24992  0.451736
25024  0.451736
25056  0.451736
25088  0.451736
25120  0.451736
25152  0.451736
25184  0.451736
25216  0.451736
25248  0.451736
25280  0.451736
25312  0.451736
25344  0.451736
25376  0.451736
25408  0.451736
25440  0.451736
25472  0.451736
25504  0.451736
25536  0.451736
25568  0.451736
25600  0.451736
25632  0.451736
25664  0.451736
25696  0.451736
25728  0.451736
25760  0.451736
25792  0.451736
25824  0.451736
25856  0.451736
25888  0.451736
25920  0.451736
25952  0.451736
25984  0.451736
26016  0.451736
26048  0.451736
26080  0.451736
26112  0.451736
26144  0.451736
26176  0.451232
26208  0.451232
26240  0.451232
26272  0.451232
26304  0.451232
26336  0.451232
26368  0.451232
26400  0.451232
26432  0.451232
26464  0.451232
26496  0.451232
26528  0.451232
26560  0.451232
26592  0.451232
26624  0.451232
26656  0.451232
26688  0.451232
26720  0.45096
26752  0.45096
26784  0.45096
26816  0.45096
26848  0.45096
26880  0.45096
26912  0.45096
26944  0.45096
26976  0.45096
27008  0.45096
27040  0.45096
27072  0.45096
27104  0.45096
27136  0.45096
27168  0.45096
27200  0.450943
27232  0.450943
27264  0.450943
27296  0.450943
27328  0.450943
27360  0.450943
27392  0.450943
27424  0.450943
27456  0.450943
27488  0.450943
27520  0.450943
27552  0.450943
27584  0.450943
27616  0.450943
27648  0.450943
27680  0.450943
27712  0.450943
27744  0.450943
27776  0.450943
27808  0.450943
27840  0.450943
27872  0.450943
27904  0.450943
27936  0.450943
27968  0.450943
28000  0.450943
28032  0.450943
28064  0.450943
28096  0.450943
28128  0.450943
28160  0.450943
28192  0.450943
28224  0.450943
28256  0.450943
28288  0.450943
28320  0.450943
28352  0.450943
28384  0.450943
28416  0.450943
28448  0.450943
28480  0.450943
28512  0.450943
28544  0.450943
28576  0.45078
28608  0.45078
28640  0.45078
28672  0.45078
28704  0.45078
28736  0.45078
28768  0.45078
28800  0.45078
28832  0.45078
28864  0.45078
28896  0.45078
28928  0.45078
28960  0.45078
28992  0.45078
29024  0.45078
29056  0.45078
29088  0.45078
29120  0.45078
29152  0.45078
29184  0.45078
29216  0.45078
29248  0.45078
29280  0.45078
29312  0.45078
29344  0.45078
29376  0.45078
29408  0.45078
29440  0.45078
29472  0.45078
29504  0.45078
29536  0.45078
29568  0.45078
29600  0.45078
29632  0.45078
29664  0.45078
29696  0.450699
29728  0.450699
29760  0.450699
29792  0.450699
29824  0.450699
29856  0.450699
29888  0.450699
29920  0.450699
29952  0.450699
29984  0.450699
30016  0.450699
30048  0.450699
30080  0.450699
30112  0.450699
30144  0.450699
30176  0.450699
30208  0.450699
30240  0.450699
30272  0.450699
30304  0.450699
30336  0.450699
30368  0.450699
30400  0.450699
30432  0.450699
30464  0.450699
30496  0.450699
30528  0.450699
30560  0.450699
30592  0.450699
30624  0.450699
30656  0.450699
30688  0.450648
30720  0.450648
30752  0.450648
30784  0.450648
30816  0.450648
30848  0.450648
30880  0.450648
30912  0.450648
30944  0.450648
30976  0.450648
31008  0.450648
31040  0.450648
31072  0.450648
31104  0.450648
31136  0.450648
31168  0.450648
31200  0.450648
31232  0.450648
31264  0.450648
31296  0.450648
31328  0.450648
31360  0.450648
31392  0.450648
31424  0.450648
31456  0.450648
31488  0.450648
31520  0.450648
31552  0.450648
31584  0.450648
31616  0.450648
31648  0.450648
31680  0.450648
31712  0.450648
31744  0.450648
31776  0.450648
31808  0.450648
31840  0.450648
31872  0.450648
31904  0.450648
31936  0.450648
31968  0.450648
32000  0.450648
32032  0.450648
32064  0.450648
32096  0.450648
32128  0.450648
32160  0.450648
32192  0.450648
32224  0.450648
32256  0.450648
32288  0.450648
32320  0.450648
32352  0.450648
32384  0.450648
32416  0.450648
32448  0.450648
32480  0.450648
32512  0.450648
32544  0.450648
32576  0.450648
32608  0.450583
32640  0.450583
32672  0.450583
32704  0.450583
32736  0.450583
32768  0.450583
32800  0.450583
32832  0.450583
32864  0.450583
32896  0.450583
32928  0.450583
32960  0.450583
32992  0.450583
33024  0.450583
33056  0.450583
33088  0.450583
33120  0.450583
33152  0.450583
33184  0.450553
33216  0.450553
33248  0.450553
33280  0.450553
33312  0.450553
33344  0.450553
33376  0.450553
33408  0.450553
33440  0.450553
33472  0.450553
33504  0.450553
33536  0.450553
33568  0.450553
33600  0.450553
33632  0.450553
33664  0.450553
33696  0.450553
33728  0.450553
33760  0.450553
33792  0.450553
33824  0.450553
33856  0.450553
33888  0.450553
33920  0.450553
33952  0.450553
33984  0.450553
34016  0.450553
34048  0.450553
34080  0.450553
34112  0.450553
34144  0.450553
34176  0.450553
34208  0.450553
34240  0.450553
34272  0.450553
34304  0.450553
34336  0.450553
34368  0.450553
34400  0.450553
34432  0.450553
34464  0.450553
34496  0.450553
34528  0.450553
34560  0.450553
34592  0.450553
34624  0.450553
34656  0.450553
34688  0.450553
34720  0.450553
34752  0.450553
34784  0.450553
34816  0.450553
34848  0.450553
34880  0.450553
34912  0.450553
34944  0.450553
34976  0.450553
35008  0.450553
35040  0.450553
35072  0.450553
35104  0.450553
35136  0.450553
35168  0.450553
35200  0.450553
35232  0.450553
35264  0.449883
35296  0.449883
35328  0.449796
35360  0.449796
35392  0.449796
35424  0.449796
35456  0.449796
35488  0.449796
35520  0.449796
35552  0.449796
35584  0.449796
35616  0.449796
35648  0.449579
35680  0.449579
35712  0.449579
35744  0.449579
35776  0.449579
35808  0.449579
35840  0.449579
35872  0.449555
35904  0.449555
35936  0.449555
35968  0.449555
36000  0.449555
36032  0.449555
36064  0.449555
36096  0.449555
36128  0.449555
36160  0.449555
36192  0.449555
36224  0.449555
36256  0.449555
36288  0.449555
36320  0.449555
36352  0.449555
36384  0.449555
36416  0.449555
36448  0.449555
36480  0.449555
36512  0.449555
36544  0.449555
36576  0.449555
36608  0.449555
36640  0.449555
36672  0.449555
36704  0.44946
36736  0.44946
36768  0.44946
36800  0.44946
36832  0.44946
36864  0.44946
36896  0.44946
36928  0.44946
36960  0.44946
36992  0.449383
37024  0.449383
37056  0.449383
37088  0.449383
37120  0.449383
37152  0.449383
37184  0.449383
37216  0.449383
37248  0.449336
37280  0.449336
37312  0.449336
37344  0.449336
37376  0.449336
37408  0.449336
37440  0.449336
37472  0.449336
37504  0.449336
37536  0.449336
37568  0.449336
37600  0.449336
37632  0.449336
37664  0.449336
37696  0.449336
37728  0.449336
37760  0.449336
37792  0.449336
37824  0.449261
37856  0.449261
37888  0.449261
37920  0.449261
37952  0.449261
37984  0.449261
38016  0.449261
38048  0.449261
38080  0.449261
38112  0.449261
38144  0.449261
38176  0.449261
38208  0.449261
38240  0.449261
38272  0.449261
38304  0.449261
38336  0.449261
38368  0.449261
38400  0.449261
38432  0.449261
38464  0.449261
38496  0.449261
38528  0.449261
38560  0.449261
38592  0.449261
38624  0.449261
38656  0.449261
38688  0.449261
38720  0.449261
38752  0.449261
38784  0.449261
38816  0.449261
38848  0.449261
38880  0.449261
38912  0.449261
38944  0.449261
38976  0.449261
39008  0.449261
39040  0.449261
39072  0.449261
39104  0.449261
39136  0.449261
39168  0.449261
39200  0.449261
39232  0.449261
39264  0.449261
39296  0.449261
39328  0.449261
39360  0.449261
39392  0.449261
39424  0.449261
39456  0.449261
39488  0.449261
39520  0.449261
39552  0.449261
39584  0.449261
39616  0.449261
39648  0.449261
39680  0.449261
39712  0.449261
39744  0.449261
39776  0.449261
39808  0.449261
39840  0.449261
39872  0.449261
39904  0.449261
39936  0.449261
39968  0.449261
40000  0.449261
40032  0.44903
40064  0.44903
40096  0.44903
40128  0.44903
40160  0.44903
40192  0.44903
40224  0.44903
40256  0.44903
40288  0.44903
40320  0.44903
40352  0.44903
40384  0.44903
40416  0.44903
40448  0.44903
40480  0.44903
40512  0.44903
40544  0.44903
40576  0.44903
40608  0.44903
40640  0.44903
40672  0.44903
40704  0.44903
40736  0.44903
40768  0.44903
40800  0.44903
40832  0.44903
40864  0.44903
40896  0.44903
40928  0.44903
40960  0.44903
40992  0.44903
41024  0.44903
41056  0.44903
41088  0.44903
41120  0.44903
41152  0.44903
41184  0.44903
41216  0.44903
41248  0.44903
41280  0.44903
41312  0.44903
41344  0.44903
41376  0.44903
41408  0.44903
41440  0.44903
41472  0.44903
41504  0.44903
41536  0.44903
41568  0.44903
41600  0.44903
41632  0.44903
41664  0.44903
41696  0.44903
41728  0.44903
41760  0.44903
41792  0.44903
41824  0.44903
41856  0.44903
41888  0.44903
41920  0.44903
41952  0.44903
41984  0.44903
42016  0.44903
42048  0.44903
42080  0.44903
42112  0.44903
42144  0.44903
42176  0.44903
42208  0.44903
42240  0.44903
42272  0.44903
42304  0.44903
42336  0.44903
42368  0.44903
42400  0.44903
42432  0.44903
42464  0.44903
42496  0.44903
42528  0.44903
42560  0.44903
42592  0.44903
42624  0.44903
42656  0.44903
42688  0.44903
42720  0.44903
42752  0.44903
42784  0.44903
42816  0.44903
42848  0.44903
42880  0.44903
42912  0.44903
42944  0.44903
42976  0.44903
43008  0.44903
43040  0.44903
43072  0.44903
43104  0.44903
43136  0.44903
43168  0.44903
43200  0.44903
43232  0.44903
43264  0.44903
43296  0.44903
43328  0.44903
43360  0.44903
43392  0.44903
43424  0.44903
43456  0.44903
43488  0.44903
43520  0.44903
43552  0.44903
43584  0.448755
43616  0.448755
43648  0.448755
43680  0.448755
43712  0.448755
43744  0.448755
43776  0.448755
43808  0.448755
43840  0.448755
43872  0.448755
43904  0.448755
43936  0.448755
43968  0.448755
44000  0.448755
44032  0.448755
44064  0.448755
44096  0.448755
44128  0.448755
44160  0.448755
44192  0.448755
44224  0.448755
44256  0.448755
44288  0.448755
44320  0.448755
44352  0.448755
44384  0.448566
44416  0.448566
44448  0.448566
44480  0.448566
44512  0.448566
44544  0.448566
44576  0.448566
44608  0.448566
44640  0.448566
44672  0.448566
44704  0.448566
44736  0.448566
44768  0.448566
44800  0.448566
44832  0.448566
44864  0.448566
44896  0.448566
44928  0.448566
44960  0.448566
44992  0.448566
45024  0.448566
45056  0.448566
45088  0.448566
45120  0.448566
45152  0.448566
45184  0.448566
45216  0.448566
45248  0.448536
45280  0.448536
45312  0.448536
45344  0.448536
45376  0.448536
45408  0.448536
45440  0.448536
45472  0.448536
45504  0.448536
45536  0.448536
45568  0.448536
45600  0.448536
45632  0.448536
45664  0.448536
45696  0.448536
45728  0.448536
45760  0.448536
45792  0.448536
45824  0.448536
45856  0.448536
45888  0.448536
45920  0.448536
45952  0.448536
45984  0.448536
46016  0.448536
46048  0.448536
46080  0.448536
46112  0.448536
46144  0.448308
46176  0.448308
46208  0.448308
46240  0.448308
46272  0.448308
46304  0.448308
46336  0.448308
46368  0.448308
46400  0.448308
46432  0.448308
46464  0.448308
46496  0.448308
46528  0.448308
46560  0.448308
46592  0.448308
46624  0.448308
46656  0.448308
46688  0.448308
46720  0.448308
46752  0.448308
46784  0.448308
46816  0.448308
46848  0.448308
46880  0.448308
46912  0.448308
46944  0.448308
46976  0.448308
47008  0.448308
47040  0.448308
47072  0.448308
47104  0.448308
47136  0.448308
47168  0.448308
47200  0.448308
47232  0.448308
47264  0.448308
47296  0.448308
47328  0.448308
47360  0.448308
47392  0.448308
47424  0.448308
47456  0.448308
47488  0.448308
47520  0.448308
47552  0.448308
47584  0.448308
47616  0.448308
47648  0.448308
47680  0.448308
47712  0.448308
47744  0.448308
47776  0.448308
47808  0.448308
47840  0.448308
47872  0.448308
47904  0.448308
47936  0.448308
47968  0.448308
48000  0.448308
48032  0.448308
48064  0.448308
48096  0.448308
48128  0.448308
48160  0.448308
48192  0.448308
48224  0.448308
48256  0.448308
48288  0.448308
48320  0.448308
48352  0.448308
48384  0.448308
48416  0.448308
48448  0.448308
48480  0.448308
48512  0.448308
48544  0.448308
48576  0.448308
48608  0.448308
48640  0.448308
48672  0.448308
48704  0.448308
48736  0.448308
48768  0.448308
48800  0.448308
48832  0.448308
48864  0.448308
48896  0.448308
48928  0.448308
48960  0.448308
48992  0.448308
49024  0.448308
49056  0.448308
49088  0.448308
49120  0.448308
49152  0.448308
49184  0.448308
49216  0.448308
49248  0.448308
49280  0.448308
49312  0.448308
49344  0.448308
49376  0.448308
49408  0.448308
49440  0.448308
49472  0.448308
49504  0.448308
49536  0.448308
49568  0.448308
49600  0.448308
49632  0.448308
49664  0.448308
49696  0.448308
49728  0.448308
49760  0.448308
49792  0.448308
49824  0.448308
49856  0.448308
49888  0.448308
49920  0.448308
49952  0.448308
49984  0.448308
50016  0.448308
50048  0.448308
50080  0.448308
50112  0.448308
50144  0.448308
50176  0.448308
50208  0.448308
50240  0.448308
50272  0.448308
50304  0.448308
50336  0.448308
50368  0.448308
50400  0.448308
50432  0.448308
50464  0.448308
50496  0.448308
50528  0.448308
50560  0.448308
50592  0.448308
50624  0.448308
50656  0.448308
50688  0.448308
50720  0.448308
50752  0.448308
50784  0.448308
50816  0.448308
50848  0.448308
50880  0.448308
50912  0.448307
50944  0.448307
50976  0.448307
51008  0.448307
51040  0.448307
51072  0.448307
51104  0.448307
51136  0.448307
51168  0.448307
51200  0.448307
51232  0.448307
51264  0.448307
51296  0.448307
51328  0.448307
51360  0.448307
51392  0.448307
51424  0.448307
51456  0.448307
51488  0.448307
51520  0.448307
51552  0.448307
51584  0.448307
51616  0.448307
51648  0.448307
51680  0.448307
51712  0.448307
51744  0.448305
51776  0.448305
51808  0.448305
51840  0.448305
51872  0.448305
51904  0.448305
51936  0.448305
51968  0.448305
52000  0.448305
52032  0.448305
52064  0.448305
52096  0.448059
52128  0.448059
52160  0.448059
52192  0.447967
52224  0.447967
52256  0.447967
52288  0.447967
52320  0.447967
52352  0.447967
52384  0.447967
52416  0.447967
52448  0.447967
52480  0.447967
52512  0.447967
52544  0.447967
52576  0.447967
52608  0.447967
52640  0.447967
52672  0.447967
52704  0.447955
52736  0.447955
52768  0.447955
52800  0.447955
52832  0.447955
52864  0.447955
52896  0.447955
52928  0.447955
52960  0.447955
52992  0.447955
53024  0.447955
53056  0.447955
53088  0.447955
53120  0.447955
53152  0.447955
53184  0.447955
53216  0.447806
53248  0.447806
53280  0.447806
53312  0.447806
53344  0.447806
53376  0.447806
53408  0.447806
53440  0.447806
53472  0.447806
53504  0.447632
53536  0.447632
53568  0.447632
53600  0.447632
53632  0.447632
53664  0.447632
53696  0.447632
53728  0.447632
53760  0.447632
53792  0.447632
53824  0.447632
53856  0.447632
53888  0.447632
53920  0.447632
53952  0.447632
53984  0.447632
54016  0.447632
54048  0.447632
54080  0.447632
54112  0.447632
54144  0.447632
54176  0.447632
54208  0.447632
54240  0.447632
54272  0.447632
54304  0.447509
54336  0.447509
54368  0.447509
54400  0.447509
54432  0.447509
54464  0.447509
54496  0.447509
54528  0.447509
54560  0.447509
54592  0.447509
54624  0.447509
54656  0.447509
54688  0.447509
54720  0.447509
54752  0.447509
54784  0.447509
54816  0.447509
54848  0.447509
54880  0.447509
54912  0.447509
54944  0.447509
54976  0.447509
55008  0.447509
55040  0.447509
55072  0.447509
55104  0.447509
55136  0.447509
55168  0.447509
55200  0.447509
55232  0.447509
55264  0.447509
55296  0.447325
55328  0.447325
55360  0.447325
55392  0.447325
55424  0.447325
55456  0.447325
55488  0.447325
55520  0.447325
55552  0.447325
55584  0.447325
55616  0.447325
55648  0.447325
55680  0.447325
55712  0.447325
55744  0.447325
55776  0.447325
55808  0.447325
55840  0.447325
55872  0.447325
55904  0.447325
55936  0.447325
55968  0.447325
56000  0.447325
56032  0.447325
56064  0.447325
56096  0.447325
56128  0.447325
56160  0.447325
56192  0.447325
56224  0.447325
56256  0.447325
56288  0.447325
56320  0.447325
56352  0.447325
56384  0.447325
56416  0.447325
56448  0.447325
56480  0.447325
56512  0.447325
56544  0.447325
56576  0.447325
56608  0.447325
56640  0.447325
56672  0.447325
56704  0.447325
56736  0.447325
56768  0.447325
56800  0.447325
56832  0.447325
56864  0.447325
56896  0.447325
56928  0.447325
56960  0.447325
56992  0.447325
57024  0.447325
57056  0.447325
57088  0.447325
57120  0.447325
57152  0.447325
57184  0.447304
57216  0.447304
57248  0.447304
57280  0.447304
57312  0.447304
57344  0.447304
57376  0.447304
57408  0.447304
57440  0.447304
57472  0.447304
57504  0.447304
57536  0.447304
57568  0.447304
57600  0.447304
57632  0.447304
57664  0.447304
57696  0.447304
57728  0.447304
57760  0.447304
57792  0.447304
57824  0.447304
57856  0.447304
57888  0.447304
57920  0.447045
57952  0.447045
57984  0.447045
58016  0.447045
58048  0.447045
58080  0.447045
58112  0.447045
58144  0.447045
58176  0.447045
58208  0.447045
58240  0.447045
58272  0.447045
58304  0.447045
58336  0.447045
58368  0.447045
58400  0.447045
58432  0.447045
58464  0.447045
58496  0.447045
58528  0.447045
58560  0.447045
58592  0.447045
58624  0.446713
58656  0.446713
58688  0.446713
58720  0.446713
58752  0.446713
58784  0.446713
58816  0.446713
58848  0.446713
58880  0.446713
58912  0.446713
58944  0.446713
58976  0.446601
59008  0.446601
59040  0.446601
59072  0.446601
59104  0.446601
59136  0.446601
59168  0.446601
59200  0.446601
59232  0.446601
59264  0.446601
59296  0.446601
59328  0.446601
59360  0.446601
59392  0.446601
59424  0.446601
59456  0.446601
59488  0.446601
59520  0.446601
59552  0.446601
59584  0.446601
59616  0.446601
59648  0.446601
59680  0.446601
59712  0.446601
59744  0.446601
59776  0.446601
59808  0.446601
59840  0.446601
59872  0.446601
59904  0.446601
59936  0.446601
59968  0.446601
60000  0.446601
60032  0.446601
60064  0.446601
60096  0.446601
60128  0.446601
60160  0.446601
60192  0.446601
60224  0.446601
60256  0.446601
60288  0.446601
60320  0.446601
60352  0.446601
60384  0.446601
60416  0.446601
60448  0.446601
60480  0.446601
60512  0.446601
60544  0.446601
60576  0.446601
60608  0.446601
60640  0.446601
60672  0.446601
60704  0.446601
60736  0.446601
60768  0.446601
60800  0.446601
60832  0.446601
60864  0.446601
60896  0.446601
60928  0.446601
60960  0.446601
60992  0.446601
61024  0.446601
61056  0.446592
61088  0.446592
61120  0.446592
61152  0.446592
61184  0.446592
61216  0.446592
61248  0.446592
61280  0.446592
61312  0.446592
61344  0.446592
61376  0.446592
61408  0.446592
61440  0.446592
61472  0.446592
61504  0.446592
61536  0.446592
61568  0.446592
61600  0.446592
61632  0.446592
61664  0.446592
61696  0.446592
61728  0.446592
61760  0.446592
61792  0.446592
61824  0.446592
61856  0.446592
61888  0.446592
61920  0.446592
61952  0.446592
61984  0.446592
62016  0.446592
62048  0.446592
62080  0.446592
62112  0.446592
62144  0.446592
62176  0.446592
62208  0.446592
62240  0.446592
62272  0.446592
62304  0.446592
62336  0.446592
62368  0.446592
62400  0.446592
62432  0.446592
62464  0.446592
62496  0.446592
62528  0.446592
62560  0.446592
62592  0.446592
62624  0.446592
62656  0.446592
62688  0.446592
62720  0.446592
62752  0.446468
62784  0.446468
62816  0.446468
62848  0.446468
62880  0.446468
62912  0.446468
62944  0.446468
62976  0.446468
63008  0.446468
63040  0.446468
63072  0.446468
63104  0.446468
63136  0.446468
63168  0.446468
63200  0.446468
63232  0.446468
63264  0.446468
63296  0.446468
63328  0.446468
63360  0.446468
63392  0.446468
63424  0.446468
63456  0.446468
63488  0.446468
63520  0.446468
63552  0.446468
63584  0.446468
63616  0.446468
63648  0.446468
63680  0.446468
63712  0.446468
63744  0.446468
63776  0.446468
63808  0.446468
63840  0.446468
63872  0.446468
63904  0.446468
63936  0.446468
63968  0.446468
64000  0.446468
64032  0.446468
64064  0.446468
64096  0.446468
64128  0.446468
64160  0.446468
64192  0.446468
64224  0.446468
64256  0.446468
64288  0.446468
64320  0.446468
64352  0.446468
64384  0.446468
64416  0.446468
64448  0.446468
64480  0.446468
64512  0.446468
64544  0.446468
64576  0.446468
64608  0.446468
64640  0.446468
64672  0.446468
64704  0.446468
64736  0.446468
64768  0.446468
64800  0.446468
64832  0.446468
64864  0.446468
64896  0.446468
64928  0.446468
64960  0.446468
64992  0.446468
65024  0.446468
65056  0.446468
65088  0.446468
65120  0.446468
65152  0.446468
65184  0.446468
65216  0.446468
65248  0.446468
65280  0.446468
65312  0.446468
65344  0.446468
65376  0.446468
65408  0.446468
65440  0.446468
65472  0.446468
65504  0.446468
65536  0.446468
65568  0.446468
65600  0.446468
65632  0.446468
65664  0.446468
65696  0.446468
65728  0.446468
65760  0.446468
65792  0.446355
65824  0.446355
65856  0.446355
65888  0.446355
65920  0.446355
65952  0.446355
65984  0.446355
66016  0.446355
66048  0.446355
66080  0.446355
66112  0.446355
66144  0.446355
66176  0.446355
66208  0.446355
66240  0.446355
66272  0.446355
66304  0.446355
66336  0.446355
66368  0.446355
66400  0.446355
66432  0.446355
66464  0.446355
66496  0.446355
66528  0.446355
66560  0.446355
66592  0.446355
66624  0.446355
66656  0.446355
66688  0.446355
66720  0.446355
66752  0.446355
66784  0.446355
66816  0.446355
66848  0.446355
66880  0.446355
66912  0.446355
66944  0.446355
66976  0.446355
67008  0.446355
67040  0.446355
67072  0.446355
67104  0.446355
67136  0.446355
67168  0.446355
67200  0.446355
67232  0.446355
67264  0.446355
67296  0.446355
67328  0.446355
67360  0.446355
67392  0.446355
67424  0.446355
67456  0.446355
67488  0.446355
67520  0.446355
67552  0.446355
67584  0.446355
67616  0.446355
67648  0.446355
67680  0.446355
67712  0.446355
67744  0.446355
67776  0.446355
67808  0.446355
67840  0.446355
67872  0.446355
67904  0.446355
67936  0.446355
67968  0.446355
68000  0.446355
68032  0.446355
68064  0.446355
68096  0.446355
68128  0.446355
68160  0.446355
68192  0.446355
68224  0.446355
68256  0.446355
68288  0.446355
68320  0.446355
68352  0.446355
68384  0.446355
68416  0.446355
68448  0.446355
68480  0.446355
68512  0.446355
68544  0.446355
68576  0.446355
68608  0.446355
68640  0.446355
68672  0.446355
68704  0.446355
68736  0.446355
68768  0.446355
68800  0.446355
68832  0.446355
68864  0.446355
68896  0.446355
68928  0.446355
68960  0.446355
68992  0.446355
69024  0.446355
69056  0.446355
69088  0.446355
69120  0.446355
69152  0.446355
69184  0.446355
69216  0.446355
69248  0.446355
69280  0.446355
69312  0.446355
69344  0.446355
69376  0.446355
69408  0.446355
69440  0.446355
69472  0.446355
69504  0.446355
69536  0.446355
69568  0.446355
69600  0.446355
69632  0.446355
69664  0.446355
69696  0.446355
69728  0.446355
69760  0.446355
69792  0.446355
69824  0.446246
69856  0.446246
69888  0.446246
69920  0.446246
69952  0.446246
69984  0.446134
70016  0.446134
70048  0.446134
70080  0.446134
70112  0.446134
70144  0.446134
70176  0.446134
70208  0.446134
70240  0.446134
70272  0.446134
70304  0.446134
70336  0.446134
70368  0.446134
70400  0.446134
70432  0.446134
70464  0.446134
70496  0.446134
70528  0.446134
70560  0.446134
70592  0.446134
70624  0.446134
70656  0.446134
70688  0.446134
70720  0.446134
70752  0.446134
70784  0.446134
70816  0.446134
70848  0.446134
70880  0.446134
70912  0.446134
70944  0.446134
70976  0.446134
71008  0.445932
71040  0.445932
71072  0.445932
71104  0.445932
71136  0.445932
71168  0.445932
71200  0.445932
71232  0.445932
71264  0.445932
71296  0.445932
71328  0.445932
71360  0.445932
71392  0.445932
71424  0.445932
71456  0.445932
71488  0.445932
71520  0.445932
71552  0.445932
71584  0.445932
71616  0.445932
71648  0.445932
71680  0.445932
71712  0.44568
71744  0.44568
71776  0.44568
71808  0.44568
71840  0.44568
71872  0.44568
71904  0.44568
71936  0.44568
71968  0.44568
72000  0.44568
72032  0.44568
72064  0.44568
72096  0.44568
72128  0.44568
72160  0.44568
72192  0.44568
72224  0.44568
72256  0.44568
72288  0.44568
72320  0.44568
72352  0.44568
72384  0.44568
72416  0.44568
72448  0.44568
72480  0.44568
72512  0.44568
72544  0.44568
72576  0.44568
72608  0.44568
72640  0.44568
72672  0.44568
72704  0.44568
72736  0.44568
72768  0.44568
72800  0.44568
72832  0.44568
72864  0.445641
72896  0.445641
72928  0.445641
72960  0.445641
72992  0.445641
73024  0.445641
73056  0.445641
73088  0.445641
73120  0.445641
73152  0.445641
73184  0.445641
73216  0.445641
73248  0.445641
73280  0.445641
73312  0.445641
73344  0.445641
73376  0.445641
73408  0.445641
73440  0.445641
73472  0.445641
73504  0.445641
73536  0.445641
73568  0.445641
73600  0.445641
73632  0.445641
73664  0.445641
73696  0.445641
73728  0.445641
73760  0.445641
73792  0.445641
73824  0.445641
73856  0.445641
73888  0.445641
73920  0.445541
73952  0.445541
73984  0.445541
74016  0.445541
74048  0.445541
74080  0.445541
74112  0.445541
74144  0.445541
74176  0.445541
74208  0.445541
74240  0.445541
74272  0.445541
74304  0.445516
74336  0.445516
74368  0.445516
74400  0.445516
74432  0.445516
74464  0.445516
74496  0.445516
74528  0.445516
74560  0.445516
74592  0.445516
74624  0.445516
74656  0.445516
74688  0.445516
74720  0.445516
74752  0.445516
74784  0.445516
74816  0.445516
74848  0.445516
74880  0.445516
74912  0.445516
74944  0.445516
74976  0.445516
75008  0.445516
75040  0.445516
75072  0.445516
75104  0.445516
75136  0.445516
75168  0.445516
75200  0.445516
75232  0.445516
75264  0.445516
75296  0.445516
75328  0.445516
75360  0.445516
75392  0.445516
75424  0.445516
75456  0.445516
75488  0.445516
75520  0.445516
75552  0.445516
75584  0.445516
75616  0.445516
75648  0.445516
75680  0.445516
75712  0.445516
75744  0.445516
75776  0.445516
75808  0.445516
75840  0.445311
75872  0.445311
75904  0.445311
75936  0.445311
75968  0.445311
76000  0.445311
76032  0.445311
76064  0.445311
76096  0.445311
76128  0.445311
76160  0.445311
76192  0.445311
76224  0.445311
76256  0.445311
76288  0.445311
76320  0.445311
76352  0.445311
76384  0.445311
76416  0.445311
76448  0.445311
76480  0.445311
76512  0.445311
76544  0.445311
76576  0.445311
76608  0.445311
76640  0.445311
76672  0.445311
76704  0.445311
76736  0.445311
76768  0.445311
76800  0.445311
76832  0.445311
76864  0.445311
76896  0.445311
76928  0.445311
76960  0.445311
76992  0.445311
77024  0.445311
77056  0.445311
77088  0.445311
77120  0.445311
77152  0.445311
77184  0.445311
77216  0.445311
77248  0.445311
77280  0.445311
77312  0.445311
77344  0.445311
77376  0.445311
77408  0.445311
77440  0.445311
77472  0.445311
77504  0.445311
77536  0.445311
77568  0.445311
77600  0.445139
77632  0.445139
77664  0.445139
77696  0.445139
77728  0.445139
77760  0.445139
77792  0.445139
77824  0.445139
77856  0.445139
77888  0.445139
77920  0.445139
77952  0.445139
77984  0.445139
78016  0.445099
78048  0.445099
78080  0.445099
78112  0.445099
78144  0.445099
78176  0.445099
78208  0.445099
78240  0.445099
78272  0.445099
78304  0.444876
78336  0.444876
78368  0.444876
78400  0.444876
78432  0.444876
78464  0.444876
78496  0.444876
78528  0.444876
78560  0.444876
78592  0.444876
78624  0.444876
78656  0.444876
78688  0.444876
78720  0.444876
78752  0.444876
78784  0.444876
78816  0.444876
78848  0.444876
78880  0.444876
78912  0.444876
78944  0.444876
78976  0.444876
79008  0.444876
79040  0.444876
79072  0.444876
79104  0.444876
79136  0.444876
79168  0.444876
79200  0.444876
79232  0.444876
79264  0.444876
79296  0.444876
79328  0.444876
79360  0.444876
79392  0.444876
79424  0.444876
79456  0.444876
79488  0.444876
79520  0.444876
79552  0.444876
79584  0.444876
79616  0.444876
79648  0.444876
79680  0.444876
79712  0.444876
79744  0.444876
79776  0.444876
79808  0.444876
79840  0.444876
79872  0.444876
79904  0.444876
79936  0.444876
79968  0.444876
80000  0.444876
80032  0.444876
80064  0.444876
80096  0.444876
80128  0.444876
80160  0.444876
80192  0.444876
80224  0.444876
80256  0.444876
80288  0.444876
80320  0.444876
80352  0.444876
80384  0.444876
80416  0.444876
80448  0.444876
80480  0.444876
80512  0.444876
80544  0.444876
80576  0.444876
80608  0.444876
80640  0.444876
80672  0.444876
80704  0.444876
80736  0.444876
80768  0.444876
80800  0.444876
80832  0.444876
80864  0.444876
80896  0.444876
80928  0.444876
80960  0.444876
80992  0.444876
81024  0.444876
81056  0.444876
81088  0.444876
81120  0.444876
81152  0.444876
81184  0.444876
81216  0.444876
81248  0.444876
81280  0.444876
81312  0.444876
81344  0.444876
81376  0.444876
81408  0.444876
81440  0.444876
81472  0.444876
81504  0.444876
81536  0.444876
81568  0.444876
81600  0.444876
81632  0.444876
81664  0.444876
81696  0.444876
81728  0.444876
81760  0.444876
81792  0.444876
81824  0.444876
81856  0.444876
81888  0.444876
81920  0.444876
81952  0.444876
81984  0.444876
82016  0.444876
82048  0.444876
82080  0.444876
82112  0.444876
82144  0.444876
82176  0.444876
82208  0.444876
82240  0.444876
82272  0.444876
82304  0.444876
82336  0.444876
82368  0.444876
82400  0.444876
82432  0.444876
82464  0.444876
82496  0.444876
82528  0.444876
82560  0.444876
82592  0.444876
82624  0.444876
82656  0.444876
82688  0.444876
82720  0.444876
82752  0.444876
82784  0.444876
82816  0.444876
82848  0.444876
82880  0.444876
82912  0.444876
82944  0.444876
82976  0.444876
83008  0.444876
83040  0.444876
83072  0.444876
83104  0.444876
83136  0.444876
83168  0.444876
83200  0.444876
83232  0.444876
83264  0.444876
83296  0.444876
83328  0.444876
83360  0.444876
83392  0.444876
83424  0.444876
83456  0.444876
83488  0.444876
83520  0.444876
83552  0.444876
83584  0.444876
83616  0.444876
83648  0.444876
83680  0.444876
83712  0.444876
83744  0.444876
83776  0.444876
83808  0.444876
83840  0.444876
83872  0.444876
83904  0.444876
83936  0.444876
83968  0.444876
84000  0.444876
84032  0.444876
84064  0.444876
84096  0.444876
84128  0.444876
84160  0.444876
84192  0.444876
84224  0.444876
84256  0.444876
84288  0.444876
84320  0.444876
84352  0.444876
84384  0.444876
84416  0.444876
84448  0.444876
84480  0.444876
84512  0.444876
84544  0.444876
84576  0.444876
84608  0.444876
84640  0.444876
84672  0.444876
84704  0.444876
84736  0.444876
84768  0.444876
84800  0.444876
84832  0.444876
84864  0.444876
84896  0.444876
84928  0.444876
84960  0.444876
84992  0.444876
85024  0.444876
85056  0.444876
85088  0.444876
85120  0.444876
85152  0.444876
85184  0.444876
85216  0.444876
85248  0.444876
85280  0.444876
85312  0.444876
85344  0.444876
85376  0.444876
85408  0.444876
85440  0.444876
85472  0.444876
85504  0.444876
85536  0.444876
85568  0.444876
85600  0.444876
85632  0.444876
85664  0.444876
85696  0.444876
85728  0.444876
85760  0.444876
85792  0.444876
85824  0.444876
85856  0.444876
85888  0.444876
85920  0.444876
85952  0.444876
85984  0.444876
86016  0.444876
86048  0.444876
86080  0.444876
86112  0.444876
86144  0.444876
86176  0.444876
86208  0.444876
86240  0.444876
86272  0.444876
86304  0.444876
86336  0.444876
86368  0.444876
86400  0.444876
86432  0.444876
86464  0.444876
86496  0.444876
86528  0.444876
86560  0.444876
86592  0.444876
86624  0.444876
86656  0.444876
86688  0.444876
86720  0.444876
86752  0.444876
86784  0.444876
86816  0.444876
86848  0.444793
86880  0.444793
86912  0.444793
86944  0.444793
86976  0.444793
87008  0.444793
87040  0.444793
87072  0.444793
87104  0.444793
87136  0.444793
87168  0.444793
87200  0.444793
87232  0.444793
87264  0.444793
87296  0.444793
87328  0.444793
87360  0.444793
87392  0.444793
87424  0.444793
87456  0.444793
87488  0.444793
87520  0.444793
87552  0.444793
87584  0.444793
87616  0.444793
87648  0.444793
87680  0.444763
87712  0.444763
87744  0.444763
87776  0.444763
87808  0.444763
87840  0.444763
87872  0.444763
87904  0.444763
87936  0.444763
87968  0.444763
88000  0.444763
88032  0.444763
88064  0.444763
88096  0.444763
88128  0.444763
88160  0.444763
88192  0.444763
88224  0.444763
88256  0.444763
88288  0.444763
88320  0.444763
88352  0.444763
88384  0.444763
88416  0.444763
88448  0.444763
88480  0.444763
88512  0.444763
88544  0.444763
88576  0.444763
88608  0.444763
88640  0.444763
88672  0.444763
88704  0.444763
88736  0.444756
88768  0.444756
88800  0.444756
88832  0.444756
88864  0.444756
88896  0.444756
88928  0.444756
88960  0.444756
88992  0.444756
89024  0.444756
89056  0.444756
89088  0.444756
89120  0.444756
89152  0.444756
89184  0.444756
89216  0.444756
89248  0.444756
89280  0.444756
89312  0.444756
89344  0.444756
89376  0.444756
89408  0.444756
89440  0.444756
89472  0.444756
89504  0.444756
89536  0.444756
89568  0.444756
89600  0.444756
89632  0.444756
89664  0.444756
89696  0.444756
89728  0.444756
89760  0.444756
89792  0.444494
89824  0.444494
89856  0.444494
89888  0.444494
89920  0.444494
89952  0.444494
89984  0.444494
90016  0.444494
90048  0.444494
90080  0.444494
90112  0.444494
90144  0.444494
90176  0.444494
90208  0.444494
90240  0.444494
90272  0.444494
90304  0.444494
90336  0.444494
90368  0.444494
90400  0.444494
90432  0.444494
90464  0.444494
90496  0.444494
90528  0.444494
90560  0.444494
90592  0.444494
90624  0.444494
90656  0.444494
90688  0.444494
90720  0.444494
90752  0.444494
90784  0.444494
90816  0.444494
90848  0.444494
90880  0.444494
90912  0.444494
90944  0.444494
90976  0.444494
91008  0.444494
91040  0.444494
91072  0.444494
91104  0.444494
91136  0.444494
91168  0.444494
91200  0.444494
91232  0.444494
91264  0.444494
91296  0.444494
91328  0.444494
91360  0.444494
91392  0.444494
91424  0.444494
91456  0.444494
91488  0.444494
91520  0.444494
91552  0.444494
91584  0.444494
91616  0.444494
91648  0.444494
91680  0.444494
91712  0.444494
91744  0.444494
91776  0.444494
91808  0.444494
91840  0.444494
91872  0.444494
91904  0.444494
91936  0.444494
91968  0.444494
92000  0.444494
92032  0.444466
92064  0.444466
92096  0.444466
92128  0.444466
92160  0.444466
92192  0.444466
92224  0.444466
92256  0.444466
92288  0.444466
92320  0.444466
92352  0.444466
92384  0.444466
92416  0.444466
92448  0.444466
92480  0.444466
92512  0.444466
92544  0.444466
92576  0.444466
92608  0.444466
92640  0.444466
92672  0.444466
92704  0.444466
92736  0.444466
92768  0.444466
92800  0.444466
92832  0.444466
92864  0.444466
92896  0.444466
92928  0.444466
92960  0.444466
92992  0.444466
93024  0.444466
93056  0.444466
93088  0.444466
93120  0.444466
93152  0.444466
93184  0.444466
93216  0.444466
93248  0.444466
93280  0.444466
93312  0.444466
93344  0.444466
93376  0.444466
93408  0.444466
93440  0.444466
93472  0.444466
93504  0.444466
93536  0.444466
93568  0.444466
93600  0.444466
93632  0.444466
93664  0.444466
93696  0.444466
93728  0.444466
93760  0.444466
93792  0.444466
93824  0.444466
93856  0.444466
93888  0.444466
93920  0.444466
93952  0.444466
93984  0.444466
94016  0.444466
94048  0.444466
94080  0.444466
94112  0.444424
94144  0.444424
94176  0.444424
94208  0.444424
94240  0.444424
94272  0.444424
94304  0.444424
94336  0.444424
94368  0.444424
94400  0.444424
94432  0.444424
94464  0.444424
94496  0.444424
94528  0.444424
94560  0.444424
94592  0.444424
94624  0.444424
94656  0.444424
94688  0.444424
94720  0.444424
94752  0.444424
94784  0.444424
94816  0.444424
94848  0.444424
94880  0.444424
94912  0.444424
94944  0.444424
94976  0.444424
95008  0.444424
95040  0.444424
95072  0.444424
95104  0.444424
95136  0.444424
95168  0.444424
95200  0.444424
95232  0.444424
95264  0.444424
95296  0.444424
95328  0.444424
95360  0.444424
95392  0.444424
95424  0.444424
95456  0.444424
95488  0.444424
95520  0.444424
95552  0.444424
95584  0.444424
95616  0.444424
95648  0.444424
95680  0.444424
95712  0.444424
95744  0.444424
95776  0.444424
95808  0.444424
95840  0.444424
95872  0.444424
95904  0.444424
95936  0.444424
95968  0.444424
96000  0.444424
96032  0.444424
