Step  Penalty
100  0.472572
200  0.466799
300  0.464878
400  0.464878
500  0.455109
600  0.443915
700  0.439917
800  0.416794
900  0.416794
1000  0.416794
1100  0.395193
1200  0.395193
1300  0.383052
1400  0.377332
1500  0.376248
1600  0.355049
1700  0.355049
1800  0.332998
1900  0.327732
2000  0.308585
2100  0.298336
2200  0.280265
2300  0.279302
2400  0.276752
2500  0.263638
2600  0.260002
2700  0.247865
2800  0.239234
2900  0.230994
3000  0.230994
3100  0.230602
3200  0.220717
3300  0.220655
3400  0.219331
3500  0.211633
3600  0.206284
3700  0.206284
3800  0.202053
3900  0.199859
4000  0.193991
4100  0.193991
4200  0.188039
4300  0.188039
4400  0.188039
4500  0.188039
4600  0.186685
4700  0.185007
4800  0.182848
4900  0.180862
5000  0.17823
5100  0.17823
5200  0.17823
5300  0.17823
5400  0.17823
5500  0.176139
5600  0.176139
5700  0.176139
5800  0.176023
5900  0.176023
6000  0.174095
6100  0.173026
6200  0.173026
6300  0.173026
6400  0.173026
6500  0.171647
6600  0.171647
6700  0.171647
6800  0.171546
6900  0.169784
7000  0.169784
7100  0.169784
7200  0.169784
7300  0.169784
7400  0.169784
7500  0.169784
7600  0.169784
7700  0.169784
7800  0.169784
7900  0.169784
8000  0.168709
8100  0.168709
8200  0.168709
8300  0.168709
8400  0.168709
8500  0.165611
8600  0.165611
8700  0.165611
8800  0.165611
8900  0.165611
9000  0.165611
9100  0.165611
9200  0.165611
9300  0.165611
9400  0.165611
9500  0.165611
9600  0.165611
9700  0.165611
9800  0.165611
9900  0.165611
10000  0.165611
10100  0.165611
10200  0.165611
10300  0.165611
10400  0.165611
10500  0.165611
10600  0.165611
10700  0.165611
10800  0.164668
10900  0.164668
11000  0.164668
11100  0.164668
11200  0.164668
11300  0.164227
11400  0.164227
11500  0.164227
11600  0.164227
11700  0.164227
11800  0.164227
11900  0.164227
12000  0.164227
12100  0.164009
12200  0.164009
12300  0.164009
12400  0.164009
12500  0.164009
12600  0.164009
12700  0.164009
12800  0.164009
12900  0.164009
13000  0.164009
13100  0.164009
13200  0.163338
13300  0.163338
13400  0.163338
13500  0.163338
13600  0.163338
13700  0.163338
13800  0.163338
13900  0.163338
14000  0.163338
14100  0.16311
14200  0.16311
14300  0.16311
14400  0.16311
14500  0.16311
14600  0.16311
14700  0.16311
14800  0.162964
14900  0.162964
15000  0.162964
15100  0.162964
15200  0.162964
15300  0.162964
15400  0.162964
15500  0.162964
15600  0.162964
15700  0.162964
15800  0.162964
15900  0.162964
16000  0.162964
16100  0.162369
16200  0.162369
16300  0.162369
16400  0.162369
16500  0.162369
16600  0.162369
16700  0.162369
16800  0.162369
16900  0.162369
17000  0.162369
17100  0.162316
17200  0.162316
17300  0.162316
17400  0.162309
17500  0.162309
17600  0.162309
17700  0.162309
17800  0.162309
17900  0.162309
18000  0.162309
18100  0.162309
18200  0.162309
18300  0.162309
18400  0.16183
18500  0.16183
18600  0.16183
18700  0.16183
18800  0.16183
18900  0.16183
19000  0.16183
19100  0.16183
19200  0.16183
19300  0.161304
19400  0.161304
19500  0.161304
19600  0.161207
19700  0.161207
19800  0.161207
19900  0.161207
20000  0.161207
20100  0.161207
20200  0.161207
20300  0.161207
20400  0.161207
20500  0.161207
20600  0.161207
20700  0.161207
20800  0.161207
20900  0.161207
21000  0.161207
21100  0.161207
21200  0.161207
21300  0.160933
21400  0.160933
21500  0.160933
21600  0.160933
21700  0.160933
21800  0.160933
21900  0.160933
22000  0.160933
22100  0.160933
22200  0.160933
22300  0.160933
22400  0.160933
22500  0.160933
22600  0.160933
22700  0.160933
22800  0.160933
22900  0.160933
23000  0.160933
23100  0.160933
23200  0.160933
23300  0.160933
23400  0.160933
23500  0.160933
23600  0.160933
23700  0.160933
23800  0.160933
23900  0.160933
24000  0.160933
24100  0.160933
24200  0.160933
24300  0.160706
24400  0.160706
24500  0.160706
24600  0.160706
24700  0.160706
24800  0.160706
24900  0.160706
25000  0.160706
25100  0.160706
25200  0.160706
25300  0.160126
25400  0.160126
25500  0.160126
25600  0.160126
25700  0.160126
25800  0.160126
25900  0.160126
26000  0.160126
26100  0.160126
26200  0.160126
26300  0.160126
26400  0.160126
26500  0.160126
26600  0.160126
26700  0.160126
26800  0.160126
26900  0.160126
27000  0.160126
27100  0.160126
27200  0.160126
27300  0.160126
27400  0.160126
27500  0.160126
27600  0.160126
27700  0.160126
27800  0.160126
27900  0.160126
28000  0.160126
28100  0.160126
28200  0.160126
28300  0.160126
28400  0.160126
28500  0.160126
28600  0.160126
28700  0.160126
28800  0.160126
28900  0.160126
29000  0.16008
29100  0.16008
29200  0.16008
29300  0.16008
29400  0.16008
29500  0.16008
29600  0.16008
29700  0.16008
29800  0.16008
29900  0.16008
30000  0.16008
30100  0.16008
30200  0.16008
30300  0.16008
30400  0.16008
30500  0.16008
30600  0.16008
30700  0.16008
30800  0.16008
30900  0.16008
31000  0.16008
31100  0.16008
31200  0.16008
31300  0.16008
31400  0.16008
31500  0.16008
31600  0.16008
31700  0.16008
31800  0.16008
31900  0.16008
32000  0.16008
32100  0.159135
32200  0.159135
32300  0.159135
32400  0.159135
32500  0.159135
32600  0.159135
32700  0.159135
32800  0.159135
32900  0.159135
33000  0.159135
33100  0.159135
33200  0.159135
33300  0.159135
33400  0.159135
33500  0.159135
33600  0.159135
33700  0.158922
33800  0.158922
33900  0.158922
34000  0.158922
34100  0.158922
34200  0.158922
34300  0.158922
34400  0.158922
34500  0.158922
34600  0.158922
34700  0.158922
34800  0.158922
34900  0.158922
35000  0.158922
35100  0.158922
35200  0.158922
35300  0.158922
35400  0.158922
35500  0.158922
35600  0.158685
35700  0.158685
35800  0.158685
35900  0.158685
36000  0.158685
36100  0.158685
36200  0.158685
36300  0.158685
36400  0.158685
36500  0.158685
36600  0.158685
36700  0.158685
36800  0.158685
36900  0.158524
37000  0.158524
37100  0.158524
37200  0.158524
37300  0.158524
37400  0.158524
37500  0.158524
37600  0.158524
37700  0.158524
37800  0.158524
37900  0.158524
38000  0.158524
38100  0.158524
38200  0.158524
38300  0.158524
38400  0.158524
38500  0.158524
38600  0.158524
38700  0.158524
38800  0.158524
38900  0.158524
39000  0.158524
39100  0.158524
39200  0.158524
39300  0.158524
39400  0.158524
39500  0.158524
39600  0.158524
39700  0.158524
39800  0.158524
39900  0.158524
40000  0.158524
40100  0.158524
40200  0.158524
40300  0.158524
40400  0.158524
40500  0.158524
40600  0.158524
40700  0.158524
40800  0.158524
40900  0.158524
41000  0.158524
41100  0.158524
41200  0.158524
41300  0.158524
41400  0.158524
41500  0.158524
41600  0.158524
41700  0.158524
41800  0.158524
41900  0.158524
42000  0.158524
42100  0.158524
42200  0.158524
42300  0.158524
42400  0.158524
42500  0.158524
42600  0.158524
42700  0.158524
42800  0.158524
42900  0.158524
43000  0.158524
43100  0.158524
43200  0.158524
43300  0.158524
43400  0.158524
43500  0.158524
43600  0.158524
43700  0.158524
43800  0.158524
43900  0.158524
44000  0.158524
44100  0.158524
44200  0.158524
44300  0.158524
44400  0.158524
44500  0.158524
44600  0.158524
44700  0.158524
44800  0.158524
44900  0.158524
45000  0.158524
45100  0.158524
45200  0.158524
45300  0.158524
45400  0.158524
45500  0.158524
45600  0.158524
45700  0.158524
45800  0.158524
45900  0.158262
46000  0.158262
46100  0.158262
46200  0.158262
46300  0.158262
46400  0.158262
46500  0.158262
46600  0.158262
46700  0.158262
46800  0.158262
46900  0.158262
47000  0.158262
47100  0.158262
47200  0.158262
47300  0.158262
47400  0.158262
47500  0.158262
47600  0.158262
47700  0.158262
47800  0.158262
47900  0.158262
48000  0.158262
48100  0.158262
48200  0.158262
48300  0.158262
48400  0.158262
48500  0.158262
48600  0.158262
48700  0.158262
48800  0.158262
48900  0.158262
49000  0.158262
49100  0.158262
49200  0.158262
49300  0.158262
49400  0.158262
49500  0.158262
49600  0.158262
49700  0.158262
49800  0.158262
49900  0.158262
50000  0.158262
50100  0.158262
50200  0.158262
50300  0.158262
50400  0.158262
50500  0.158262
50600  0.158262
50700  0.158262
50800  0.158262
50900  0.158262
51000  0.158262
51100  0.158262
51200  0.158262
51300  0.158262
51400  0.158262
51500  0.158262
51600  0.158262
51700  0.158262
51800  0.158262
51900  0.158262
52000  0.158262
52100  0.158262
52200  0.158262
52300  0.158262
52400  0.158262
52500  0.158262
52600  0.158262
52700  0.158262
52800  0.158262
52900  0.158262
53000  0.158262
53100  0.158262
53200  0.158262
53300  0.158262
53400  0.158262
53500  0.158262
53600  0.158262
53700  0.158262
53800  0.158262
53900  0.158262
54000  0.158262
54100  0.158262
54200  0.158262
54300  0.158262
54400  0.158262
54500  0.158262
54600  0.158262
54700  0.158262
54800  0.158262
54900  0.158262
55000  0.158262
55100  0.158262
55200  0.158262
55300  0.158262
55400  0.158262
55500  0.158262
55600  0.158262
55700  0.158262
55800  0.158262
55900  0.158262
56000  0.158262
56100  0.158262
56200  0.158262
56300  0.158262
56400  0.158262
56500  0.158262
56600  0.158262
56700  0.158262
56800  0.158262
56900  0.158262
57000  0.158262
57100  0.158262
57200  0.158262
57300  0.158262
57400  0.158262
57500  0.158262
57600  0.158262
57700  0.158262
57800  0.158262
57900  0.158262
58000  0.158262
58100  0.158262
58200  0.158262
58300  0.158262
58400  0.158262
58500  0.158262
58600  0.158262
58700  0.158262
58800  0.158262
58900  0.158262
59000  0.158262
59100  0.158262
59200  0.158262
59300  0.158262
59400  0.158262
59500  0.158262
59600  0.158262
59700  0.158262
59800  0.158262
59900  0.158262
60000  0.158262
60100  0.158262
60200  0.158262
60300  0.158262
60400  0.158262
60500  0.158262
60600  0.158262
60700  0.158262
60800  0.158262
60900  0.158262
61000  0.158262
61100  0.158262
61200  0.158262
61300  0.158262
61400  0.158262
61500  0.158262
61600  0.158262
61700  0.158262
61800  0.158262
61900  0.158262
62000  0.158262
62100  0.158262
62200  0.158262
62300  0.158262
62400  0.158262
62500  0.158262
62600  0.158262
62700  0.158262
62800  0.158262
62900  0.158262
63000  0.158262
63100  0.158262
63200  0.158262
63300  0.158262
63400  0.158262
63500  0.158262
63600  0.158262
63700  0.158262
63800  0.158262
63900  0.158262
64000  0.158262
64100  0.158262
64200  0.158262
64300  0.158262
64400  0.158262
64500  0.158262
64600  0.158262
64700  0.158262
64800  0.158262
64900  0.158262
65000  0.158262
65100  0.158262
65200  0.158262
65300  0.158262
65400  0.158262
65500  0.158262
65600  0.158262
65700  0.158262
65800  0.158262
65900  0.158262
66000  0.158262
66100  0.158262
66200  0.158262
66300  0.158262
66400  0.158262
66500  0.158262
66600  0.158262
66700  0.158073
66800  0.158073
66900  0.158073
67000  0.158073
67100  0.158073
67200  0.158073
67300  0.158073
67400  0.158073
67500  0.158073
67600  0.158073
67700  0.158073
67800  0.158073
67900  0.157061
68000  0.157061
68100  0.157061
68200  0.157061
68300  0.157061
68400  0.157061
68500  0.157061
68600  0.157061
68700  0.157061
68800  0.157061
68900  0.157061
69000  0.157061
69100  0.157061
69200  0.157061
69300  0.157061
69400  0.157061
69500  0.157061
69600  0.157061
69700  0.157061
69800  0.157061
69900  0.157061
70000  0.157061
70100  0.157061
70200  0.157061
70300  0.157061
70400  0.157061
70500  0.157061
70600  0.157061
70700  0.157061
70800  0.157061
70900  0.157061
71000  0.157061
71100  0.157061
71200  0.157061
71300  0.157061
71400  0.157061
71500  0.157061
71600  0.157061
71700  0.157061
71800  0.157061
71900  0.157061
72000  0.157061
72100  0.157061
72200  0.157061
72300  0.157061
72400  0.157061
72500  0.157061
72600  0.157061
72700  0.157061
72800  0.157061
72900  0.157061
73000  0.157061
73100  0.157061
73200  0.157061
73300  0.157061
73400  0.157061
73500  0.157061
73600  0.157061
73700  0.157061
73800  0.157061
73900  0.157061
74000  0.157061
74100  0.157061
74200  0.157061
74300  0.157061
74400  0.157061
74500  0.157061
74600  0.157061
74700  0.157061
74800  0.157061
74900  0.157061
75000  0.157061
75100  0.157061
75200  0.157061
75300  0.157061
75400  0.157061
75500  0.157061
75600  0.157061
75700  0.157061
75800  0.157061
75900  0.157061
76000  0.157061
76100  0.157061
76200  0.157061
76300  0.157061
76400  0.157061
76500  0.157061
76600  0.157061
76700  0.157061
76800  0.157061
76900  0.157061
77000  0.157061
77100  0.157061
77200  0.157061
77300  0.157061
77400  0.157061
77500  0.157061
77600  0.157061
77700  0.157061
77800  0.157061
77900  0.157061
78000  0.157061
78100  0.157061
78200  0.157061
78300  0.157061
78400  0.157061
78500  0.157061
78600  0.157061
78700  0.157061
78800  0.157061
78900  0.157061
79000  0.157061
79100  0.157061
79200  0.157061
79300  0.157061
79400  0.157061
79500  0.157061
79600  0.157061
79700  0.157061
79800  0.157061
79900  0.157061
80000  0.157061
80100  0.157061
80200  0.157061
80300  0.157061
80400  0.157061
80500  0.157061
80600  0.157061
80700  0.157061
80800  0.157061
80900  0.157061
81000  0.157061
81100  0.157061
81200  0.157061
81300  0.157061
81400  0.157061
81500  0.157061
81600  0.157061
81700  0.156984
81800  0.156984
81900  0.156984
82000  0.156984
82100  0.156984
82200  0.156984
82300  0.155878
82400  0.155878
82500  0.155878
82600  0.155878
82700  0.155878
82800  0.155878
82900  0.155878
83000  0.155878
83100  0.155878
83200  0.155878
83300  0.155878
83400  0.155878
83500  0.155878
83600  0.155878
83700  0.155878
83800  0.155878
83900  0.155878
84000  0.155878
84100  0.155878
84200  0.155878
84300  0.155878
84400  0.155878
84500  0.155878
84600  0.155878
84700  0.155878
84800  0.155878
84900  0.155878
85000  0.155878
85100  0.155878
85200  0.155878
85300  0.155878
85400  0.155878
85500  0.155878
85600  0.155878
85700  0.155878
85800  0.155878
85900  0.155878
86000  0.155878
86100  0.155878
86200  0.155878
86300  0.155878
86400  0.155878
86500  0.155878
86600  0.155878
86700  0.155878
86800  0.155878
86900  0.155878
87000  0.155878
87100  0.155878
87200  0.155878
87300  0.155878
87400  0.155878
87500  0.155878
87600  0.155878
87700  0.155878
87800  0.155878
87900  0.155878
88000  0.155878
88100  0.155878
88200  0.155878
88300  0.155878
88400  0.155878
88500  0.155878
88600  0.155878
88700  0.155878
88800  0.155878
88900  0.155878
89000  0.155878
89100  0.155878
89200  0.155878
89300  0.155878
89400  0.155878
89500  0.155878
89600  0.155878
89700  0.155878
89800  0.155878
89900  0.155878
90000  0.155878
90100  0.155878
90200  0.155878
90300  0.155878
90400  0.155878
90500  0.155878
90600  0.155878
90700  0.155878
90800  0.155878
90900  0.155878
91000  0.155878
91100  0.155878
91200  0.155878
91300  0.155878
91400  0.155878
91500  0.155878
91600  0.155878
91700  0.155878
91800  0.155878
91900  0.155878
92000  0.155878
92100  0.155878
92200  0.155878
92300  0.155878
92400  0.155878
92500  0.155878
92600  0.155878
92700  0.155878
92800  0.155878
92900  0.155878
93000  0.155878
93100  0.155878
93200  0.155878
93300  0.155878
93400  0.155878
93500  0.155878
93600  0.155878
93700  0.155878
93800  0.155878
93900  0.155878
94000  0.155878
94100  0.155878
94200  0.155878
94300  0.155878
94400  0.155878
94500  0.155878
94600  0.155878
94700  0.155878
94800  0.155878
94900  0.155878
95000  0.155878
95100  0.155878
95200  0.155878
95300  0.155878
95400  0.155878
95500  0.155878
95600  0.155878
95700  0.155878
95800  0.155878
95900  0.155878
96000  0.155878
96100  0.155878
96200  0.155878
96300  0.155878
96400  0.155878
96500  0.155878
96600  0.155878
96700  0.155878
96800  0.155878
96900  0.155878
97000  0.155878
97100  0.155878
97200  0.155878
97300  0.155878
97400  0.155878
97500  0.155878
97600  0.155878
97700  0.155878
97800  0.155878
97900  0.155878
98000  0.155878
98100  0.155878
98200  0.155878
98300  0.155878
98400  0.155878
98500  0.155878
98600  0.155878
98700  0.155878
98800  0.155878
98900  0.155878
99000  0.155878
99100  0.155878
99200  0.155878
99300  0.155878
99400  0.155878
99500  0.155878
99600  0.155878
99700  0.155878
99800  0.155878
99900  0.155878
100000  0.155878
100100  0.155878
100200  0.155878
100300  0.155878
100400  0.155878
100500  0.155878
100600  0.155878
100700  0.155878
100800  0.155878
100900  0.155878
101000  0.155878
101100  0.155878
101200  0.155878
101300  0.155878
101400  0.155878
101500  0.155878
101600  0.155878
101700  0.155878
101800  0.155878
101900  0.155878
102000  0.155878
102100  0.155878
102200  0.155878
102300  0.155878
102400  0.155878
102500  0.155492
102600  0.155492
102700  0.155492
102800  0.155492
102900  0.155492
103000  0.155492
103100  0.155492
103200  0.155492
103300  0.155492
103400  0.155492
103500  0.155492
103600  0.155492
103700  0.155492
103800  0.155492
103900  0.155492
104000  0.155492
104100  0.155492
104200  0.155492
104300  0.155492
104400  0.155492
104500  0.155492
104600  0.155492
104700  0.155492
104800  0.155492
104900  0.155492
105000  0.155492
105100  0.155492
105200  0.155492
105300  0.155492
105400  0.155492
105500  0.155492
105600  0.155492
105700  0.155492
105800  0.155492
105900  0.155492
106000  0.155492
106100  0.155492
106200  0.155492
106300  0.155492
106400  0.155492
106500  0.155492
106600  0.155492
106700  0.155492
106800  0.155492
106900  0.155492
107000  0.155492
107100  0.155492
107200  0.155492
107300  0.155492
107400  0.155492
107500  0.155492
107600  0.155492
107700  0.155492
107800  0.155492
107900  0.155492
108000  0.155492
108100  0.155492
108200  0.155492
108300  0.155492
108400  0.155492
108500  0.155492
108600  0.155492
108700  0.155492
108800  0.155492
108900  0.155492
109000  0.155492
109100  0.155492
109200  0.155492
109300  0.155492
109400  0.155492
109500  0.155492
109600  0.155492
109700  0.155492
109800  0.155492
109900  0.155492
110000  0.155492
110100  0.155492
110200  0.155492
110300  0.155492
110400  0.155492
110500  0.155492
110600  0.155492
110700  0.155492
110800  0.155492
110900  0.155492
111000  0.155492
111100  0.155492
111200  0.155492
111300  0.155492
111400  0.155492
111500  0.155492
111600  0.155492
111700  0.155492
111800  0.155492
111900  0.155492
112000  0.155492
112100  0.155492
112200  0.155492
112300  0.155492
112400  0.155492
112500  0.155492
112600  0.155492
112700  0.155492
112800  0.155492
112900  0.155492
113000  0.155492
113100  0.155492
113200  0.155492
113300  0.155492
113400  0.155492
113500  0.155492
113600  0.155492
113700  0.155492
113800  0.155492
113900  0.155492
114000  0.155492
114100  0.155492
114200  0.155492
114300  0.155492
114400  0.155492
114500  0.155492
114600  0.155492
114700  0.155492
114800  0.155492
114900  0.155492
115000  0.155492
115100  0.155492
115200  0.155492
115300  0.155492
115400  0.155492
115500  0.155492
115600  0.155492
115700  0.155492
115800  0.155492
115900  0.155492
116000  0.155492
116100  0.155492
116200  0.155492
116300  0.155492
116400  0.155492
116500  0.155492
116600  0.155492
116700  0.155492
116800  0.155492
116900  0.155492
117000  0.155492
117100  0.155492
117200  0.155492
117300  0.155492
117400  0.155492
117500  0.155492
117600  0.155492
117700  0.155492
117800  0.155492
117900  0.155492
118000  0.155492
118100  0.155492
118200  0.155492
118300  0.155492
118400  0.155492
118500  0.155492
118600  0.155492
118700  0.155492
118800  0.155492
118900  0.155492
119000  0.155492
119100  0.155492
119200  0.155492
119300  0.155492
119400  0.155492
119500  0.155492
119600  0.155492
119700  0.155492
119800  0.155492
119900  0.155492
120000  0.155492
120100  0.155492
120200  0.155492
120300  0.155492
120400  0.155492
120500  0.155492
120600  0.155492
120700  0.155492
120800  0.155492
120900  0.155492
121000  0.155492
121100  0.155492
121200  0.155492
121300  0.155492
121400  0.155492
121500  0.155492
121600  0.155492
121700  0.155492
121800  0.155492
121900  0.155492
122000  0.155492
122100  0.155492
122200  0.155492
122300  0.155492
122400  0.155492
122500  0.155492
122600  0.155492
122700  0.155492
122800  0.155492
122900  0.155492
123000  0.155492
123100  0.155492
123200  0.155492
123300  0.155492
123400  0.155492
123500  0.155492
123600  0.155492
123700  0.155492
123800  0.155492
123900  0.155492
124000  0.155492
124100  0.155492
124200  0.155492
124300  0.155492
124400  0.155492
124500  0.155492
124600  0.155492
124700  0.155492
124800  0.155492
124900  0.155492
125000  0.155492
125100  0.155492
125200  0.155492
125300  0.155492
125400  0.155492
125500  0.155492
125600  0.155492
125700  0.155492
