Step  Penalty
50  0.530017
100  0.509772
150  0.499568
200  0.492938
250  0.487059
300  0.482291
350  0.477765
400  0.472122
450  0.463978
500  0.453834
550  0.446218
600  0.43763
650  0.426382
700  0.410666
750  0.394583
800  0.383696
850  0.370174
900  0.357115
950  0.3467
1000  0.333585
1050  0.323812
1100  0.31265
1150  0.302231
1200  0.292652
1250  0.280909
1300  0.272244
1350  0.265436
1400  0.257714
1450  0.251099
1500  0.244761
1550  0.238658
1600  0.233363
1650  0.229146
1700  0.224325
1750  0.21906
1800  0.215478
1850  0.211372
1900  0.208547
1950  0.205809
2000  0.202885
2050  0.201075
2100  0.19903
2150  0.196571
2200  0.194308
2250  0.192114
2300  0.189908
2350  0.187622
2400  0.184735
2450  0.182702
2500  0.181674
2550  0.180677
2600  0.179714
2650  0.178638
2700  0.177665
2750  0.176717
2800  0.175557
2850  0.174679
2900  0.173643
2950  0.172949
3000  0.172396
3050  0.171558
3100  0.170626
3150  0.170042
3200  0.169316
3250  0.168936
3300  0.168404
3350  0.167869
3400  0.167166
3450  0.166727
3500  0.166466
3550  0.166004
3600  0.165646
3650  0.165106
3700  0.164726
3750  0.16426
3800  0.163974
3850  0.163727
3900  0.163477
3950  0.163156
4000  0.16287
4050  0.162619
4100  0.162355
4150  0.162065
4200  0.161791
4250  0.16166
4300  0.16155
4350  0.161387
4400  0.1613
4450  0.161214
4500  0.161052
4550  0.160898
4600  0.160798
4650  0.160765
4700  0.160693
4750  0.160564
4800  0.160416
4850  0.160383
4900  0.160343
4950  0.160261
5000  0.160094
5050  0.159984
5100  0.159887
5150  0.159837
5200  0.159727
5250  0.159675
5300  0.159527
5350  0.159379
5400  0.159326
5450  0.159208
5500  0.159146
5550  0.158969
5600  0.158897
5650  0.158711
5700  0.15853
5750  0.158407
5800  0.158218
5850  0.158119
5900  0.158012
5950  0.15793
6000  0.157805
6050  0.157677
6100  0.157626
6150  0.157534
6200  0.157422
6250  0.157343
6300  0.157179
6350  0.157072
6400  0.156986
6450  0.156962
6500  0.15692
6550  0.156876
6600  0.156766
6650  0.15675
6700  0.156709
6750  0.156646
6800  0.156633
6850  0.156602
6900  0.15659
6950  0.156522
7000  0.156501
7050  0.156403
7100  0.156284
7150  0.156264
7200  0.156186
7250  0.156143
7300  0.15608
7350  0.156053
7400  0.155863
7450  0.15583
7500  0.155731
7550  0.155637
7600  0.155565
7650  0.155493
7700  0.155381
7750  0.155191
7800  0.155089
7850  0.155003
7900  0.154797
7950  0.154689
8000  0.154619
8050  0.154466
8100  0.154325
8150  0.15418
8200  0.153992
8250  0.153931
8300  0.153818
8350  0.153686
8400  0.153588
8450  0.153404
8500  0.153323
8550  0.153249
8600  0.153178
8650  0.153123
8700  0.153054
8750  0.15295
8800  0.152832
8850  0.152746
8900  0.152676
8950  0.152602
9000  0.152507
9050  0.152483
9100  0.152425
9150  0.152377
9200  0.152371
9250  0.152312
9300  0.152297
9350  0.152211
9400  0.15217
9450  0.15215
9500  0.152121
9550  0.152115
9600  0.152009
9650  0.151952
9700  0.151934
9750  0.151912
9800  0.151845
9850  0.151845
9900  0.151768
9950  0.151705
10000  0.151671
10050  0.151657
10100  0.151597
10150  0.151561
10200  0.151517
10250  0.151495
10300  0.151433
10350  0.15143
10400  0.151394
10450  0.151362
10500  0.151362
10550  0.151321
10600  0.151275
10650  0.151228
10700  0.151192
10750  0.151184
10800  0.151127
10850  0.151103
10900  0.151103
10950  0.151072
11000  0.151019
11050  0.151013
11100  0.151
11150  0.151
11200  0.150988
11250  0.150951
11300  0.150919
11350  0.150898
11400  0.150832
11450  0.15082
11500  0.15081
11550  0.150784
11600  0.150747
11650  0.150738
11700  0.150718
11750  0.150661
11800  0.150625
11850  0.150619
11900  0.150578
11950  0.150578
12000  0.150532
12050  0.150525
12100  0.150463
12150  0.150442
12200  0.150427
12250  0.150412
12300  0.150401
12350  0.150365
12400  0.150344
12450  0.150317
12500  0.150317
12550  0.150293
12600  0.150292
12650  0.150208
12700  0.150127
12750  0.150117
12800  0.150097
12850  0.150082
12900  0.150038
12950  0.150034
13000  0.150011
13050  0.149965
13100  0.149931
13150  0.14988
13200  0.149866
13250  0.149839
13300  0.149803
13350  0.149768
13400  0.149712
13450  0.149666
13500  0.149612
13550  0.149603
13600  0.149586
13650  0.149569
13700  0.14952
13750  0.149502
13800  0.149483
13850  0.149457
13900  0.149429
13950  0.149401
14000  0.149368
14050  0.149368
14100  0.149314
14150  0.149293
14200  0.149286
14250  0.149286
14300  0.149254
14350  0.149253
14400  0.149232
14450  0.149204
14500  0.149195
14550  0.149166
14600  0.149158
14650  0.149158
14700  0.149135
14750  0.149106
14800  0.149096
14850  0.149092
14900  0.149092
14950  0.149074
15000  0.149066
15050  0.149031
15100  0.14901
15150  0.149008
15200  0.149001
15250  0.14899
15300  0.14898
15350  0.14898
15400  0.148959
15450  0.148942
15500  0.148942
15550  0.148942
15600  0.148941
15650  0.148925
15700  0.148898
15750  0.148873
15800  0.148848
15850  0.148848
15900  0.148848
15950  0.148848
16000  0.148834
16050  0.148819
16100  0.148805
16150  0.148805
16200  0.148802
16250  0.148785
16300  0.14874
16350  0.14874
16400  0.14874
16450  0.148735
16500  0.14872
16550  0.14872
16600  0.14872
16650  0.148705
16700  0.148702
16750  0.148667
16800  0.148666
16850  0.148655
16900  0.148652
16950  0.148635
17000  0.148623
17050  0.148603
17100  0.148603
17150  0.148603
17200  0.148594
17250  0.14858
17300  0.148572
17350  0.148572
17400  0.148539
17450  0.148533
17500  0.148518
17550  0.148518
17600  0.148511
17650  0.148511
17700  0.148487
17750  0.148469
17800  0.148469
17850  0.148462
17900  0.148461
17950  0.148449
18000  0.148442
18050  0.148433
18100  0.1484
18150  0.148374
18200  0.148364
18250  0.148347
18300  0.148301
18350  0.14829
18400  0.148289
18450  0.148287
18500  0.148287
18550  0.148287
18600  0.148283
18650  0.148283
18700  0.148273
18750  0.14826
18800  0.148219
18850  0.148219
18900  0.148214
18950  0.148209
19000  0.148207
19050  0.148178
19100  0.148152
19150  0.14815
19200  0.14815
19250  0.14815
19300  0.14815
19350  0.14815
19400  0.148139
19450  0.148129
19500  0.148129
19550  0.148129
19600  0.148121
19650  0.148109
19700  0.148092
19750  0.148091
19800  0.148091
19850  0.148091
19900  0.148071
19950  0.148072
20000  0.148072
20050  0.148063
20100  0.148052
20150  0.148019
20200  0.148019
20250  0.148
20300  0.147994
20350  0.147994
20400  0.147994
20450  0.147994
20500  0.147979
20550  0.147979
20600  0.147966
20650  0.147951
20700  0.147951
20750  0.147951
20800  0.147951
20850  0.147951
20900  0.147946
20950  0.147935
21000  0.147935
21050  0.147931
21100  0.147931
21150  0.147927
21200  0.147885
21250  0.147864
21300  0.147864
21350  0.147837
21400  0.147835
21450  0.147835
21500  0.147817
21550  0.147817
21600  0.147803
21650  0.147791
21700  0.147791
21750  0.147791
21800  0.147791
21850  0.147791
21900  0.147775
21950  0.147775
22000  0.147773
22050  0.14775
22100  0.14775
22150  0.147748
22200  0.147748
22250  0.147748
22300  0.147738
22350  0.147664
22400  0.147647
22450  0.147647
22500  0.147647
22550  0.147597
22600  0.147597
22650  0.147597
22700  0.147585
22750  0.147538
22800  0.147538
22850  0.147538
22900  0.147538
22950  0.147493
23000  0.14749
23050  0.147487
23100  0.147472
23150  0.147472
23200  0.14747
23250  0.147465
23300  0.147465
23350  0.147462
23400  0.147433
23450  0.147421
23500  0.14739
23550  0.147342
23600  0.147326
23650  0.147308
23700  0.14728
23750  0.14728
23800  0.147257
23850  0.147246
23900  0.147246
23950  0.147242
24000  0.147242
24050  0.147242
24100  0.147204
24150  0.147172
24200  0.147145
24250  0.147115
24300  0.147115
24350  0.147111
24400  0.147103
24450  0.147103
24500  0.147103
24550  0.147092
24600  0.147052
24650  0.14705
24700  0.147043
24750  0.147043
24800  0.147043
24850  0.147041
24900  0.147023
24950  0.147023
25000  0.147023
25050  0.147023
25100  0.147023
25150  0.147017
25200  0.146987
25250  0.146972
25300  0.146972
25350  0.146958
25400  0.146958
25450  0.146952
25500  0.146952
25550  0.146952
25600  0.146947
25650  0.146947
25700  0.146947
25750  0.146945
25800  0.146925
25850  0.146925
25900  0.146925
25950  0.146913
26000  0.146913
26050  0.1469
26100  0.146893
26150  0.146892
26200  0.146893
26250  0.146887
26300  0.146887
26350  0.146887
26400  0.146868
26450  0.146864
26500  0.146864
26550  0.146855
26600  0.146836
26650  0.146784
26700  0.14678
26750  0.146772
26800  0.146767
26850  0.146767
26900  0.146767
26950  0.146767
27000  0.146767
27050  0.146767
27100  0.146746
27150  0.146742
27200  0.146742
27250  0.146722
27300  0.146722
27350  0.146721
27400  0.146698
27450  0.146698
27500  0.146684
27550  0.146684
27600  0.146677
27650  0.146675
27700  0.146652
27750  0.14665
27800  0.14665
27850  0.14665
27900  0.146639
27950  0.146634
28000  0.146607
28050  0.146607
28100  0.146581
28150  0.146554
28200  0.146553
28250  0.146539
28300  0.146536
28350  0.146533
28400  0.146533
28450  0.146532
28500  0.146532
28550  0.146526
28600  0.146514
28650  0.146514
28700  0.146509
28750  0.1465
28800  0.146488
28850  0.146484
28900  0.146481
28950  0.146473
29000  0.146472
29050  0.146472
29100  0.146472
29150  0.146459
29200  0.146452
29250  0.146445
29300  0.146431
29350  0.146431
29400  0.146426
29450  0.146426
29500  0.146426
29550  0.146413
29600  0.146413
29650  0.146413
29700  0.146409
29750  0.146407
29800  0.146391
29850  0.146386
29900  0.146379
29950  0.146379
30000  0.146369
30050  0.146369
30100  0.146369
30150  0.14636
30200  0.146355
30250  0.146354
30300  0.146354
30350  0.146342
30400  0.146326
30450  0.146305
30500  0.146305
30550  0.146279
30600  0.146277
30650  0.146277
30700  0.146277
30750  0.146267
30800  0.146261
30850  0.146261
30900  0.146261
30950  0.14624
31000  0.14624
31050  0.146232
31100  0.146232
31150  0.146229
31200  0.146229
31250  0.146229
31300  0.146212
31350  0.146212
31400  0.146212
31450  0.146183
31500  0.146164
31550  0.146164
31600  0.146145
31650  0.146145
31700  0.146135
31750  0.146135
31800  0.146135
31850  0.146135
31900  0.146135
31950  0.146122
32000  0.146122
32050  0.146121
32100  0.146122
32150  0.146091
32200  0.146091
32250  0.146091
32300  0.146091
32350  0.146084
32400  0.14608
32450  0.146068
32500  0.146068
32550  0.14605
32600  0.146044
32650  0.146044
32700  0.146044
32750  0.146044
32800  0.146011
32850  0.146011
32900  0.146003
32950  0.146
33000  0.145994
33050  0.145992
33100  0.145992
33150  0.145978
33200  0.145978
33250  0.145978
33300  0.145978
33350  0.145946
33400  0.145946
33450  0.145927
33500  0.145927
33550  0.145927
33600  0.145927
33650  0.145927
33700  0.145927
33750  0.145915
33800  0.145903
33850  0.145888
33900  0.145888
33950  0.145888
34000  0.14584
34050  0.14584
34100  0.14584
34150  0.145801
34200  0.145801
34250  0.145801
34300  0.145801
34350  0.145801
34400  0.145801
34450  0.145801
34500  0.145801
34550  0.145785
34600  0.145785
34650  0.145785
34700  0.145745
34750  0.145745
34800  0.145745
34850  0.145745
34900  0.145744
34950  0.145737
35000  0.145729
35050  0.145729
35100  0.145718
35150  0.145718
35200  0.145706
35250  0.145706
35300  0.145707
35350  0.1457
35400  0.145681
35450  0.145681
35500  0.145678
35550  0.145678
35600  0.145667
35650  0.145646
35700  0.145622
35750  0.145596
35800  0.145596
35850  0.145596
35900  0.145596
35950  0.145596
36000  0.145579
36050  0.145579
36100  0.145575
36150  0.145575
36200  0.145575
36250  0.145575
36300  0.145575
36350  0.145555
36400  0.145555
36450  0.145555
36500  0.145555
36550  0.145555
36600  0.145555
36650  0.145555
36700  0.145553
36750  0.145539
36800  0.145539
36850  0.145532
36900  0.145532
36950  0.145532
37000  0.145532
37050  0.145532
37100  0.145533
37150  0.145511
37200  0.145511
37250  0.145511
37300  0.145511
37350  0.145511
37400  0.145511
37450  0.145509
37500  0.145496
37550  0.145496
37600  0.145496
37650  0.145496
37700  0.145495
37750  0.145495
37800  0.145495
37850  0.145491
37900  0.14549
37950  0.145437
38000  0.145437
38050  0.145437
38100  0.14543
38150  0.14543
38200  0.145411
38250  0.145411
38300  0.145401
38350  0.145401
38400  0.145401
38450  0.145401
38500  0.145393
38550  0.145388
38600  0.145388
38650  0.145382
38700  0.145382
38750  0.145382
38800  0.145377
38850  0.145377
38900  0.145369
38950  0.145369
39000  0.145369
39050  0.145369
39100  0.145369
39150  0.145366
39200  0.145366
39250  0.145359
39300  0.145338
39350  0.145338
39400  0.145334
39450  0.145334
39500  0.145334
39550  0.14532
39600  0.14532
39650  0.14532
39700  0.14532
39750  0.14532
39800  0.145313
39850  0.145313
39900  0.145313
39950  0.145284
40000  0.145265
40050  0.145265
40100  0.145265
40150  0.145265
40200  0.145265
40250  0.145265
40300  0.145265
40350  0.145262
40400  0.145262
40450  0.145262
40500  0.145262
40550  0.145262
40600  0.145262
40650  0.145257
40700  0.145245
40750  0.145245
40800  0.145232
40850  0.145232
40900  0.145232
40950  0.145232
41000  0.145232
41050  0.145232
41100  0.145193
41150  0.145193
41200  0.145193
41250  0.145185
41300  0.145167
41350  0.145167
41400  0.145159
41450  0.145159
41500  0.145159
41550  0.145159
41600  0.145159
41650  0.145159
41700  0.145159
41750  0.145159
41800  0.145159
41850  0.145159
41900  0.145159
41950  0.145159
42000  0.145159
42050  0.145158
42100  0.145158
42150  0.145151
42200  0.145151
42250  0.145147
42300  0.145136
42350  0.145132
42400  0.145132
42450  0.145098
42500  0.145096
42550  0.145096
42600  0.145094
42650  0.145094
42700  0.145094
42750  0.145094
42800  0.145088
42850  0.145088
42900  0.145088
42950  0.145077
43000  0.145077
43050  0.145077
43100  0.145064
43150  0.145065
43200  0.145047
43250  0.145047
43300  0.145047
43350  0.145047
43400  0.145047
43450  0.145047
43500  0.14504
43550  0.14504
43600  0.14504
43650  0.14504
43700  0.14504
43750  0.14504
43800  0.14504
43850  0.14504
43900  0.145034
43950  0.145034
44000  0.145033
44050  0.145033
44100  0.145033
44150  0.145033
44200  0.145033
44250  0.145033
44300  0.145033
44350  0.14502
44400  0.14502
44450  0.14502
44500  0.145015
44550  0.145015
44600  0.145015
44650  0.145015
44700  0.145015
44750  0.145015
44800  0.145013
44850  0.145013
44900  0.145013
44950  0.145013
45000  0.145013
45050  0.145013
45100  0.145013
45150  0.14501
45200  0.145001
45250  0.144973
45300  0.144973
45350  0.144973
45400  0.144973
45450  0.14497
45500  0.14497
45550  0.144971
45600  0.144971
45650  0.144971
45700  0.144928
45750  0.144921
45800  0.144921
45850  0.144919
45900  0.144919
45950  0.144919
46000  0.144919
46050  0.144919
46100  0.144919
46150  0.144901
46200  0.144901
46250  0.144901
46300  0.144895
46350  0.144895
46400  0.144895
46450  0.144895
46500  0.144892
46550  0.144885
46600  0.144885
46650  0.144885
46700  0.144885
46750  0.144885
46800  0.144885
46850  0.144885
46900  0.144885
46950  0.144885
47000  0.144876
47050  0.144876
47100  0.144872
47150  0.14486
47200  0.14486
47250  0.144855
47300  0.144826
47350  0.144807
47400  0.144803
47450  0.144799
47500  0.144799
47550  0.144799
47600  0.144799
47650  0.144799
47700  0.144799
47750  0.144799
47800  0.144799
47850  0.144776
47900  0.144776
47950  0.144776
48000  0.144766
48050  0.144764
48100  0.144751
48150  0.144751
48200  0.144751
48250  0.144751
48300  0.144751
48350  0.144751
48400  0.144707
48450  0.144694
48500  0.144694
48550  0.144694
48600  0.144681
48650  0.144681
48700  0.144674
48750  0.144674
48800  0.144674
48850  0.144674
48900  0.144674
48950  0.144665
49000  0.144665
49050  0.144665
49100  0.144656
49150  0.144656
49200  0.144656
49250  0.144627
49300  0.144616
49350  0.144616
49400  0.144616
49450  0.144616
49500  0.144616
49550  0.144615
49600  0.144612
49650  0.144612
49700  0.144612
49750  0.144612
49800  0.144612
49850  0.144596
49900  0.144588
49950  0.144587
50000  0.144587
50050  0.144581
50100  0.144581
50150  0.144581
50200  0.144581
50250  0.144581
50300  0.144581
50350  0.144581
50400  0.144581
50450  0.144581
50500  0.144581
50550  0.144581
50600  0.144581
50650  0.144581
50700  0.144581
50750  0.144581
50800  0.144581
50850  0.144581
50900  0.144581
50950  0.144575
51000  0.144575
51050  0.144572
51100  0.144572
51150  0.144572
51200  0.144572
51250  0.14457
51300  0.14457
51350  0.14457
51400  0.14457
51450  0.144559
51500  0.144559
51550  0.144559
51600  0.144547
51650  0.144547
51700  0.144547
51750  0.144547
51800  0.144542
51850  0.144542
51900  0.144535
51950  0.144535
52000  0.144535
52050  0.144535
52100  0.144535
52150  0.14453
52200  0.14453
52250  0.14453
52300  0.144522
52350  0.144522
52400  0.144522
52450  0.144522
52500  0.144522
52550  0.144519
52600  0.144514
52650  0.144514
52700  0.144514
52750  0.144514
52800  0.14451
52850  0.14451
52900  0.14451
52950  0.144488
53000  0.144488
53050  0.144488
53100  0.144488
53150  0.144488
53200  0.144488
53250  0.144488
53300  0.144488
53350  0.144488
53400  0.144483
53450  0.144483
53500  0.144483
53550  0.144483
53600  0.144464
53650  0.144464
53700  0.144464
53750  0.144464
53800  0.144464
53850  0.144464
53900  0.144464
53950  0.144464
54000  0.14445
54050  0.14445
54100  0.14445
54150  0.14445
54200  0.14445
54250  0.144438
54300  0.144438
54350  0.144438
54400  0.144438
54450  0.144438
54500  0.144438
54550  0.144438
54600  0.144438
54650  0.144438
54700  0.144438
54750  0.144438
54800  0.144438
54850  0.144438
54900  0.144438
54950  0.144438
55000  0.144438
55050  0.144438
55100  0.144438
55150  0.144438
55200  0.144438
55250  0.144424
55300  0.144424
55350  0.144424
55400  0.144422
55450  0.144422
55500  0.144422
55550  0.144422
55600  0.14442
55650  0.14442
55700  0.14442
55750  0.144402
55800  0.144402
55850  0.144402
55900  0.144402
55950  0.144402
56000  0.144402
56050  0.144397
56100  0.144397
56150  0.144398
56200  0.144398
56250  0.144398
56300  0.144398
56350  0.144398
56400  0.144396
56450  0.144396
56500  0.144396
56550  0.144396
56600  0.144396
56650  0.144382
56700  0.144382
56750  0.144382
56800  0.144382
56850  0.144382
56900  0.144382
56950  0.144382
57000  0.144382
57050  0.144372
57100  0.144372
57150  0.144372
57200  0.144369
57250  0.144362
57300  0.144362
57350  0.144362
57400  0.144362
57450  0.144362
57500  0.144362
57550  0.144351
57600  0.144352
57650  0.144352
57700  0.144352
57750  0.144352
57800  0.144352
57850  0.144352
57900  0.144351
57950  0.144316
58000  0.144316
58050  0.144316
58100  0.144316
58150  0.144316
58200  0.144316
58250  0.144316
58300  0.144316
58350  0.144316
58400  0.144316
58450  0.144308
58500  0.144308
58550  0.144308
58600  0.144308
58650  0.144295
58700  0.144295
58750  0.144271
58800  0.14427
58850  0.14427
58900  0.14427
58950  0.14427
59000  0.14427
59050  0.14427
59100  0.144267
59150  0.144267
59200  0.144267
59250  0.144267
59300  0.144267
59350  0.144267
59400  0.144254
59450  0.144254
59500  0.144243
59550  0.144235
59600  0.144222
59650  0.144206
59700  0.144206
59750  0.144206
59800  0.144203
59850  0.144196
59900  0.144196
59950  0.144187
60000  0.144187
60050  0.144187
60100  0.144187
60150  0.144187
60200  0.144181
60250  0.144181
60300  0.144153
60350  0.144143
60400  0.144143
60450  0.144143
60500  0.144143
60550  0.144143
60600  0.14413
60650  0.14413
60700  0.14413
60750  0.14413
60800  0.14413
60850  0.14413
60900  0.14413
60950  0.14413
61000  0.14413
61050  0.14413
61100  0.144128
61150  0.144128
61200  0.144128
61250  0.144123
61300  0.144123
61350  0.144123
61400  0.144123
61450  0.144123
61500  0.144123
61550  0.144123
61600  0.144123
61650  0.144115
61700  0.144115
61750  0.144115
61800  0.144115
61850  0.144115
61900  0.144115
61950  0.144115
62000  0.144115
62050  0.144115
62100  0.144107
62150  0.144107
62200  0.144107
62250  0.144107
62300  0.144107
62350  0.144107
62400  0.144107
62450  0.144107
62500  0.144107
62550  0.144107
62600  0.144107
62650  0.144103
62700  0.144103
62750  0.144079
62800  0.144079
62850  0.144079
62900  0.144073
62950  0.144073
63000  0.144073
63050  0.144065
63100  0.144065
63150  0.144065
63200  0.144065
63250  0.144055
63300  0.144055
63350  0.144038
63400  0.144038
63450  0.144038
63500  0.144038
63550  0.144038
63600  0.144038
63650  0.144038
63700  0.144038
63750  0.144038
63800  0.144037
63850  0.144037
63900  0.144037
63950  0.144037
64000  0.144037
64050  0.144037
64100  0.144023
64150  0.144023
64200  0.144023
64250  0.144016
64300  0.144016
64350  0.144016
64400  0.144014
64450  0.144014
64500  0.143996
64550  0.143996
64600  0.143996
64650  0.143996
64700  0.143982
64750  0.143979
64800  0.143979
64850  0.143979
64900  0.143958
64950  0.143958
65000  0.143958
65050  0.143958
65100  0.143958
65150  0.143958
65200  0.143958
65250  0.143958
65300  0.143958
65350  0.143958
65400  0.143958
65450  0.143958
65500  0.143958
65550  0.143958
65600  0.143958
65650  0.143956
65700  0.143956
65750  0.143956
65800  0.143956
65850  0.143956
65900  0.143956
65950  0.143956
66000  0.143952
66050  0.143951
66100  0.143947
66150  0.143947
66200  0.143947
66250  0.143936
66300  0.143936
66350  0.143936
66400  0.143936
66450  0.143919
66500  0.143919
66550  0.143919
66600  0.143919
66650  0.143919
66700  0.143919
66750  0.143919
66800  0.143919
66850  0.143919
66900  0.143919
66950  0.143919
67000  0.143919
67050  0.143919
67100  0.143919
67150  0.143919
67200  0.143919
67250  0.143919
67300  0.143919
67350  0.143919
67400  0.143919
67450  0.143919
67500  0.143919
67550  0.143919
67600  0.143919
67650  0.143918
67700  0.143918
67750  0.143918
67800  0.143918
67850  0.14391
67900  0.143906
67950  0.143906
68000  0.143906
68050  0.143906
68100  0.143906
68150  0.143906
68200  0.143906
68250  0.143906
68300  0.143906
68350  0.143906
68400  0.143906
68450  0.143906
68500  0.143906
68550  0.143906
68600  0.143906
68650  0.143906
68700  0.143906
68750  0.143906
68800  0.143906
68850  0.143902
68900  0.143902
68950  0.143902
69000  0.143902
69050  0.143892
69100  0.143892
69150  0.143881
69200  0.143881
69250  0.143881
69300  0.143881
69350  0.143878
69400  0.143878
69450  0.143877
69500  0.143877
69550  0.143877
69600  0.143877
69650  0.143876
69700  0.143876
69750  0.143861
69800  0.143861
69850  0.143861
69900  0.143861
69950  0.143861
70000  0.143861
70050  0.143851
70100  0.14385
70150  0.143843
70200  0.143843
70250  0.143843
70300  0.143843
70350  0.143843
70400  0.143843
70450  0.143843
70500  0.143843
70550  0.143843
70600  0.143843
70650  0.143843
70700  0.143843
70750  0.143843
70800  0.143843
70850  0.143843
70900  0.143843
70950  0.143843
71000  0.143834
71050  0.143832
71100  0.143829
71150  0.143827
71200  0.143827
71250  0.143827
71300  0.143821
71350  0.143821
71400  0.143808
71450  0.143808
71500  0.143808
71550  0.143808
71600  0.143808
71650  0.143795
71700  0.143785
71750  0.143785
71800  0.143785
71850  0.143785
71900  0.143785
71950  0.143785
72000  0.143785
72050  0.143785
72100  0.143783
72150  0.143783
72200  0.143783
72250  0.143783
72300  0.143783
72350  0.143783
72400  0.143783
72450  0.143783
72500  0.143783
72550  0.143783
72600  0.143783
72650  0.143783
72700  0.143783
72750  0.143783
72800  0.143771
72850  0.143771
72900  0.143771
72950  0.14377
73000  0.143765
73050  0.143765
73100  0.143765
73150  0.143765
73200  0.143765
73250  0.143765
73300  0.143765
73350  0.143765
73400  0.143765
73450  0.143765
73500  0.143765
73550  0.143765
73600  0.143757
73650  0.143757
73700  0.143757
73750  0.143757
73800  0.143753
73850  0.143747
73900  0.143747
73950  0.143747
74000  0.143745
74050  0.143739
74100  0.143739
74150  0.143739
74200  0.143739
74250  0.143737
74300  0.143737
74350  0.143737
74400  0.143737
74450  0.143737
74500  0.143737
74550  0.143737
74600  0.143737
74650  0.143737
74700  0.143737
74750  0.143697
74800  0.143696
74850  0.143696
74900  0.143696
74950  0.143696
75000  0.143684
75050  0.143684
75100  0.143684
75150  0.143683
75200  0.143679
75250  0.143679
75300  0.143679
75350  0.143679
75400  0.143679
75450  0.143679
75500  0.143679
75550  0.143679
75600  0.143667
75650  0.143667
75700  0.143662
75750  0.143642
75800  0.143635
75850  0.143622
75900  0.143622
75950  0.14361
76000  0.14361
76050  0.14361
76100  0.14361
76150  0.14361
76200  0.143601
76250  0.143601
76300  0.143601
76350  0.143601
76400  0.143601
76450  0.143575
76500  0.143575
76550  0.143575
76600  0.143575
76650  0.143571
76700  0.14357
76750  0.14357
76800  0.143566
76850  0.143566
76900  0.143566
76950  0.143566
77000  0.143566
77050  0.143566
77100  0.143562
77150  0.143562
77200  0.143562
77250  0.143562
77300  0.143562
77350  0.143562
77400  0.143562
77450  0.143562
77500  0.143562
77550  0.143562
77600  0.143558
77650  0.143558
77700  0.143558
77750  0.143558
77800  0.143558
77850  0.143546
77900  0.143546
77950  0.143546
78000  0.143545
78050  0.143545
78100  0.143544
78150  0.143544
78200  0.143544
78250  0.143544
78300  0.143544
78350  0.143544
78400  0.143544
78450  0.143544
78500  0.143544
78550  0.143544
78600  0.143544
78650  0.143544
78700  0.143544
78750  0.143527
78800  0.143527
78850  0.143527
78900  0.143527
78950  0.143526
79000  0.143526
79050  0.143526
79100  0.143519
79150  0.143519
79200  0.143519
79250  0.143519
79300  0.143519
79350  0.143519
79400  0.143519
79450  0.143519
79500  0.143519
79550  0.143519
79600  0.143519
79650  0.143516
79700  0.143516
79750  0.143514
79800  0.143514
79850  0.143514
79900  0.143514
79950  0.143514
80000  0.143514
80050  0.143514
80100  0.143514
80150  0.143514
80200  0.143514
80250  0.143514
80300  0.143514
80350  0.143514
80400  0.143516
80450  0.143516
80500  0.143516
80550  0.143502
80600  0.143502
80650  0.143502
80700  0.143502
80750  0.143502
80800  0.143502
80850  0.143502
80900  0.143498
80950  0.143498
81000  0.143494
81050  0.143494
81100  0.143494
81150  0.143494
81200  0.143494
81250  0.143493
81300  0.143493
81350  0.143493
81400  0.143493
81450  0.143483
81500  0.143483
81550  0.143483
81600  0.143483
81650  0.143483
81700  0.143483
81750  0.143483
81800  0.143483
81850  0.143483
81900  0.143483
81950  0.143483
82000  0.143483
82050  0.143483
82100  0.143483
82150  0.143483
82200  0.143483
82250  0.143483
82300  0.143483
82350  0.143483
82400  0.143483
82450  0.143483
82500  0.143483
82550  0.143483
82600  0.143483
82650  0.143483
82700  0.143483
82750  0.143484
82800  0.143484
82850  0.143484
82900  0.143484
82950  0.143484
83000  0.143484
83050  0.143484
83100  0.143484
83150  0.143484
83200  0.143484
83250  0.143484
83300  0.143484
83350  0.143484
83400  0.143484
83450  0.143484
83500  0.143484
83550  0.14348
83600  0.143477
83650  0.143462
83700  0.143459
83750  0.143444
83800  0.143436
83850  0.143436
83900  0.143436
83950  0.143436
84000  0.143436
84050  0.143436
84100  0.143436
84150  0.143436
84200  0.143436
84250  0.143436
84300  0.143436
84350  0.143436
84400  0.143436
84450  0.143436
84500  0.143436
84550  0.143436
84600  0.143436
84650  0.143436
84700  0.143436
84750  0.143436
84800  0.143436
84850  0.143436
84900  0.143435
84950  0.143435
85000  0.143435
85050  0.143435
85100  0.143435
85150  0.143435
85200  0.143435
85250  0.143435
85300  0.143435
85350  0.143435
85400  0.143435
85450  0.143435
85500  0.143435
85550  0.143435
85600  0.143435
85650  0.143423
85700  0.143423
85750  0.143423
85800  0.143423
85850  0.143417
85900  0.143417
85950  0.143417
86000  0.143417
86050  0.143417
86100  0.143417
86150  0.143417
86200  0.143417
86250  0.143417
86300  0.143417
86350  0.143417
86400  0.143417
86450  0.143417
86500  0.143417
86550  0.143417
86600  0.143417
86650  0.143417
86700  0.143415
86750  0.143415
86800  0.143415
86850  0.143415
86900  0.143415
86950  0.143415
87000  0.143415
87050  0.143415
87100  0.143415
87150  0.143415
87200  0.143415
87250  0.143407
87300  0.143407
87350  0.143403
87400  0.143403
87450  0.143403
87500  0.143403
87550  0.1434
87600  0.1434
87650  0.1434
87700  0.1434
87750  0.1434
87800  0.1434
87850  0.1434
87900  0.1434
87950  0.1434
88000  0.1434
88050  0.1434
88100  0.1434
88150  0.1434
88200  0.1434
88250  0.1434
88300  0.1434
88350  0.1434
88400  0.1434
88450  0.143397
88500  0.143397
88550  0.143397
88600  0.143397
88650  0.143397
88700  0.143397
88750  0.143397
88800  0.143397
88850  0.143397
88900  0.143397
88950  0.143397
89000  0.143397
89050  0.143397
89100  0.143397
89150  0.143397
89200  0.143397
89250  0.143397
89300  0.143397
89350  0.143393
89400  0.143393
89450  0.143393
89500  0.143384
89550  0.143384
89600  0.143384
89650  0.143384
89700  0.143378
89750  0.143377
89800  0.143365
89850  0.143365
89900  0.143365
89950  0.143365
90000  0.143365
90050  0.143365
90100  0.143365
90150  0.143365
90200  0.143365
90250  0.143365
90300  0.143365
90350  0.143365
90400  0.143365
90450  0.143365
90500  0.143365
90550  0.143365
90600  0.143365
90650  0.143365
90700  0.143365
90750  0.143365
90800  0.143365
90850  0.143365
90900  0.143365
90950  0.143365
91000  0.143365
91050  0.143347
91100  0.143347
91150  0.143347
91200  0.143347
91250  0.143347
91300  0.143337
91350  0.143337
91400  0.143337
91450  0.143319
91500  0.143319
91550  0.143319
91600  0.143319
91650  0.143319
91700  0.143319
91750  0.143319
91800  0.143319
91850  0.143319
91900  0.143319
91950  0.143319
92000  0.143319
92050  0.143319
92100  0.143319
92150  0.143319
92200  0.143319
92250  0.143319
92300  0.143319
92350  0.143319
92400  0.143319
92450  0.143319
92500  0.143319
92550  0.143319
92600  0.143319
92650  0.143319
92700  0.143319
92750  0.143319
92800  0.143319
92850  0.143319
92900  0.143319
92950  0.143319
93000  0.143319
93050  0.143319
93100  0.143319
93150  0.14331
93200  0.14331
93250  0.14331
93300  0.14331
93350  0.14331
93400  0.143311
93450  0.143311
93500  0.143312
93550  0.143312
93600  0.143312
93650  0.143296
93700  0.143296
93750  0.143296
93800  0.143296
93850  0.143296
93900  0.143296
93950  0.143296
94000  0.143296
94050  0.143296
94100  0.143296
94150  0.143292
94200  0.143292
94250  0.143292
94300  0.143292
94350  0.143292
94400  0.143292
94450  0.143292
94500  0.143292
94550  0.143292
94600  0.143292
94650  0.143292
94700  0.143292
94750  0.143292
94800  0.143292
94850  0.143292
94900  0.14328
94950  0.14328
95000  0.14328
95050  0.14328
95100  0.14328
95150  0.14328
95200  0.14328
95250  0.14327
95300  0.14327
95350  0.14327
95400  0.14327
95450  0.14327
95500  0.14327
95550  0.14327
95600  0.143269
95650  0.143268
95700  0.143268
95750  0.143268
95800  0.143268
95850  0.143268
95900  0.143268
95950  0.143268
96000  0.143268
96050  0.143268
96100  0.143268
96150  0.143255
96200  0.143255
96250  0.143255
96300  0.143255
96350  0.143255
96400  0.143255
96450  0.143255
96500  0.143248
96550  0.143248
96600  0.143248
96650  0.143248
96700  0.143248
96750  0.143248
96800  0.143248
96850  0.143248
96900  0.143248
96950  0.143248
97000  0.143248
97050  0.143248
97100  0.143248
97150  0.143248
97200  0.143248
97250  0.143244
97300  0.143244
97350  0.143244
97400  0.143244
97450  0.143244
97500  0.143244
97550  0.143244
97600  0.143244
97650  0.143244
97700  0.143244
97750  0.143244
97800  0.143244
97850  0.143244
97900  0.143244
97950  0.143244
98000  0.143244
98050  0.143244
98100  0.143244
98150  0.143244
98200  0.143244
98250  0.143244
98300  0.143244
98350  0.143244
98400  0.143244
98450  0.143244
98500  0.143244
98550  0.143244
98600  0.143244
98650  0.143244
98700  0.143244
98750  0.143244
98800  0.143244
98850  0.143244
98900  0.143244
98950  0.143244
99000  0.143244
99050  0.143244
99100  0.143244
99150  0.143244
99200  0.143244
99250  0.143244
99300  0.143244
99350  0.143244
99400  0.143244
99450  0.143239
99500  0.143239
99550  0.143239
99600  0.143239
99650  0.143239
99700  0.143239
99750  0.143239
99800  0.143239
99850  0.143235
99900  0.143235
99950  0.143235
100000  0.143235
100050  0.143235
100100  0.143235
100150  0.143235
100200  0.143235
100250  0.143218
100300  0.143218
100350  0.143218
100400  0.143218
100450  0.143218
100500  0.143218
100550  0.143214
100600  0.143214
100650  0.143214
100700  0.143214
100750  0.143214
100800  0.143214
100850  0.143214
100900  0.143216
100950  0.143216
101000  0.143216
101050  0.143216
101100  0.143213
101150  0.143213
101200  0.143213
101250  0.143213
101300  0.143213
101350  0.143215
101400  0.143215
101450  0.143215
101500  0.143213
101550  0.143213
101600  0.143213
101650  0.143213
101700  0.143213
101750  0.143213
101800  0.143201
101850  0.143201
101900  0.143201
101950  0.143201
102000  0.143201
102050  0.143201
102100  0.143201
102150  0.143201
102200  0.143201
102250  0.143201
102300  0.143201
102350  0.143201
102400  0.143201
102450  0.143201
102500  0.143201
102550  0.143201
102600  0.143201
102650  0.143172
102700  0.143172
102750  0.143172
102800  0.143172
102850  0.143172
102900  0.143172
102950  0.143172
103000  0.143172
103050  0.143172
103100  0.143172
103150  0.143172
103200  0.143172
103250  0.143172
103300  0.143172
103350  0.143172
103400  0.143172
103450  0.143172
103500  0.143172
103550  0.143172
103600  0.143172
103650  0.143172
103700  0.143172
103750  0.143152
103800  0.143152
103850  0.143152
103900  0.143152
103950  0.143145
104000  0.143145
104050  0.143145
104100  0.143145
104150  0.143145
104200  0.143145
104250  0.143145
104300  0.143145
104350  0.143145
104400  0.143145
104450  0.143145
104500  0.143145
104550  0.143145
104600  0.143145
104650  0.143145
104700  0.143145
104750  0.143145
104800  0.143145
104850  0.143145
104900  0.143145
104950  0.143145
105000  0.143145
105050  0.143145
105100  0.143145
105150  0.143145
105200  0.143145
105250  0.143145
105300  0.143145
105350  0.143145
105400  0.143145
105450  0.143145
105500  0.143145
105550  0.143145
105600  0.143145
105650  0.143145
105700  0.143145
105750  0.143145
105800  0.143145
105850  0.143145
105900  0.143145
105950  0.143145
106000  0.143145
106050  0.143145
106100  0.143145
106150  0.143145
106200  0.143145
106250  0.143145
106300  0.143145
106350  0.143145
106400  0.143145
106450  0.143145
106500  0.143145
106550  0.143145
106600  0.143145
106650  0.143145
106700  0.143145
106750  0.143145
106800  0.143145
106850  0.143145
106900  0.143145
106950  0.143145
107000  0.143145
107050  0.143145
107100  0.143145
107150  0.143145
107200  0.143146
107250  0.143146
107300  0.143146
107350  0.143146
107400  0.143146
107450  0.143146
107500  0.143136
107550  0.143136
107600  0.143136
107650  0.143136
107700  0.143136
107750  0.143136
107800  0.143136
107850  0.143136
107900  0.143136
107950  0.143136
108000  0.143136
108050  0.143136
108100  0.143127
108150  0.143127
108200  0.143127
108250  0.143127
108300  0.143127
108350  0.143127
108400  0.143127
108450  0.143127
108500  0.143127
108550  0.143127
108600  0.143127
108650  0.143093
108700  0.143093
108750  0.143093
108800  0.143093
108850  0.143093
108900  0.143093
108950  0.143093
109000  0.143091
109050  0.143091
109100  0.143091
109150  0.143091
109200  0.143091
109250  0.143091
109300  0.143091
109350  0.143091
109400  0.143091
109450  0.143091
109500  0.143091
109550  0.143091
109600  0.143091
109650  0.143091
109700  0.143091
109750  0.143091
109800  0.143091
109850  0.143091
109900  0.143091
109950  0.143091
110000  0.143091
110050  0.143091
110100  0.143091
110150  0.143091
110200  0.143091
110250  0.143086
110300  0.143086
110350  0.143086
110400  0.143086
110450  0.143086
110500  0.143082
110550  0.143082
110600  0.143082
110650  0.143082
110700  0.143082
110750  0.143078
110800  0.143078
110850  0.143078
110900  0.143078
110950  0.143076
111000  0.143076
111050  0.143076
111100  0.143076
111150  0.14307
111200  0.14307
111250  0.14307
111300  0.14307
111350  0.14307
111400  0.14307
111450  0.14307
111500  0.143067
111550  0.143067
111600  0.143067
111650  0.143067
111700  0.143067
111750  0.143067
111800  0.143067
111850  0.143067
111900  0.143067
111950  0.143067
112000  0.143067
112050  0.143067
112100  0.143067
112150  0.143067
112200  0.143067
112250  0.143067
112300  0.143054
112350  0.14304
112400  0.14304
112450  0.14304
112500  0.14304
112550  0.14304
112600  0.14304
112650  0.14304
112700  0.14304
112750  0.14304
112800  0.14304
112850  0.14304
112900  0.143036
112950  0.143036
113000  0.143036
113050  0.143036
113100  0.143036
113150  0.143036
113200  0.143036
113250  0.143036
113300  0.143036
113350  0.143036
113400  0.143036
113450  0.143036
113500  0.143036
113550  0.143036
113600  0.143036
113650  0.143036
113700  0.143036
113750  0.143036
113800  0.143018
113850  0.143018
113900  0.143018
113950  0.143018
114000  0.143018
114050  0.143018
114100  0.143018
114150  0.143018
114200  0.143018
114250  0.143018
114300  0.143018
114350  0.143002
114400  0.143002
114450  0.142992
114500  0.14299
114550  0.14299
114600  0.14299
114650  0.14299
114700  0.14299
114750  0.14299
114800  0.14299
114850  0.14299
114900  0.14299
114950  0.14299
115000  0.14299
115050  0.14299
115100  0.14299
115150  0.14299
115200  0.14299
115250  0.14299
115300  0.14299
115350  0.14299
115400  0.14299
115450  0.142977
115500  0.142977
115550  0.142971
115600  0.142971
115650  0.142971
115700  0.142971
115750  0.142971
115800  0.142971
115850  0.142971
115900  0.142971
115950  0.142971
116000  0.142971
116050  0.142971
116100  0.142971
116150  0.142971
116200  0.142971
116250  0.142971
116300  0.142971
116350  0.142971
116400  0.142971
116450  0.142971
116500  0.142971
116550  0.142971
116600  0.142963
116650  0.14296
116700  0.14296
116750  0.14296
116800  0.14296
116850  0.142953
116900  0.142953
116950  0.142953
117000  0.142953
117050  0.142953
117100  0.142953
117150  0.142953
117200  0.142953
117250  0.142953
117300  0.142953
117350  0.142953
117400  0.142953
117450  0.142953
117500  0.142953
117550  0.142953
117600  0.142953
117650  0.142953
117700  0.142953
117750  0.142953
117800  0.142953
117850  0.142953
117900  0.142953
117950  0.142953
118000  0.142953
118050  0.142953
118100  0.142953
118150  0.142953
118200  0.142953
118250  0.142953
118300  0.142953
118350  0.142953
118400  0.142953
118450  0.142953
118500  0.142953
118550  0.142953
118600  0.142953
118650  0.142953
118700  0.14293
118750  0.14293
118800  0.14293
118850  0.14293
118900  0.14293
118950  0.14293
119000  0.14293
119050  0.14293
119100  0.14293
119150  0.14293
119200  0.14293
119250  0.142916
119300  0.142912
119350  0.142912
119400  0.142912
119450  0.142912
119500  0.142912
119550  0.142912
119600  0.142912
119650  0.142912
119700  0.142912
119750  0.142912
119800  0.142912
119850  0.142912
119900  0.142902
119950  0.1429
120000  0.142898
120050  0.142898
120100  0.142898
120150  0.142898
120200  0.142896
120250  0.142891
120300  0.142891
120350  0.142891
120400  0.142891
120450  0.142891
120500  0.142891
120550  0.142891
120600  0.142891
120650  0.142891
120700  0.142891
120750  0.142891
120800  0.142891
120850  0.142891
120900  0.142889
120950  0.142889
121000  0.142889
121050  0.142889
121100  0.142889
121150  0.142889
121200  0.142889
121250  0.142889
121300  0.142889
121350  0.142889
121400  0.142858
121450  0.142858
121500  0.142858
121550  0.142858
121600  0.142858
121650  0.142858
121700  0.142858
121750  0.142858
121800  0.142858
121850  0.142858
121900  0.142856
121950  0.142856
122000  0.142856
122050  0.142856
122100  0.142848
122150  0.142848
122200  0.142848
122250  0.142848
122300  0.142848
122350  0.142848
122400  0.142848
122450  0.142848
122500  0.142848
122550  0.142848
122600  0.142848
122650  0.142848
122700  0.142848
122750  0.142848
122800  0.142848
122850  0.142848
122900  0.142848
122950  0.142848
123000  0.142848
123050  0.142848
123100  0.142848
123150  0.142848
123200  0.142848
123250  0.142848
123300  0.142848
123350  0.142848
123400  0.142839
123450  0.142839
123500  0.142839
123550  0.142839
123600  0.142839
123650  0.142839
123700  0.142839
123750  0.142839
123800  0.142834
123850  0.142834
123900  0.142834
123950  0.142834
124000  0.142834
124050  0.142834
124100  0.142834
124150  0.142824
124200  0.142824
124250  0.142824
124300  0.142824
124350  0.142824
124400  0.142824
124450  0.142824
124500  0.142824
124550  0.142824
124600  0.142824
124650  0.142824
124700  0.142824
124750  0.142824
124800  0.142824
124850  0.142824
124900  0.142824
124950  0.142819
125000  0.142819
125050  0.142819
125100  0.142819
125150  0.142819
125200  0.142819
125250  0.142819
125300  0.142812
125350  0.142794
125400  0.142794
125450  0.142794
125500  0.142794
125550  0.142794
125600  0.142794
125650  0.142794
125700  0.142794
125750  0.142794
125800  0.142794
125850  0.142747
125900  0.142745
125950  0.142745
126000  0.142745
126050  0.142745
126100  0.142735
126150  0.142735
126200  0.14272
126250  0.14272
126300  0.14272
126350  0.14272
126400  0.14272
126450  0.14269
126500  0.142688
126550  0.142688
126600  0.142688
126650  0.142682
126700  0.142677
126750  0.142677
126800  0.142677
126850  0.142677
126900  0.142677
126950  0.142677
127000  0.142677
127050  0.142677
127100  0.142677
127150  0.142677
127200  0.142677
127250  0.142672
127300  0.142672
127350  0.142672
127400  0.142672
127450  0.142672
127500  0.142672
127550  0.142672
127600  0.142672
127650  0.142672
127700  0.142672
127750  0.142652
127800  0.142652
127850  0.142648
127900  0.142648
127950  0.142642
128000  0.142642
128050  0.142642
128100  0.142642
128150  0.142642
128200  0.142642
128250  0.142642
128300  0.142642
128350  0.142642
128400  0.142642
128450  0.142642
128500  0.142642
128550  0.142642
128600  0.142642
128650  0.142642
128700  0.142642
128750  0.142642
128800  0.142642
128850  0.142638
128900  0.142638
128950  0.142638
129000  0.142638
129050  0.142638
129100  0.142638
129150  0.142638
129200  0.142618
129250  0.142618
129300  0.142618
129350  0.142618
129400  0.142618
129450  0.142618
129500  0.142616
129550  0.142616
129600  0.142616
129650  0.142616
129700  0.142616
129750  0.142616
129800  0.142616
129850  0.142616
129900  0.142616
129950  0.142608
130000  0.142608
130050  0.142593
130100  0.142593
130150  0.142588
130200  0.142588
130250  0.142588
130300  0.142588
130350  0.142588
130400  0.142588
130450  0.142588
130500  0.142588
130550  0.142588
130600  0.142588
130650  0.142588
130700  0.142588
130750  0.142562
130800  0.14256
130850  0.14256
130900  0.142558
130950  0.142543
131000  0.142538
131050  0.142522
131100  0.142522
131150  0.142522
131200  0.142522
131250  0.142522
131300  0.142522
131350  0.142522
131400  0.142522
131450  0.142518
131500  0.142518
131550  0.142518
131600  0.142518
131650  0.142518
131700  0.142518
131750  0.142518
131800  0.142518
131850  0.142516
131900  0.14251
131950  0.14251
132000  0.142504
132050  0.142504
132100  0.142504
132150  0.142497
132200  0.142475
132250  0.142474
132300  0.142474
132350  0.142474
132400  0.142474
132450  0.142474
132500  0.142474
132550  0.142474
132600  0.142474
132650  0.142474
132700  0.142474
132750  0.142474
132800  0.142474
132850  0.142474
132900  0.142474
132950  0.142474
133000  0.142474
133050  0.142474
133100  0.142466
133150  0.142466
133200  0.142466
133250  0.142466
133300  0.142466
133350  0.142466
133400  0.142452
133450  0.142452
133500  0.142452
133550  0.142452
133600  0.142452
133650  0.142452
133700  0.142452
133750  0.142446
133800  0.142446
133850  0.142446
133900  0.142446
133950  0.142446
134000  0.142446
134050  0.142446
134100  0.14244
134150  0.14244
134200  0.142434
134250  0.142434
134300  0.142434
134350  0.142434
134400  0.142434
134450  0.142434
134500  0.142434
134550  0.142434
134600  0.14241
134650  0.14241
134700  0.142402
134750  0.142402
134800  0.142402
134850  0.142402
134900  0.142402
134950  0.142402
135000  0.142402
135050  0.142402
135100  0.142402
135150  0.142402
135200  0.142402
135250  0.142402
135300  0.142402
135350  0.142402
135400  0.142402
135450  0.142402
135500  0.142402
135550  0.142402
135600  0.142402
135650  0.142402
135700  0.142393
135750  0.142393
135800  0.142388
135850  0.142388
135900  0.142388
135950  0.142388
136000  0.142388
136050  0.142388
136100  0.142388
136150  0.142379
136200  0.142379
136250  0.142373
136300  0.142373
136350  0.142373
136400  0.142371
136450  0.142364
136500  0.142364
136550  0.142364
136600  0.142364
136650  0.142364
136700  0.14235
136750  0.14235
136800  0.14235
136850  0.14235
136900  0.14235
136950  0.14235
137000  0.14235
137050  0.14235
137100  0.14235
137150  0.14235
137200  0.142336
137250  0.142336
137300  0.142336
137350  0.142336
137400  0.142336
137450  0.142336
137500  0.142336
137550  0.142328
137600  0.142328
137650  0.142328
137700  0.142328
137750  0.142328
137800  0.142328
137850  0.142328
137900  0.142321
137950  0.142305
138000  0.142305
138050  0.142302
138100  0.142302
138150  0.142302
138200  0.142302
138250  0.142302
138300  0.142302
138350  0.142302
138400  0.142297
138450  0.142297
138500  0.142297
138550  0.142297
138600  0.142297
138650  0.142297
138700  0.142297
138750  0.142297
138800  0.142297
138850  0.142297
138900  0.142294
138950  0.142294
139000  0.142293
139050  0.142293
139100  0.142293
139150  0.142293
139200  0.142293
139250  0.142293
139300  0.142293
139350  0.142293
139400  0.142293
139450  0.142293
139500  0.142293
139550  0.142293
139600  0.142293
139650  0.142293
139700  0.142293
139750  0.142248
139800  0.142238
139850  0.142238
139900  0.142225
139950  0.142225
140000  0.142215
140050  0.142215
140100  0.142215
140150  0.142215
140200  0.142194
140250  0.142194
140300  0.142194
140350  0.142194
140400  0.142194
140450  0.142194
140500  0.142194
140550  0.142194
140600  0.142194
140650  0.142194
140700  0.142194
140750  0.142161
140800  0.14216
140850  0.14216
140900  0.14216
140950  0.14216
141000  0.14216
141050  0.14216
141100  0.14216
141150  0.14216
141200  0.14216
141250  0.14216
141300  0.142157
141350  0.142157
141400  0.142155
141450  0.142155
141500  0.142155
141550  0.142155
141600  0.142155
141650  0.142155
141700  0.142155
141750  0.142155
141800  0.142155
141850  0.142155
141900  0.142155
141950  0.142155
142000  0.142155
142050  0.142155
142100  0.142155
142150  0.142155
142200  0.142155
142250  0.142155
142300  0.142155
142350  0.142155
142400  0.142155
142450  0.142155
142500  0.142155
142550  0.142155
142600  0.142155
142650  0.142155
142700  0.142155
142750  0.142155
142800  0.142155
142850  0.142155
142900  0.142137
142950  0.142137
143000  0.142137
143050  0.142137
143100  0.142137
143150  0.142137
143200  0.142137
143250  0.142137
143300  0.142137
143350  0.142137
143400  0.142137
143450  0.142137
143500  0.142137
143550  0.142137
143600  0.142127
143650  0.142124
143700  0.142124
143750  0.142124
143800  0.142124
143850  0.142124
143900  0.14212
143950  0.14212
144000  0.14212
144050  0.14212
144100  0.14212
144150  0.14212
144200  0.14212
144250  0.14212
144300  0.142114
144350  0.142114
144400  0.142114
144450  0.142114
144500  0.142114
144550  0.142114
144600  0.142114
144650  0.142114
144700  0.142114
144750  0.142114
144800  0.142114
144850  0.142114
144900  0.142114
144950  0.142114
145000  0.142114
145050  0.142114
145100  0.142114
145150  0.142114
145200  0.142114
145250  0.142114
145300  0.142114
145350  0.142114
145400  0.142114
145450  0.142114
145500  0.142114
145550  0.142114
145600  0.142114
145650  0.142114
145700  0.142114
145750  0.142107
145800  0.142107
145850  0.142107
145900  0.142107
145950  0.142107
146000  0.142107
146050  0.142107
146100  0.142094
146150  0.142094
146200  0.142094
146250  0.142094
146300  0.142094
146350  0.142094
146400  0.142094
146450  0.142094
146500  0.142094
146550  0.142094
146600  0.142094
146650  0.142094
146700  0.142094
146750  0.142094
146800  0.142094
146850  0.142094
146900  0.142094
146950  0.142094
147000  0.142094
147050  0.142094
147100  0.142094
147150  0.142094
147200  0.142094
147250  0.142094
147300  0.142094
147350  0.142094
147400  0.142094
147450  0.142094
147500  0.142094
147550  0.142073
147600  0.142073
147650  0.142073
147700  0.142063
147750  0.142063
147800  0.142063
147850  0.142063
147900  0.142063
147950  0.142063
148000  0.142063
148050  0.142063
148100  0.142043
148150  0.142043
148200  0.142043
148250  0.142043
148300  0.142043
148350  0.142043
148400  0.142043
148450  0.142035
148500  0.142033
148550  0.142033
148600  0.142033
148650  0.142033
148700  0.142033
148750  0.142033
148800  0.142011
148850  0.142011
148900  0.142011
148950  0.142011
149000  0.142011
149050  0.142011
149100  0.142011
149150  0.142011
149200  0.142011
149250  0.142008
149300  0.142008
149350  0.142008
149400  0.142008
149450  0.142008
149500  0.142008
149550  0.142008
149600  0.142008
149650  0.142008
149700  0.142008
