Step  Penalty
100  0.608742
200  0.524826
300  0.511479
400  0.502254
500  0.496608
600  0.49119
700  0.487052
800  0.482789
900  0.478614
1000  0.475249
1100  0.470802
1200  0.465196
1300  0.459531
1400  0.45275
1500  0.44802
1600  0.443534
1700  0.437818
1800  0.431343
1900  0.425598
2000  0.419756
2100  0.413568
2200  0.40793
2300  0.401866
2400  0.395456
2500  0.389475
2600  0.384205
2700  0.376894
2800  0.372121
2900  0.366776
3000  0.361958
3100  0.356373
3200  0.351626
3300  0.347432
3400  0.342594
3500  0.338194
3600  0.333258
3700  0.330264
3800  0.324485
3900  0.319399
4000  0.315019
4100  0.310964
4200  0.306807
4300  0.302528
4400  0.300229
4500  0.296985
4600  0.294212
4700  0.292251
4800  0.290958
4900  0.289438
5000  0.287719
5100  0.286379
5200  0.284825
5300  0.282944
5400  0.281446
5500  0.280581
5600  0.278893
5700  0.2776
5800  0.276041
5900  0.275214
6000  0.273962
6100  0.272553
6200  0.27088
6300  0.268847
6400  0.267794
6500  0.266706
6600  0.265711
6700  0.264915
6800  0.263862
6900  0.26227
7000  0.260445
7100  0.259374
7200  0.258237
7300  0.256805
7400  0.255898
7500  0.255347
7600  0.254653
7700  0.253885
7800  0.252448
7900  0.251296
8000  0.250186
8100  0.248991
8200  0.247812
8300  0.246565
8400  0.24545
8500  0.244431
8600  0.243208
8700  0.24215
8800  0.241243
8900  0.240463
9000  0.239097
9100  0.238143
9200  0.237607
9300  0.236918
9400  0.236119
9500  0.235445
9600  0.234911
9700  0.234072
9800  0.233902
9900  0.233304
10000  0.232781
10100  0.232224
10200  0.231925
10300  0.231674
10400  0.23129
10500  0.231073
10600  0.230013
10700  0.229753
10800  0.229525
10900  0.229473
11000  0.229218
11100  0.228833
11200  0.228594
11300  0.228355
11400  0.22827
11500  0.227951
11600  0.227731
11700  0.227469
11800  0.227424
11900  0.227241
12000  0.227222
12100  0.227038
12200  0.22686
12300  0.226743
12400  0.226715
12500  0.22667
12600  0.226419
12700  0.226375
12800  0.226242
12900  0.226081
13000  0.225847
13100  0.225714
13200  0.225572
13300  0.225497
13400  0.225263
13500  0.225158
13600  0.225107
13700  0.22505
13800  0.225012
13900  0.225006
14000  0.224951
14100  0.224806
14200  0.224678
14300  0.224641
14400  0.224405
14500  0.224401
14600  0.224199
14700  0.224068
14800  0.223945
14900  0.223802
15000  0.223742
15100  0.223644
15200  0.223602
15300  0.223509
15400  0.223163
15500  0.223092
15600  0.222975
15700  0.222857
15800  0.222713
15900  0.222509
16000  0.222506
16100  0.222445
16200  0.222356
16300  0.222249
16400  0.222122
16500  0.222084
16600  0.22198
16700  0.221845
16800  0.221784
16900  0.221566
17000  0.221403
17100  0.221294
17200  0.221192
17300  0.221146
17400  0.221044
17500  0.220952
17600  0.220915
17700  0.22067
17800  0.220602
17900  0.220511
18000  0.220397
18100  0.220349
18200  0.220187
18300  0.220159
18400  0.220024
18500  0.219897
18600  0.219896
18700  0.219738
18800  0.219718
18900  0.219546
19000  0.219546
19100  0.219481
19200  0.219476
19300  0.219476
19400  0.219195
19500  0.219154
19600  0.219068
19700  0.218885
19800  0.218817
19900  0.218709
20000  0.218676
20100  0.218624
20200  0.218567
20300  0.218424
20400  0.218419
20500  0.218313
20600  0.218222
20700  0.218219
20800  0.218216
20900  0.218125
21000  0.218043
21100  0.217939
21200  0.217898
21300  0.217797
21400  0.217712
21500  0.217651
21600  0.217588
21700  0.217374
21800  0.217314
21900  0.217213
22000  0.217186
22100  0.217109
22200  0.217055
22300  0.216979
22400  0.216963
22500  0.216963
22600  0.216851
22700  0.216768
22800  0.216766
22900  0.216698
23000  0.216662
23100  0.216655
23200  0.216372
23300  0.21633
23400  0.216287
23500  0.21626
23600  0.216211
23700  0.21609
23800  0.216034
23900  0.215962
24000  0.215868
24100  0.215868
24200  0.215765
24300  0.215736
24400  0.215731
24500  0.215716
24600  0.21555
24700  0.215436
24800  0.215319
24900  0.215284
25000  0.215284
25100  0.215224
25200  0.215185
25300  0.215163
25400  0.215103
25500  0.215052
25600  0.215052
25700  0.214803
25800  0.214803
25900  0.214701
26000  0.214644
26100  0.214644
26200  0.21463
26300  0.214482
26400  0.214392
26500  0.214346
26600  0.214346
26700  0.214346
26800  0.214264
26900  0.214241
27000  0.214194
27100  0.214145
27200  0.214012
27300  0.213927
27400  0.213908
27500  0.213902
27600  0.213902
27700  0.213875
27800  0.213866
27900  0.213678
28000  0.213678
28100  0.213564
28200  0.213564
28300  0.213395
28400  0.213395
28500  0.213381
28600  0.213351
28700  0.213281
28800  0.213208
28900  0.213166
29000  0.213166
29100  0.2131
29200  0.213043
29300  0.212954
29400  0.212857
29500  0.212836
29600  0.212763
29700  0.21267
29800  0.21255
29900  0.212514
30000  0.212485
30100  0.212473
30200  0.212451
30300  0.212451
30400  0.212378
30500  0.212378
30600  0.212378
30700  0.212364
30800  0.21226
30900  0.212212
31000  0.212212
31100  0.21221
31200  0.21221
31300  0.212125
31400  0.212125
31500  0.212125
31600  0.212125
31700  0.212125
31800  0.212125
31900  0.211985
32000  0.211978
32100  0.211978
32200  0.211978
32300  0.211931
32400  0.211876
32500  0.211872
32600  0.211872
32700  0.211847
32800  0.211822
32900  0.211784
33000  0.21178
33100  0.211747
33200  0.211728
33300  0.211635
33400  0.211634
33500  0.211634
33600  0.211634
33700  0.211634
33800  0.211539
33900  0.211539
34000  0.211461
34100  0.211455
34200  0.211455
34300  0.211381
34400  0.211347
34500  0.211347
34600  0.211344
34700  0.211272
34800  0.211272
34900  0.211209
35000  0.211209
35100  0.211199
35200  0.211064
35300  0.211064
35400  0.211028
35500  0.211028
35600  0.211028
35700  0.210988
35800  0.210907
35900  0.2109
36000  0.210863
36100  0.210863
36200  0.21082
36300  0.21082
36400  0.21074
36500  0.21074
36600  0.21074
36700  0.210675
36800  0.210674
36900  0.210629
37000  0.210629
37100  0.210629
37200  0.210629
37300  0.210629
37400  0.210575
37500  0.210575
37600  0.210512
37700  0.210479
37800  0.210479
37900  0.210479
38000  0.210479
38100  0.210413
38200  0.210295
38300  0.210196
38400  0.210082
38500  0.21002
38600  0.210016
38700  0.210016
38800  0.210007
38900  0.210007
39000  0.210007
39100  0.210002
39200  0.209922
39300  0.209861
39400  0.209861
39500  0.209851
39600  0.209775
39700  0.209775
39800  0.209747
39900  0.209747
40000  0.209733
40100  0.209733
40200  0.209688
40300  0.209688
40400  0.209688
40500  0.209646
40600  0.209626
40700  0.209626
40800  0.209537
40900  0.209537
41000  0.20938
41100  0.20938
41200  0.20938
41300  0.209372
41400  0.209372
41500  0.209372
41600  0.209372
41700  0.209234
41800  0.209234
41900  0.209136
42000  0.209136
42100  0.209136
42200  0.209136
42300  0.209002
42400  0.209002
42500  0.208964
42600  0.208954
42700  0.208899
42800  0.208848
42900  0.208848
43000  0.208782
43100  0.208751
43200  0.208641
43300  0.208641
43400  0.208641
43500  0.208629
43600  0.208629
43700  0.208629
43800  0.208629
43900  0.208546
44000  0.208507
44100  0.208507
44200  0.20848
44300  0.20848
44400  0.208432
44500  0.208387
44600  0.20831
44700  0.208247
44800  0.208068
44900  0.207931
45000  0.207931
45100  0.207855
45200  0.207831
45300  0.207573
45400  0.207446
45500  0.207432
45600  0.207407
45700  0.207334
45800  0.207334
45900  0.207251
46000  0.207191
46100  0.207191
46200  0.207143
46300  0.207087
46400  0.206954
46500  0.206954
46600  0.206928
46700  0.206895
46800  0.206895
46900  0.206858
47000  0.206737
47100  0.206737
47200  0.206737
47300  0.206699
47400  0.206649
47500  0.206649
47600  0.206604
47700  0.206604
47800  0.206589
47900  0.206509
48000  0.206497
48100  0.206471
48200  0.206471
48300  0.206327
48400  0.206293
48500  0.206213
48600  0.20617
48700  0.206087
48800  0.206063
48900  0.205917
49000  0.205917
49100  0.205835
49200  0.205835
49300  0.205772
49400  0.205555
49500  0.205489
49600  0.205459
49700  0.205459
49800  0.205412
49900  0.205404
50000  0.205404
50100  0.205393
50200  0.205329
50300  0.205329
50400  0.205329
50500  0.205329
50600  0.205329
50700  0.205329
50800  0.20526
50900  0.205139
51000  0.205045
51100  0.205029
51200  0.204928
51300  0.20489
51400  0.204848
51500  0.20476
51600  0.2047
51700  0.2047
51800  0.2047
51900  0.204657
52000  0.204657
52100  0.204657
52200  0.204641
52300  0.204532
52400  0.204512
52500  0.204458
52600  0.204392
52700  0.204281
52800  0.204268
52900  0.204268
53000  0.204268
53100  0.204166
53200  0.204064
53300  0.203984
53400  0.203928
53500  0.203852
53600  0.203852
53700  0.203817
53800  0.203754
53900  0.203672
54000  0.203672
54100  0.203604
54200  0.203604
54300  0.203517
54400  0.203441
54500  0.203352
54600  0.203293
54700  0.203293
54800  0.203126
54900  0.203126
55000  0.203126
55100  0.203068
55200  0.203031
55300  0.203006
55400  0.202879
55500  0.202879
55600  0.202776
55700  0.202723
55800  0.202713
55900  0.202602
56000  0.202602
56100  0.202504
56200  0.202489
56300  0.202391
56400  0.202391
56500  0.20234
56600  0.20234
56700  0.202331
56800  0.202308
56900  0.202308
57000  0.20215
57100  0.202042
57200  0.202027
57300  0.201966
57400  0.2019
57500  0.20183
57600  0.20172
57700  0.201591
57800  0.201569
57900  0.201531
58000  0.201507
58100  0.201507
58200  0.201434
58300  0.201316
58400  0.201297
58500  0.201215
58600  0.201215
58700  0.201174
58800  0.201134
58900  0.201101
59000  0.20108
59100  0.20098
59200  0.200974
59300  0.200864
59400  0.200785
59500  0.200715
59600  0.200579
59700  0.200441
59800  0.200362
59900  0.20028
60000  0.200152
60100  0.199925
60200  0.199753
60300  0.19953
60400  0.199422
60500  0.199164
60600  0.198996
60700  0.198873
60800  0.198719
60900  0.198644
61000  0.19862
61100  0.198405
61200  0.198322
61300  0.19806
61400  0.197954
61500  0.197918
61600  0.197786
61700  0.197764
61800  0.197697
61900  0.197561
62000  0.197557
62100  0.197358
62200  0.197097
62300  0.196949
62400  0.196856
62500  0.196856
62600  0.196707
62700  0.196595
62800  0.196542
62900  0.196417
63000  0.196364
63100  0.196251
63200  0.196251
63300  0.196228
63400  0.195923
63500  0.195684
63600  0.195613
63700  0.195498
63800  0.195387
63900  0.195309
64000  0.195309
64100  0.195202
64200  0.195144
64300  0.195112
64400  0.195105
64500  0.195019
64600  0.194966
64700  0.194856
64800  0.194825
64900  0.194779
65000  0.194692
65100  0.194568
65200  0.194437
65300  0.194431
65400  0.194414
65500  0.194389
65600  0.194369
65700  0.194271
65800  0.194251
65900  0.194236
66000  0.194169
66100  0.194138
66200  0.194109
66300  0.194059
66400  0.193925
66500  0.193871
66600  0.193712
66700  0.193623
66800  0.193568
66900  0.19356
67000  0.193424
67100  0.193367
67200  0.193367
67300  0.193306
67400  0.193221
67500  0.193122
67600  0.193067
67700  0.193024
67800  0.192963
67900  0.19287
68000  0.19287
68100  0.192789
68200  0.192789
68300  0.192727
68400  0.192727
68500  0.192668
68600  0.192668
68700  0.192668
68800  0.192668
68900  0.192619
69000  0.192619
69100  0.192596
69200  0.192569
69300  0.192507
69400  0.192505
69500  0.192404
69600  0.192383
69700  0.192333
69800  0.192292
69900  0.192292
70000  0.192227
70100  0.192227
70200  0.192139
70300  0.192093
70400  0.192033
70500  0.191907
70600  0.191812
70700  0.191724
70800  0.19163
70900  0.191588
71000  0.191582
71100  0.191555
71200  0.19147
71300  0.191428
71400  0.191428
71500  0.191359
71600  0.191343
71700  0.191262
71800  0.191225
71900  0.191225
72000  0.191177
72100  0.191081
72200  0.191062
72300  0.190909
72400  0.190909
72500  0.190876
72600  0.190827
72700  0.190827
72800  0.190821
72900  0.1908
73000  0.19079
73100  0.190764
73200  0.190764
73300  0.190683
73400  0.190633
73500  0.190625
73600  0.190574
73700  0.190509
73800  0.190509
73900  0.190454
74000  0.190375
74100  0.19035
74200  0.190295
74300  0.190295
74400  0.190148
74500  0.190144
74600  0.190109
74700  0.190109
74800  0.190061
74900  0.190049
75000  0.19
75100  0.19
75200  0.19
75300  0.189976
75400  0.189976
75500  0.189976
75600  0.189937
75700  0.189894
75800  0.189894
75900  0.189846
76000  0.189846
76100  0.189846
76200  0.189816
76300  0.189816
76400  0.189816
76500  0.189804
76600  0.189804
76700  0.189791
76800  0.189774
76900  0.189774
77000  0.189774
77100  0.189772
77200  0.189743
77300  0.189674
77400  0.18961
77500  0.18961
77600  0.189602
77700  0.189602
77800  0.18952
77900  0.18952
78000  0.189408
78100  0.189404
78200  0.189379
78300  0.189379
78400  0.189347
78500  0.189285
78600  0.189285
78700  0.189236
78800  0.189182
78900  0.189179
79000  0.189131
79100  0.189109
79200  0.189109
79300  0.189109
79400  0.189105
79500  0.189105
79600  0.189044
79700  0.189032
79800  0.188982
79900  0.188982
80000  0.188982
80100  0.188982
80200  0.188956
80300  0.188956
80400  0.188853
80500  0.188829
80600  0.188829
80700  0.188783
80800  0.188771
80900  0.188741
81000  0.1887
81100  0.1887
81200  0.1887
81300  0.1887
81400  0.1887
81500  0.1887
81600  0.188633
81700  0.188633
81800  0.188589
81900  0.188574
82000  0.188574
82100  0.188574
82200  0.188492
82300  0.18847
82400  0.18847
82500  0.188375
82600  0.188363
82700  0.188363
82800  0.188348
82900  0.188348
83000  0.188348
83100  0.188348
83200  0.188348
83300  0.188348
83400  0.188348
83500  0.188348
83600  0.188291
83700  0.188291
83800  0.188279
83900  0.188279
84000  0.188252
84100  0.188252
84200  0.188225
84300  0.188225
84400  0.188225
84500  0.188225
84600  0.188192
84700  0.188192
84800  0.188153
84900  0.188153
85000  0.188153
85100  0.188127
85200  0.188127
85300  0.188072
85400  0.188072
85500  0.188072
85600  0.188072
85700  0.188072
85800  0.188072
85900  0.188072
86000  0.188046
86100  0.188046
86200  0.188046
86300  0.188046
86400  0.188032
86500  0.188005
86600  0.188003
86700  0.188003
86800  0.188003
86900  0.188003
87000  0.188003
87100  0.187989
87200  0.18793
87300  0.18793
87400  0.18793
87500  0.187913
87600  0.187913
87700  0.187913
87800  0.187894
87900  0.187894
88000  0.187894
88100  0.187863
88200  0.187817
88300  0.187817
88400  0.187812
88500  0.187812
88600  0.187812
88700  0.187812
88800  0.187778
88900  0.187743
89000  0.187743
89100  0.187704
89200  0.187704
89300  0.187704
89400  0.187672
89500  0.187672
89600  0.187672
89700  0.187672
89800  0.187672
89900  0.187672
90000  0.187672
90100  0.187672
90200  0.187644
90300  0.187644
90400  0.187597
90500  0.187597
90600  0.187597
90700  0.187565
90800  0.187524
90900  0.187524
91000  0.187523
91100  0.187505
91200  0.187505
91300  0.187403
91400  0.187403
91500  0.187403
91600  0.187403
91700  0.187403
91800  0.187382
91900  0.187382
92000  0.187352
92100  0.187318
92200  0.187318
92300  0.187318
92400  0.187318
92500  0.187318
92600  0.187318
92700  0.187318
92800  0.187312
92900  0.187312
93000  0.187312
93100  0.187312
93200  0.187312
93300  0.187312
93400  0.187312
93500  0.187312
93600  0.187312
93700  0.187312
93800  0.187312
93900  0.187312
94000  0.187255
94100  0.187255
94200  0.187224
94300  0.187224
94400  0.187198
94500  0.187198
94600  0.18712
94700  0.18712
94800  0.18712
94900  0.18712
95000  0.18701
95100  0.18701
95200  0.186999
95300  0.186976
95400  0.186976
95500  0.186973
95600  0.186973
95700  0.186973
95800  0.186956
95900  0.186884
96000  0.186884
96100  0.186884
96200  0.186873
96300  0.186871
96400  0.186871
96500  0.186871
96600  0.186871
96700  0.186823
96800  0.186823
96900  0.186792
97000  0.186776
97100  0.186776
97200  0.186734
97300  0.186727
97400  0.186721
97500  0.18669
97600  0.18669
97700  0.18669
97800  0.186556
97900  0.186556
98000  0.186556
98100  0.186556
98200  0.186556
98300  0.186556
98400  0.186556
98500  0.186502
98600  0.186502
98700  0.186462
98800  0.186458
98900  0.186458
99000  0.186449
99100  0.186449
99200  0.186449
99300  0.186449
99400  0.186426
99500  0.186393
99600  0.186393
99700  0.186393
99800  0.186393
99900  0.186393
100000  0.186306
100100  0.186306
100200  0.186306
100300  0.186274
100400  0.186274
100500  0.186274
100600  0.186274
100700  0.186247
100800  0.186247
100900  0.186247
101000  0.186247
101100  0.186247
101200  0.186205
101300  0.186205
101400  0.186194
101500  0.186194
101600  0.186194
101700  0.186194
101800  0.186194
101900  0.186194
102000  0.186194
102100  0.18618
102200  0.18618
102300  0.18618
102400  0.18618
102500  0.186093
102600  0.186093
102700  0.186081
102800  0.186081
102900  0.186071
103000  0.186071
103100  0.186071
103200  0.186033
103300  0.186033
103400  0.186028
103500  0.186028
103600  0.186017
103700  0.18597
103800  0.18597
103900  0.18597
104000  0.18597
104100  0.18597
104200  0.18597
104300  0.185908
104400  0.185908
104500  0.185908
104600  0.185908
104700  0.185908
104800  0.185908
104900  0.185836
105000  0.185836
105100  0.185836
105200  0.185836
105300  0.185787
105400  0.185787
105500  0.185787
105600  0.185764
105700  0.185764
105800  0.185764
105900  0.185764
106000  0.185764
106100  0.185716
106200  0.185716
106300  0.185716
106400  0.185716
106500  0.185716
106600  0.185716
106700  0.185716
106800  0.185716
106900  0.185716
107000  0.185716
107100  0.185716
107200  0.185716
107300  0.185716
107400  0.185716
107500  0.185716
107600  0.185711
107700  0.185711
107800  0.185711
107900  0.185711
108000  0.185711
108100  0.185709
108200  0.185709
108300  0.185709
108400  0.185709
108500  0.185709
108600  0.185686
108700  0.185686
108800  0.185686
108900  0.185667
109000  0.185661
109100  0.185661
109200  0.185596
109300  0.185596
109400  0.185596
109500  0.185596
109600  0.185596
109700  0.185575
109800  0.185575
109900  0.185525
110000  0.185525
110100  0.185525
110200  0.185525
110300  0.185525
110400  0.185525
110500  0.185525
110600  0.18551
110700  0.18551
110800  0.18551
110900  0.18551
111000  0.18551
111100  0.18551
111200  0.18551
111300  0.185465
111400  0.185465
111500  0.185465
111600  0.185418
111700  0.185418
111800  0.185418
111900  0.185418
112000  0.185418
112100  0.185417
112200  0.185417
112300  0.185417
112400  0.185417
112500  0.185417
112600  0.185417
112700  0.18538
112800  0.185373
112900  0.185368
113000  0.185368
113100  0.185368
113200  0.185319
113300  0.185319
113400  0.185319
113500  0.185319
113600  0.185319
113700  0.185319
113800  0.185304
113900  0.185304
114000  0.185304
114100  0.185304
114200  0.185304
114300  0.185304
114400  0.185287
114500  0.185233
114600  0.185233
114700  0.185233
114800  0.185233
114900  0.185233
115000  0.185233
115100  0.18519
115200  0.18519
115300  0.18519
115400  0.185185
115500  0.185185
115600  0.185185
115700  0.185131
115800  0.185131
115900  0.185131
116000  0.185131
116100  0.185131
116200  0.185131
116300  0.185114
116400  0.185114
116500  0.185114
116600  0.185082
116700  0.185082
116800  0.185082
116900  0.185082
117000  0.185082
117100  0.185082
117200  0.185082
117300  0.185082
117400  0.185082
117500  0.185082
117600  0.185082
117700  0.185082
117800  0.185082
117900  0.185082
118000  0.185082
118100  0.185082
118200  0.185082
118300  0.185082
118400  0.185
118500  0.185
118600  0.185
118700  0.185
118800  0.185
118900  0.185
119000  0.185
119100  0.184946
119200  0.184946
119300  0.184946
119400  0.184946
119500  0.184946
119600  0.184946
119700  0.184926
119800  0.184926
119900  0.184926
120000  0.184926
120100  0.184926
120200  0.184926
120300  0.184926
120400  0.184896
120500  0.184964
120600  0.184896
120700  0.18487
120800  0.18487
120900  0.18487
121000  0.18487
121100  0.18487
121200  0.18487
121300  0.184868
121400  0.184868
121500  0.184868
121600  0.184868
121700  0.184868
121800  0.184868
121900  0.184868
122000  0.184868
122100  0.184868
122200  0.184868
122300  0.184868
122400  0.184868
122500  0.184868
122600  0.184833
122700  0.184833
122800  0.184833
122900  0.184833
123000  0.184833
123100  0.184801
123200  0.184801
123300  0.184801
123400  0.184797
123500  0.184797
123600  0.184797
123700  0.184797
123800  0.184797
123900  0.184797
124000  0.184797
124100  0.184716
124200  0.184716
124300  0.184716
124400  0.184716
124500  0.184716
124600  0.184654
124700  0.184648
124800  0.184648
124900  0.184648
125000  0.184648
125100  0.184648
125200  0.184648
125300  0.184648
125400  0.184623
125500  0.184623
125600  0.184623
125700  0.184603
125800  0.184603
