Step  Penalty
50  0.594143
100  0.532759
150  0.516483
200  0.507735
250  0.502058
300  0.493737
350  0.485001
400  0.479305
450  0.47146
500  0.464284
550  0.455253
600  0.445812
650  0.434887
700  0.424383
750  0.414135
800  0.401012
850  0.391318
900  0.382982
950  0.375242
1000  0.369957
1050  0.362657
1100  0.356896
1150  0.346549
1200  0.339234
1250  0.332609
1300  0.326779
1350  0.323312
1400  0.316396
1450  0.309765
1500  0.305337
1550  0.298308
1600  0.294822
1650  0.291109
1700  0.287178
1750  0.284062
1800  0.281112
1850  0.277721
1900  0.273831
1950  0.269395
2000  0.265106
2050  0.259598
2100  0.256093
2150  0.252013
2200  0.250354
2250  0.248483
2300  0.245906
2350  0.243673
2400  0.240598
2450  0.237746
2500  0.234063
2550  0.229736
2600  0.226194
2650  0.223858
2700  0.221399
2750  0.219414
2800  0.217339
2850  0.215515
2900  0.21353
2950  0.212114
3000  0.211368
3050  0.210095
3100  0.209352
3150  0.208518
3200  0.20688
3250  0.205794
3300  0.204093
3350  0.20213
3400  0.200277
3450  0.198793
3500  0.197697
3550  0.196073
3600  0.195026
3650  0.193847
3700  0.192604
3750  0.192197
3800  0.191298
3850  0.190757
3900  0.189949
3950  0.188952
4000  0.188439
4050  0.188197
4100  0.188108
4150  0.187731
4200  0.187133
4250  0.186888
4300  0.186802
4350  0.18669
4400  0.186565
4450  0.186367
4500  0.18605
4550  0.18574
4600  0.185619
4650  0.185345
4700  0.184982
4750  0.184661
4800  0.184011
4850  0.183908
4900  0.183661
4950  0.183319
5000  0.183
5050  0.182592
5100  0.182051
5150  0.181136
5200  0.180654
5250  0.18046
5300  0.180114
5350  0.179909
5400  0.179584
5450  0.179346
5500  0.178651
5550  0.178223
5600  0.177692
5650  0.177248
5700  0.176592
5750  0.176125
5800  0.175919
5850  0.175654
5900  0.175346
5950  0.174993
6000  0.174241
6050  0.174135
6100  0.173662
6150  0.173328
6200  0.173047
6250  0.172779
6300  0.172343
6350  0.171892
6400  0.171758
6450  0.17159
6500  0.17121
6550  0.171117
6600  0.170879
6650  0.170768
6700  0.170562
6750  0.170376
6800  0.170209
6850  0.169763
6900  0.169663
6950  0.169577
7000  0.169394
7050  0.169075
7100  0.168999
7150  0.168975
7200  0.168761
7250  0.16836
7300  0.168003
7350  0.167591
7400  0.167153
7450  0.167153
7500  0.167115
7550  0.166804
7600  0.166476
7650  0.166091
7700  0.165678
7750  0.165105
7800  0.165058
7850  0.164837
7900  0.164694
7950  0.164694
8000  0.164661
8050  0.16445
8100  0.164358
8150  0.16413
8200  0.164123
8250  0.16403
8300  0.163782
8350  0.163605
8400  0.163591
8450  0.163533
8500  0.163533
8550  0.163515
8600  0.163346
8650  0.163278
8700  0.163265
8750  0.16317
8800  0.162891
8850  0.162768
8900  0.162655
8950  0.162591
9000  0.162591
9050  0.162309
9100  0.162265
9150  0.162221
9200  0.162147
9250  0.16201
9300  0.16201
9350  0.161839
9400  0.161773
9450  0.161696
9500  0.161688
9550  0.161688
9600  0.161627
9650  0.161522
9700  0.161507
9750  0.161446
9800  0.161416
9850  0.161373
9900  0.161255
9950  0.161234
10000  0.161187
10050  0.161149
10100  0.161059
10150  0.161059
10200  0.161059
10250  0.160922
10300  0.160922
10350  0.160675
10400  0.160675
10450  0.160618
10500  0.160618
10550  0.160618
10600  0.160575
10650  0.160552
10700  0.160552
10750  0.160476
10800  0.16039
10850  0.16029
10900  0.160237
10950  0.160156
11000  0.160125
11050  0.160101
11100  0.159965
11150  0.159929
11200  0.159758
11250  0.159758
11300  0.159738
11350  0.159718
11400  0.159718
11450  0.159718
11500  0.159674
11550  0.159658
11600  0.159658
11650  0.159627
11700  0.159627
11750  0.159627
11800  0.159571
11850  0.159544
11900  0.159308
11950  0.159263
12000  0.159169
12050  0.159169
12100  0.159159
12150  0.159159
12200  0.159159
12250  0.159159
12300  0.159159
12350  0.159081
12400  0.159081
12450  0.159081
12500  0.159081
12550  0.159081
12600  0.159068
12650  0.159027
12700  0.158949
12750  0.158949
12800  0.158945
12850  0.158826
12900  0.158826
12950  0.158717
13000  0.15869
13050  0.158596
13100  0.158596
13150  0.158596
13200  0.158596
13250  0.158596
13300  0.158596
13350  0.158517
13400  0.158517
13450  0.158509
13500  0.15844
13550  0.158392
13600  0.158335
13650  0.158335
13700  0.158284
13750  0.158235
13800  0.158206
13850  0.158206
13900  0.158206
13950  0.158195
14000  0.158195
14050  0.158195
14100  0.158195
14150  0.158161
14200  0.158088
14250  0.158088
14300  0.158088
14350  0.158088
14400  0.158088
14450  0.158088
14500  0.158072
14550  0.158033
14600  0.157987
14650  0.157969
14700  0.157805
14750  0.157788
14800  0.157788
14850  0.157788
14900  0.157756
14950  0.157756
15000  0.157726
15050  0.157687
15100  0.157621
15150  0.157505
15200  0.157505
15250  0.157254
15300  0.157199
15350  0.156975
15400  0.156975
15450  0.156975
15500  0.156926
15550  0.156916
15600  0.15684
15650  0.15684
15700  0.15684
15750  0.156837
15800  0.156771
15850  0.156771
15900  0.156625
15950  0.15653
16000  0.15653
16050  0.15653
16100  0.15653
16150  0.15653
16200  0.156449
16250  0.156449
16300  0.15638
16350  0.15638
16400  0.156289
16450  0.156257
16500  0.156198
16550  0.156198
16600  0.156198
16650  0.156198
16700  0.156149
16750  0.15611
16800  0.156054
16850  0.156054
16900  0.156054
16950  0.156054
17000  0.155886
17050  0.155832
17100  0.155832
17150  0.155832
17200  0.155827
17250  0.155827
17300  0.155721
17350  0.155721
17400  0.155666
17450  0.155666
17500  0.155666
17550  0.155666
17600  0.155666
17650  0.155666
17700  0.155666
17750  0.155666
17800  0.155622
17850  0.155622
17900  0.155622
17950  0.155578
18000  0.155508
18050  0.155508
18100  0.155451
18150  0.155451
18200  0.155451
18250  0.155382
18300  0.155346
18350  0.15532
18400  0.15532
18450  0.15532
18500  0.155094
18550  0.155094
18600  0.155094
18650  0.155025
18700  0.155025
18750  0.154998
18800  0.154998
18850  0.154998
18900  0.15497
18950  0.154971
19000  0.154971
19050  0.154971
19100  0.154971
19150  0.154875
19200  0.154788
19250  0.154758
19300  0.154758
19350  0.154731
19400  0.154729
19450  0.154715
19500  0.154715
19550  0.154715
19600  0.154689
19650  0.15464
19700  0.154598
19750  0.154598
19800  0.154553
19850  0.154549
19900  0.154549
19950  0.154533
20000  0.154533
20050  0.154395
20100  0.154359
20150  0.154313
20200  0.154313
20250  0.154313
20300  0.154313
20350  0.154221
20400  0.15419
20450  0.154162
20500  0.154162
20550  0.154143
20600  0.154095
20650  0.15405
20700  0.15405
20750  0.154
20800  0.154
20850  0.153938
20900  0.153938
20950  0.153907
21000  0.153907
21050  0.153907
21100  0.153907
21150  0.153863
21200  0.153863
21250  0.153771
21300  0.153771
21350  0.153771
21400  0.153771
21450  0.153771
21500  0.153771
21550  0.153771
21600  0.153672
21650  0.153647
21700  0.153647
21750  0.153647
21800  0.153647
21850  0.153647
21900  0.153647
21950  0.153647
22000  0.153647
22050  0.153647
22100  0.153647
22150  0.153588
22200  0.153588
22250  0.153588
22300  0.153588
22350  0.153588
22400  0.153588
22450  0.153528
22500  0.153528
22550  0.153528
22600  0.153528
22650  0.153528
22700  0.153528
22750  0.153528
22800  0.153474
22850  0.153462
22900  0.15339
22950  0.15339
23000  0.15328
23050  0.153262
23100  0.153262
23150  0.153261
23200  0.153261
23250  0.153219
23300  0.153219
23350  0.153219
23400  0.153201
23450  0.153201
23500  0.153201
23550  0.153201
23600  0.153201
23650  0.153196
23700  0.153116
23750  0.153116
23800  0.153054
23850  0.153006
23900  0.153006
23950  0.153006
24000  0.153006
24050  0.152993
24100  0.152993
24150  0.15291
24200  0.152874
24250  0.152841
24300  0.152841
24350  0.152829
24400  0.152829
24450  0.152829
24500  0.152829
24550  0.152829
24600  0.152829
24650  0.152829
24700  0.152792
24750  0.152735
24800  0.152735
24850  0.152694
24900  0.152694
24950  0.152662
25000  0.152662
25050  0.152662
25100  0.152613
25150  0.152613
25200  0.152536
25250  0.152504
25300  0.152504
25350  0.152504
25400  0.152504
25450  0.152504
25500  0.152504
25550  0.152482
25600  0.152467
25650  0.152391
25700  0.152225
25750  0.152087
25800  0.152087
25850  0.152087
25900  0.152036
25950  0.152036
26000  0.152036
26050  0.152036
26100  0.152036
26150  0.152036
26200  0.152036
26250  0.152036
26300  0.152036
26350  0.152036
26400  0.152036
26450  0.15201
26500  0.152
26550  0.152
26600  0.152
26650  0.152
26700  0.152
26750  0.151964
26800  0.151964
26850  0.151964
26900  0.151964
26950  0.151964
27000  0.151964
27050  0.15195
27100  0.15195
27150  0.15195
27200  0.15195
27250  0.15195
27300  0.15195
27350  0.15195
27400  0.15195
27450  0.1519
27500  0.1519
27550  0.151887
27600  0.151887
27650  0.151887
27700  0.151887
27750  0.151887
27800  0.151887
27850  0.151887
27900  0.151869
27950  0.151869
28000  0.151869
28050  0.151869
28100  0.151869
28150  0.151869
28200  0.151869
28250  0.15183
28300  0.15183
28350  0.151818
28400  0.151818
28450  0.151818
28500  0.151818
28550  0.151786
28600  0.151748
28650  0.151735
28700  0.151722
28750  0.151722
28800  0.151722
28850  0.151722
28900  0.151693
28950  0.151693
29000  0.151693
29050  0.151673
29100  0.151673
29150  0.151663
29200  0.151613
29250  0.151613
29300  0.151598
29350  0.151587
29400  0.151587
29450  0.151587
29500  0.151587
29550  0.151497
29600  0.151497
29650  0.151468
29700  0.151468
29750  0.151468
29800  0.151468
29850  0.151468
29900  0.151408
29950  0.151223
30000  0.151223
30050  0.151145
30100  0.151145
30150  0.151145
30200  0.151145
30250  0.15103
30300  0.15103
30350  0.150927
30400  0.150927
30450  0.150927
30500  0.150927
30550  0.150927
30600  0.150927
30650  0.150866
30700  0.150783
30750  0.150614
30800  0.150614
30850  0.150614
30900  0.150578
30950  0.150578
31000  0.150467
31050  0.150467
31100  0.15045
31150  0.15045
31200  0.15045
31250  0.15045
31300  0.15045
31350  0.15045
31400  0.15045
31450  0.15045
31500  0.150417
31550  0.150397
31600  0.150397
31650  0.150397
31700  0.150397
31750  0.150397
31800  0.150397
31850  0.150397
31900  0.150372
31950  0.150372
32000  0.150334
32050  0.150334
32100  0.150072
32150  0.150072
32200  0.149858
32250  0.149812
32300  0.149812
32350  0.149812
32400  0.149812
32450  0.149787
32500  0.149715
32550  0.149697
32600  0.149565
32650  0.149565
32700  0.149565
32750  0.149551
32800  0.149551
32850  0.149551
32900  0.149551
32950  0.149551
33000  0.149551
33050  0.149551
33100  0.149551
33150  0.149521
33200  0.149521
33250  0.149521
33300  0.149404
33350  0.149404
33400  0.149404
33450  0.149404
33500  0.149404
33550  0.149404
33600  0.149383
33650  0.149383
33700  0.149383
33750  0.149383
33800  0.149383
33850  0.149383
33900  0.149383
33950  0.149383
34000  0.149383
34050  0.149381
34100  0.149251
34150  0.149251
34200  0.149251
34250  0.149189
34300  0.149189
34350  0.149189
34400  0.149189
34450  0.149182
34500  0.149182
34550  0.149182
34600  0.149182
34650  0.149182
34700  0.149182
34750  0.149182
34800  0.149182
34850  0.149182
34900  0.149158
34950  0.149077
35000  0.14906
35050  0.14906
35100  0.149108
35150  0.149108
35200  0.148965
35250  0.148949
35300  0.148949
35350  0.1489
35400  0.1489
35450  0.1489
35500  0.1489
35550  0.1489
35600  0.1489
35650  0.1489
35700  0.1489
35750  0.1489
35800  0.148897
35850  0.148897
35900  0.148866
35950  0.148866
36000  0.148866
36050  0.148866
36100  0.148866
36150  0.148866
36200  0.148866
36250  0.148866
36300  0.148866
36350  0.14883
36400  0.14883
36450  0.14883
36500  0.14883
36550  0.14883
36600  0.14883
36650  0.14883
36700  0.14883
36750  0.14883
36800  0.14883
36850  0.14883
36900  0.14883
36950  0.148792
37000  0.148792
37050  0.148792
37100  0.148792
37150  0.148792
37200  0.148792
37250  0.148792
37300  0.148792
37350  0.148792
37400  0.148792
37450  0.148792
37500  0.148792
37550  0.148792
37600  0.148792
37650  0.148792
37700  0.148792
37750  0.148792
37800  0.148792
37850  0.148792
37900  0.148792
37950  0.148731
38000  0.148731
38050  0.148731
38100  0.148731
38150  0.148731
38200  0.148731
38250  0.148731
38300  0.148731
38350  0.148731
38400  0.148731
38450  0.148598
38500  0.148598
38550  0.148598
38600  0.148595
38650  0.148595
38700  0.14849
38750  0.14849
38800  0.148478
38850  0.148399
38900  0.148399
38950  0.148399
39000  0.148399
39050  0.148399
39100  0.148399
39150  0.148399
39200  0.148399
39250  0.148399
39300  0.148399
39350  0.148399
39400  0.148399
39450  0.148399
39500  0.148399
39550  0.148322
39600  0.148322
39650  0.148322
39700  0.148322
39750  0.148322
39800  0.148322
39850  0.148322
39900  0.148259
39950  0.148259
40000  0.148259
40050  0.148259
40100  0.148259
40150  0.148259
40200  0.148259
40250  0.148259
40300  0.148259
40350  0.148259
40400  0.148212
40450  0.148212
40500  0.148212
40550  0.148212
40600  0.148212
40650  0.148212
40700  0.148212
40750  0.148212
40800  0.148212
40850  0.148212
40900  0.14824
40950  0.14824
41000  0.14824
41050  0.148103
41100  0.148103
41150  0.148103
41200  0.148103
41250  0.148103
41300  0.148103
41350  0.148103
41400  0.148103
41450  0.148103
41500  0.148103
41550  0.14806
41600  0.14806
41650  0.14806
41700  0.147944
41750  0.147926
41800  0.147922
41850  0.147905
41900  0.147905
41950  0.147905
42000  0.147905
42050  0.147905
42100  0.147905
42150  0.147905
42200  0.147824
42250  0.147806
42300  0.147806
42350  0.147806
42400  0.147806
42450  0.147806
42500  0.147806
42550  0.147806
42600  0.147806
42650  0.147806
42700  0.147806
42750  0.147806
42800  0.147806
42850  0.147806
42900  0.147806
42950  0.147748
43000  0.147748
43050  0.147748
43100  0.147663
43150  0.147663
43200  0.147663
43250  0.147663
43300  0.147663
43350  0.147663
43400  0.147663
43450  0.147663
43500  0.147663
43550  0.147663
43600  0.147663
43650  0.147663
43700  0.147663
43750  0.147663
43800  0.147646
43850  0.147646
43900  0.147646
43950  0.147646
44000  0.147646
44050  0.147646
44100  0.147592
44150  0.147503
44200  0.147503
44250  0.147503
44300  0.147503
44350  0.147503
44400  0.147503
44450  0.147445
44500  0.147445
44550  0.147404
44600  0.147404
44650  0.147404
44700  0.147404
44750  0.147404
44800  0.147404
44850  0.147292
44900  0.147292
44950  0.147292
45000  0.147292
45050  0.147233
45100  0.147233
45150  0.147128
45200  0.147128
45250  0.147128
45300  0.147128
45350  0.147128
45400  0.147128
45450  0.147128
45500  0.147128
45550  0.147128
45600  0.147115
45650  0.147118
45700  0.147118
45750  0.147118
45800  0.147118
45850  0.147118
45900  0.147118
45950  0.147038
46000  0.147038
46050  0.147038
46100  0.147038
46150  0.147038
46200  0.147038
46250  0.147006
46300  0.146964
46350  0.146964
46400  0.146964
46450  0.146964
46500  0.146964
46550  0.146964
46600  0.146964
46650  0.146964
46700  0.146964
46750  0.146925
46800  0.146925
46850  0.146925
46900  0.146925
46950  0.146925
47000  0.146744
47050  0.146744
47100  0.146744
47150  0.146744
47200  0.146744
47250  0.146744
47300  0.146744
47350  0.146744
47400  0.146744
47450  0.146744
47500  0.146744
47550  0.146744
47600  0.146744
47650  0.146744
47700  0.146744
47750  0.146744
47800  0.146744
47850  0.146744
47900  0.146699
47950  0.146699
48000  0.146699
48050  0.146699
48100  0.146699
48150  0.146699
48200  0.146699
48250  0.146699
48300  0.146699
48350  0.146699
48400  0.146699
48450  0.146699
48500  0.146699
48550  0.146651
48600  0.146651
48650  0.146651
48700  0.146651
48750  0.146651
48800  0.146651
48850  0.146651
48900  0.146651
48950  0.146651
49000  0.146635
49050  0.146635
49100  0.146635
49150  0.146635
49200  0.146635
49250  0.146635
49300  0.146635
49350  0.146635
49400  0.146635
49450  0.146635
49500  0.146635
49550  0.146635
49600  0.146635
49650  0.146635
49700  0.146588
49750  0.146588
49800  0.146588
49850  0.146588
49900  0.146588
49950  0.146588
50000  0.146588
50050  0.146588
50100  0.146588
50150  0.146588
50200  0.146588
50250  0.146588
50300  0.146588
50350  0.146588
50400  0.146588
50450  0.146588
50500  0.146588
50550  0.146588
50600  0.146588
50650  0.146588
50700  0.146588
50750  0.146588
50800  0.146588
50850  0.146588
50900  0.146588
50950  0.146588
51000  0.146588
51050  0.146588
51100  0.146588
51150  0.146588
51200  0.146588
51250  0.146555
51300  0.146555
51350  0.146555
51400  0.146555
51450  0.146555
51500  0.146555
51550  0.146555
51600  0.146555
51650  0.146555
51700  0.146555
51750  0.146555
51800  0.146473
51850  0.146473
51900  0.146473
51950  0.146464
52000  0.146464
52050  0.146464
52100  0.146464
52150  0.146306
52200  0.146306
52250  0.146306
52300  0.146306
52350  0.146306
52400  0.146306
52450  0.146306
52500  0.146306
52550  0.146306
52600  0.146306
52650  0.146306
52700  0.146306
52750  0.146306
52800  0.146306
52850  0.146306
52900  0.146306
52950  0.146306
53000  0.146306
53050  0.146306
53100  0.146306
53150  0.1463
53200  0.1463
53250  0.146291
53300  0.146291
53350  0.146291
53400  0.146291
53450  0.146291
53500  0.146208
53550  0.146208
53600  0.146208
53650  0.146208
53700  0.146208
53750  0.146208
53800  0.146208
53850  0.146208
53900  0.146208
53950  0.146208
54000  0.146208
54050  0.146208
54100  0.146208
54150  0.146208
54200  0.146207
54250  0.146207
54300  0.146207
54350  0.146207
54400  0.146207
54450  0.146207
54500  0.146207
54550  0.146207
54600  0.146207
54650  0.146207
54700  0.146207
54750  0.146207
54800  0.14619
54850  0.14616
54900  0.14616
54950  0.14616
55000  0.14616
55050  0.14616
55100  0.14616
55150  0.14616
55200  0.14616
55250  0.14616
55300  0.14616
55350  0.14616
55400  0.14616
55450  0.146082
55500  0.14603
55550  0.14603
55600  0.14603
55650  0.14603
55700  0.14603
55750  0.14603
55800  0.14603
55850  0.145931
55900  0.145931
55950  0.145931
56000  0.145917
56050  0.145917
56100  0.145917
56150  0.145917
56200  0.145917
56250  0.145917
56300  0.145917
56350  0.145917
56400  0.145901
56450  0.145901
56500  0.145875
56550  0.145875
56600  0.145875
56650  0.145875
56700  0.145875
56750  0.145875
56800  0.145875
56850  0.145875
56900  0.145875
56950  0.145875
57000  0.145875
57050  0.145875
57100  0.145875
57150  0.145875
57200  0.145875
57250  0.145875
57300  0.145875
57350  0.145875
57400  0.145875
57450  0.145875
57500  0.145875
57550  0.145875
57600  0.145875
57650  0.145836
57700  0.145836
57750  0.145836
57800  0.145836
57850  0.145836
57900  0.145836
57950  0.145836
58000  0.145836
58050  0.145836
58100  0.145836
58150  0.145836
58200  0.145836
58250  0.145836
58300  0.145826
58350  0.145826
58400  0.145826
58450  0.145826
58500  0.145826
58550  0.145826
58600  0.145826
58650  0.145826
58700  0.145826
58750  0.145826
58800  0.145826
58850  0.145826
58900  0.145826
58950  0.145826
59000  0.145766
59050  0.145766
59100  0.145766
59150  0.145766
59200  0.145766
59250  0.145766
59300  0.145766
59350  0.145766
59400  0.145766
59450  0.145749
59500  0.145749
59550  0.145735
59600  0.145735
59650  0.145735
59700  0.145735
59750  0.145735
59800  0.145735
59850  0.145735
59900  0.145735
59950  0.145735
60000  0.145735
60050  0.145735
60100  0.145735
60150  0.145735
60200  0.145735
60250  0.145735
60300  0.145735
60350  0.145735
60400  0.145735
60450  0.145735
60500  0.145735
60550  0.145735
60600  0.145735
60650  0.145735
60700  0.145735
60750  0.145615
60800  0.145615
60850  0.145609
60900  0.145609
60950  0.145609
61000  0.145609
61050  0.145609
61100  0.145609
61150  0.145609
61200  0.145609
61250  0.145609
61300  0.145609
61350  0.145609
61400  0.145609
61450  0.145609
61500  0.145609
61550  0.145609
61600  0.145609
61650  0.145609
61700  0.145609
61750  0.145609
61800  0.145609
61850  0.145609
61900  0.145609
61950  0.145481
62000  0.145481
62050  0.145481
62100  0.145481
62150  0.145481
62200  0.145481
62250  0.145481
62300  0.145481
62350  0.145481
62400  0.145481
62450  0.145481
62500  0.145481
62550  0.145481
62600  0.145481
62650  0.145481
62700  0.145481
62750  0.145481
62800  0.145481
62850  0.145481
62900  0.145481
62950  0.145481
63000  0.145481
63050  0.145481
63100  0.145481
63150  0.145468
63200  0.145468
63250  0.145468
63300  0.145468
63350  0.145468
63400  0.145468
63450  0.145468
63500  0.145468
63550  0.145463
63600  0.145463
63650  0.145463
63700  0.145463
63750  0.145463
63800  0.145463
63850  0.145463
63900  0.145431
63950  0.145431
64000  0.145431
64050  0.145402
64100  0.145402
64150  0.145402
64200  0.145293
64250  0.145293
64300  0.145293
64350  0.145293
64400  0.145293
64450  0.145293
64500  0.145293
64550  0.145293
64600  0.145293
64650  0.145271
64700  0.145271
64750  0.145271
64800  0.145271
64850  0.145271
64900  0.145271
64950  0.145271
65000  0.145247
65050  0.145247
65100  0.145247
65150  0.145247
65200  0.145247
65250  0.145247
65300  0.145247
65350  0.145247
65400  0.145247
65450  0.145176
65500  0.145176
65550  0.145176
65600  0.145176
65650  0.145121
65700  0.145121
65750  0.145121
65800  0.145121
65850  0.145121
65900  0.145121
65950  0.145121
66000  0.145121
66050  0.145121
66100  0.145121
66150  0.145121
66200  0.145121
66250  0.145121
66300  0.145121
66350  0.145121
66400  0.145121
66450  0.145121
66500  0.145096
66550  0.145096
66600  0.145096
66650  0.145083
66700  0.145083
66750  0.145083
66800  0.145083
66850  0.145083
66900  0.145083
66950  0.145083
67000  0.145083
67050  0.145083
67100  0.145083
67150  0.145083
67200  0.145083
67250  0.145083
67300  0.145083
67350  0.144989
67400  0.144989
67450  0.144989
67500  0.144989
67550  0.144989
67600  0.144989
67650  0.144989
67700  0.144989
67750  0.144989
67800  0.144989
67850  0.144989
67900  0.144989
67950  0.144989
68000  0.144989
68050  0.144989
68100  0.144989
68150  0.144989
68200  0.144989
68250  0.144989
68300  0.144989
68350  0.144989
68400  0.144989
68450  0.144989
68500  0.144989
68550  0.144989
68600  0.144989
68650  0.144989
68700  0.144989
68750  0.144989
68800  0.144989
68850  0.144989
68900  0.144989
68950  0.144989
69000  0.144989
69050  0.144989
69100  0.144989
69150  0.144951
69200  0.144951
69250  0.144951
69300  0.144951
69350  0.144951
69400  0.144951
69450  0.144951
69500  0.144951
69550  0.144951
69600  0.144951
69650  0.144951
69700  0.144951
69750  0.144951
69800  0.144951
69850  0.144951
69900  0.144951
69950  0.144951
70000  0.144951
70050  0.144951
70100  0.144951
70150  0.144951
70200  0.144951
70250  0.144951
70300  0.144951
70350  0.144951
70400  0.144949
70450  0.144949
70500  0.144949
70550  0.144949
70600  0.144949
70650  0.144949
70700  0.144949
70750  0.144949
70800  0.144949
70850  0.144949
70900  0.144949
70950  0.144949
71000  0.144949
71050  0.144949
71100  0.144949
71150  0.144949
71200  0.144949
71250  0.144949
71300  0.144949
71350  0.144949
71400  0.144949
71450  0.144949
71500  0.144949
71550  0.144949
71600  0.144949
71650  0.144949
71700  0.144949
71750  0.144949
71800  0.144949
71850  0.144949
71900  0.144949
71950  0.144949
72000  0.144949
72050  0.144949
72100  0.144949
72150  0.144949
72200  0.144949
72250  0.144949
72300  0.144949
72350  0.144949
72400  0.144949
72450  0.144949
72500  0.144949
72550  0.144949
72600  0.144949
72650  0.144949
72700  0.144949
72750  0.144949
72800  0.144949
72850  0.144949
72900  0.144949
72950  0.144949
73000  0.144949
73050  0.144949
73100  0.144949
73150  0.144949
73200  0.144949
73250  0.144949
73300  0.144949
73350  0.144949
73400  0.144949
73450  0.144949
73500  0.144949
73550  0.144949
73600  0.144949
73650  0.144949
73700  0.144949
73750  0.144949
73800  0.144949
73850  0.144949
73900  0.144949
73950  0.144949
74000  0.144949
74050  0.144949
74100  0.144949
74150  0.144949
74200  0.144949
74250  0.144949
74300  0.144949
74350  0.144924
74400  0.144924
74450  0.144924
74500  0.144905
74550  0.144818
74600  0.144818
74650  0.144818
74700  0.144818
74750  0.144818
74800  0.144818
74850  0.144818
74900  0.144818
74950  0.144818
75000  0.144818
75050  0.144818
75100  0.144818
75150  0.144818
75200  0.144818
75250  0.144818
75300  0.144818
75350  0.144818
75400  0.144818
75450  0.144818
75500  0.144818
75550  0.144818
75600  0.144818
75650  0.144818
75700  0.14481
75750  0.14481
75800  0.14481
75850  0.144797
75900  0.144797
75950  0.144797
76000  0.144797
76050  0.144797
76100  0.144797
76150  0.144761
76200  0.144761
76250  0.144761
76300  0.144761
76350  0.144761
76400  0.144761
76450  0.144761
76500  0.144761
76550  0.144761
76600  0.144761
76650  0.144761
76700  0.144761
76750  0.144761
76800  0.144761
76850  0.144761
76900  0.144761
76950  0.144761
77000  0.144761
77050  0.144703
77100  0.144703
77150  0.144703
77200  0.144703
77250  0.144703
77300  0.144703
77350  0.144703
77400  0.144703
77450  0.144703
77500  0.144703
77550  0.144703
77600  0.144676
77650  0.144676
77700  0.144676
77750  0.144676
77800  0.144676
77850  0.144676
77900  0.144676
77950  0.144676
78000  0.144676
78050  0.144676
78100  0.144676
78150  0.144676
78200  0.144676
78250  0.144676
78300  0.144676
78350  0.144676
78400  0.144676
78450  0.144676
78500  0.144676
78550  0.144676
78600  0.144676
78650  0.144676
78700  0.144676
78750  0.144676
78800  0.144676
78850  0.144676
78900  0.144676
78950  0.144676
79000  0.144676
79050  0.144676
79100  0.144676
79150  0.144676
79200  0.144676
79250  0.144669
79300  0.144669
79350  0.144669
79400  0.144669
79450  0.144669
79500  0.144669
79550  0.144669
79600  0.144669
79650  0.144669
79700  0.144669
79750  0.144669
79800  0.144669
79850  0.144669
79900  0.144669
79950  0.144669
80000  0.144669
80050  0.144669
80100  0.144669
80150  0.144669
80200  0.144669
80250  0.144669
80300  0.144669
80350  0.144669
80400  0.144669
80450  0.144669
80500  0.144669
80550  0.144669
80600  0.144669
80650  0.144669
80700  0.144669
80750  0.144669
80800  0.144669
80850  0.144669
80900  0.144669
80950  0.144669
81000  0.144669
81050  0.144587
81100  0.144587
81150  0.144587
81200  0.144587
81250  0.144587
81300  0.144587
81350  0.144587
81400  0.144587
81450  0.144587
81500  0.144587
81550  0.144587
81600  0.144587
81650  0.144587
81700  0.144587
81750  0.144587
81800  0.144458
81850  0.144458
81900  0.144458
81950  0.144458
82000  0.144458
82050  0.144458
82100  0.144458
82150  0.144458
82200  0.144458
82250  0.144458
82300  0.144458
82350  0.144458
82400  0.144458
82450  0.144458
82500  0.144458
82550  0.144458
82600  0.144458
82650  0.144456
82700  0.144456
82750  0.144456
82800  0.144456
82850  0.144456
82900  0.144456
82950  0.144456
83000  0.144456
83050  0.144456
83100  0.144456
83150  0.14441
83200  0.14441
83250  0.14441
83300  0.14441
83350  0.14441
83400  0.14441
83450  0.14441
83500  0.14441
83550  0.14441
83600  0.14441
83650  0.14441
83700  0.14441
83750  0.14441
83800  0.14441
83850  0.14441
83900  0.14441
83950  0.14441
84000  0.14441
84050  0.14441
84100  0.14441
84150  0.14441
84200  0.14441
84250  0.14441
84300  0.14441
84350  0.14441
84400  0.14441
84450  0.14441
84500  0.144388
84550  0.144388
84600  0.144388
84650  0.144388
84700  0.144388
84750  0.144388
84800  0.144388
84850  0.144388
84900  0.144388
84950  0.144361
85000  0.144361
85050  0.144361
85100  0.144361
85150  0.144361
85200  0.144361
85250  0.144361
85300  0.144361
85350  0.144361
85400  0.144361
85450  0.144361
85500  0.144361
85550  0.144361
85600  0.144361
85650  0.144361
85700  0.144361
85750  0.144361
85800  0.144361
85850  0.144361
85900  0.144277
85950  0.144277
86000  0.144277
86050  0.144277
86100  0.144277
86150  0.144277
86200  0.144277
86250  0.144277
86300  0.144277
86350  0.144277
86400  0.144277
86450  0.144277
86500  0.144277
86550  0.144277
86600  0.144277
86650  0.144277
86700  0.144277
86750  0.144164
86800  0.144164
86850  0.144164
86900  0.144151
86950  0.144151
87000  0.144151
87050  0.144151
87100  0.144151
87150  0.144151
87200  0.144151
87250  0.144151
87300  0.144151
87350  0.144151
87400  0.144151
87450  0.144151
87500  0.144053
87550  0.144053
87600  0.144053
87650  0.144053
87700  0.144053
87750  0.143963
87800  0.143948
87850  0.143948
87900  0.143948
87950  0.143948
88000  0.143948
88050  0.143948
88100  0.143948
88150  0.143948
88200  0.143948
88250  0.143948
88300  0.143948
88350  0.143948
88400  0.143948
88450  0.143948
88500  0.143948
88550  0.143948
88600  0.143948
88650  0.143948
88700  0.143948
88750  0.143948
88800  0.143948
88850  0.143948
88900  0.143948
88950  0.143948
89000  0.143948
89050  0.143948
89100  0.143948
89150  0.143948
89200  0.143948
89250  0.143948
89300  0.143948
89350  0.143948
89400  0.143948
89450  0.143948
89500  0.143948
89550  0.143948
89600  0.143948
89650  0.143948
89700  0.143948
89750  0.143948
89800  0.143948
89850  0.143948
89900  0.143948
89950  0.143948
90000  0.143948
90050  0.143948
90100  0.143948
90150  0.143948
90200  0.143948
90250  0.143948
90300  0.143948
90350  0.143948
90400  0.143948
90450  0.143948
90500  0.143948
90550  0.143948
90600  0.143948
90650  0.143948
90700  0.143948
90750  0.143907
90800  0.143905
90850  0.143905
90900  0.143905
90950  0.143905
91000  0.143905
91050  0.143905
91100  0.143905
91150  0.143905
91200  0.143905
91250  0.143905
91300  0.143905
91350  0.143905
91400  0.143905
91450  0.143905
91500  0.143905
91550  0.143905
91600  0.143905
91650  0.143905
91700  0.143905
91750  0.143905
91800  0.143905
91850  0.143905
91900  0.143905
91950  0.143905
92000  0.143905
92050  0.143905
92100  0.143905
92150  0.143905
92200  0.143905
92250  0.143905
92300  0.143905
92350  0.143905
92400  0.143905
92450  0.143905
92500  0.143905
92550  0.143905
92600  0.143905
92650  0.143901
92700  0.143901
92750  0.143901
92800  0.143901
92850  0.143901
92900  0.143901
92950  0.143901
93000  0.143901
93050  0.143901
93100  0.143901
93150  0.143901
93200  0.143901
93250  0.143901
93300  0.143901
93350  0.143901
93400  0.143901
93450  0.143901
93500  0.143901
93550  0.143901
93600  0.143901
93650  0.143901
93700  0.143901
93750  0.143901
93800  0.143901
93850  0.143901
93900  0.143901
93950  0.143901
94000  0.143901
94050  0.143901
94100  0.143901
94150  0.143901
94200  0.143901
94250  0.143901
94300  0.143901
94350  0.143901
94400  0.143901
94450  0.143901
94500  0.143877
94550  0.143877
94600  0.143877
94650  0.143877
94700  0.143877
94750  0.143877
94800  0.143877
94850  0.143877
94900  0.143877
94950  0.143839
95000  0.143839
95050  0.143839
95100  0.143839
95150  0.143839
95200  0.143839
95250  0.143839
95300  0.143839
95350  0.143839
95400  0.143839
95450  0.143804
95500  0.143804
95550  0.143804
95600  0.143804
95650  0.143804
95700  0.143804
95750  0.143804
95800  0.143804
95850  0.143804
95900  0.143804
95950  0.143804
96000  0.143804
96050  0.143804
96100  0.143804
96150  0.143804
96200  0.143804
96250  0.143804
96300  0.143804
96350  0.143804
96400  0.143804
96450  0.143804
96500  0.143804
96550  0.143804
96600  0.143804
96650  0.143804
96700  0.143804
96750  0.143804
96800  0.143804
96850  0.143804
96900  0.143804
96950  0.143804
97000  0.143804
97050  0.143804
97100  0.143804
97150  0.143804
97200  0.143804
97250  0.143804
97300  0.143804
97350  0.143804
97400  0.143804
97450  0.143804
97500  0.143804
97550  0.143804
97600  0.143804
97650  0.143804
97700  0.143804
97750  0.143804
97800  0.143804
97850  0.143804
97900  0.143804
97950  0.143804
98000  0.143804
98050  0.143804
98100  0.143804
98150  0.143804
98200  0.143804
98250  0.143804
98300  0.143804
98350  0.143804
98400  0.143804
98450  0.143804
98500  0.143804
98550  0.143797
98600  0.143797
98650  0.143797
98700  0.143797
98750  0.143712
98800  0.143712
98850  0.143712
98900  0.143712
98950  0.143712
99000  0.143712
99050  0.143712
99100  0.143712
99150  0.143712
99200  0.143712
99250  0.143712
99300  0.143697
99350  0.143697
99400  0.143697
99450  0.143697
99500  0.143697
99550  0.143697
99600  0.143697
99650  0.143697
99700  0.143697
99750  0.143697
99800  0.143697
99850  0.143697
99900  0.143691
99950  0.143691
100000  0.143691
100050  0.143691
100100  0.143691
100150  0.143691
100200  0.143691
100250  0.143691
100300  0.143691
100350  0.143691
100400  0.143691
100450  0.143691
100500  0.143691
100550  0.143691
100600  0.143691
100650  0.143691
100700  0.143691
100750  0.143691
100800  0.143691
100850  0.143691
100900  0.143691
100950  0.143691
101000  0.143691
101050  0.143691
101100  0.143691
101150  0.143691
101200  0.143637
101250  0.143637
101300  0.143637
101350  0.143637
101400  0.143637
101450  0.143637
101500  0.143637
101550  0.143637
101600  0.143637
101650  0.143637
101700  0.143637
101750  0.143637
101800  0.143628
101850  0.143628
101900  0.143628
101950  0.143628
102000  0.143628
102050  0.143628
102100  0.143628
102150  0.143628
102200  0.143628
102250  0.143628
102300  0.143628
102350  0.143628
102400  0.143628
102450  0.143628
102500  0.143628
102550  0.143628
102600  0.143628
102650  0.143628
102700  0.143628
102750  0.143628
102800  0.143628
102850  0.143628
102900  0.143628
102950  0.143628
103000  0.143628
103050  0.143582
103100  0.143582
103150  0.143582
103200  0.143582
103250  0.143582
103300  0.143582
103350  0.143582
103400  0.143582
103450  0.143582
103500  0.143582
103550  0.143582
103600  0.143582
103650  0.143582
103700  0.143582
103750  0.143582
103800  0.143582
103850  0.143582
103900  0.143582
103950  0.143582
104000  0.143582
104050  0.143582
104100  0.143582
104150  0.143582
104200  0.143582
104250  0.143582
104300  0.143582
104350  0.143582
104400  0.143582
104450  0.143582
104500  0.143582
104550  0.143582
104600  0.143582
104650  0.143582
104700  0.143582
104750  0.143484
104800  0.143484
104850  0.143484
104900  0.143484
104950  0.143484
105000  0.143484
105050  0.143484
105100  0.143484
105150  0.143484
105200  0.143484
105250  0.143484
105300  0.143484
105350  0.143484
105400  0.143484
105450  0.143484
105500  0.143484
105550  0.143484
105600  0.143484
105650  0.143484
105700  0.143484
105750  0.143484
105800  0.143484
105850  0.143484
105900  0.143484
105950  0.143484
106000  0.143484
106050  0.143484
106100  0.143484
106150  0.143484
106200  0.143484
106250  0.143484
106300  0.143484
106350  0.143484
106400  0.143484
106450  0.143484
106500  0.143484
106550  0.143484
106600  0.143484
106650  0.143484
106700  0.143484
106750  0.143484
106800  0.143484
106850  0.143484
106900  0.143484
106950  0.143484
107000  0.143484
107050  0.143484
107100  0.143484
107150  0.143484
107200  0.143484
107250  0.143484
107300  0.143484
107350  0.143484
107400  0.143484
107450  0.143484
107500  0.143484
107550  0.143483
107600  0.143483
107650  0.143483
107700  0.143483
107750  0.143483
107800  0.143483
107850  0.143483
107900  0.143483
107950  0.143483
108000  0.143483
108050  0.143483
108100  0.143483
108150  0.143483
108200  0.143483
108250  0.143483
108300  0.143483
108350  0.143483
108400  0.143483
108450  0.143483
108500  0.143483
108550  0.143432
108600  0.143432
108650  0.143432
108700  0.143432
108750  0.14342
108800  0.14342
108850  0.14342
108900  0.14342
108950  0.14342
109000  0.14342
109050  0.14342
109100  0.143402
109150  0.143402
109200  0.143402
109250  0.143402
109300  0.143402
109350  0.143402
109400  0.143402
109450  0.143402
109500  0.143402
109550  0.143402
109600  0.143402
109650  0.143402
109700  0.143402
109750  0.143402
109800  0.143402
109850  0.143402
109900  0.143402
109950  0.143402
110000  0.143402
110050  0.143402
110100  0.143402
110150  0.143402
110200  0.143402
110250  0.143402
110300  0.143361
110350  0.143361
110400  0.143361
110450  0.143361
110500  0.143361
110550  0.143361
110600  0.143361
110650  0.143361
110700  0.143361
110750  0.143361
110800  0.143296
110850  0.143296
110900  0.143296
110950  0.143296
111000  0.143296
111050  0.143296
111100  0.143296
111150  0.143296
111200  0.143296
111250  0.143296
111300  0.143296
111350  0.143296
111400  0.143296
111450  0.143296
111500  0.143296
111550  0.143296
111600  0.143296
111650  0.143296
111700  0.143296
111750  0.143296
111800  0.143296
111850  0.143296
111900  0.143296
111950  0.143296
112000  0.143296
112050  0.143296
112100  0.143296
112150  0.143296
112200  0.143296
112250  0.143296
112300  0.143296
112350  0.143296
112400  0.143296
112450  0.143296
112500  0.143296
112550  0.143296
112600  0.143296
112650  0.143296
112700  0.143296
112750  0.14317
112800  0.14317
112850  0.14317
112900  0.14317
112950  0.14317
113000  0.14317
113050  0.14317
113100  0.14317
113150  0.14317
113200  0.14317
113250  0.14317
113300  0.14317
113350  0.14317
113400  0.14317
113450  0.14317
113500  0.14317
113550  0.143104
113600  0.143104
113650  0.143104
113700  0.143104
113750  0.143104
113800  0.143104
113850  0.143104
113900  0.143104
113950  0.143104
114000  0.143104
114050  0.143104
114100  0.143104
114150  0.143104
114200  0.143104
114250  0.143104
114300  0.143104
114350  0.143104
114400  0.143104
114450  0.143104
114500  0.143104
114550  0.143104
114600  0.143104
114650  0.143104
114700  0.143104
114750  0.143104
114800  0.143104
114850  0.143104
114900  0.143104
114950  0.143104
115000  0.143104
115050  0.143104
115100  0.143104
115150  0.143104
115200  0.143104
115250  0.143104
115300  0.143104
115350  0.143104
115400  0.143104
115450  0.143104
115500  0.143104
115550  0.143104
115600  0.143104
115650  0.143104
115700  0.143104
115750  0.143104
115800  0.143104
115850  0.143104
115900  0.143104
115950  0.143104
116000  0.143104
116050  0.143104
116100  0.143104
116150  0.143104
116200  0.143104
116250  0.143104
116300  0.143104
116350  0.143104
116400  0.143104
116450  0.143104
116500  0.143104
116550  0.143074
116600  0.143074
116650  0.143074
116700  0.143074
116750  0.143074
116800  0.143074
116850  0.143074
116900  0.143007
116950  0.143007
117000  0.143007
117050  0.143007
117100  0.143007
117150  0.143007
117200  0.143007
117250  0.143007
117300  0.143007
117350  0.143007
117400  0.143007
117450  0.143007
117500  0.143007
117550  0.143007
117600  0.143007
117650  0.143007
117700  0.142958
117750  0.142958
117800  0.142958
117850  0.142955
117900  0.142955
117950  0.142955
118000  0.142955
118050  0.142955
118100  0.142955
118150  0.142955
118200  0.142955
118250  0.142955
118300  0.142902
118350  0.142902
118400  0.142902
118450  0.142902
118500  0.142902
118550  0.142902
118600  0.142902
118650  0.142902
118700  0.142902
118750  0.142902
118800  0.142902
118850  0.142902
118900  0.142902
118950  0.142902
119000  0.142902
119050  0.142902
119100  0.142902
119150  0.142902
119200  0.142902
119250  0.142902
119300  0.142902
119350  0.142902
119400  0.142902
119450  0.142895
119500  0.142895
119550  0.142895
119600  0.142895
119650  0.142895
119700  0.142895
119750  0.142895
119800  0.142895
119850  0.142895
119900  0.142895
119950  0.142895
120000  0.142895
120050  0.142895
120100  0.142895
120150  0.142895
120200  0.142895
120250  0.142895
120300  0.142895
120350  0.142895
120400  0.142895
120450  0.142895
120500  0.142895
120550  0.142895
120600  0.142895
120650  0.142895
120700  0.142895
120750  0.142895
120800  0.142895
120850  0.142895
120900  0.142895
120950  0.142845
121000  0.142845
121050  0.142845
121100  0.142845
121150  0.142751
121200  0.142751
121250  0.142751
121300  0.142751
121350  0.142751
121400  0.142751
121450  0.142751
121500  0.142751
121550  0.142751
121600  0.142751
121650  0.142751
121700  0.142751
121750  0.142751
121800  0.142713
121850  0.142713
121900  0.142713
121950  0.142713
122000  0.142713
122050  0.142713
122100  0.142713
122150  0.142713
122200  0.142713
122250  0.142713
122300  0.142713
122350  0.142713
122400  0.142713
122450  0.142713
122500  0.142713
122550  0.142713
122600  0.142713
122650  0.142666
122700  0.142666
122750  0.142666
122800  0.142666
122850  0.142666
122900  0.142666
122950  0.142666
123000  0.142666
123050  0.142666
123100  0.142664
123150  0.142664
123200  0.142664
123250  0.142664
123300  0.142604
123350  0.142604
123400  0.142604
123450  0.142604
123500  0.142604
123550  0.142604
123600  0.142604
123650  0.142604
123700  0.142604
123750  0.142604
123800  0.142604
123850  0.142604
123900  0.142604
123950  0.142604
124000  0.142604
124050  0.142604
124100  0.142604
124150  0.142604
124200  0.142604
124250  0.142604
124300  0.142604
124350  0.142604
124400  0.142604
124450  0.142604
124500  0.142604
124550  0.142604
124600  0.142604
124650  0.142604
124700  0.142604
124750  0.142604
124800  0.142604
124850  0.142604
124900  0.142604
124950  0.142604
125000  0.142604
125050  0.142604
125100  0.142604
125150  0.142604
125200  0.142604
125250  0.142604
125300  0.142604
125350  0.142604
125400  0.142604
125450  0.142604
125500  0.142604
125550  0.142604
125600  0.142604
125650  0.142604
125700  0.142604
125750  0.142604
125800  0.142604
125850  0.142604
125900  0.142604
125950  0.142604
126000  0.142604
126050  0.142604
126100  0.142604
126150  0.142604
126200  0.142604
126250  0.142604
126300  0.142604
126350  0.142604
126400  0.142604
126450  0.142604
126500  0.142604
126550  0.142604
126600  0.142604
126650  0.142604
126700  0.142604
126750  0.142604
126800  0.142604
126850  0.142604
126900  0.142604
126950  0.142604
127000  0.142604
127050  0.142604
127100  0.142604
127150  0.142604
127200  0.142604
127250  0.142604
127300  0.142604
127350  0.142604
127400  0.142604
127450  0.142604
127500  0.142604
127550  0.142604
127600  0.142604
127650  0.142604
127700  0.142604
127750  0.142604
127800  0.142604
127850  0.142604
127900  0.142604
127950  0.142604
128000  0.142604
128050  0.142604
128100  0.142604
128150  0.142604
128200  0.142604
128250  0.142604
128300  0.142604
128350  0.142604
128400  0.142604
128450  0.142604
128500  0.142604
128550  0.142604
128600  0.142604
128650  0.142604
128700  0.142604
128750  0.142604
128800  0.142604
128850  0.142604
128900  0.142604
128950  0.142604
129000  0.142604
129050  0.142604
129100  0.142604
129150  0.142604
129200  0.142604
129250  0.142604
129300  0.142604
129350  0.142604
129400  0.142604
129450  0.142604
129500  0.142604
129550  0.142604
129600  0.142604
129650  0.142604
129700  0.142604
129750  0.142604
129800  0.142604
129850  0.142604
129900  0.142604
129950  0.142604
130000  0.142604
130050  0.142604
130100  0.142604
130150  0.142604
130200  0.142604
130250  0.142604
130300  0.142604
130350  0.142604
130400  0.142604
130450  0.142604
130500  0.142604
130550  0.142604
130600  0.142604
130650  0.142604
130700  0.142604
130750  0.142604
130800  0.142604
130850  0.142604
130900  0.142604
130950  0.142604
131000  0.142604
131050  0.142604
131100  0.142599
131150  0.142599
131200  0.142599
131250  0.142599
131300  0.142599
131350  0.142599
131400  0.142599
131450  0.142599
131500  0.142599
131550  0.142599
131600  0.142599
131650  0.142599
131700  0.142599
131750  0.142599
131800  0.142599
131850  0.142599
131900  0.142599
131950  0.142599
132000  0.142599
132050  0.142599
132100  0.142599
132150  0.142599
132200  0.142599
132250  0.142599
132300  0.142599
132350  0.142599
132400  0.142599
132450  0.142599
132500  0.142599
132550  0.142599
132600  0.142599
132650  0.142599
132700  0.142599
132750  0.142599
132800  0.142569
132850  0.142569
132900  0.142569
132950  0.142569
133000  0.142569
133050  0.142569
133100  0.142569
133150  0.142569
133200  0.142569
133250  0.142569
133300  0.142569
133350  0.142569
133400  0.142569
133450  0.142569
133500  0.142569
133550  0.142569
133600  0.142569
133650  0.142569
133700  0.142569
133750  0.142569
133800  0.142569
133850  0.142569
133900  0.142569
133950  0.142569
134000  0.142569
134050  0.142569
134100  0.142569
134150  0.142569
134200  0.142569
134250  0.142569
134300  0.142569
134350  0.142569
134400  0.142569
134450  0.142569
134500  0.142569
134550  0.142569
134600  0.142569
134650  0.142569
134700  0.142569
134750  0.142569
134800  0.142569
134850  0.142569
134900  0.142569
134950  0.142479
135000  0.142479
135050  0.142479
135100  0.142479
135150  0.142479
135200  0.142479
135250  0.142479
135300  0.142479
135350  0.142479
135400  0.142479
135450  0.142479
135500  0.142479
135550  0.142479
135600  0.142479
135650  0.142479
135700  0.142479
135750  0.142479
135800  0.142479
135850  0.142479
135900  0.142441
135950  0.142388
136000  0.142388
136050  0.142388
136100  0.142388
136150  0.142388
136200  0.142388
136250  0.142366
136300  0.142366
136350  0.142366
136400  0.142366
136450  0.142366
136500  0.142366
136550  0.142366
136600  0.142366
136650  0.142267
136700  0.142267
136750  0.14221
136800  0.14221
136850  0.14221
136900  0.142196
136950  0.142196
137000  0.142196
137050  0.142196
137100  0.142196
137150  0.142175
137200  0.142175
137250  0.142175
137300  0.142175
137350  0.142175
137400  0.142175
137450  0.142175
137500  0.142175
137550  0.142175
137600  0.142175
137650  0.142175
137700  0.142175
137750  0.142175
137800  0.142175
137850  0.142175
137900  0.142175
137950  0.142175
138000  0.142175
138050  0.142175
138100  0.142175
138150  0.142175
138200  0.142175
138250  0.142175
138300  0.142175
138350  0.142175
138400  0.142175
138450  0.142175
138500  0.142175
138550  0.142175
138600  0.142175
138650  0.142175
138700  0.142175
138750  0.142175
138800  0.142175
138850  0.142175
138900  0.142175
138950  0.142175
139000  0.142175
139050  0.142175
139100  0.142175
139150  0.142175
139200  0.142175
139250  0.142175
139300  0.142175
139350  0.142175
139400  0.142175
139450  0.142175
139500  0.142175
139550  0.142148
139600  0.142148
139650  0.142148
139700  0.142148
139750  0.142148
139800  0.142075
139850  0.142075
139900  0.142075
139950  0.142075
140000  0.142075
140050  0.142075
140100  0.142075
140150  0.142075
140200  0.142075
140250  0.142075
140300  0.142075
140350  0.142075
140400  0.142075
140450  0.142075
140500  0.142075
140550  0.142075
140600  0.142075
140650  0.142075
140700  0.142075
140750  0.142074
140800  0.142074
140850  0.142074
140900  0.142074
140950  0.142074
141000  0.142074
141050  0.142074
141100  0.142074
141150  0.142074
141200  0.142074
141250  0.142074
141300  0.142074
141350  0.142074
141400  0.142074
141450  0.142074
141500  0.142074
141550  0.142074
141600  0.142074
141650  0.142074
141700  0.142074
141750  0.142074
141800  0.142074
141850  0.142074
141900  0.142074
141950  0.142074
142000  0.142074
142050  0.142074
142100  0.142074
142150  0.142074
142200  0.142074
142250  0.142074
142300  0.142074
142350  0.142074
142400  0.142074
142450  0.142074
142500  0.142074
142550  0.142074
142600  0.142074
142650  0.142074
142700  0.142074
