Step  Penalty
10  0.528488
20  0.510095
30  0.500029
40  0.496635
50  0.490989
60  0.489851
70  0.488333
80  0.488333
90  0.488333
100  0.487223
110  0.487223
120  0.487125
130  0.487125
140  0.487125
150  0.485964
160  0.485952
170  0.485952
180  0.485888
190  0.485656
200  0.485656
210  0.48413
220  0.48413
230  0.482722
240  0.481686
250  0.481686
260  0.478338
270  0.478338
280  0.478338
290  0.478338
300  0.478338
310  0.477554
320  0.477554
330  0.477462
340  0.474935
350  0.473563
360  0.473563
370  0.473563
380  0.473563
390  0.473563
400  0.473563
410  0.473448
420  0.473211
430  0.473211
440  0.473211
450  0.472098
460  0.471685
470  0.471685
480  0.471685
490  0.471685
500  0.471685
510  0.471685
520  0.471685
530  0.471584
540  0.471584
550  0.471268
560  0.471268
570  0.471268
580  0.471268
590  0.471268
600  0.471268
610  0.471268
620  0.471268
630  0.471268
640  0.471268
650  0.470679
660  0.470679
670  0.470679
680  0.470679
690  0.470679
700  0.470538
710  0.470538
720  0.470538
730  0.470538
740  0.470317
750  0.470317
760  0.46934
770  0.46934
780  0.46934
790  0.46934
800  0.46934
810  0.46934
820  0.469321
830  0.469321
840  0.469321
850  0.469321
860  0.469321
870  0.469321
880  0.469321
890  0.469321
900  0.469321
910  0.469321
920  0.469321
930  0.469321
940  0.469321
950  0.469321
960  0.469321
970  0.469321
980  0.469321
990  0.469321
1000  0.469321
1010  0.469321
1020  0.469321
1030  0.469321
1040  0.469321
1050  0.469321
1060  0.469321
1070  0.469321
1080  0.469321
1090  0.469321
1100  0.469321
1110  0.469321
1120  0.469321
1130  0.469321
1140  0.469321
1150  0.469321
1160  0.469321
1170  0.469321
1180  0.469321
1190  0.469321
1200  0.469321
1210  0.469321
1220  0.469321
1230  0.469321
1240  0.468444
1250  0.468444
1260  0.468444
1270  0.468444
1280  0.468444
1290  0.468444
1300  0.468444
1310  0.468444
1320  0.468444
1330  0.468444
1340  0.468009
1350  0.468009
1360  0.468009
1370  0.468009
1380  0.468009
1390  0.468009
1400  0.468009
1410  0.468009
1420  0.467581
1430  0.467581
1440  0.467581
1450  0.467581
1460  0.467581
1470  0.467581
1480  0.467581
1490  0.467581
1500  0.467581
1510  0.467581
1520  0.467581
1530  0.467581
1540  0.467581
1550  0.467581
1560  0.467581
1570  0.467581
1580  0.467581
1590  0.466917
1600  0.466917
1610  0.466794
1620  0.466794
1630  0.466794
1640  0.466794
1650  0.466794
1660  0.466794
1670  0.466794
1680  0.466794
1690  0.466794
1700  0.466794
1710  0.465831
1720  0.465382
1730  0.465382
1740  0.465382
1750  0.465382
1760  0.465382
1770  0.465382
1780  0.465382
1790  0.465382
1800  0.465382
1810  0.465382
1820  0.465382
1830  0.465382
1840  0.465382
1850  0.465382
1860  0.465382
1870  0.465382
1880  0.465382
1890  0.465382
1900  0.465382
1910  0.465382
1920  0.465382
1930  0.465382
1940  0.465382
1950  0.465382
1960  0.465382
1970  0.465382
1980  0.465382
1990  0.465382
2000  0.462368
2010  0.462368
2020  0.462368
2030  0.462368
2040  0.462368
2050  0.462368
2060  0.462368
2070  0.462368
2080  0.462368
2090  0.462368
2100  0.462368
2110  0.462368
2120  0.462368
2130  0.462368
2140  0.462368
2150  0.462368
2160  0.462368
2170  0.462368
2180  0.462368
2190  0.462368
2200  0.462368
2210  0.462368
2220  0.462368
2230  0.460949
2240  0.460949
2250  0.46077
2260  0.46077
2270  0.46077
2280  0.46077
2290  0.46077
2300  0.46077
2310  0.46077
2320  0.46077
2330  0.46077
2340  0.46077
2350  0.46077
2360  0.46077
2370  0.460589
2380  0.460589
2390  0.460589
2400  0.460589
2410  0.460589
2420  0.460589
2430  0.460589
2440  0.460589
2450  0.460589
2460  0.460589
2470  0.460589
2480  0.460589
2490  0.460589
2500  0.460589
2510  0.460589
2520  0.460589
2530  0.460589
2540  0.460589
2550  0.460589
2560  0.460589
2570  0.460589
2580  0.460483
2590  0.460483
2600  0.460483
2610  0.460483
2620  0.460483
2630  0.460483
2640  0.460483
2650  0.460483
2660  0.460483
2670  0.460483
2680  0.460483
2690  0.460483
2700  0.460483
2710  0.460483
2720  0.460483
2730  0.460483
2740  0.460483
2750  0.460483
2760  0.460483
2770  0.459537
2780  0.459537
2790  0.459537
2800  0.459537
2810  0.459537
2820  0.459537
2830  0.459537
2840  0.459537
2850  0.459537
2860  0.459537
2870  0.459537
2880  0.459537
2890  0.459537
2900  0.459537
2910  0.459537
2920  0.459537
2930  0.459537
2940  0.459537
2950  0.459524
2960  0.459524
2970  0.459524
2980  0.459524
2990  0.459524
3000  0.459524
3010  0.459524
3020  0.459524
3030  0.459524
3040  0.459524
3050  0.459524
3060  0.459524
3070  0.459524
3080  0.459524
3090  0.459524
3100  0.459524
3110  0.459524
3120  0.459391
3130  0.457882
3140  0.457882
3150  0.457488
3160  0.457488
3170  0.457488
3180  0.457488
3190  0.457488
3200  0.457488
3210  0.457488
3220  0.457488
3230  0.457488
3240  0.457488
3250  0.457488
3260  0.457488
3270  0.457488
3280  0.457488
3290  0.457488
3300  0.457488
3310  0.457488
3320  0.457488
3330  0.456621
3340  0.456621
3350  0.456621
3360  0.456621
3370  0.456621
3380  0.456621
3390  0.456621
3400  0.456621
3410  0.456621
3420  0.456621
3430  0.456621
3440  0.456621
3450  0.456621
3460  0.456621
3470  0.456621
3480  0.456621
3490  0.456608
3500  0.456608
3510  0.456608
3520  0.456608
3530  0.456608
3540  0.456608
3550  0.456608
3560  0.456608
3570  0.456608
3580  0.456026
3590  0.456026
3600  0.456026
3610  0.456026
3620  0.456026
3630  0.456026
3640  0.456026
3650  0.456026
3660  0.456026
3670  0.456026
3680  0.456026
3690  0.456026
3700  0.456026
3710  0.456026
3720  0.456026
3730  0.456026
3740  0.456026
3750  0.456026
3760  0.456026
3770  0.456026
3780  0.455411
3790  0.455411
3800  0.455411
3810  0.454488
3820  0.454488
3830  0.454488
3840  0.454488
3850  0.454488
3860  0.454488
3870  0.454488
3880  0.454488
3890  0.454488
3900  0.454488
3910  0.454488
3920  0.453781
3930  0.453781
3940  0.453781
3950  0.453781
3960  0.453781
3970  0.453781
3980  0.453781
3990  0.453781
4000  0.453781
4010  0.453781
4020  0.453781
4030  0.453781
4040  0.453781
4050  0.453781
4060  0.453781
4070  0.453781
4080  0.453781
4090  0.453781
4100  0.453781
4110  0.453781
4120  0.453781
4130  0.453781
4140  0.453781
4150  0.453781
4160  0.453781
4170  0.453781
4180  0.453781
4190  0.453781
4200  0.453781
4210  0.453781
4220  0.453781
4230  0.453781
4240  0.453781
4250  0.453781
4260  0.453781
4270  0.453781
4280  0.453781
4290  0.453781
4300  0.453781
4310  0.453781
4320  0.453781
4330  0.453781
4340  0.453781
4350  0.453781
4360  0.453781
4370  0.453781
4380  0.453781
4390  0.453781
4400  0.453781
4410  0.453781
4420  0.453781
4430  0.453781
4440  0.453781
4450  0.453781
4460  0.453781
4470  0.453781
4480  0.453781
4490  0.453781
4500  0.453781
4510  0.453781
4520  0.453781
4530  0.453781
4540  0.453781
4550  0.453781
4560  0.453781
4570  0.453781
4580  0.453781
4590  0.453781
4600  0.452863
4610  0.452863
4620  0.452863
4630  0.452863
4640  0.452863
4650  0.452863
4660  0.452863
4670  0.452863
4680  0.452863
4690  0.452863
4700  0.452863
4710  0.452863
4720  0.452863
4730  0.452863
4740  0.452863
4750  0.452863
4760  0.452863
4770  0.452863
4780  0.452863
4790  0.452863
4800  0.452863
4810  0.452863
4820  0.452863
4830  0.452863
4840  0.452863
4850  0.452863
4860  0.452863
4870  0.452863
4880  0.452863
4890  0.452863
4900  0.452863
4910  0.452863
4920  0.452863
4930  0.452863
4940  0.452863
4950  0.452863
4960  0.452863
4970  0.452863
4980  0.452863
4990  0.452863
5000  0.452863
5010  0.452863
5020  0.452863
5030  0.452863
5040  0.451633
5050  0.451633
5060  0.451633
5070  0.451633
5080  0.451633
5090  0.451633
5100  0.451633
5110  0.451633
5120  0.451633
5130  0.451633
5140  0.451633
5150  0.451633
5160  0.450642
5170  0.450642
5180  0.450642
5190  0.450642
5200  0.450642
5210  0.450642
5220  0.450642
5230  0.450642
5240  0.450642
5250  0.450642
5260  0.450642
5270  0.450642
5280  0.450642
5290  0.450642
5300  0.450642
5310  0.450642
5320  0.450642
5330  0.450642
5340  0.450286
5350  0.450286
5360  0.450286
5370  0.450286
5380  0.450286
5390  0.450286
5400  0.450286
5410  0.450286
5420  0.450286
5430  0.450286
5440  0.450286
5450  0.450286
5460  0.450286
5470  0.450286
5480  0.450286
5490  0.450286
5500  0.450286
5510  0.450286
5520  0.450286
5530  0.450286
5540  0.450286
5550  0.450286
5560  0.450286
5570  0.450286
5580  0.450286
5590  0.450286
5600  0.450286
5610  0.450286
5620  0.450286
5630  0.450286
5640  0.450286
5650  0.450286
5660  0.450286
5670  0.450286
5680  0.450286
5690  0.450286
5700  0.450286
5710  0.450286
5720  0.449539
5730  0.449539
5740  0.449539
5750  0.449539
5760  0.449539
5770  0.449539
5780  0.449539
5790  0.449539
5800  0.449539
5810  0.449539
5820  0.449539
5830  0.449539
5840  0.449539
5850  0.449539
5860  0.449539
5870  0.449539
5880  0.449539
5890  0.449147
5900  0.449147
5910  0.449147
5920  0.449147
5930  0.449147
5940  0.449147
5950  0.449147
5960  0.449147
5970  0.449147
5980  0.449147
5990  0.449147
6000  0.449147
6010  0.449147
6020  0.449147
6030  0.449147
6040  0.449147
6050  0.449147
6060  0.449147
6070  0.449147
6080  0.449147
6090  0.449147
6100  0.449147
6110  0.449147
6120  0.449147
6130  0.449147
6140  0.449147
6150  0.449147
6160  0.449147
6170  0.449147
6180  0.449147
6190  0.449147
6200  0.449147
6210  0.449147
6220  0.449147
6230  0.449147
6240  0.449147
6250  0.449147
6260  0.449147
6270  0.449147
6280  0.449147
6290  0.449147
6300  0.449147
6310  0.449147
6320  0.449147
6330  0.449147
6340  0.449147
6350  0.449147
6360  0.449147
6370  0.449147
6380  0.449147
6390  0.449147
6400  0.449147
6410  0.449147
6420  0.449147
6430  0.449147
6440  0.449147
6450  0.449147
6460  0.449147
6470  0.449147
6480  0.449147
6490  0.449147
6500  0.449147
6510  0.449147
6520  0.449147
6530  0.449147
6540  0.449147
6550  0.449147
6560  0.449147
6570  0.449147
6580  0.449148
6590  0.449148
6600  0.447617
6610  0.447617
6620  0.447617
6630  0.447617
6640  0.447617
6650  0.447617
6660  0.447617
6670  0.447617
6680  0.447617
6690  0.447617
6700  0.447617
6710  0.447617
6720  0.447617
6730  0.447617
6740  0.447617
6750  0.447617
6760  0.447617
6770  0.447617
6780  0.447617
6790  0.447617
6800  0.447617
6810  0.447617
6820  0.447617
6830  0.447617
6840  0.447617
6850  0.447617
6860  0.447617
6870  0.447617
6880  0.446784
6890  0.446784
6900  0.446784
6910  0.446784
6920  0.446784
6930  0.446784
6940  0.446784
6950  0.446784
6960  0.446784
6970  0.446784
6980  0.446784
6990  0.446784
7000  0.446784
7010  0.446784
7020  0.446784
7030  0.446784
7040  0.446784
7050  0.446784
7060  0.446784
7070  0.446784
7080  0.446784
7090  0.446784
7100  0.446784
7110  0.446784
7120  0.446784
7130  0.446784
7140  0.446784
7150  0.446784
7160  0.446784
7170  0.446784
7180  0.446784
7190  0.446784
7200  0.446784
7210  0.446784
7220  0.446784
7230  0.446784
7240  0.446784
7250  0.446784
7260  0.446784
7270  0.446784
7280  0.446784
7290  0.446784
7300  0.446784
7310  0.446784
7320  0.446784
7330  0.446784
7340  0.446784
7350  0.446784
7360  0.446784
7370  0.446784
7380  0.446784
7390  0.446784
7400  0.446784
7410  0.446784
7420  0.446784
7430  0.446784
7440  0.446784
7450  0.446784
7460  0.446784
7470  0.446784
7480  0.446784
7490  0.446784
7500  0.446784
7510  0.446784
7520  0.446784
7530  0.446784
7540  0.446784
7550  0.446784
7560  0.446784
7570  0.446784
7580  0.446784
7590  0.446784
7600  0.446784
7610  0.446784
7620  0.446784
7630  0.446784
7640  0.446784
7650  0.446784
7660  0.446784
7670  0.446784
7680  0.446784
7690  0.446784
7700  0.446784
7710  0.446784
7720  0.446784
7730  0.446784
7740  0.446784
7750  0.446784
7760  0.446784
7770  0.446784
7780  0.444972
7790  0.444972
7800  0.444972
7810  0.444972
7820  0.444972
7830  0.444972
7840  0.444972
7850  0.444972
7860  0.444972
7870  0.444972
7880  0.444972
7890  0.444972
7900  0.444972
7910  0.444972
7920  0.444972
7930  0.444972
7940  0.444972
7950  0.444972
7960  0.444972
7970  0.444972
7980  0.444972
7990  0.444972
8000  0.444972
8010  0.444972
8020  0.444972
8030  0.444972
8040  0.444972
8050  0.444972
8060  0.444972
8070  0.444972
8080  0.444972
8090  0.444972
8100  0.444972
8110  0.444972
8120  0.444972
8130  0.444972
8140  0.444972
8150  0.444972
8160  0.444972
8170  0.444972
8180  0.444972
8190  0.444972
8200  0.444972
8210  0.444972
8220  0.444972
8230  0.444972
8240  0.444972
8250  0.444972
8260  0.444972
8270  0.444972
8280  0.444972
8290  0.444972
8300  0.444972
8310  0.444972
8320  0.444972
8330  0.444972
8340  0.444972
8350  0.444972
8360  0.444972
8370  0.444972
8380  0.444972
8390  0.444972
8400  0.444972
8410  0.444972
8420  0.444972
8430  0.444972
8440  0.444972
8450  0.444972
8460  0.444972
8470  0.444972
8480  0.444972
8490  0.444972
8500  0.444972
8510  0.444972
8520  0.444972
8530  0.444972
8540  0.444972
8550  0.444972
8560  0.444972
8570  0.444972
8580  0.444972
8590  0.444972
8600  0.444972
8610  0.444972
8620  0.444972
8630  0.444972
8640  0.444972
8650  0.444972
8660  0.444972
8670  0.444972
8680  0.444972
8690  0.444972
8700  0.444972
8710  0.444972
8720  0.444972
8730  0.444972
8740  0.444972
8750  0.444972
8760  0.444972
8770  0.444972
8780  0.444972
8790  0.444972
8800  0.444972
8810  0.444972
8820  0.444972
8830  0.444972
8840  0.444972
8850  0.444972
8860  0.444972
8870  0.444972
8880  0.444972
8890  0.444972
8900  0.444972
8910  0.444972
8920  0.444972
8930  0.444972
8940  0.444972
8950  0.444972
8960  0.444972
8970  0.444972
8980  0.444972
8990  0.444972
9000  0.444972
9010  0.444972
9020  0.444972
9030  0.444972
9040  0.444972
9050  0.444972
9060  0.444972
9070  0.444972
9080  0.444972
9090  0.444972
9100  0.444972
9110  0.444972
9120  0.444972
9130  0.444972
9140  0.444972
9150  0.444972
9160  0.444972
9170  0.444972
9180  0.444972
9190  0.444972
9200  0.444972
9210  0.444972
9220  0.444972
9230  0.444972
9240  0.444972
9250  0.444972
9260  0.444972
9270  0.444972
9280  0.444972
9290  0.444972
9300  0.444972
9310  0.444972
9320  0.444972
9330  0.444972
9340  0.444972
9350  0.444972
9360  0.444972
9370  0.444972
9380  0.444972
9390  0.444972
9400  0.444972
9410  0.444972
9420  0.444972
9430  0.444972
9440  0.444972
9450  0.444972
9460  0.444972
9470  0.444972
9480  0.444972
9490  0.444972
9500  0.444972
9510  0.444972
9520  0.444972
9530  0.444972
9540  0.444972
9550  0.444972
9560  0.444972
9570  0.444972
9580  0.444972
9590  0.444972
9600  0.444972
9610  0.444972
9620  0.444972
9630  0.444972
9640  0.444972
9650  0.444972
9660  0.444972
9670  0.444972
9680  0.444972
9690  0.444972
9700  0.444972
9710  0.444972
9720  0.444972
9730  0.444972
9740  0.444972
9750  0.444972
9760  0.444972
9770  0.444972
9780  0.444972
9790  0.444972
9800  0.444972
9810  0.444972
9820  0.444972
9830  0.444972
9840  0.444972
9850  0.444972
9860  0.444972
9870  0.444972
9880  0.444972
9890  0.444972
9900  0.444972
9910  0.444972
9920  0.444972
9930  0.444972
9940  0.444972
9950  0.444972
9960  0.444972
9970  0.444972
9980  0.444972
9990  0.444972
10000  0.444972
10010  0.444972
10020  0.444972
10030  0.444972
10040  0.444972
10050  0.444972
10060  0.444972
10070  0.444972
10080  0.444972
10090  0.444972
10100  0.444972
10110  0.444972
10120  0.444972
10130  0.444972
10140  0.444972
10150  0.444972
10160  0.444972
10170  0.444972
10180  0.444972
10190  0.444972
10200  0.444972
10210  0.444972
10220  0.444972
10230  0.444972
10240  0.444972
10250  0.444972
10260  0.444972
10270  0.444972
10280  0.444972
10290  0.444972
10300  0.444972
10310  0.444972
10320  0.444972
10330  0.444972
10340  0.444972
10350  0.444972
10360  0.444972
10370  0.444972
10380  0.444972
10390  0.444972
10400  0.444972
10410  0.444972
10420  0.444972
10430  0.444972
10440  0.444972
10450  0.444972
10460  0.444972
10470  0.444972
10480  0.444972
10490  0.444972
10500  0.444972
10510  0.444972
10520  0.444972
10530  0.444972
10540  0.444972
10550  0.444972
10560  0.444972
10570  0.444972
10580  0.444972
10590  0.444972
10600  0.444972
10610  0.444972
10620  0.444972
10630  0.444972
10640  0.444972
10650  0.444972
10660  0.444972
10670  0.444972
10680  0.444972
10690  0.444972
10700  0.444972
10710  0.444972
10720  0.444972
10730  0.444972
10740  0.444972
10750  0.444972
10760  0.444972
10770  0.444972
10780  0.444972
10790  0.444972
10800  0.444972
10810  0.444972
10820  0.444972
10830  0.444972
10840  0.444972
10850  0.444972
10860  0.444972
10870  0.444972
10880  0.444972
10890  0.444972
10900  0.444972
10910  0.444972
10920  0.444972
10930  0.444972
10940  0.444972
10950  0.444972
10960  0.444972
10970  0.444972
10980  0.444972
10990  0.444972
11000  0.444972
11010  0.444972
11020  0.444972
11030  0.444972
11040  0.444972
11050  0.444972
11060  0.444972
11070  0.444972
11080  0.444972
11090  0.444972
11100  0.444972
11110  0.444972
11120  0.444972
11130  0.444972
11140  0.444972
11150  0.444972
11160  0.444972
11170  0.444972
11180  0.444972
11190  0.444972
11200  0.444972
11210  0.444972
11220  0.444972
11230  0.444972
11240  0.444972
11250  0.444972
11260  0.444972
11270  0.444972
11280  0.444972
11290  0.444972
11300  0.444972
11310  0.444972
11320  0.444972
11330  0.444972
11340  0.444972
11350  0.444972
11360  0.444972
11370  0.444972
11380  0.444972
11390  0.444972
11400  0.444972
11410  0.444972
11420  0.444972
11430  0.444972
11440  0.444972
11450  0.444972
11460  0.444972
11470  0.444972
11480  0.444972
11490  0.444972
11500  0.444972
11510  0.444972
11520  0.444972
11530  0.444972
11540  0.444972
11550  0.444972
11560  0.444972
11570  0.444972
11580  0.444972
11590  0.444972
11600  0.444972
11610  0.444972
11620  0.444972
11630  0.444972
11640  0.444972
11650  0.444972
11660  0.444972
11670  0.444972
11680  0.444972
11690  0.444972
11700  0.444972
11710  0.444972
11720  0.444972
11730  0.444972
11740  0.444972
11750  0.444972
11760  0.444972
11770  0.444972
11780  0.444972
11790  0.444972
11800  0.444972
11810  0.444972
11820  0.444972
11830  0.444972
11840  0.444972
11850  0.444972
11860  0.444972
11870  0.444957
11880  0.444957
11890  0.444957
11900  0.444957
11910  0.444957
11920  0.444957
11930  0.444957
11940  0.444957
11950  0.444957
11960  0.444957
11970  0.444957
11980  0.444957
11990  0.444957
12000  0.444957
12010  0.444957
12020  0.444957
12030  0.444957
12040  0.444957
12050  0.444957
12060  0.444957
12070  0.444957
12080  0.444957
12090  0.444957
12100  0.444957
12110  0.444957
12120  0.444957
12130  0.444957
12140  0.444957
12150  0.444957
12160  0.444957
12170  0.444957
12180  0.444957
12190  0.444957
12200  0.444957
12210  0.444957
12220  0.444957
12230  0.444957
12240  0.444957
12250  0.444957
12260  0.444957
12270  0.444957
12280  0.444957
12290  0.444957
12300  0.444957
12310  0.444957
12320  0.444957
12330  0.444957
12340  0.444957
12350  0.444957
12360  0.444957
12370  0.444957
12380  0.444957
12390  0.444957
12400  0.444957
12410  0.444957
12420  0.444957
12430  0.444957
12440  0.444957
12450  0.444957
12460  0.444957
12470  0.444957
12480  0.444957
12490  0.444957
12500  0.444957
12510  0.444957
12520  0.444957
12530  0.444957
12540  0.444957
12550  0.444957
12560  0.444957
12570  0.444957
12580  0.444957
12590  0.444957
12600  0.444957
12610  0.444957
12620  0.444957
12630  0.444957
12640  0.444957
12650  0.444957
12660  0.444957
12670  0.444957
12680  0.444957
12690  0.444957
12700  0.444957
12710  0.444957
12720  0.444957
12730  0.444957
12740  0.444957
12750  0.443642
12760  0.443642
12770  0.443642
12780  0.443475
12790  0.443475
12800  0.443475
12810  0.443475
12820  0.443475
12830  0.443475
12840  0.443475
12850  0.443475
12860  0.443475
12870  0.443475
12880  0.443475
12890  0.443475
12900  0.443475
12910  0.443475
12920  0.443475
12930  0.443475
12940  0.443475
12950  0.443475
12960  0.443475
12970  0.443475
12980  0.443475
12990  0.443475
13000  0.443475
13010  0.443475
13020  0.443475
13030  0.443475
13040  0.443475
13050  0.443475
13060  0.443475
13070  0.443475
13080  0.443475
13090  0.443475
13100  0.443475
13110  0.443475
13120  0.443475
13130  0.443475
13140  0.443475
13150  0.443475
13160  0.443475
13170  0.443475
13180  0.443475
13190  0.443475
13200  0.443475
13210  0.443475
13220  0.443475
13230  0.443475
13240  0.443475
13250  0.443475
13260  0.443475
13270  0.443475
13280  0.443475
13290  0.443475
13300  0.443475
13310  0.443475
13320  0.443475
13330  0.443475
13340  0.443475
13350  0.443475
13360  0.443475
13370  0.443475
13380  0.443475
13390  0.443475
13400  0.443475
13410  0.443475
13420  0.443475
13430  0.443475
13440  0.443475
13450  0.443475
13460  0.443475
13470  0.443475
13480  0.443475
13490  0.443475
13500  0.443475
13510  0.443475
13520  0.443475
13530  0.443475
13540  0.443475
13550  0.443475
13560  0.443475
13570  0.443475
13580  0.443475
13590  0.443475
13600  0.443475
13610  0.443475
13620  0.443475
13630  0.443475
13640  0.443475
13650  0.443475
13660  0.443475
13670  0.443475
13680  0.443475
13690  0.443475
13700  0.443475
13710  0.443475
13720  0.443475
13730  0.443475
13740  0.443475
13750  0.443475
13760  0.443475
13770  0.443475
13780  0.443475
13790  0.443475
13800  0.443475
13810  0.443475
13820  0.443475
13830  0.443475
13840  0.443475
13850  0.443475
13860  0.443475
13870  0.443475
13880  0.443475
13890  0.443475
13900  0.443475
13910  0.443475
13920  0.443475
13930  0.443475
13940  0.443475
13950  0.443475
13960  0.443475
13970  0.443475
13980  0.443475
13990  0.443475
14000  0.443475
14010  0.443475
14020  0.443475
14030  0.443475
14040  0.443475
14050  0.443475
14060  0.443475
14070  0.443475
14080  0.443475
14090  0.443475
14100  0.443475
14110  0.443475
14120  0.443475
14130  0.443475
14140  0.443475
14150  0.443475
14160  0.443475
14170  0.443475
14180  0.443475
14190  0.443475
14200  0.443475
14210  0.443475
14220  0.443475
14230  0.443475
14240  0.443475
14250  0.443475
14260  0.443475
14270  0.443475
14280  0.443475
14290  0.443475
14300  0.443475
14310  0.443475
14320  0.443475
14330  0.443475
14340  0.443475
14350  0.443475
14360  0.443475
14370  0.443475
14380  0.443475
14390  0.443475
14400  0.443475
14410  0.443475
14420  0.443475
14430  0.443475
14440  0.443475
14450  0.443475
14460  0.443475
14470  0.443475
14480  0.443475
14490  0.443475
14500  0.443475
14510  0.443475
14520  0.443475
14530  0.443475
14540  0.443475
14550  0.443475
14560  0.443475
14570  0.443475
14580  0.443475
14590  0.443475
14600  0.443475
14610  0.443475
14620  0.443475
14630  0.443475
14640  0.443475
14650  0.443475
14660  0.443475
14670  0.443475
14680  0.443475
14690  0.443475
14700  0.443475
14710  0.443475
14720  0.443475
14730  0.443475
14740  0.443475
14750  0.443475
14760  0.443475
14770  0.443475
14780  0.443475
14790  0.443475
14800  0.443475
14810  0.443475
14820  0.443475
14830  0.443475
14840  0.443475
14850  0.443475
14860  0.443475
14870  0.443475
14880  0.443475
14890  0.443475
14900  0.443475
14910  0.443475
14920  0.443475
14930  0.443475
14940  0.443475
14950  0.443475
14960  0.443475
14970  0.443475
14980  0.443475
14990  0.443475
15000  0.443475
15010  0.443475
15020  0.443475
15030  0.443475
15040  0.443475
15050  0.443475
15060  0.443475
15070  0.443475
15080  0.443475
15090  0.443475
15100  0.443475
15110  0.443475
15120  0.443475
15130  0.443475
15140  0.443475
15150  0.443475
15160  0.443475
15170  0.443475
15180  0.443475
15190  0.443475
15200  0.443475
15210  0.443475
15220  0.443475
15230  0.443475
15240  0.443475
15250  0.443475
15260  0.443475
15270  0.443475
15280  0.443475
15290  0.443475
15300  0.443475
15310  0.443475
15320  0.443475
15330  0.443475
15340  0.443475
15350  0.443475
15360  0.443475
15370  0.443475
15380  0.443475
15390  0.443475
15400  0.443475
15410  0.443475
15420  0.443475
15430  0.443475
15440  0.443475
15450  0.443475
15460  0.443475
15470  0.443475
15480  0.443475
15490  0.443475
15500  0.443475
15510  0.443475
15520  0.443475
15530  0.443475
15540  0.443475
15550  0.443475
15560  0.443475
15570  0.443475
15580  0.443475
15590  0.443475
15600  0.443475
15610  0.443475
15620  0.443475
15630  0.443475
15640  0.443475
15650  0.443475
15660  0.443475
15670  0.443475
15680  0.443475
15690  0.443475
15700  0.443475
15710  0.443475
15720  0.443475
15730  0.443475
15740  0.443475
15750  0.443475
15760  0.443475
15770  0.443475
15780  0.443475
15790  0.443475
15800  0.443475
15810  0.443475
15820  0.443475
15830  0.443475
15840  0.443475
15850  0.443475
15860  0.443475
15870  0.443475
15880  0.443475
15890  0.443475
15900  0.443475
15910  0.443475
15920  0.443475
15930  0.443475
15940  0.443475
15950  0.443475
15960  0.443475
15970  0.443475
15980  0.443475
15990  0.443475
16000  0.443475
16010  0.443475
16020  0.443475
16030  0.443475
16040  0.443475
16050  0.443475
16060  0.443475
16070  0.443475
16080  0.443475
16090  0.443475
16100  0.443475
16110  0.443475
16120  0.443475
16130  0.443475
16140  0.443475
16150  0.443475
16160  0.443475
16170  0.443475
16180  0.443475
16190  0.443475
16200  0.443475
16210  0.443475
16220  0.443475
16230  0.443475
16240  0.443475
16250  0.443475
16260  0.443475
16270  0.443475
16280  0.443475
16290  0.443475
16300  0.443475
16310  0.443475
16320  0.443475
16330  0.443475
16340  0.443475
16350  0.443475
16360  0.443475
16370  0.443475
16380  0.443475
16390  0.443475
16400  0.443475
16410  0.443475
16420  0.443475
16430  0.443475
16440  0.443475
16450  0.443475
16460  0.443475
16470  0.443475
16480  0.443475
16490  0.443475
16500  0.443475
16510  0.443475
16520  0.443475
16530  0.443475
16540  0.443475
16550  0.443475
16560  0.443475
16570  0.443475
16580  0.443475
16590  0.443475
16600  0.443475
16610  0.443475
16620  0.443475
16630  0.443475
16640  0.443475
16650  0.443475
16660  0.443475
16670  0.443475
16680  0.443475
16690  0.443475
16700  0.443475
16710  0.443475
16720  0.443475
16730  0.443475
16740  0.443475
16750  0.443475
16760  0.443475
16770  0.443475
16780  0.443475
16790  0.443475
16800  0.443475
16810  0.443475
16820  0.443475
16830  0.443475
16840  0.443475
16850  0.443475
16860  0.443475
16870  0.443475
16880  0.443475
16890  0.443475
16900  0.443475
16910  0.443475
16920  0.443475
16930  0.443475
16940  0.443475
16950  0.443475
16960  0.443475
16970  0.443475
16980  0.443475
16990  0.443475
17000  0.443475
17010  0.443475
17020  0.443475
17030  0.443475
17040  0.443475
17050  0.443475
17060  0.443475
17070  0.443475
17080  0.443475
17090  0.443475
17100  0.443475
17110  0.443475
17120  0.443475
17130  0.443475
17140  0.443475
17150  0.443475
17160  0.443475
17170  0.443475
17180  0.443475
17190  0.443475
17200  0.443475
17210  0.443475
17220  0.443475
17230  0.443475
17240  0.443475
17250  0.443475
17260  0.443475
17270  0.443475
17280  0.443475
17290  0.443475
17300  0.443475
17310  0.443475
17320  0.443475
17330  0.443475
17340  0.443475
17350  0.443475
17360  0.443475
17370  0.443475
17380  0.443475
17390  0.443475
17400  0.443475
17410  0.443475
17420  0.443475
17430  0.443475
17440  0.443475
17450  0.443475
17460  0.443475
17470  0.443475
17480  0.443475
17490  0.443475
17500  0.443475
17510  0.443475
17520  0.443475
17530  0.443475
17540  0.443475
17550  0.443475
17560  0.443475
17570  0.443475
17580  0.443475
17590  0.443475
17600  0.443475
17610  0.443475
17620  0.443475
17630  0.443475
17640  0.443475
17650  0.443475
17660  0.443475
17670  0.443475
17680  0.443475
17690  0.443475
17700  0.443475
17710  0.443475
17720  0.443475
17730  0.443475
17740  0.443475
17750  0.443475
17760  0.443475
17770  0.443475
17780  0.443475
17790  0.443475
17800  0.443475
17810  0.443475
17820  0.443475
17830  0.443475
17840  0.443475
17850  0.443475
17860  0.443475
17870  0.443475
17880  0.443475
17890  0.443475
17900  0.443475
17910  0.443475
17920  0.443475
17930  0.443475
17940  0.443475
17950  0.443475
17960  0.443475
17970  0.443475
17980  0.443475
17990  0.443475
18000  0.443475
18010  0.443475
18020  0.443475
18030  0.443475
18040  0.443475
18050  0.443475
18060  0.443475
18070  0.443475
18080  0.443475
18090  0.443475
18100  0.443475
18110  0.443475
18120  0.443475
18130  0.443475
18140  0.443475
18150  0.443475
18160  0.443475
18170  0.443475
18180  0.443475
18190  0.443475
18200  0.443475
18210  0.443475
18220  0.443475
18230  0.443475
18240  0.443475
18250  0.443475
18260  0.443475
18270  0.443475
18280  0.443475
18290  0.443475
18300  0.443475
18310  0.443475
18320  0.443475
18330  0.443475
18340  0.443356
18350  0.443356
18360  0.443356
18370  0.443356
18380  0.443356
18390  0.443356
18400  0.443356
18410  0.443356
18420  0.443356
18430  0.443356
18440  0.443356
18450  0.443356
18460  0.443356
18470  0.443356
18480  0.443356
18490  0.443356
18500  0.443356
18510  0.443356
18520  0.443356
18530  0.443356
18540  0.443356
18550  0.443356
18560  0.443356
18570  0.443356
18580  0.443356
18590  0.443356
18600  0.443356
18610  0.443356
18620  0.443356
18630  0.443356
18640  0.443356
18650  0.443356
18660  0.443356
18670  0.443356
18680  0.443356
18690  0.443356
18700  0.443356
18710  0.443356
18720  0.443356
18730  0.443356
18740  0.443356
18750  0.443356
18760  0.443356
18770  0.443356
18780  0.443356
18790  0.443356
18800  0.443356
18810  0.443356
18820  0.443356
18830  0.443356
18840  0.443356
18850  0.443356
18860  0.443356
18870  0.443356
18880  0.443356
18890  0.443356
18900  0.443356
18910  0.443356
18920  0.443356
18930  0.443356
18940  0.443356
18950  0.443356
18960  0.443356
18970  0.443356
18980  0.443356
18990  0.443356
19000  0.443356
19010  0.443356
19020  0.443356
19030  0.443356
19040  0.443356
19050  0.443356
19060  0.443356
19070  0.443356
19080  0.443356
19090  0.443356
19100  0.443356
19110  0.443356
19120  0.443356
19130  0.443356
19140  0.443356
19150  0.443356
19160  0.443356
19170  0.443356
19180  0.443356
19190  0.443356
19200  0.443356
19210  0.443356
19220  0.443356
19230  0.443356
19240  0.443356
19250  0.443356
19260  0.442558
19270  0.442558
19280  0.442558
19290  0.442558
19300  0.442558
19310  0.442558
19320  0.442558
19330  0.442558
19340  0.442558
19350  0.442558
19360  0.442558
19370  0.442558
19380  0.442558
19390  0.442558
19400  0.442558
19410  0.442558
19420  0.442558
19430  0.442558
19440  0.442558
19450  0.442558
19460  0.442558
19470  0.442558
19480  0.442558
19490  0.442558
19500  0.442558
19510  0.442558
19520  0.442558
19530  0.442558
19540  0.442558
19550  0.442558
19560  0.442558
19570  0.442558
19580  0.442558
19590  0.442558
19600  0.442558
19610  0.442558
19620  0.442558
19630  0.442558
19640  0.442558
19650  0.442558
19660  0.442558
19670  0.442558
19680  0.442558
19690  0.442558
19700  0.442558
19710  0.442558
19720  0.442558
19730  0.442558
19740  0.442558
19750  0.442558
19760  0.442558
19770  0.442558
19780  0.442558
19790  0.442558
19800  0.442558
19810  0.442558
19820  0.442558
19830  0.442558
19840  0.442558
19850  0.442558
19860  0.442558
19870  0.442558
19880  0.442558
19890  0.442558
19900  0.442558
19910  0.442558
19920  0.442558
19930  0.442558
19940  0.442558
19950  0.442558
19960  0.442558
19970  0.442558
19980  0.442558
19990  0.442558
20000  0.442558
20010  0.442558
20020  0.442558
20030  0.442558
20040  0.442558
20050  0.442558
20060  0.442558
20070  0.442558
20080  0.442558
20090  0.442558
20100  0.442558
20110  0.442558
20120  0.442558
20130  0.442558
20140  0.442558
20150  0.442558
20160  0.442558
20170  0.442558
20180  0.442558
20190  0.442558
20200  0.442558
20210  0.442558
20220  0.442202
20230  0.442202
20240  0.442202
20250  0.442202
20260  0.442202
20270  0.442202
20280  0.442202
20290  0.442202
20300  0.442202
20310  0.442202
20320  0.442202
20330  0.442202
20340  0.442202
20350  0.442202
20360  0.442202
20370  0.442202
20380  0.442202
20390  0.442202
20400  0.442202
20410  0.442202
20420  0.442202
20430  0.442202
20440  0.442202
20450  0.442202
20460  0.442202
20470  0.442202
20480  0.442202
20490  0.442202
20500  0.442202
20510  0.442202
20520  0.442202
20530  0.442202
20540  0.442202
20550  0.442202
20560  0.442202
20570  0.442202
20580  0.442202
20590  0.442202
20600  0.442202
20610  0.442202
20620  0.442202
20630  0.442202
20640  0.442202
20650  0.442202
20660  0.442202
20670  0.442202
20680  0.442202
20690  0.442202
20700  0.442202
20710  0.442202
20720  0.442202
20730  0.442202
20740  0.442202
20750  0.442202
20760  0.442202
20770  0.442202
20780  0.442202
20790  0.442202
20800  0.442202
20810  0.442202
20820  0.442202
20830  0.442202
20840  0.442202
20850  0.442202
20860  0.442202
20870  0.442202
20880  0.442202
20890  0.442202
20900  0.442202
20910  0.442202
20920  0.442202
20930  0.442202
20940  0.442202
20950  0.442202
20960  0.442202
20970  0.442202
20980  0.442202
20990  0.442202
21000  0.442202
21010  0.442202
21020  0.442202
21030  0.442202
21040  0.442202
21050  0.442202
21060  0.442202
21070  0.442202
21080  0.442202
21090  0.442202
21100  0.442202
21110  0.442202
21120  0.442202
21130  0.442202
21140  0.442202
21150  0.442202
21160  0.442202
21170  0.442202
21180  0.442202
21190  0.442202
21200  0.442202
21210  0.442202
21220  0.442202
21230  0.442202
21240  0.442202
21250  0.442202
21260  0.442202
21270  0.442202
21280  0.442202
21290  0.442202
21300  0.442202
21310  0.442202
21320  0.442202
21330  0.442202
21340  0.442202
21350  0.442202
21360  0.442202
21370  0.442202
21380  0.442202
21390  0.442202
21400  0.442202
21410  0.442202
21420  0.442202
21430  0.442202
21440  0.442202
21450  0.442202
21460  0.442202
21470  0.442202
21480  0.442202
21490  0.442202
21500  0.442202
21510  0.442202
21520  0.442202
21530  0.442202
21540  0.442202
21550  0.442202
21560  0.442202
21570  0.442202
21580  0.442202
21590  0.442202
21600  0.442202
21610  0.442202
21620  0.442202
21630  0.442202
21640  0.442202
21650  0.442202
21660  0.442202
21670  0.442202
21680  0.442202
21690  0.442202
21700  0.442202
21710  0.442202
21720  0.442202
21730  0.442202
21740  0.442202
21750  0.442202
21760  0.442202
21770  0.442202
21780  0.442202
21790  0.442202
21800  0.442202
21810  0.442202
21820  0.442202
21830  0.442202
21840  0.442202
21850  0.442202
21860  0.442202
21870  0.442202
21880  0.442202
21890  0.442202
21900  0.442202
21910  0.442202
21920  0.442202
21930  0.442202
21940  0.442202
21950  0.442202
21960  0.442202
21970  0.442202
21980  0.442202
21990  0.442202
22000  0.442202
22010  0.442202
22020  0.442202
22030  0.442202
22040  0.442202
22050  0.442202
22060  0.442202
22070  0.442202
22080  0.442202
22090  0.442202
22100  0.442202
22110  0.442202
22120  0.442202
22130  0.442202
22140  0.442202
22150  0.442202
22160  0.442202
22170  0.442202
22180  0.442202
22190  0.442202
22200  0.442202
22210  0.442202
22220  0.442202
22230  0.442202
22240  0.442202
22250  0.442202
22260  0.442202
22270  0.442202
22280  0.442202
22290  0.442202
22300  0.442202
22310  0.442202
22320  0.442202
22330  0.442202
22340  0.442202
22350  0.442202
22360  0.442202
22370  0.442202
22380  0.442202
22390  0.442202
22400  0.442202
22410  0.442202
22420  0.442202
22430  0.442202
22440  0.442202
22450  0.442202
22460  0.442202
22470  0.442202
22480  0.442202
22490  0.442202
22500  0.442202
22510  0.442202
22520  0.442202
22530  0.442202
22540  0.442202
22550  0.442202
22560  0.442202
22570  0.442202
22580  0.442202
22590  0.442202
22600  0.442202
22610  0.442202
22620  0.442202
22630  0.441918
22640  0.441918
22650  0.441918
22660  0.441918
22670  0.441918
22680  0.441918
22690  0.441918
22700  0.441918
22710  0.441918
22720  0.441918
22730  0.441918
22740  0.441918
22750  0.441918
22760  0.441918
22770  0.441918
22780  0.441918
22790  0.441918
22800  0.441918
22810  0.441918
22820  0.441918
22830  0.441918
22840  0.441918
22850  0.441918
22860  0.441918
22870  0.441918
22880  0.441918
22890  0.441918
22900  0.441918
22910  0.441918
22920  0.441918
22930  0.441918
22940  0.441918
22950  0.441918
22960  0.441918
22970  0.441918
22980  0.441918
22990  0.441918
23000  0.441918
23010  0.441918
23020  0.441918
23030  0.441918
23040  0.441918
23050  0.441918
23060  0.441918
23070  0.441918
23080  0.441918
23090  0.441918
23100  0.441918
23110  0.441918
23120  0.441918
23130  0.441918
23140  0.441918
23150  0.441918
23160  0.441918
23170  0.441918
23180  0.441918
23190  0.441918
23200  0.441918
23210  0.441918
23220  0.441918
23230  0.441918
23240  0.441918
23250  0.441918
23260  0.441918
23270  0.441918
23280  0.441918
23290  0.441918
23300  0.441918
23310  0.441918
23320  0.441918
23330  0.441918
23340  0.441918
23350  0.441918
23360  0.441918
23370  0.441918
23380  0.441918
23390  0.441918
23400  0.441887
23410  0.441887
23420  0.441887
23430  0.441887
23440  0.441887
23450  0.441887
23460  0.441445
23470  0.441445
23480  0.441445
23490  0.441445
23500  0.441445
23510  0.441445
23520  0.441445
23530  0.441445
23540  0.441445
23550  0.441445
23560  0.441445
23570  0.441445
23580  0.441445
23590  0.441445
23600  0.441445
23610  0.441445
23620  0.441445
23630  0.441445
23640  0.441445
23650  0.441445
23660  0.441445
23670  0.441445
23680  0.441445
23690  0.441445
23700  0.441445
23710  0.441445
23720  0.441445
23730  0.441445
23740  0.441445
23750  0.441445
23760  0.441445
23770  0.441445
23780  0.441445
23790  0.441445
23800  0.441445
23810  0.441445
23820  0.441445
23830  0.441445
23840  0.441445
23850  0.441445
23860  0.441445
23870  0.441445
23880  0.441445
23890  0.441445
23900  0.441445
23910  0.441445
23920  0.441445
23930  0.441445
23940  0.441445
23950  0.441445
23960  0.441445
23970  0.441445
23980  0.441445
23990  0.441445
24000  0.441445
24010  0.441445
24020  0.441445
24030  0.441445
24040  0.441445
24050  0.441445
24060  0.441445
24070  0.441445
24080  0.441445
24090  0.441445
24100  0.441445
24110  0.441445
24120  0.441445
24130  0.441445
24140  0.441445
24150  0.441445
24160  0.441445
24170  0.441445
24180  0.441445
24190  0.441445
24200  0.441445
24210  0.441445
24220  0.441445
24230  0.441445
24240  0.441445
24250  0.441445
24260  0.441445
24270  0.441445
24280  0.441445
24290  0.441445
24300  0.441445
24310  0.441445
24320  0.441445
24330  0.441445
24340  0.441445
24350  0.441445
24360  0.441445
24370  0.441445
24380  0.441445
24390  0.441445
24400  0.441445
24410  0.441445
24420  0.441445
24430  0.441445
24440  0.441445
24450  0.441445
24460  0.441445
24470  0.441445
24480  0.441445
24490  0.441445
24500  0.441445
24510  0.441445
24520  0.441445
24530  0.441445
24540  0.441445
24550  0.441445
24560  0.441445
24570  0.441445
24580  0.441445
24590  0.441445
24600  0.441445
24610  0.441445
24620  0.441445
24630  0.441445
24640  0.441445
24650  0.441445
24660  0.441445
24670  0.441445
24680  0.441445
24690  0.441445
24700  0.441445
24710  0.441445
24720  0.441445
24730  0.441445
24740  0.441445
24750  0.441445
24760  0.441445
24770  0.441445
24780  0.441445
24790  0.441445
24800  0.441445
24810  0.441445
24820  0.441445
24830  0.441445
24840  0.441445
24850  0.441445
24860  0.441445
24870  0.441445
24880  0.441445
24890  0.441445
24900  0.441445
24910  0.441445
24920  0.441445
24930  0.441445
24940  0.441445
24950  0.441445
24960  0.441445
24970  0.441445
24980  0.441445
24990  0.441445
25000  0.441445
25010  0.441445
25020  0.441445
25030  0.441445
25040  0.441445
25050  0.441445
25060  0.441445
25070  0.441445
25080  0.441445
25090  0.441445
25100  0.441445
25110  0.441445
25120  0.441445
25130  0.441445
25140  0.441445
25150  0.441445
25160  0.441445
25170  0.441445
25180  0.441445
25190  0.441445
25200  0.441445
25210  0.441445
25220  0.441445
25230  0.441445
25240  0.441445
25250  0.441445
25260  0.441445
25270  0.441445
25280  0.441445
25290  0.441445
25300  0.441445
25310  0.441445
25320  0.441445
25330  0.441445
25340  0.441445
25350  0.441445
25360  0.441445
25370  0.441445
25380  0.441445
25390  0.441445
25400  0.441445
25410  0.441445
25420  0.441445
25430  0.441445
25440  0.441445
25450  0.441445
25460  0.441445
25470  0.441445
25480  0.441445
25490  0.441445
25500  0.441445
25510  0.441445
25520  0.441445
25530  0.441445
25540  0.441445
25550  0.441445
25560  0.441445
25570  0.441445
25580  0.441445
25590  0.441445
25600  0.441445
25610  0.441445
25620  0.441445
25630  0.441445
25640  0.441445
25650  0.441445
25660  0.441445
25670  0.441445
25680  0.441346
25690  0.441346
25700  0.441346
25710  0.441346
25720  0.441346
25730  0.441346
25740  0.441346
25750  0.441346
25760  0.441346
25770  0.441346
25780  0.441346
25790  0.441346
25800  0.441346
25810  0.441346
25820  0.441346
25830  0.441346
25840  0.441346
25850  0.441346
25860  0.441346
25870  0.441346
25880  0.441346
25890  0.441346
25900  0.441346
25910  0.441346
25920  0.441346
25930  0.441346
25940  0.441346
25950  0.441346
25960  0.441346
25970  0.441346
25980  0.441346
25990  0.441346
26000  0.441346
26010  0.441346
26020  0.441346
26030  0.441346
26040  0.441346
26050  0.441346
26060  0.441346
26070  0.441346
26080  0.441346
26090  0.441346
26100  0.441346
26110  0.441346
26120  0.441346
26130  0.441346
26140  0.441346
26150  0.44125
26160  0.44125
26170  0.44125
26180  0.44125
26190  0.44125
26200  0.44125
26210  0.44125
26220  0.44125
26230  0.44125
26240  0.44125
26250  0.44125
26260  0.44125
26270  0.44125
26280  0.44125
26290  0.44125
26300  0.44125
26310  0.44125
26320  0.44125
26330  0.44125
26340  0.44125
26350  0.44125
26360  0.44125
26370  0.44125
26380  0.44125
26390  0.44125
26400  0.44125
26410  0.44125
26420  0.44125
26430  0.44125
26440  0.44125
26450  0.44125
26460  0.44125
26470  0.44125
26480  0.44125
26490  0.44125
26500  0.44125
26510  0.44125
26520  0.44125
26530  0.44125
26540  0.44125
26550  0.44125
26560  0.44125
26570  0.44125
26580  0.44125
26590  0.44125
26600  0.44125
26610  0.44125
26620  0.44125
26630  0.44125
26640  0.44125
26650  0.44125
26660  0.44125
26670  0.44125
26680  0.44125
26690  0.44125
26700  0.44125
26710  0.44125
26720  0.44125
26730  0.44125
26740  0.44125
26750  0.44125
26760  0.44125
26770  0.44125
26780  0.44125
26790  0.44125
26800  0.44125
26810  0.44125
26820  0.44125
26830  0.44125
26840  0.44125
26850  0.44125
26860  0.44125
26870  0.44125
26880  0.44125
26890  0.44125
26900  0.44125
26910  0.44125
26920  0.44125
26930  0.44125
26940  0.44125
26950  0.44125
26960  0.44125
26970  0.44125
26980  0.44125
26990  0.44125
27000  0.44125
27010  0.44125
27020  0.44125
27030  0.44125
27040  0.44125
27050  0.44125
27060  0.44125
27070  0.44125
27080  0.44125
27090  0.44125
27100  0.44125
27110  0.44125
27120  0.44125
27130  0.44125
27140  0.44125
27150  0.44125
27160  0.44125
27170  0.44125
27180  0.44125
27190  0.44125
27200  0.44125
27210  0.44125
27220  0.44125
27230  0.44125
27240  0.44125
27250  0.44125
27260  0.44125
27270  0.44125
27280  0.44125
27290  0.44125
27300  0.44125
27310  0.44125
27320  0.44125
27330  0.44125
27340  0.44125
27350  0.44125
27360  0.44125
27370  0.44125
27380  0.44125
27390  0.44125
27400  0.44125
27410  0.44125
27420  0.44125
27430  0.44125
27440  0.44125
27450  0.44125
27460  0.44125
27470  0.44125
27480  0.44125
27490  0.44125
27500  0.44125
27510  0.44125
27520  0.44125
27530  0.44125
27540  0.44125
27550  0.44125
27560  0.44125
27570  0.44125
27580  0.44125
27590  0.44125
27600  0.44125
27610  0.44125
27620  0.44125
27630  0.44125
27640  0.44125
27650  0.44125
27660  0.44125
27670  0.44125
27680  0.44125
27690  0.44125
27700  0.44125
27710  0.440982
27720  0.440982
27730  0.440982
27740  0.440982
27750  0.440982
27760  0.440982
27770  0.440982
27780  0.440982
27790  0.440982
27800  0.440982
27810  0.440982
27820  0.440982
27830  0.440982
27840  0.440982
27850  0.440982
27860  0.440982
27870  0.440982
27880  0.440982
27890  0.440982
27900  0.440982
27910  0.440982
27920  0.440982
27930  0.440982
27940  0.440982
27950  0.440982
27960  0.440982
27970  0.440982
27980  0.440982
27990  0.440982
28000  0.440982
28010  0.440982
28020  0.440982
28030  0.440982
28040  0.440982
28050  0.440982
28060  0.440982
28070  0.440982
28080  0.440982
28090  0.440982
28100  0.440982
28110  0.440982
28120  0.440982
28130  0.440982
28140  0.440982
28150  0.440982
28160  0.440982
28170  0.440982
28180  0.440982
28190  0.440982
28200  0.440982
28210  0.440982
28220  0.440982
28230  0.440982
28240  0.440982
28250  0.440982
28260  0.440982
28270  0.440982
28280  0.440982
28290  0.440982
28300  0.440982
28310  0.440982
28320  0.440982
28330  0.440982
28340  0.440982
28350  0.440982
28360  0.440982
28370  0.440982
28380  0.440982
28390  0.440982
28400  0.440982
28410  0.440982
28420  0.440982
28430  0.440982
28440  0.440982
28450  0.440982
28460  0.440982
28470  0.440982
28480  0.440982
28490  0.440982
28500  0.440982
28510  0.440982
28520  0.440982
28530  0.440982
28540  0.440982
28550  0.440982
28560  0.440982
28570  0.440982
28580  0.440982
28590  0.440982
28600  0.440982
28610  0.440982
28620  0.440982
28630  0.440982
28640  0.440982
28650  0.440982
28660  0.440982
28670  0.440982
28680  0.440982
28690  0.440982
28700  0.440982
28710  0.440982
28720  0.440982
28730  0.440982
28740  0.440982
28750  0.440982
28760  0.440982
28770  0.440982
28780  0.440982
28790  0.440982
28800  0.440982
28810  0.440982
28820  0.440982
28830  0.440982
28840  0.440982
28850  0.440982
28860  0.440982
28870  0.440982
28880  0.440982
28890  0.440982
28900  0.440982
28910  0.440982
28920  0.440982
28930  0.440982
28940  0.440982
28950  0.440982
28960  0.440982
28970  0.440982
28980  0.440982
28990  0.440982
29000  0.440982
29010  0.440982
29020  0.440982
29030  0.440982
29040  0.440982
29050  0.440982
29060  0.440982
29070  0.440982
29080  0.440982
29090  0.440982
29100  0.440982
29110  0.440982
29120  0.440982
29130  0.440982
29140  0.440982
29150  0.440982
29160  0.440982
29170  0.440982
29180  0.440982
29190  0.440982
29200  0.440982
29210  0.440982
29220  0.440982
29230  0.440982
29240  0.440982
29250  0.440982
29260  0.440982
29270  0.440982
29280  0.440982
29290  0.440982
29300  0.440982
29310  0.440982
29320  0.440982
29330  0.440982
29340  0.440982
29350  0.440982
29360  0.440982
29370  0.440982
29380  0.440982
29390  0.440982
29400  0.440982
29410  0.440982
29420  0.440982
29430  0.440982
29440  0.440982
29450  0.440982
29460  0.440982
29470  0.440982
29480  0.440982
29490  0.440982
29500  0.440982
29510  0.440982
29520  0.440982
29530  0.4409
29540  0.4409
29550  0.4409
29560  0.4409
29570  0.4409
29580  0.4409
29590  0.4409
29600  0.4409
29610  0.4409
29620  0.4409
29630  0.4409
29640  0.4409
29650  0.4409
29660  0.4409
29670  0.4409
29680  0.4409
29690  0.4409
29700  0.4409
29710  0.4409
29720  0.4409
29730  0.4409
29740  0.4409
29750  0.4409
29760  0.4409
29770  0.4409
29780  0.4409
29790  0.4409
29800  0.4409
29810  0.4409
29820  0.4409
29830  0.4409
29840  0.4409
29850  0.4409
29860  0.4409
29870  0.4409
29880  0.4409
29890  0.4409
29900  0.4409
29910  0.4409
29920  0.4409
29930  0.4409
29940  0.4409
29950  0.4409
29960  0.4409
29970  0.4409
29980  0.4409
29990  0.4409
30000  0.4409
30010  0.4409
