Step  Penalty
32  0.580095
64  0.555128
96  0.542168
128  0.540024
160  0.53203
192  0.524358
224  0.506586
256  0.478604
288  0.420635
320  0.387267
352  0.363285
384  0.339253
416  0.320134
448  0.307112
480  0.292782
512  0.281443
544  0.273772
576  0.266722
608  0.263816
640  0.260492
672  0.25778
704  0.255076
736  0.253276
768  0.251314
800  0.250355
832  0.249374
864  0.248267
896  0.247916
928  0.247618
960  0.247248
992  0.246884
1024  0.246836
1056  0.246836
1088  0.246502
1120  0.246212
1152  0.246172
1184  0.245993
1216  0.245993
1248  0.24551
1280  0.24544
1312  0.24544
1344  0.245282
1376  0.245282
1408  0.245246
1440  0.245095
1472  0.244924
1504  0.24482
1536  0.244716
1568  0.244636
1600  0.24445
1632  0.244403
1664  0.244315
1696  0.244198
1728  0.244198
1760  0.244198
1792  0.24414
1824  0.243997
1856  0.243997
1888  0.243823
1920  0.243823
1952  0.243823
1984  0.243823
2016  0.24373
2048  0.24373
2080  0.24373
2112  0.243659
2144  0.243659
2176  0.243659
2208  0.243659
2240  0.243659
2272  0.243651
2304  0.243588
2336  0.24345
2368  0.24345
2400  0.243402
2432  0.243402
2464  0.243402
2496  0.243402
2528  0.243402
2560  0.24331
2592  0.24331
2624  0.243295
2656  0.243295
2688  0.243191
2720  0.243191
2752  0.243142
2784  0.243142
2816  0.243142
2848  0.24313
2880  0.24313
2912  0.242838
2944  0.242702
2976  0.242695
3008  0.242695
3040  0.242695
3072  0.242641
3104  0.242564
3136  0.242564
3168  0.242564
3200  0.242564
3232  0.242564
3264  0.242524
3296  0.242222
3328  0.242222
3360  0.242064
3392  0.242064
3424  0.242064
3456  0.242064
3488  0.241783
3520  0.241768
3552  0.241726
3584  0.241683
3616  0.241683
3648  0.241683
3680  0.241683
3712  0.241543
3744  0.241543
3776  0.241491
3808  0.241491
3840  0.241491
3872  0.241204
3904  0.241204
3936  0.241204
3968  0.241204
4000  0.241204
4032  0.241204
4064  0.241204
4096  0.241102
4128  0.241102
4160  0.241102
4192  0.241102
4224  0.241102
4256  0.240985
4288  0.240985
4320  0.240985
4352  0.240985
4384  0.24087
4416  0.24087
4448  0.24087
4480  0.240794
4512  0.240794
4544  0.240794
4576  0.240524
4608  0.240498
4640  0.240498
4672  0.240498
4704  0.240498
4736  0.240498
4768  0.240498
4800  0.240498
4832  0.240498
4864  0.240498
4896  0.240356
4928  0.240356
4960  0.240356
4992  0.240195
5024  0.240195
5056  0.240195
5088  0.240195
5120  0.240195
5152  0.240047
5184  0.240047
5216  0.240047
5248  0.240047
5280  0.240047
5312  0.240047
5344  0.240047
5376  0.239969
5408  0.239969
5440  0.239902
5472  0.239902
5504  0.239902
5536  0.239902
5568  0.239741
5600  0.239741
5632  0.239741
5664  0.239741
5696  0.239741
5728  0.239741
5760  0.239741
5792  0.239741
5824  0.239712
5856  0.239712
5888  0.239712
5920  0.239712
5952  0.239712
5984  0.239712
6016  0.239693
6048  0.239693
6080  0.239693
6112  0.239693
6144  0.239693
6176  0.239693
6208  0.239693
6240  0.239693
6272  0.239693
6304  0.239693
6336  0.239693
6368  0.239693
6400  0.239693
6432  0.239693
6464  0.239693
6496  0.23963
6528  0.23963
6560  0.23963
6592  0.23963
6624  0.23963
6656  0.23963
6688  0.239602
6720  0.23948
6752  0.23948
6784  0.23948
6816  0.23948
6848  0.23948
6880  0.23948
6912  0.23948
6944  0.23948
6976  0.23948
7008  0.23948
7040  0.23948
7072  0.23948
7104  0.23948
7136  0.23948
7168  0.23948
7200  0.23948
7232  0.23948
7264  0.23948
7296  0.23948
7328  0.23948
7360  0.239406
7392  0.239406
7424  0.239406
7456  0.239406
7488  0.239354
7520  0.239354
7552  0.239354
7584  0.239354
7616  0.239354
7648  0.239354
7680  0.239354
7712  0.239354
7744  0.239354
7776  0.239354
7808  0.23933
7840  0.23933
7872  0.23933
7904  0.23933
7936  0.23933
7968  0.23933
8000  0.23933
8032  0.23933
8064  0.23933
8096  0.23933
8128  0.23933
8160  0.239251
8192  0.239251
8224  0.239251
8256  0.239251
8288  0.239251
8320  0.239251
8352  0.239251
8384  0.239251
8416  0.239251
8448  0.239251
8480  0.239251
8512  0.239251
8544  0.239251
8576  0.239251
8608  0.239251
8640  0.239251
8672  0.239175
8704  0.239174
8736  0.239174
8768  0.239066
8800  0.239066
8832  0.239066
8864  0.239066
8896  0.239066
8928  0.239066
8960  0.239066
8992  0.239066
9024  0.239066
9056  0.239063
9088  0.239063
9120  0.239046
9152  0.239046
9184  0.239001
9216  0.239001
9248  0.239001
9280  0.239001
9312  0.238967
9344  0.238967
9376  0.238967
9408  0.238967
9440  0.238967
9472  0.238941
9504  0.23884
9536  0.23884
9568  0.23884
9600  0.23884
9632  0.23884
9664  0.23884
9696  0.23884
9728  0.23884
9760  0.23884
9792  0.23884
9824  0.23884
9856  0.23884
9888  0.23884
9920  0.238836
9952  0.238836
9984  0.238836
10016  0.238836
10048  0.238836
10080  0.238836
10112  0.238836
10144  0.238836
10176  0.238836
10208  0.23887
10240  0.23887
10272  0.23887
10304  0.23887
10336  0.23887
10368  0.23887
10400  0.23887
10432  0.23887
10464  0.23887
10496  0.23887
10528  0.238783
10560  0.238783
10592  0.238783
10624  0.238783
10656  0.238783
10688  0.238783
10720  0.238783
10752  0.238783
10784  0.238783
10816  0.238783
10848  0.238783
10880  0.238783
10912  0.238783
10944  0.238783
10976  0.238783
11008  0.238783
11040  0.238783
11072  0.238654
11104  0.238654
11136  0.238654
11168  0.238654
11200  0.238654
11232  0.238654
11264  0.238654
11296  0.238654
11328  0.238654
11360  0.238654
11392  0.238654
11424  0.238654
11456  0.238654
11488  0.238654
11520  0.238654
11552  0.238654
11584  0.238654
11616  0.238654
11648  0.238654
11680  0.238654
11712  0.238654
11744  0.238654
11776  0.238654
11808  0.238654
11840  0.238654
11872  0.238654
11904  0.238654
11936  0.238654
11968  0.238654
12000  0.238654
12032  0.238654
12064  0.238654
12096  0.238654
12128  0.238654
12160  0.238654
12192  0.238654
12224  0.238654
12256  0.238654
12288  0.238654
12320  0.238582
12352  0.238582
12384  0.238582
12416  0.238582
12448  0.238582
12480  0.238582
12512  0.238582
12544  0.238582
12576  0.238582
12608  0.238582
12640  0.238582
12672  0.238582
12704  0.238582
12736  0.238582
12768  0.238582
12800  0.238582
12832  0.238556
12864  0.238556
12896  0.238556
12928  0.238556
12960  0.238556
12992  0.238556
13024  0.238556
13056  0.238556
13088  0.238556
13120  0.238556
13152  0.238556
13184  0.238556
13216  0.238556
13248  0.238556
13280  0.238556
13312  0.238556
13344  0.238556
13376  0.238556
13408  0.238556
13440  0.238556
13472  0.238556
13504  0.238556
13536  0.238556
13568  0.238556
13600  0.238556
13632  0.238556
13664  0.238556
13696  0.238556
13728  0.238556
13760  0.238556
13792  0.238556
13824  0.238556
13856  0.238556
13888  0.238556
13920  0.238556
13952  0.238556
13984  0.238556
14016  0.238556
14048  0.238556
14080  0.238556
14112  0.238556
14144  0.238556
14176  0.238556
14208  0.238556
14240  0.238556
14272  0.238556
14304  0.238556
14336  0.238556
14368  0.238502
14400  0.238502
14432  0.238502
14464  0.238431
14496  0.238431
14528  0.238431
14560  0.238431
14592  0.238431
14624  0.238431
14656  0.238431
14688  0.238431
14720  0.238431
14752  0.238431
14784  0.238431
14816  0.238428
14848  0.238384
14880  0.238384
14912  0.238384
14944  0.238384
14976  0.238384
15008  0.238384
15040  0.238384
15072  0.238384
15104  0.238384
15136  0.238397
15168  0.238397
15200  0.238397
15232  0.238397
15264  0.238397
15296  0.238397
15328  0.238397
15360  0.238397
15392  0.238397
15424  0.238397
15456  0.238397
15488  0.238397
15520  0.238397
15552  0.238397
15584  0.238305
15616  0.238305
15648  0.238305
15680  0.238305
15712  0.238305
15744  0.238305
15776  0.238305
15808  0.238305
15840  0.238305
15872  0.238305
15904  0.238305
15936  0.238305
15968  0.238305
16000  0.238305
16032  0.238305
16064  0.238305
16096  0.238305
16128  0.238305
16160  0.238305
16192  0.238305
16224  0.238305
16256  0.238305
16288  0.238305
16320  0.238305
16352  0.238305
16384  0.238305
16416  0.238305
16448  0.238305
16480  0.238305
16512  0.238305
16544  0.238305
16576  0.238305
16608  0.238305
16640  0.238305
16672  0.238305
16704  0.238305
16736  0.238305
16768  0.238305
16800  0.238305
16832  0.238305
16864  0.238305
16896  0.238305
16928  0.238264
16960  0.238264
16992  0.238264
17024  0.238264
17056  0.238264
17088  0.238264
17120  0.238264
17152  0.238264
17184  0.238264
17216  0.238264
17248  0.238264
17280  0.238264
17312  0.238264
17344  0.238177
17376  0.238177
17408  0.238177
17440  0.238177
17472  0.238177
17504  0.238177
17536  0.238177
17568  0.238177
17600  0.238078
17632  0.238078
17664  0.238078
17696  0.238078
17728  0.238078
17760  0.238078
17792  0.238034
17824  0.238034
17856  0.238034
17888  0.238034
17920  0.238034
17952  0.238034
17984  0.23802
18016  0.23802
18048  0.23802
18080  0.23802
18112  0.23802
18144  0.23802
18176  0.23802
18208  0.23802
18240  0.23802
18272  0.23802
18304  0.23802
18336  0.23802
18368  0.23802
18400  0.23802
18432  0.23802
18464  0.23802
18496  0.23801
18528  0.23801
18560  0.23801
18592  0.23801
18624  0.23801
18656  0.23801
18688  0.23801
18720  0.23801
18752  0.23801
18784  0.23801
18816  0.23801
18848  0.23801
18880  0.23801
18912  0.237998
18944  0.237998
18976  0.237998
19008  0.237998
19040  0.237998
19072  0.237998
19104  0.23804
19136  0.237991
19168  0.237991
19200  0.237991
19232  0.23789
19264  0.23789
19296  0.23789
19328  0.237807
19360  0.237807
19392  0.237807
19424  0.237807
19456  0.237807
19488  0.237807
19520  0.237807
19552  0.237807
19584  0.237807
19616  0.237807
19648  0.237807
19680  0.237807
19712  0.237807
19744  0.237807
19776  0.237807
19808  0.237807
19840  0.237807
19872  0.237807
19904  0.237807
19936  0.237807
19968  0.237807
20000  0.237807
20032  0.237807
20064  0.237807
20096  0.237807
20128  0.237807
20160  0.237807
20192  0.237807
20224  0.237807
20256  0.237807
20288  0.237807
20320  0.237807
20352  0.237807
20384  0.237807
20416  0.237807
20448  0.237807
20480  0.237807
20512  0.237807
20544  0.237807
20576  0.237807
20608  0.237807
20640  0.237807
20672  0.237807
20704  0.237807
20736  0.237807
20768  0.237807
20800  0.237807
20832  0.237807
20864  0.237807
20896  0.237807
20928  0.237807
20960  0.237807
20992  0.237738
21024  0.237738
21056  0.237738
21088  0.237738
21120  0.237738
21152  0.237738
21184  0.237738
21216  0.237738
21248  0.237737
21280  0.237737
21312  0.237737
21344  0.237737
21376  0.237737
21408  0.237737
21440  0.237737
21472  0.237737
21504  0.237737
21536  0.237737
21568  0.237737
21600  0.237737
21632  0.237737
21664  0.237737
21696  0.237737
21728  0.237737
21760  0.237737
21792  0.237737
21824  0.237737
21856  0.237737
21888  0.237737
21920  0.237737
21952  0.237737
21984  0.237737
22016  0.237737
22048  0.237737
22080  0.237737
22112  0.237737
22144  0.237667
22176  0.237667
22208  0.237667
22240  0.237667
22272  0.237667
22304  0.237667
22336  0.237667
22368  0.237667
22400  0.237667
22432  0.237667
22464  0.237667
22496  0.237667
22528  0.237667
22560  0.237667
22592  0.23761
22624  0.23761
22656  0.23761
22688  0.23761
22720  0.23761
22752  0.23761
22784  0.23761
22816  0.23761
22848  0.23761
22880  0.23761
22912  0.23761
22944  0.23761
22976  0.23761
23008  0.23761
23040  0.237547
23072  0.237547
23104  0.237547
23136  0.237547
23168  0.237541
23200  0.237541
23232  0.237541
23264  0.237541
23296  0.237541
23328  0.237541
23360  0.237541
23392  0.237541
23424  0.237541
23456  0.237541
23488  0.237541
23520  0.237541
23552  0.237541
23584  0.237541
23616  0.237541
23648  0.237541
23680  0.237523
23712  0.237523
23744  0.237523
23776  0.237523
23808  0.237523
23840  0.237523
23872  0.237523
23904  0.237523
23936  0.237523
23968  0.237523
24000  0.237523
24032  0.237523
24064  0.237523
24096  0.237523
24128  0.237523
24160  0.237523
24192  0.237523
24224  0.237523
24256  0.237523
24288  0.237523
24320  0.237523
24352  0.237523
24384  0.237523
24416  0.237523
24448  0.237523
24480  0.237523
24512  0.237523
24544  0.237523
24576  0.237523
24608  0.237523
24640  0.237523
24672  0.237523
24704  0.237523
24736  0.237523
24768  0.237523
24800  0.237523
24832  0.237523
24864  0.237523
24896  0.237523
24928  0.237523
24960  0.237523
24992  0.237523
25024  0.237523
25056  0.237523
25088  0.237523
25120  0.237523
25152  0.237523
25184  0.237523
25216  0.237523
25248  0.237523
25280  0.237523
25312  0.237523
25344  0.237523
25376  0.237523
25408  0.237523
25440  0.237523
25472  0.237523
25504  0.237523
25536  0.237523
25568  0.237523
25600  0.237523
25632  0.237523
25664  0.237523
25696  0.237523
25728  0.237523
25760  0.237523
25792  0.237523
25824  0.237523
25856  0.237507
25888  0.237507
25920  0.237447
25952  0.237447
25984  0.237447
26016  0.237399
26048  0.237399
26080  0.237399
26112  0.237399
26144  0.237399
26176  0.237344
26208  0.237344
26240  0.237344
26272  0.237344
26304  0.237344
26336  0.237344
26368  0.237344
26400  0.237344
26432  0.237344
26464  0.237344
26496  0.237344
26528  0.237344
26560  0.237344
26592  0.237344
26624  0.237344
26656  0.23723
26688  0.23721
26720  0.23721
26752  0.23721
26784  0.23721
26816  0.23721
26848  0.23721
26880  0.23721
26912  0.23721
26944  0.23721
26976  0.23721
27008  0.23721
27040  0.23721
27072  0.23721
27104  0.23721
27136  0.23721
27168  0.23721
27200  0.23721
27232  0.23721
27264  0.23721
27296  0.23721
27328  0.23721
27360  0.23721
27392  0.23721
27424  0.23721
27456  0.237207
27488  0.237207
27520  0.237207
27552  0.237207
27584  0.237207
27616  0.237207
27648  0.237207
27680  0.237207
27712  0.237207
27744  0.237207
27776  0.237207
27808  0.237207
27840  0.237207
27872  0.237207
27904  0.237207
27936  0.237207
27968  0.237207
28000  0.237207
28032  0.237207
28064  0.237207
28096  0.237207
28128  0.237207
28160  0.237207
28192  0.237207
28224  0.237207
28256  0.237207
28288  0.237207
28320  0.237207
28352  0.237207
28384  0.237207
28416  0.237207
28448  0.237207
28480  0.237207
28512  0.237207
28544  0.237207
28576  0.237207
28608  0.237207
28640  0.237207
28672  0.237207
28704  0.237207
28736  0.237145
28768  0.237145
28800  0.237145
28832  0.237145
28864  0.237145
28896  0.237145
28928  0.237145
28960  0.237145
28992  0.237145
29024  0.237145
29056  0.237145
29088  0.237145
29120  0.237145
29152  0.237145
29184  0.237145
29216  0.237145
29248  0.237145
29280  0.237145
29312  0.237145
29344  0.237145
29376  0.237145
29408  0.237145
29440  0.237145
29472  0.237145
29504  0.237145
29536  0.237145
29568  0.237145
29600  0.237145
29632  0.237145
29664  0.237145
29696  0.237145
29728  0.237145
29760  0.237145
29792  0.237145
29824  0.237145
29856  0.237145
29888  0.237145
29920  0.237145
29952  0.237145
29984  0.237145
30016  0.237145
30048  0.237145
30080  0.237145
30112  0.237145
30144  0.237145
30176  0.237145
30208  0.237145
30240  0.237145
30272  0.237145
30304  0.237145
30336  0.237145
30368  0.237145
30400  0.237145
30432  0.237145
30464  0.237145
30496  0.237145
30528  0.237145
30560  0.237145
30592  0.237145
30624  0.237145
30656  0.237145
30688  0.237135
30720  0.237135
30752  0.237135
30784  0.237135
30816  0.237135
30848  0.237135
30880  0.237135
30912  0.237135
30944  0.237135
30976  0.237135
31008  0.237135
31040  0.237135
31072  0.237135
31104  0.237135
31136  0.237135
31168  0.237135
31200  0.237135
31232  0.237135
31264  0.237135
31296  0.237135
31328  0.237135
31360  0.237135
31392  0.237135
31424  0.237135
31456  0.237101
31488  0.237101
31520  0.237101
31552  0.237101
31584  0.237101
31616  0.237101
31648  0.237101
31680  0.237101
31712  0.237101
31744  0.237101
31776  0.237101
31808  0.237101
31840  0.237101
31872  0.237101
31904  0.237101
31936  0.237101
31968  0.237101
32000  0.237101
32032  0.237101
32064  0.237101
32096  0.237101
32128  0.237101
32160  0.237101
32192  0.237101
32224  0.237101
32256  0.237101
32288  0.237101
32320  0.237101
32352  0.237101
32384  0.237101
32416  0.237101
32448  0.237101
32480  0.237101
32512  0.237101
32544  0.237101
32576  0.237101
32608  0.237101
32640  0.237101
32672  0.237101
32704  0.237101
32736  0.237101
32768  0.237101
32800  0.237101
32832  0.237101
32864  0.237101
32896  0.237101
32928  0.237101
32960  0.237101
32992  0.237101
33024  0.237101
33056  0.237101
33088  0.237101
33120  0.237101
33152  0.237101
33184  0.237101
33216  0.237101
33248  0.237101
33280  0.237101
33312  0.237101
33344  0.237101
33376  0.237094
33408  0.237094
33440  0.237094
33472  0.237069
33504  0.237069
33536  0.237069
33568  0.237069
33600  0.237069
33632  0.237069
33664  0.237069
33696  0.237069
33728  0.237069
33760  0.237069
33792  0.237069
33824  0.237069
33856  0.237069
33888  0.237069
33920  0.237069
33952  0.237069
33984  0.237069
34016  0.237069
34048  0.237069
34080  0.237069
34112  0.237069
34144  0.237069
34176  0.237069
34208  0.237069
34240  0.237069
34272  0.237069
34304  0.237069
34336  0.237069
34368  0.237069
34400  0.237069
34432  0.237069
34464  0.237069
34496  0.237069
34528  0.237069
34560  0.237069
34592  0.237069
34624  0.237069
34656  0.237069
34688  0.237069
34720  0.237069
34752  0.237069
34784  0.237069
34816  0.237069
34848  0.237069
34880  0.237069
34912  0.237069
34944  0.237069
34976  0.237069
35008  0.237069
35040  0.237069
35072  0.237069
35104  0.237069
35136  0.237069
35168  0.237069
35200  0.237069
35232  0.237069
35264  0.236965
35296  0.236965
35328  0.236965
35360  0.236965
35392  0.236965
35424  0.236965
35456  0.236965
35488  0.236965
35520  0.236965
35552  0.236965
35584  0.236965
35616  0.236965
35648  0.236965
35680  0.236965
35712  0.236965
35744  0.236965
35776  0.236965
35808  0.236965
35840  0.236965
35872  0.236965
35904  0.236965
35936  0.236965
35968  0.236965
36000  0.236942
36032  0.236942
36064  0.236942
36096  0.236942
36128  0.236942
36160  0.236942
36192  0.236942
36224  0.236942
36256  0.236942
36288  0.236942
36320  0.236942
36352  0.236942
36384  0.236942
36416  0.236942
36448  0.236942
36480  0.236942
36512  0.236942
36544  0.236942
36576  0.236942
36608  0.236942
36640  0.236942
36672  0.236942
36704  0.236942
36736  0.236942
36768  0.236942
36800  0.236942
36832  0.236942
36864  0.236942
36896  0.236942
36928  0.236942
36960  0.236942
36992  0.236942
37024  0.236942
37056  0.236942
37088  0.236942
37120  0.236942
37152  0.236942
37184  0.236942
37216  0.236942
37248  0.236942
37280  0.236942
37312  0.236942
37344  0.236942
37376  0.236942
37408  0.236942
37440  0.236942
37472  0.236942
37504  0.236942
37536  0.236942
37568  0.236942
37600  0.236942
37632  0.236942
37664  0.236942
37696  0.236942
37728  0.236942
37760  0.236942
37792  0.236942
37824  0.236942
37856  0.236942
37888  0.236942
37920  0.236942
37952  0.236942
37984  0.236942
38016  0.236942
38048  0.236942
38080  0.236942
38112  0.236942
38144  0.236942
38176  0.236942
38208  0.236942
38240  0.236942
38272  0.236942
38304  0.236942
38336  0.236942
38368  0.236942
38400  0.236942
38432  0.236942
38464  0.236942
38496  0.236942
38528  0.236942
38560  0.236942
38592  0.236942
38624  0.236942
38656  0.236942
38688  0.236942
38720  0.236942
38752  0.236942
38784  0.236942
38816  0.236942
38848  0.236942
38880  0.236942
38912  0.236942
38944  0.236942
38976  0.236942
39008  0.236942
39040  0.236924
39072  0.236924
39104  0.236924
39136  0.236924
39168  0.236924
39200  0.236924
39232  0.236924
39264  0.236924
39296  0.236781
39328  0.236781
39360  0.236737
39392  0.236737
39424  0.236737
39456  0.236737
39488  0.236737
39520  0.236737
39552  0.236737
39584  0.236737
39616  0.236737
39648  0.236649
39680  0.236649
39712  0.236649
39744  0.236649
39776  0.236649
39808  0.236649
39840  0.236649
39872  0.236649
39904  0.236649
39936  0.236649
39968  0.236649
40000  0.236649
40032  0.236649
40064  0.236649
40096  0.236649
40128  0.236649
40160  0.236649
40192  0.236649
40224  0.236649
40256  0.236649
40288  0.236649
40320  0.236649
40352  0.236649
40384  0.236649
40416  0.236612
40448  0.236612
40480  0.236612
40512  0.236612
40544  0.236612
40576  0.236612
40608  0.236612
40640  0.236612
40672  0.236612
40704  0.236612
40736  0.236612
40768  0.236612
40800  0.236612
40832  0.236612
40864  0.236612
40896  0.236612
40928  0.236612
40960  0.236612
40992  0.236612
41024  0.236612
41056  0.236612
41088  0.236612
41120  0.236612
41152  0.236612
41184  0.236612
41216  0.236612
41248  0.236612
41280  0.236612
41312  0.236612
41344  0.236612
41376  0.236612
41408  0.236612
41440  0.236612
41472  0.236612
41504  0.236612
41536  0.236612
41568  0.236612
41600  0.236612
41632  0.236612
41664  0.236612
41696  0.236511
41728  0.236511
41760  0.236511
41792  0.236511
41824  0.236511
41856  0.236511
41888  0.236511
41920  0.236511
41952  0.236511
41984  0.236511
42016  0.236511
42048  0.236511
42080  0.236511
42112  0.236511
42144  0.236511
42176  0.236511
42208  0.236511
42240  0.236511
42272  0.236511
42304  0.236511
42336  0.236511
42368  0.236511
42400  0.236511
42432  0.236511
42464  0.236511
42496  0.236511
42528  0.236511
42560  0.236511
42592  0.236511
42624  0.236511
42656  0.236511
42688  0.236511
42720  0.236511
42752  0.236511
42784  0.236511
42816  0.236511
42848  0.236511
42880  0.236511
42912  0.236511
42944  0.236511
42976  0.236511
43008  0.236511
43040  0.236511
43072  0.236511
43104  0.236511
43136  0.236511
43168  0.236511
43200  0.236511
43232  0.236511
43264  0.236511
43296  0.236511
43328  0.236511
43360  0.236511
43392  0.236511
43424  0.236511
43456  0.236511
43488  0.236511
43520  0.236511
43552  0.236511
43584  0.236511
43616  0.236511
43648  0.236511
43680  0.236511
43712  0.236511
43744  0.236511
43776  0.236511
43808  0.236511
43840  0.236511
43872  0.236511
43904  0.236511
43936  0.236511
43968  0.236511
44000  0.236511
44032  0.236511
44064  0.236511
44096  0.236511
44128  0.236511
44160  0.236511
44192  0.236511
44224  0.236511
44256  0.236511
44288  0.236511
44320  0.236511
44352  0.236511
44384  0.236511
44416  0.236511
44448  0.236511
44480  0.236511
44512  0.236511
44544  0.236511
44576  0.236511
44608  0.236511
44640  0.236511
44672  0.236511
44704  0.236511
44736  0.236511
44768  0.236511
44800  0.236511
44832  0.236511
44864  0.236511
44896  0.236511
44928  0.236511
44960  0.236511
44992  0.236511
45024  0.236511
45056  0.236511
45088  0.236511
45120  0.236511
45152  0.236511
45184  0.236511
45216  0.236511
45248  0.236511
45280  0.236511
45312  0.236511
45344  0.236511
45376  0.236511
45408  0.236511
45440  0.236511
45472  0.236511
45504  0.236511
45536  0.236511
45568  0.236511
45600  0.236511
45632  0.236511
45664  0.236511
45696  0.236511
45728  0.236511
45760  0.236511
45792  0.236511
45824  0.236511
45856  0.236511
45888  0.236511
45920  0.236511
45952  0.236511
45984  0.236511
46016  0.236511
46048  0.236511
46080  0.236511
46112  0.236511
46144  0.236511
46176  0.236511
46208  0.236511
46240  0.236511
46272  0.236511
46304  0.236511
46336  0.236511
46368  0.236511
46400  0.236511
46432  0.236511
46464  0.236511
46496  0.236511
46528  0.236511
46560  0.236511
46592  0.236511
46624  0.236511
46656  0.236511
46688  0.236511
46720  0.236511
46752  0.236511
46784  0.236511
46816  0.236511
46848  0.236511
46880  0.236511
46912  0.236511
46944  0.236511
46976  0.236511
47008  0.236511
47040  0.236511
47072  0.236511
47104  0.236511
47136  0.236511
47168  0.236511
47200  0.236511
47232  0.236511
47264  0.236511
47296  0.236511
47328  0.236511
47360  0.236511
47392  0.236511
47424  0.236511
47456  0.236511
47488  0.236511
47520  0.236511
47552  0.236511
47584  0.236511
47616  0.236511
47648  0.236511
47680  0.236511
47712  0.236511
47744  0.236511
47776  0.236511
47808  0.236511
47840  0.236511
47872  0.236511
47904  0.236511
47936  0.236429
47968  0.236429
48000  0.236429
48032  0.236429
48064  0.236429
48096  0.236429
48128  0.236429
48160  0.236429
48192  0.236429
48224  0.236429
48256  0.236429
48288  0.236429
48320  0.236429
48352  0.236429
48384  0.236429
48416  0.236429
48448  0.236429
48480  0.236429
48512  0.236429
48544  0.236429
48576  0.236429
48608  0.236429
48640  0.236429
48672  0.236429
48704  0.236429
48736  0.236429
48768  0.236429
48800  0.236429
48832  0.236429
48864  0.236429
48896  0.236429
48928  0.236429
48960  0.236429
48992  0.236429
49024  0.236429
49056  0.236429
49088  0.236429
49120  0.236429
49152  0.236429
49184  0.236429
49216  0.236429
49248  0.236429
49280  0.236429
49312  0.236429
49344  0.236429
49376  0.236429
49408  0.236429
49440  0.236429
49472  0.236429
49504  0.236429
49536  0.236429
49568  0.236425
49600  0.236425
49632  0.236425
49664  0.236425
49696  0.236425
49728  0.236425
49760  0.236425
49792  0.236425
49824  0.236425
49856  0.236425
49888  0.236425
49920  0.236425
49952  0.236425
49984  0.236425
50016  0.236425
50048  0.236425
50080  0.236425
50112  0.236425
50144  0.236425
50176  0.236425
50208  0.236425
50240  0.236425
50272  0.236425
50304  0.236425
50336  0.236425
50368  0.236364
50400  0.236364
50432  0.236364
50464  0.236364
50496  0.236364
50528  0.236364
50560  0.236364
50592  0.236364
50624  0.236364
50656  0.236364
50688  0.236364
50720  0.236364
50752  0.236364
50784  0.236364
50816  0.236364
50848  0.236364
50880  0.236364
50912  0.236364
50944  0.236364
50976  0.236364
51008  0.236364
51040  0.236364
51072  0.236364
51104  0.236364
51136  0.236364
51168  0.236364
51200  0.236364
51232  0.236364
51264  0.236364
51296  0.236364
51328  0.236364
51360  0.236364
51392  0.236364
51424  0.236364
51456  0.236364
51488  0.236364
51520  0.236364
51552  0.236364
51584  0.236364
51616  0.236364
51648  0.236364
51680  0.236364
51712  0.236364
51744  0.236364
51776  0.236364
51808  0.236364
51840  0.236364
51872  0.236364
51904  0.236364
51936  0.236364
51968  0.236364
52000  0.236364
52032  0.236364
52064  0.236364
52096  0.236364
52128  0.236364
52160  0.236364
52192  0.236364
52224  0.236364
52256  0.236364
52288  0.236364
52320  0.236364
52352  0.236364
52384  0.236364
52416  0.236364
52448  0.236364
52480  0.236364
52512  0.236364
52544  0.236364
52576  0.236364
52608  0.236364
52640  0.236364
52672  0.236364
52704  0.236364
52736  0.236364
52768  0.2363
52800  0.2363
52832  0.2363
52864  0.2363
52896  0.2363
52928  0.2363
52960  0.2363
52992  0.2363
53024  0.2363
53056  0.2363
53088  0.2363
53120  0.2363
53152  0.2363
53184  0.2363
53216  0.2363
53248  0.2363
53280  0.2363
53312  0.2363
53344  0.2363
53376  0.2363
53408  0.2363
53440  0.2363
53472  0.2363
53504  0.2363
53536  0.2363
53568  0.2363
53600  0.2363
53632  0.2363
53664  0.2363
53696  0.2363
53728  0.2363
53760  0.2363
53792  0.2363
53824  0.2363
53856  0.2363
53888  0.2363
53920  0.2363
53952  0.2363
53984  0.2363
54016  0.2363
54048  0.2363
54080  0.23617
54112  0.23617
54144  0.23617
54176  0.23617
54208  0.23617
54240  0.23617
54272  0.23617
54304  0.23617
54336  0.23617
54368  0.23617
54400  0.23617
54432  0.23617
54464  0.23617
54496  0.23617
54528  0.23617
54560  0.23617
54592  0.23617
54624  0.23617
54656  0.23617
54688  0.23617
54720  0.23617
54752  0.23617
54784  0.23617
54816  0.23617
54848  0.23617
54880  0.23617
54912  0.23617
54944  0.23617
54976  0.23617
55008  0.23617
55040  0.23617
55072  0.23617
55104  0.23617
55136  0.23617
55168  0.23617
55200  0.23617
55232  0.23617
55264  0.236154
55296  0.236154
55328  0.236154
55360  0.236154
55392  0.236154
55424  0.236154
55456  0.236154
55488  0.236154
55520  0.236154
55552  0.236154
55584  0.236154
55616  0.236154
55648  0.236154
55680  0.236154
55712  0.236154
55744  0.236154
55776  0.236154
55808  0.236154
55840  0.236154
55872  0.236154
55904  0.236154
55936  0.236154
55968  0.236154
56000  0.236154
56032  0.236154
56064  0.236154
56096  0.236154
56128  0.236154
56160  0.236154
56192  0.236154
56224  0.236154
56256  0.236154
56288  0.236154
56320  0.236154
56352  0.236154
56384  0.236154
56416  0.236154
56448  0.236154
56480  0.236154
56512  0.236154
56544  0.236154
56576  0.236154
56608  0.236154
56640  0.236154
56672  0.236154
56704  0.236154
56736  0.236154
56768  0.236154
56800  0.236154
56832  0.236154
56864  0.236154
56896  0.236154
56928  0.236154
56960  0.236154
56992  0.236154
57024  0.236154
57056  0.236154
57088  0.236154
57120  0.236154
57152  0.236154
57184  0.236154
57216  0.236154
57248  0.236154
57280  0.236154
57312  0.236154
57344  0.236154
57376  0.236154
57408  0.236154
57440  0.236154
57472  0.236154
57504  0.236154
57536  0.236154
57568  0.236154
57600  0.236154
57632  0.236154
57664  0.236154
57696  0.236154
57728  0.236154
57760  0.236154
57792  0.236154
57824  0.236154
57856  0.236154
57888  0.236154
57920  0.236154
57952  0.236154
57984  0.236154
58016  0.236154
58048  0.236154
58080  0.236154
58112  0.236154
58144  0.236154
58176  0.236154
58208  0.236154
58240  0.236154
58272  0.236154
58304  0.236154
58336  0.236154
58368  0.236154
58400  0.236154
58432  0.236154
58464  0.236154
58496  0.236154
58528  0.236154
58560  0.236154
58592  0.236154
58624  0.236154
58656  0.236154
58688  0.236154
58720  0.236154
58752  0.236154
58784  0.236154
58816  0.236154
58848  0.236154
58880  0.236154
58912  0.236154
58944  0.236154
58976  0.236154
59008  0.236154
59040  0.236154
59072  0.236154
59104  0.236154
59136  0.236154
59168  0.236154
59200  0.236154
59232  0.236154
59264  0.236154
59296  0.236154
59328  0.236154
59360  0.236154
59392  0.236154
59424  0.236154
59456  0.236154
59488  0.236154
59520  0.236154
59552  0.236154
59584  0.236154
59616  0.236154
59648  0.236154
59680  0.236154
59712  0.236154
59744  0.236154
59776  0.236154
59808  0.236154
59840  0.236154
59872  0.236154
59904  0.236154
59936  0.236154
59968  0.236154
60000  0.236154
60032  0.236154
60064  0.236154
60096  0.236154
60128  0.236154
60160  0.236154
60192  0.236154
60224  0.236154
60256  0.236154
60288  0.236154
60320  0.236154
60352  0.236154
60384  0.236154
60416  0.236154
60448  0.236154
60480  0.236154
60512  0.236154
60544  0.236154
60576  0.236154
60608  0.236154
60640  0.236154
60672  0.236154
60704  0.236154
60736  0.236154
60768  0.236154
60800  0.236154
60832  0.236154
60864  0.236154
60896  0.236154
60928  0.236154
60960  0.236154
60992  0.236154
61024  0.236154
61056  0.236154
61088  0.236154
61120  0.236154
61152  0.236154
61184  0.236154
61216  0.236154
61248  0.236154
61280  0.236154
61312  0.236154
61344  0.236154
61376  0.236154
61408  0.236154
61440  0.236154
61472  0.236154
61504  0.236154
61536  0.236154
61568  0.236154
61600  0.236134
61632  0.236134
61664  0.236134
61696  0.236134
61728  0.236134
61760  0.236134
61792  0.236134
61824  0.236134
61856  0.236134
61888  0.236134
61920  0.236134
61952  0.236134
61984  0.236134
62016  0.236134
62048  0.236134
62080  0.236134
62112  0.236134
62144  0.236134
62176  0.236134
62208  0.236134
62240  0.236134
62272  0.236134
62304  0.236134
62336  0.236134
62368  0.236134
62400  0.236134
62432  0.236134
62464  0.236134
62496  0.236134
62528  0.236134
62560  0.236134
62592  0.236134
62624  0.236134
62656  0.236134
62688  0.236134
62720  0.236134
62752  0.236134
62784  0.236134
62816  0.236134
62848  0.236134
62880  0.236134
62912  0.236134
62944  0.236134
62976  0.236134
63008  0.236134
63040  0.236134
63072  0.236134
63104  0.236134
63136  0.236134
63168  0.236134
63200  0.236134
63232  0.236134
63264  0.236134
63296  0.236134
63328  0.236134
63360  0.236134
63392  0.236134
63424  0.236134
63456  0.236134
63488  0.236134
63520  0.236134
63552  0.236134
63584  0.236134
63616  0.236134
63648  0.236134
63680  0.236134
63712  0.236134
63744  0.236134
63776  0.236134
63808  0.236134
63840  0.236134
63872  0.236134
63904  0.236134
63936  0.236134
63968  0.236134
64000  0.236134
64032  0.236134
64064  0.236134
64096  0.236134
64128  0.236134
64160  0.236134
64192  0.236134
64224  0.236134
64256  0.236134
64288  0.236134
64320  0.236134
64352  0.236134
64384  0.236134
64416  0.236134
64448  0.236134
64480  0.236134
64512  0.236134
64544  0.236082
64576  0.236082
64608  0.236082
64640  0.236082
64672  0.236082
64704  0.236082
64736  0.236082
64768  0.236082
64800  0.236082
64832  0.236082
64864  0.236082
64896  0.236082
64928  0.236082
64960  0.236082
64992  0.236082
65024  0.236082
65056  0.236082
65088  0.236082
65120  0.236082
65152  0.236082
65184  0.236082
65216  0.236082
65248  0.236082
65280  0.236082
65312  0.236082
65344  0.236082
65376  0.236082
65408  0.236082
65440  0.236082
65472  0.236082
65504  0.236082
65536  0.236082
65568  0.236082
65600  0.236082
65632  0.236082
65664  0.236082
65696  0.236082
65728  0.236082
65760  0.236082
65792  0.236082
65824  0.236082
65856  0.236082
65888  0.236082
65920  0.236082
65952  0.236082
65984  0.236082
66016  0.236082
66048  0.236082
66080  0.236082
66112  0.236082
66144  0.236082
66176  0.236082
66208  0.236082
66240  0.236082
66272  0.236082
66304  0.236082
66336  0.236082
66368  0.236082
66400  0.236082
66432  0.236082
66464  0.236082
66496  0.236082
66528  0.236082
66560  0.236082
66592  0.236082
66624  0.236082
66656  0.236082
66688  0.236082
66720  0.236082
66752  0.236082
66784  0.236082
66816  0.236082
66848  0.236082
66880  0.236082
66912  0.236082
66944  0.236082
66976  0.236082
67008  0.236082
67040  0.236082
67072  0.236082
67104  0.236082
67136  0.236082
67168  0.236082
67200  0.236082
67232  0.236082
67264  0.236082
67296  0.236082
67328  0.236082
67360  0.236082
67392  0.236082
67424  0.236082
67456  0.236082
67488  0.236082
67520  0.236082
67552  0.236082
67584  0.236082
67616  0.236082
67648  0.236082
67680  0.236082
67712  0.235962
67744  0.235962
67776  0.235962
67808  0.235962
67840  0.235962
67872  0.235962
67904  0.235962
67936  0.235962
67968  0.235962
68000  0.235962
68032  0.235962
68064  0.235962
68096  0.235962
68128  0.235962
68160  0.235962
68192  0.235962
68224  0.235962
68256  0.235962
68288  0.235962
68320  0.235962
68352  0.235962
68384  0.235962
68416  0.23586
68448  0.23586
68480  0.23586
68512  0.23586
68544  0.23586
68576  0.23586
68608  0.23586
68640  0.23586
68672  0.23586
68704  0.23586
68736  0.23586
68768  0.23586
68800  0.23586
68832  0.23586
68864  0.23586
68896  0.23586
68928  0.23586
68960  0.23586
68992  0.23586
69024  0.23586
69056  0.23586
69088  0.23586
69120  0.23586
69152  0.23586
69184  0.23586
69216  0.23586
69248  0.23586
69280  0.23586
69312  0.23586
69344  0.23586
69376  0.23586
69408  0.23586
69440  0.23586
69472  0.23586
69504  0.23586
69536  0.23586
69568  0.23586
69600  0.23586
69632  0.23586
69664  0.23586
69696  0.23586
69728  0.23586
69760  0.23586
69792  0.23586
69824  0.23586
69856  0.23586
69888  0.23586
69920  0.23586
69952  0.23586
69984  0.23586
70016  0.23586
70048  0.23586
70080  0.23586
70112  0.23586
70144  0.23586
70176  0.23586
70208  0.23586
70240  0.23586
70272  0.23586
70304  0.23586
70336  0.23586
70368  0.23586
70400  0.23586
70432  0.23586
70464  0.23586
70496  0.23586
70528  0.23586
70560  0.23586
70592  0.23586
70624  0.23586
70656  0.23586
70688  0.23586
70720  0.23586
70752  0.23586
70784  0.23586
70816  0.23586
70848  0.23586
70880  0.23586
70912  0.23586
70944  0.23586
70976  0.23586
71008  0.23586
71040  0.23586
71072  0.23586
71104  0.23586
71136  0.23586
71168  0.23586
71200  0.23586
71232  0.23586
71264  0.23586
71296  0.23586
71328  0.23586
71360  0.23586
71392  0.23586
71424  0.23586
71456  0.23586
71488  0.23586
71520  0.23586
71552  0.23586
71584  0.23586
71616  0.23586
71648  0.23586
71680  0.23586
71712  0.23586
71744  0.23586
71776  0.23586
71808  0.23586
71840  0.23586
71872  0.23586
71904  0.23586
71936  0.23586
71968  0.23586
72000  0.23586
72032  0.23586
72064  0.23586
72096  0.23586
72128  0.23586
72160  0.23586
72192  0.23586
72224  0.23586
72256  0.23586
72288  0.23586
72320  0.23586
72352  0.23586
72384  0.23586
72416  0.23586
72448  0.23586
72480  0.23586
72512  0.23586
72544  0.23586
72576  0.23586
72608  0.23586
72640  0.23586
72672  0.23586
72704  0.23586
72736  0.23586
72768  0.23586
72800  0.23586
72832  0.23586
72864  0.23586
72896  0.23586
72928  0.23586
72960  0.23586
72992  0.23586
73024  0.23586
73056  0.23586
73088  0.23586
73120  0.23586
73152  0.23586
73184  0.23586
73216  0.23586
73248  0.23586
73280  0.23586
73312  0.23586
73344  0.23586
73376  0.23586
73408  0.23586
73440  0.23586
73472  0.23586
73504  0.23586
73536  0.23586
73568  0.23586
73600  0.23586
73632  0.23586
73664  0.23586
73696  0.23586
73728  0.23586
73760  0.23586
73792  0.23586
73824  0.23586
73856  0.23586
73888  0.23586
73920  0.23586
73952  0.23586
73984  0.23586
74016  0.23586
74048  0.23586
74080  0.23586
74112  0.23586
74144  0.23586
74176  0.23586
74208  0.23586
74240  0.23586
74272  0.23586
74304  0.23586
74336  0.23586
74368  0.23586
74400  0.23586
74432  0.23586
74464  0.23586
74496  0.23586
74528  0.23586
74560  0.23586
74592  0.23586
74624  0.23586
74656  0.23586
74688  0.23586
74720  0.23586
