Step  Penalty
50  0.530485
100  0.514575
150  0.504255
200  0.496786
250  0.490887
300  0.487575
350  0.483201
400  0.478226
450  0.47268
500  0.466063
550  0.458291
600  0.44961
650  0.440698
700  0.432581
750  0.424276
800  0.413855
850  0.403333
900  0.395742
950  0.389134
1000  0.384162
1050  0.377501
1100  0.366656
1150  0.357495
1200  0.349331
1250  0.342117
1300  0.334697
1350  0.32761
1400  0.321411
1450  0.314871
1500  0.307492
1550  0.301293
1600  0.296083
1650  0.29218
1700  0.287836
1750  0.284071
1800  0.279563
1850  0.275287
1900  0.272405
1950  0.270345
2000  0.267896
2050  0.265474
2100  0.2629
2150  0.260523
2200  0.258897
2250  0.257175
2300  0.255503
2350  0.254181
2400  0.25258
2450  0.251111
2500  0.249178
2550  0.247975
2600  0.246769
2650  0.24529
2700  0.243697
2750  0.242663
2800  0.241114
2850  0.239844
2900  0.238593
2950  0.237185
3000  0.236146
3050  0.234804
3100  0.233762
3150  0.232728
3200  0.231918
3250  0.231226
3300  0.23057
3350  0.229863
3400  0.228933
3450  0.228105
3500  0.227157
3550  0.226239
3600  0.225678
3650  0.225021
3700  0.223975
3750  0.223005
3800  0.222358
3850  0.221293
3900  0.219511
3950  0.217791
4000  0.215987
4050  0.214467
4100  0.213424
4150  0.212256
4200  0.210772
4250  0.20948
4300  0.208331
4350  0.20678
4400  0.205373
4450  0.204192
4500  0.203113
4550  0.202209
4600  0.201476
4650  0.200567
4700  0.199427
4750  0.198135
4800  0.196778
4850  0.195715
4900  0.194604
4950  0.193915
5000  0.192782
5050  0.192196
5100  0.190971
5150  0.18977
5200  0.188516
5250  0.187196
5300  0.18673
5350  0.185946
5400  0.184998
5450  0.184057
5500  0.183045
5550  0.18228
5600  0.18177
5650  0.181143
5700  0.180377
5750  0.17993
5800  0.179258
5850  0.178817
5900  0.177888
5950  0.177244
6000  0.176472
6050  0.175688
6100  0.17493
6150  0.174414
6200  0.174145
6250  0.173318
6300  0.172673
6350  0.172248
6400  0.171766
6450  0.171399
6500  0.171163
6550  0.171012
6600  0.170727
6650  0.170535
6700  0.170103
6750  0.169909
6800  0.16979
6850  0.169661
6900  0.169466
6950  0.169234
7000  0.169143
7050  0.168905
7100  0.168679
7150  0.16854
7200  0.1684
7250  0.168344
7300  0.167989
7350  0.167793
7400  0.167702
7450  0.167648
7500  0.167568
7550  0.167336
7600  0.16718
7650  0.16698
7700  0.16685
7750  0.166607
7800  0.166607
7850  0.166542
7900  0.166515
7950  0.166423
8000  0.166399
8050  0.166367
8100  0.166346
8150  0.166257
8200  0.166177
8250  0.166141
8300  0.166118
8350  0.16595
8400  0.165893
8450  0.165864
8500  0.165719
8550  0.165635
8600  0.165575
8650  0.16547
8700  0.165385
8750  0.165379
8800  0.165319
8850  0.165301
8900  0.165267
8950  0.16525
9000  0.165166
9050  0.165004
9100  0.164988
9150  0.164983
9200  0.164975
9250  0.164915
9300  0.164878
9350  0.164876
9400  0.164862
9450  0.164671
9500  0.164661
9550  0.164538
9600  0.164505
9650  0.164459
9700  0.164418
9750  0.164387
9800  0.164259
9850  0.16418
9900  0.16418
9950  0.164081
10000  0.164023
10050  0.16386
10100  0.163803
10150  0.163758
10200  0.163758
10250  0.163647
10300  0.163602
10350  0.1635
10400  0.163451
10450  0.163443
10500  0.163391
10550  0.163362
10600  0.163292
10650  0.16327
10700  0.163237
10750  0.163181
10800  0.163126
10850  0.163048
10900  0.162978
10950  0.162907
11000  0.162895
11050  0.162884
11100  0.162884
11150  0.162884
11200  0.162812
11250  0.162747
11300  0.162673
11350  0.162576
11400  0.162566
11450  0.162545
11500  0.162528
11550  0.162505
11600  0.162477
11650  0.162432
11700  0.162357
11750  0.162357
11800  0.162313
11850  0.162313
11900  0.162278
11950  0.162232
12000  0.162175
12050  0.162074
12100  0.162037
12150  0.162037
12200  0.161985
12250  0.16198
12300  0.161956
12350  0.161956
12400  0.161956
12450  0.161956
12500  0.161927
12550  0.161869
12600  0.161866
12650  0.161866
12700  0.161802
12750  0.161784
12800  0.161773
12850  0.161735
12900  0.161735
12950  0.161727
13000  0.161723
13050  0.161679
13100  0.161631
13150  0.161631
13200  0.161631
13250  0.161564
13300  0.161564
13350  0.161521
13400  0.161486
13450  0.16148
13500  0.161469
13550  0.161431
13600  0.161431
13650  0.161431
13700  0.161388
13750  0.161374
13800  0.161356
13850  0.161356
13900  0.161303
13950  0.161303
14000  0.161303
14050  0.161302
14100  0.161302
14150  0.161302
14200  0.161302
14250  0.161279
14300  0.161271
14350  0.16126
14400  0.161248
14450  0.161248
14500  0.161248
14550  0.161248
14600  0.161248
14650  0.161234
14700  0.161234
14750  0.161234
14800  0.161228
14850  0.161225
14900  0.161225
14950  0.161225
15000  0.161225
15050  0.161225
15100  0.161225
15150  0.161214
15200  0.161214
15250  0.161214
15300  0.161214
15350  0.161215
15400  0.161215
15450  0.161215
15500  0.16119
15550  0.161189
15600  0.161187
15650  0.161185
15700  0.161185
15750  0.161167
15800  0.161167
15850  0.161158
15900  0.161158
15950  0.161152
16000  0.161124
16050  0.161104
16100  0.161103
16150  0.161103
16200  0.161103
16250  0.161103
16300  0.161103
16350  0.161103
16400  0.161103
16450  0.161103
16500  0.161103
16550  0.161094
16600  0.161094
16650  0.161094
16700  0.161089
16750  0.161074
16800  0.161033
16850  0.161004
16900  0.161004
16950  0.161004
17000  0.160995
17050  0.160995
17100  0.160981
17150  0.160946
17200  0.160934
17250  0.160934
17300  0.160929
17350  0.160929
17400  0.160929
17450  0.160929
17500  0.160906
17550  0.160906
17600  0.160906
17650  0.160906
17700  0.160906
17750  0.160904
17800  0.160904
17850  0.160879
17900  0.160878
17950  0.160851
18000  0.160851
18050  0.160844
18100  0.160803
18150  0.160803
18200  0.160717
18250  0.160717
18300  0.160717
18350  0.160697
18400  0.160684
18450  0.160684
18500  0.160684
18550  0.160645
18600  0.160645
18650  0.160645
18700  0.160645
18750  0.160645
18800  0.160645
18850  0.160642
18900  0.160625
18950  0.160589
19000  0.160589
19050  0.160572
19100  0.160572
19150  0.160572
19200  0.160572
19250  0.160559
19300  0.16055
19350  0.160548
19400  0.160548
19450  0.160545
19500  0.160536
19550  0.160536
19600  0.160507
19650  0.160507
19700  0.160493
19750  0.160485
19800  0.160463
19850  0.160463
19900  0.160379
19950  0.160379
20000  0.160299
20050  0.16025
20100  0.160228
20150  0.160144
20200  0.160118
20250  0.160111
20300  0.160101
20350  0.160052
20400  0.160009
20450  0.159972
20500  0.159892
20550  0.159843
20600  0.159804
20650  0.159754
20700  0.159634
20750  0.159605
20800  0.159474
20850  0.159331
20900  0.159247
20950  0.159097
21000  0.15888
21050  0.158757
21100  0.158638
21150  0.158426
21200  0.158223
21250  0.158053
21300  0.15785
21350  0.157737
21400  0.157737
21450  0.157656
21500  0.157493
21550  0.157324
21600  0.157239
21650  0.157112
21700  0.157021
21750  0.156794
21800  0.15673
21850  0.156518
21900  0.156278
21950  0.156207
22000  0.156037
22050  0.155961
22100  0.155799
22150  0.155498
22200  0.155359
22250  0.155325
22300  0.155134
22350  0.154984
22400  0.154854
22450  0.154386
22500  0.153941
22550  0.153561
22600  0.15336
22650  0.152788
22700  0.152528
22750  0.152352
22800  0.152117
22850  0.151838
22900  0.151611
22950  0.151453
23000  0.151229
23050  0.151171
23100  0.150886
23150  0.150666
23200  0.150423
23250  0.150234
23300  0.150075
23350  0.150008
23400  0.149715
23450  0.149515
23500  0.149232
23550  0.149097
23600  0.149043
23650  0.148913
23700  0.148738
23750  0.148454
23800  0.148238
23850  0.147964
23900  0.147793
23950  0.147622
24000  0.147541
24050  0.147358
24100  0.147343
24150  0.147204
24200  0.147163
24250  0.147087
24300  0.147
24350  0.146922
24400  0.146885
24450  0.146763
24500  0.146633
24550  0.146541
24600  0.146433
24650  0.146432
24700  0.146314
24750  0.146179
24800  0.146119
24850  0.146068
24900  0.14594
24950  0.145906
25000  0.145804
25050  0.145774
25100  0.145756
25150  0.145702
25200  0.145549
25250  0.145481
25300  0.145336
25350  0.145299
25400  0.14522
25450  0.145197
25500  0.145148
25550  0.14501
25600  0.144883
25650  0.144775
25700  0.144517
25750  0.144347
25800  0.144302
25850  0.144211
25900  0.144163
25950  0.144062
26000  0.143974
26050  0.143895
26100  0.14379
26150  0.143681
26200  0.143556
26250  0.143487
26300  0.143398
26350  0.143337
26400  0.143301
26450  0.143289
26500  0.143268
26550  0.143235
26600  0.143188
26650  0.143125
26700  0.143087
26750  0.143038
26800  0.142978
26850  0.142974
26900  0.142949
26950  0.142912
27000  0.142902
27050  0.142895
27100  0.142889
27150  0.142852
27200  0.142811
27250  0.142767
27300  0.142767
27350  0.142666
27400  0.142623
27450  0.142623
27500  0.142562
27550  0.1425
27600  0.142452
27650  0.142429
27700  0.142427
27750  0.142408
27800  0.142367
27850  0.142366
27900  0.142323
27950  0.142322
28000  0.142291
28050  0.142264
28100  0.142229
28150  0.142192
28200  0.142192
28250  0.142152
28300  0.142138
28350  0.142108
28400  0.142112
28450  0.142104
28500  0.142084
28550  0.142083
28600  0.142061
28650  0.142032
28700  0.142015
28750  0.142014
28800  0.141984
28850  0.141976
28900  0.141947
28950  0.141953
29000  0.141888
29050  0.141855
29100  0.141838
29150  0.141827
29200  0.141807
29250  0.141808
29300  0.141776
29350  0.141662
29400  0.141655
29450  0.141652
29500  0.141647
29550  0.141615
29600  0.141618
29650  0.141583
29700  0.141583
29750  0.141567
29800  0.141567
29850  0.141567
29900  0.141567
29950  0.141567
30000  0.141567
30050  0.141543
30100  0.141484
30150  0.141474
30200  0.141474
30250  0.141463
30300  0.141463
30350  0.141463
30400  0.141463
30450  0.141418
30500  0.141382
30550  0.141287
30600  0.141261
30650  0.141262
30700  0.141256
30750  0.141257
30800  0.141251
30850  0.141216
30900  0.141212
30950  0.141203
31000  0.141201
31050  0.141192
31100  0.141185
31150  0.141184
31200  0.141179
31250  0.141157
31300  0.141152
31350  0.141144
31400  0.141147
31450  0.141142
31500  0.141083
31550  0.141062
31600  0.141062
31650  0.141041
31700  0.141046
31750  0.141042
31800  0.141041
31850  0.141041
31900  0.141039
31950  0.141034
32000  0.141039
32050  0.14103
32100  0.141035
32150  0.141034
32200  0.141034
32250  0.141026
32300  0.141023
32350  0.141014
32400  0.14099
32450  0.140978
32500  0.140983
32550  0.140979
32600  0.140955
32650  0.140955
32700  0.140955
32750  0.140931
32800  0.140904
32850  0.140893
32900  0.140855
32950  0.140849
33000  0.140853
33050  0.140853
33100  0.140853
33150  0.140821
33200  0.140819
33250  0.140821
33300  0.140821
33350  0.140806
33400  0.140764
33450  0.140764
33500  0.140764
33550  0.140736
33600  0.14071
33650  0.140707
33700  0.140706
33750  0.140687
33800  0.140654
33850  0.140622
33900  0.140624
33950  0.140623
34000  0.140629
34050  0.140622
34100  0.140625
34150  0.140622
34200  0.140618
34250  0.140615
34300  0.140614
34350  0.140614
34400  0.140614
34450  0.140612
34500  0.140612
34550  0.140612
34600  0.140612
34650  0.140615
34700  0.140608
34750  0.140599
34800  0.140576
34850  0.140576
34900  0.140565
34950  0.140561
35000  0.140561
35050  0.140564
35100  0.140557
35150  0.140538
35200  0.140538
35250  0.140538
35300  0.140538
35350  0.140538
35400  0.140516
35450  0.140512
35500  0.140515
35550  0.140509
35600  0.140499
35650  0.140499
35700  0.140499
35750  0.14049
35800  0.14049
35850  0.140477
35900  0.140479
35950  0.140477
36000  0.140452
36050  0.140435
36100  0.140435
36150  0.140429
36200  0.14043
36250  0.140394
36300  0.140392
36350  0.140392
36400  0.140392
36450  0.140392
36500  0.140392
36550  0.140382
36600  0.140373
36650  0.140373
36700  0.140373
36750  0.140366
36800  0.140366
36850  0.140366
36900  0.140358
36950  0.140348
37000  0.140348
37050  0.140345
37100  0.140345
37150  0.140317
37200  0.14031
37250  0.140309
37300  0.140307
37350  0.140306
37400  0.14031
37450  0.140302
37500  0.140301
37550  0.140294
37600  0.140295
37650  0.140284
37700  0.140283
37750  0.140284
37800  0.140284
37850  0.140292
37900  0.140284
37950  0.140285
38000  0.140286
38050  0.140251
38100  0.140247
38150  0.140259
38200  0.140243
38250  0.140243
38300  0.140238
38350  0.14021
38400  0.140211
38450  0.140208
38500  0.140208
38550  0.140211
38600  0.140209
38650  0.140209
38700  0.140218
38750  0.140214
38800  0.140211
38850  0.14021
38900  0.14021
38950  0.140213
39000  0.140207
39050  0.140196
39100  0.140203
39150  0.140198
39200  0.140197
39250  0.140199
39300  0.140197
39350  0.140196
39400  0.140199
39450  0.140197
39500  0.140202
39550  0.1402
39600  0.140196
39650  0.140202
39700  0.140183
39750  0.140183
39800  0.140177
39850  0.140182
39900  0.140191
39950  0.140178
40000  0.140178
40050  0.140182
40100  0.140176
40150  0.140178
40200  0.140181
40250  0.140181
40300  0.140173
40350  0.140176
40400  0.140184
40450  0.140175
40500  0.140174
40550  0.140167
40600  0.140186
40650  0.140164
40700  0.140159
40750  0.14016
40800  0.140167
40850  0.14014
40900  0.140136
40950  0.14013
41000  0.140131
41050  0.140131
41100  0.140143
41150  0.140129
41200  0.140131
41250  0.140129
41300  0.140131
41350  0.140132
41400  0.140098
41450  0.140103
41500  0.140095
41550  0.140104
41600  0.140096
41650  0.14011
41700  0.140093
41750  0.140097
41800  0.140103
41850  0.140096
41900  0.140101
41950  0.140096
42000  0.140104
42050  0.140104
42100  0.140073
42150  0.140068
42200  0.140066
42250  0.140047
42300  0.140054
42350  0.140056
42400  0.140042
42450  0.140024
42500  0.140018
42550  0.140018
42600  0.140018
42650  0.139991
42700  0.139991
42750  0.139991
42800  0.139989
42850  0.139989
42900  0.139989
42950  0.139966
43000  0.139966
43050  0.139966
43100  0.139964
43150  0.139964
43200  0.139964
43250  0.139964
43300  0.139964
43350  0.13996
43400  0.13996
43450  0.13996
43500  0.139941
43550  0.139941
43600  0.139934
43650  0.139934
43700  0.139934
43750  0.139934
43800  0.139929
43850  0.139929
43900  0.139929
43950  0.139929
44000  0.139929
44050  0.139927
44100  0.139904
44150  0.139904
44200  0.139904
44250  0.139904
44300  0.139904
44350  0.139896
44400  0.139896
44450  0.139864
44500  0.139864
44550  0.139864
44600  0.139864
44650  0.139864
44700  0.139864
44750  0.139864
44800  0.139864
44850  0.139864
44900  0.139864
44950  0.13983
45000  0.13983
45050  0.13983
45100  0.13983
45150  0.13983
45200  0.13983
45250  0.13983
45300  0.13983
45350  0.139826
45400  0.139826
45450  0.139826
45500  0.139817
45550  0.139817
45600  0.139817
45650  0.139783
45700  0.139766
45750  0.139766
45800  0.139766
45850  0.139766
45900  0.139766
45950  0.139766
46000  0.139766
46050  0.139766
46100  0.139766
46150  0.139766
46200  0.139766
46250  0.139753
46300  0.139753
46350  0.139753
46400  0.139747
46450  0.139747
46500  0.139747
46550  0.139747
46600  0.139745
46650  0.139745
46700  0.139745
46750  0.139745
46800  0.139745
46850  0.139745
46900  0.13973
46950  0.139725
47000  0.139725
47050  0.139725
47100  0.139725
47150  0.139725
47200  0.139725
47250  0.139723
47300  0.1397
47350  0.1397
47400  0.1397
47450  0.1397
47500  0.1397
47550  0.1397
47600  0.1397
47650  0.1397
47700  0.1397
47750  0.1397
47800  0.1397
47850  0.1397
47900  0.1397
47950  0.1397
48000  0.1397
48050  0.1397
48100  0.1397
48150  0.1397
48200  0.1397
48250  0.1397
48300  0.139699
48350  0.139699
48400  0.139699
48450  0.139699
48500  0.139695
48550  0.139689
48600  0.139689
48650  0.139689
48700  0.139689
48750  0.139689
48800  0.139689
48850  0.139689
48900  0.139689
48950  0.139689
49000  0.139689
49050  0.139679
49100  0.139679
49150  0.139662
49200  0.139662
49250  0.139662
49300  0.139662
49350  0.139662
49400  0.139662
49450  0.139662
49500  0.139662
49550  0.139662
49600  0.139662
49650  0.139662
49700  0.139662
49750  0.139645
49800  0.139645
49850  0.139645
49900  0.139645
49950  0.139645
50000  0.139645
50050  0.139645
50100  0.139645
50150  0.139611
50200  0.139611
50250  0.139589
50300  0.139589
50350  0.139589
50400  0.139589
50450  0.139587
50500  0.139587
50550  0.139558
50600  0.139556
50650  0.139556
50700  0.139556
50750  0.139556
50800  0.139556
50850  0.139556
50900  0.139556
50950  0.139556
51000  0.139556
51050  0.139556
51100  0.139556
51150  0.139556
51200  0.139556
51250  0.139556
51300  0.139553
51350  0.139551
51400  0.139551
51450  0.139551
51500  0.139551
51550  0.139551
51600  0.139551
51650  0.139551
51700  0.139551
51750  0.139551
51800  0.139551
51850  0.139551
51900  0.139551
51950  0.139551
52000  0.139551
52050  0.139551
52100  0.139551
52150  0.139551
52200  0.139551
52250  0.139551
52300  0.139551
52350  0.139551
52400  0.139551
52450  0.139551
52500  0.139552
52550  0.139552
52600  0.139552
52650  0.139552
52700  0.139552
52750  0.139552
52800  0.139552
52850  0.139552
52900  0.139552
52950  0.139551
53000  0.139551
53050  0.139551
53100  0.139551
53150  0.139551
53200  0.139551
53250  0.139551
53300  0.139551
53350  0.139551
53400  0.13955
53450  0.139523
53500  0.139523
53550  0.139488
53600  0.139488
53650  0.139488
53700  0.139488
53750  0.139487
53800  0.139487
53850  0.139487
53900  0.139487
53950  0.139487
54000  0.139487
54050  0.139487
54100  0.139471
54150  0.139471
54200  0.139471
54250  0.139471
54300  0.139471
54350  0.139471
54400  0.139471
54450  0.139471
54500  0.139471
54550  0.139471
54600  0.139471
54650  0.139471
54700  0.139471
54750  0.139471
54800  0.139471
54850  0.139471
54900  0.139471
54950  0.139471
55000  0.139471
55050  0.139471
55100  0.139471
55150  0.139438
55200  0.139438
55250  0.139438
55300  0.139429
55350  0.139429
55400  0.139429
55450  0.13939
55500  0.13939
55550  0.139377
55600  0.139377
55650  0.139377
55700  0.139356
55750  0.139356
55800  0.139356
55850  0.139356
55900  0.139356
55950  0.139356
56000  0.139356
56050  0.139356
56100  0.139356
56150  0.139356
56200  0.139356
56250  0.139356
56300  0.139356
56350  0.139356
56400  0.139356
56450  0.139356
56500  0.139356
56550  0.139356
56600  0.139356
56650  0.139356
56700  0.139348
56750  0.139348
56800  0.139348
56850  0.139348
56900  0.139348
56950  0.139348
57000  0.139348
57050  0.139341
57100  0.139341
57150  0.139341
57200  0.139318
57250  0.139318
57300  0.139318
57350  0.139317
57400  0.139317
57450  0.139317
57500  0.139317
57550  0.139317
57600  0.139317
57650  0.139309
57700  0.139309
57750  0.139296
57800  0.139296
57850  0.139296
57900  0.139291
57950  0.139291
58000  0.139291
58050  0.139291
58100  0.139291
58150  0.139291
58200  0.139283
58250  0.139283
58300  0.13927
58350  0.13927
58400  0.13927
58450  0.13927
58500  0.139265
58550  0.139265
58600  0.139254
58650  0.139254
58700  0.139192
58750  0.139192
58800  0.139192
58850  0.139192
58900  0.139192
58950  0.139173
59000  0.139173
59050  0.139173
59100  0.139173
59150  0.139173
59200  0.139173
59250  0.139173
59300  0.139173
59350  0.139173
59400  0.139173
59450  0.139162
59500  0.139162
59550  0.139162
59600  0.139162
59650  0.139162
59700  0.139162
59750  0.139162
59800  0.139162
59850  0.139162
59900  0.139138
59950  0.139138
60000  0.139138
60050  0.139138
60100  0.139138
60150  0.139138
60200  0.139138
60250  0.139138
60300  0.139114
60350  0.139114
60400  0.139112
60450  0.139112
60500  0.139112
60550  0.139112
60600  0.139112
60650  0.139112
60700  0.139112
60750  0.139112
60800  0.139112
60850  0.139112
60900  0.139098
60950  0.139098
61000  0.139091
61050  0.139091
61100  0.139091
61150  0.139091
61200  0.139091
61250  0.139091
61300  0.139091
61350  0.139091
61400  0.139091
61450  0.139091
61500  0.139091
61550  0.139091
61600  0.139091
61650  0.139091
61700  0.139091
61750  0.139091
61800  0.139091
61850  0.139087
61900  0.139087
61950  0.139087
62000  0.139087
62050  0.139087
62100  0.139087
62150  0.139087
62200  0.139087
62250  0.139087
62300  0.139087
62350  0.139087
62400  0.139087
62450  0.139087
62500  0.139087
62550  0.139087
62600  0.139087
62650  0.139087
62700  0.139087
62750  0.139087
62800  0.139087
62850  0.139087
62900  0.139087
62950  0.139087
63000  0.139087
63050  0.139087
63100  0.139066
63150  0.139055
63200  0.139041
63250  0.139037
63300  0.139037
63350  0.139037
63400  0.139037
63450  0.139037
63500  0.139037
63550  0.139037
63600  0.139037
63650  0.139037
63700  0.139037
63750  0.139014
63800  0.139014
63850  0.139014
63900  0.139014
63950  0.139014
64000  0.139014
64050  0.139014
64100  0.139014
64150  0.139014
64200  0.139014
64250  0.139014
64300  0.138994
64350  0.138994
64400  0.138994
64450  0.138984
64500  0.138984
64550  0.138984
64600  0.138984
64650  0.138984
64700  0.138984
64750  0.138984
64800  0.138984
64850  0.138984
64900  0.138981
64950  0.138981
65000  0.138981
65050  0.138981
65100  0.138981
65150  0.138981
65200  0.138981
65250  0.13897
65300  0.13897
65350  0.13897
65400  0.13897
65450  0.138967
65500  0.138961
65550  0.138961
65600  0.138961
65650  0.138961
65700  0.138961
65750  0.138961
65800  0.138961
65850  0.138961
65900  0.138961
65950  0.138961
66000  0.138954
66050  0.138948
66100  0.138948
66150  0.138948
66200  0.138948
66250  0.138948
66300  0.138948
66350  0.138948
66400  0.138948
66450  0.138948
66500  0.138948
66550  0.138948
66600  0.138948
66650  0.138948
66700  0.138948
66750  0.138948
66800  0.138948
66850  0.138948
66900  0.138948
66950  0.138919
67000  0.138919
67050  0.138919
67100  0.138919
67150  0.138919
67200  0.138906
67250  0.138891
67300  0.138891
67350  0.138891
67400  0.138891
67450  0.138891
67500  0.138891
67550  0.138891
67600  0.138891
67650  0.138891
67700  0.138891
67750  0.138891
67800  0.138891
67850  0.138891
67900  0.138891
67950  0.138891
68000  0.138891
68050  0.138891
68100  0.138891
68150  0.138891
68200  0.138891
68250  0.138891
68300  0.13889
68350  0.13889
68400  0.13889
68450  0.13889
68500  0.13889
68550  0.13889
68600  0.138849
68650  0.138849
68700  0.138849
68750  0.138849
68800  0.138849
68850  0.138849
68900  0.138849
68950  0.138849
69000  0.138849
69050  0.138849
69100  0.138849
69150  0.138849
69200  0.138844
69250  0.138844
69300  0.138844
69350  0.138844
69400  0.138844
69450  0.138844
69500  0.138844
69550  0.138831
69600  0.138831
69650  0.138832
69700  0.138832
69750  0.138832
69800  0.138832
69850  0.138832
69900  0.138832
69950  0.138832
70000  0.138832
70050  0.138832
70100  0.138832
70150  0.138832
70200  0.138826
70250  0.138826
70300  0.138826
70350  0.138826
70400  0.138826
70450  0.138826
70500  0.138826
70550  0.138826
70600  0.138816
70650  0.138816
70700  0.138816
70750  0.138815
70800  0.138808
70850  0.138808
70900  0.138808
70950  0.138808
71000  0.138808
71050  0.138762
71100  0.138762
71150  0.138762
71200  0.138762
71250  0.138762
71300  0.138762
71350  0.138762
71400  0.138762
71450  0.138762
71500  0.138762
71550  0.138762
71600  0.138762
71650  0.138762
71700  0.138762
71750  0.138762
71800  0.138762
71850  0.138745
71900  0.138745
71950  0.138745
72000  0.138745
72050  0.138745
72100  0.138745
72150  0.138745
72200  0.13872
72250  0.13872
72300  0.13872
72350  0.13872
72400  0.138708
72450  0.138708
72500  0.138708
72550  0.138708
72600  0.138708
72650  0.138708
72700  0.138708
72750  0.138708
72800  0.138708
72850  0.138708
72900  0.138708
72950  0.138708
73000  0.138708
73050  0.138708
73100  0.138696
73150  0.138694
73200  0.138694
73250  0.138692
73300  0.138692
73350  0.138692
73400  0.138692
73450  0.138689
73500  0.138689
73550  0.138689
73600  0.138689
73650  0.138689
73700  0.138689
73750  0.138689
73800  0.138689
73850  0.138689
73900  0.138689
73950  0.138689
74000  0.138689
74050  0.138689
74100  0.138689
74150  0.138689
74200  0.138691
74250  0.138691
74300  0.138691
74350  0.138691
74400  0.138691
74450  0.138691
74500  0.138691
74550  0.138691
74600  0.138691
74650  0.138691
74700  0.138691
74750  0.138691
74800  0.138691
74850  0.138691
74900  0.138691
74950  0.138691
75000  0.13868
75050  0.13868
75100  0.13868
75150  0.13868
75200  0.13868
75250  0.13868
75300  0.13868
75350  0.13868
75400  0.13868
75450  0.13868
75500  0.13868
75550  0.138673
75600  0.138673
75650  0.13867
75700  0.13867
75750  0.13867
75800  0.13867
75850  0.138665
75900  0.138665
75950  0.138665
76000  0.138665
76050  0.138665
76100  0.138665
76150  0.138665
76200  0.138665
76250  0.138665
76300  0.138665
76350  0.138665
76400  0.138665
76450  0.138665
76500  0.138665
76550  0.138665
76600  0.138665
76650  0.138665
76700  0.138665
76750  0.138665
76800  0.138665
76850  0.138665
76900  0.138665
76950  0.138665
77000  0.138665
77050  0.138665
77100  0.138665
77150  0.138665
77200  0.138665
77250  0.138665
77300  0.138665
77350  0.138665
77400  0.138665
77450  0.138656
77500  0.138656
77550  0.138656
77600  0.138656
77650  0.138656
77700  0.138656
77750  0.138656
77800  0.138656
77850  0.138656
77900  0.138654
77950  0.138654
78000  0.138654
78050  0.138654
78100  0.138654
78150  0.138654
78200  0.138654
78250  0.138654
78300  0.138654
78350  0.138654
78400  0.138654
78450  0.138654
78500  0.138654
78550  0.138654
78600  0.138654
78650  0.138654
78700  0.138654
78750  0.138654
78800  0.138649
78850  0.138649
78900  0.138649
78950  0.138649
79000  0.138649
79050  0.138649
79100  0.138649
79150  0.138649
79200  0.138649
79250  0.138649
79300  0.138649
79350  0.138649
79400  0.138649
79450  0.138622
79500  0.138622
79550  0.138622
79600  0.138622
79650  0.138622
79700  0.138622
79750  0.138622
79800  0.138622
79850  0.138622
79900  0.138619
79950  0.138619
80000  0.138619
80050  0.138619
80100  0.138619
80150  0.138619
80200  0.138619
80250  0.138619
80300  0.138619
80350  0.138619
80400  0.138619
80450  0.138619
80500  0.138619
80550  0.138619
80600  0.138617
80650  0.138617
80700  0.138614
80750  0.138614
80800  0.138614
80850  0.138614
80900  0.138614
80950  0.138614
81000  0.138614
81050  0.13858
81100  0.138569
81150  0.138569
81200  0.138569
81250  0.138569
81300  0.138569
81350  0.138569
81400  0.138564
81450  0.138564
81500  0.138564
81550  0.138561
81600  0.138561
81650  0.138561
81700  0.138561
81750  0.138561
81800  0.138561
81850  0.138561
81900  0.138561
81950  0.138561
82000  0.138561
82050  0.138528
82100  0.138524
82150  0.138524
82200  0.138524
82250  0.138524
82300  0.138524
82350  0.138524
82400  0.138513
82450  0.138513
82500  0.138513
82550  0.138513
82600  0.138513
82650  0.138513
82700  0.138513
82750  0.138513
82800  0.138513
82850  0.138513
82900  0.138513
82950  0.138513
83000  0.138513
83050  0.138513
83100  0.138513
83150  0.138513
83200  0.138513
83250  0.138513
83300  0.138513
83350  0.138513
83400  0.138513
83450  0.138513
83500  0.138513
83550  0.138513
83600  0.138513
83650  0.138505
83700  0.138505
83750  0.138505
83800  0.138505
83850  0.138498
83900  0.13849
83950  0.13849
84000  0.13849
84050  0.13849
84100  0.13849
84150  0.13849
84200  0.138476
84250  0.138476
84300  0.138476
84350  0.138476
84400  0.138476
84450  0.138476
84500  0.138476
84550  0.138476
84600  0.138476
84650  0.138476
84700  0.138476
84750  0.138476
84800  0.138476
84850  0.138476
84900  0.138476
84950  0.138476
85000  0.138476
85050  0.138476
85100  0.138476
85150  0.138476
85200  0.138476
85250  0.138471
85300  0.138471
85350  0.138471
85400  0.138471
85450  0.138471
85500  0.138471
85550  0.138471
85600  0.138471
85650  0.138471
85700  0.138471
85750  0.138471
85800  0.138471
85850  0.138471
85900  0.138471
85950  0.138471
86000  0.138471
86050  0.138471
86100  0.138471
86150  0.138471
86200  0.138471
86250  0.138471
86300  0.138471
86350  0.138471
86400  0.138471
86450  0.138471
86500  0.138471
86550  0.138471
86600  0.138471
86650  0.138471
86700  0.138471
86750  0.138471
86800  0.138471
86850  0.138471
86900  0.138471
86950  0.138471
87000  0.138471
87050  0.138471
87100  0.138471
87150  0.138471
87200  0.138469
87250  0.138469
87300  0.138469
87350  0.138469
87400  0.138469
87450  0.138469
87500  0.13847
87550  0.13847
87600  0.13847
87650  0.13847
87700  0.13847
87750  0.13847
87800  0.13847
87850  0.13847
87900  0.13847
87950  0.13847
88000  0.13847
88050  0.13847
88100  0.13847
88150  0.13846
88200  0.13846
88250  0.13846
88300  0.13846
88350  0.138443
88400  0.138443
88450  0.138443
88500  0.138443
88550  0.138443
88600  0.138443
88650  0.138443
88700  0.138443
88750  0.138443
88800  0.138443
88850  0.138443
88900  0.138438
88950  0.138438
89000  0.138438
89050  0.138438
89100  0.138438
89150  0.138438
89200  0.138438
89250  0.138438
89300  0.138438
89350  0.138438
89400  0.138438
89450  0.138438
89500  0.138438
89550  0.138438
89600  0.138438
89650  0.138438
89700  0.138438
89750  0.138438
89800  0.138438
89850  0.138438
89900  0.138438
89950  0.138438
90000  0.138438
90050  0.138438
90100  0.138438
90150  0.138438
90200  0.138438
90250  0.13842
90300  0.138422
90350  0.138419
90400  0.13842
90450  0.138428
90500  0.13842
90550  0.138419
90600  0.138421
90650  0.138422
90700  0.138422
90750  0.138422
90800  0.138423
90850  0.138423
90900  0.138422
90950  0.138421
91000  0.138419
91050  0.13842
91100  0.138421
91150  0.138424
91200  0.13842
91250  0.138427
91300  0.138421
91350  0.138419
91400  0.13842
91450  0.13842
91500  0.138427
91550  0.138421
91600  0.138419
91650  0.13842
91700  0.13842
91750  0.138421
91800  0.138424
91850  0.138423
91900  0.138423
91950  0.13842
92000  0.138427
92050  0.138421
92100  0.138426
92150  0.13842
92200  0.138421
92250  0.138419
92300  0.138427
92350  0.13842
92400  0.138421
92450  0.13842
92500  0.138405
92550  0.138405
92600  0.138402
92650  0.138404
92700  0.138402
92750  0.138411
92800  0.138405
92850  0.138384
92900  0.138389
92950  0.138384
93000  0.138373
93050  0.138381
93100  0.138378
93150  0.138379
93200  0.138377
93250  0.138376
93300  0.138376
93350  0.138375
93400  0.138375
93450  0.138378
93500  0.138377
93550  0.138374
93600  0.138374
93650  0.138381
93700  0.138374
93750  0.138381
93800  0.138378
93850  0.138377
93900  0.138376
93950  0.138376
94000  0.138373
94050  0.138379
94100  0.138374
94150  0.138372
94200  0.138374
94250  0.138374
94300  0.138372
94350  0.138355
94400  0.138353
94450  0.138354
94500  0.138355
94550  0.13836
94600  0.138357
94650  0.138357
94700  0.138354
94750  0.138354
94800  0.138354
94850  0.138361
94900  0.138345
94950  0.138352
95000  0.138347
95050  0.138346
95100  0.138348
95150  0.138348
95200  0.138346
95250  0.138347
95300  0.138347
95350  0.138353
95400  0.138347
95450  0.138347
95500  0.13835
95550  0.138346
95600  0.138346
95650  0.138345
95700  0.138347
95750  0.138348
95800  0.138354
95850  0.138344
95900  0.138347
95950  0.138348
96000  0.138353
96050  0.138346
96100  0.138346
96150  0.138347
96200  0.138348
96250  0.138345
96300  0.138352
96350  0.138345
96400  0.138347
96450  0.138347
96500  0.138347
96550  0.138345
96600  0.138352
96650  0.138346
96700  0.138347
96750  0.138348
96800  0.138348
96850  0.138353
96900  0.13835
96950  0.138346
97000  0.138348
97050  0.13834
97100  0.138342
97150  0.138349
97200  0.13834
97250  0.138342
97300  0.138342
97350  0.138342
97400  0.138343
97450  0.138349
97500  0.13834
97550  0.138342
97600  0.138342
97650  0.138342
97700  0.138341
97750  0.138342
97800  0.138348
97850  0.13834
97900  0.138343
97950  0.138341
98000  0.138349
98050  0.13834
98100  0.138341
98150  0.138342
98200  0.138343
98250  0.138343
98300  0.138345
98350  0.138336
98400  0.138345
98450  0.138335
98500  0.138343
98550  0.138335
98600  0.138337
98650  0.138337
98700  0.138338
98750  0.138343
98800  0.138335
98850  0.138337
98900  0.138345
98950  0.138341
99000  0.138341
99050  0.138341
99100  0.138341
99150  0.138341
99200  0.138341
99250  0.138341
99300  0.138341
99350  0.138341
99400  0.13834
99450  0.13834
99500  0.13834
99550  0.13834
99600  0.13834
99650  0.13834
99700  0.13834
99750  0.13834
99800  0.13834
99850  0.13834
99900  0.13834
99950  0.13834
100000  0.13834
100050  0.13834
100100  0.13834
100150  0.13834
100200  0.13834
100250  0.13834
100300  0.13834
100350  0.13834
100400  0.13834
100450  0.13834
100500  0.138331
100550  0.138331
100600  0.138331
100650  0.138331
100700  0.138331
100750  0.138331
100800  0.138331
100850  0.138331
100900  0.138331
100950  0.138331
101000  0.138331
101050  0.138331
101100  0.138331
101150  0.138331
101200  0.138331
101250  0.138331
101300  0.138331
101350  0.138331
101400  0.138331
101450  0.138331
101500  0.138331
101550  0.138331
101600  0.138331
101650  0.138331
101700  0.138331
101750  0.138331
101800  0.138331
101850  0.138331
101900  0.138331
101950  0.138331
102000  0.138331
102050  0.138331
102100  0.138331
102150  0.138331
102200  0.138331
102250  0.138331
102300  0.138331
102350  0.138331
102400  0.138331
102450  0.138331
102500  0.138331
102550  0.138331
102600  0.138331
102650  0.138331
102700  0.138331
102750  0.138331
102800  0.138331
102850  0.138331
102900  0.138331
102950  0.138331
103000  0.138321
103050  0.138321
103100  0.138321
103150  0.138313
103200  0.138308
103250  0.138308
103300  0.138308
103350  0.138308
103400  0.138308
103450  0.138308
103500  0.138308
103550  0.138308
103600  0.138308
103650  0.138308
103700  0.138308
103750  0.138308
103800  0.138308
103850  0.138308
103900  0.138308
103950  0.138308
104000  0.138308
104050  0.138308
104100  0.138308
104150  0.138308
104200  0.138308
104250  0.138308
104300  0.138308
104350  0.138308
104400  0.138308
104450  0.138308
104500  0.138308
104550  0.138308
104600  0.138308
104650  0.138308
104700  0.138305
104750  0.138305
104800  0.138305
104850  0.138305
104900  0.138305
104950  0.138289
105000  0.138289
105050  0.138289
105100  0.138289
105150  0.138289
105200  0.138289
105250  0.138289
105300  0.138289
105350  0.138289
105400  0.138268
105450  0.138268
105500  0.138268
105550  0.138268
105600  0.138268
105650  0.138268
105700  0.138268
105750  0.138268
105800  0.138268
105850  0.138268
105900  0.138268
105950  0.138268
106000  0.138268
106050  0.138268
106100  0.138268
106150  0.138268
106200  0.138268
106250  0.138268
106300  0.138268
106350  0.138268
106400  0.138268
106450  0.138268
106500  0.138268
106550  0.138268
106600  0.138268
106650  0.138268
106700  0.138268
106750  0.138268
106800  0.138268
106850  0.138258
106900  0.138258
106950  0.138258
107000  0.138258
107050  0.138258
107100  0.138258
107150  0.138258
107200  0.138258
107250  0.138258
107300  0.138258
107350  0.138258
107400  0.138258
107450  0.138258
107500  0.138258
107550  0.138258
107600  0.138258
107650  0.138258
107700  0.138258
107750  0.138258
107800  0.138258
107850  0.138258
107900  0.138258
107950  0.138258
108000  0.138258
108050  0.138258
108100  0.138258
108150  0.138257
108200  0.138253
108250  0.138253
108300  0.138253
108350  0.138253
108400  0.138253
108450  0.138253
108500  0.138253
108550  0.138253
108600  0.138253
108650  0.138253
108700  0.138253
108750  0.138253
108800  0.138253
108850  0.138253
108900  0.138253
108950  0.138253
109000  0.138253
109050  0.138253
109100  0.138253
109150  0.138253
109200  0.138253
109250  0.138253
109300  0.138253
109350  0.138253
109400  0.138253
109450  0.138253
109500  0.138253
109550  0.138253
109600  0.138253
109650  0.138253
109700  0.138253
109750  0.138234
109800  0.138234
109850  0.138234
109900  0.138234
109950  0.138234
110000  0.138234
110050  0.138234
110100  0.138234
110150  0.138234
110200  0.138234
110250  0.138234
110300  0.138234
110350  0.138234
110400  0.138234
110450  0.138234
110500  0.138234
110550  0.138234
110600  0.138234
110650  0.138234
110700  0.138234
110750  0.138234
110800  0.138234
110850  0.138234
110900  0.138234
110950  0.138234
111000  0.138234
111050  0.138234
111100  0.138234
111150  0.138234
111200  0.138215
111250  0.138215
111300  0.138215
111350  0.138215
111400  0.138215
111450  0.138215
111500  0.138215
111550  0.138215
111600  0.138215
111650  0.138215
111700  0.138215
111750  0.138215
111800  0.138215
111850  0.138215
111900  0.138215
111950  0.138215
112000  0.138215
112050  0.138215
112100  0.138215
112150  0.138215
112200  0.138215
112250  0.138215
112300  0.138215
112350  0.138215
112400  0.138215
112450  0.138215
112500  0.138215
112550  0.138215
112600  0.138215
112650  0.138215
112700  0.138215
112750  0.138215
112800  0.138215
112850  0.138215
112900  0.138215
112950  0.138215
113000  0.138215
113050  0.138215
113100  0.138215
113150  0.138215
113200  0.138215
113250  0.138215
113300  0.138215
113350  0.138215
113400  0.138215
113450  0.138215
113500  0.138215
113550  0.138215
113600  0.138215
113650  0.138215
113700  0.138215
113750  0.138215
113800  0.138215
113850  0.138215
113900  0.138215
113950  0.138215
114000  0.138215
114050  0.138215
114100  0.138196
114150  0.138196
114200  0.138196
114250  0.138196
114300  0.138196
114350  0.138196
114400  0.138196
114450  0.138196
114500  0.138196
114550  0.138196
114600  0.138196
114650  0.138196
114700  0.138196
114750  0.138196
114800  0.138196
114850  0.138196
114900  0.138196
114950  0.138196
115000  0.138196
115050  0.138196
115100  0.138196
115150  0.138196
115200  0.138196
115250  0.138196
115300  0.138196
115350  0.138196
115400  0.138196
115450  0.138196
115500  0.138196
115550  0.138196
115600  0.138184
115650  0.138184
115700  0.138184
115750  0.138184
115800  0.138184
115850  0.138184
115900  0.138184
115950  0.138184
116000  0.138184
116050  0.138184
116100  0.138184
116150  0.138184
116200  0.138184
116250  0.138184
116300  0.138184
116350  0.138184
116400  0.138184
116450  0.138184
116500  0.138184
116550  0.138184
116600  0.138184
116650  0.138184
116700  0.138184
116750  0.138184
116800  0.138184
116850  0.138184
116900  0.138184
116950  0.138179
117000  0.138179
117050  0.138179
117100  0.138179
117150  0.138179
117200  0.138179
117250  0.138179
117300  0.138179
117350  0.138179
117400  0.138179
117450  0.138179
117500  0.138179
117550  0.138179
117600  0.138179
117650  0.138177
117700  0.138177
117750  0.138177
117800  0.138177
117850  0.138177
117900  0.138177
117950  0.138177
118000  0.138177
118050  0.138177
118100  0.138177
118150  0.138177
118200  0.138177
118250  0.138177
118300  0.138177
118350  0.138177
118400  0.138177
118450  0.138177
118500  0.138177
118550  0.138177
118600  0.138177
118650  0.138177
118700  0.138177
118750  0.138172
118800  0.138172
118850  0.138172
118900  0.138168
118950  0.138168
119000  0.138168
119050  0.138168
119100  0.138168
119150  0.138168
119200  0.138168
119250  0.138168
119300  0.138168
119350  0.138168
119400  0.138151
119450  0.138151
119500  0.138148
119550  0.138148
119600  0.138148
119650  0.138148
119700  0.138148
119750  0.138148
119800  0.138148
119850  0.138148
119900  0.138148
119950  0.138148
120000  0.138148
120050  0.138148
120100  0.138148
120150  0.138143
120200  0.138143
120250  0.138143
120300  0.138143
120350  0.138143
120400  0.138143
120450  0.138143
120500  0.13814
120550  0.13814
120600  0.13814
120650  0.13814
120700  0.13814
120750  0.13814
120800  0.13814
120850  0.13814
120900  0.13814
120950  0.13814
121000  0.13814
121050  0.13814
121100  0.13814
121150  0.13814
121200  0.13814
121250  0.13814
121300  0.13814
121350  0.13814
121400  0.13814
121450  0.13814
121500  0.13814
121550  0.13814
121600  0.13814
121650  0.13814
121700  0.13814
121750  0.13814
121800  0.13814
121850  0.13814
121900  0.13814
121950  0.13814
122000  0.13814
122050  0.13814
122100  0.13814
122150  0.138134
122200  0.138134
122250  0.138134
122300  0.138134
122350  0.138134
122400  0.138134
122450  0.138134
122500  0.138134
122550  0.138134
122600  0.138134
122650  0.138134
122700  0.138134
122750  0.138134
122800  0.138134
122850  0.138134
122900  0.138134
122950  0.138134
123000  0.138134
123050  0.138134
123100  0.138134
123150  0.138134
123200  0.138134
123250  0.138134
123300  0.138134
123350  0.138134
123400  0.138126
123450  0.138126
123500  0.138126
123550  0.138126
123600  0.138126
123650  0.138126
123700  0.138126
123750  0.138126
123800  0.138126
123850  0.138126
123900  0.138126
123950  0.138126
124000  0.138126
124050  0.138126
124100  0.138126
124150  0.138126
124200  0.138126
124250  0.138121
124300  0.138121
124350  0.138121
124400  0.138121
124450  0.138121
124500  0.138121
124550  0.138121
124600  0.138121
124650  0.138121
124700  0.138121
124750  0.138121
124800  0.138121
124850  0.138121
124900  0.138121
124950  0.138121
125000  0.138121
125050  0.138121
125100  0.138121
125150  0.138121
125200  0.138121
125250  0.138121
125300  0.138121
125350  0.138121
125400  0.138121
125450  0.138121
125500  0.138121
125550  0.138121
125600  0.138121
125650  0.138121
125700  0.138121
125750  0.138121
125800  0.138121
125850  0.138121
125900  0.138121
125950  0.138121
126000  0.138121
126050  0.138121
126100  0.138121
126150  0.138118
126200  0.138118
126250  0.138118
126300  0.138118
126350  0.138118
126400  0.138118
126450  0.138118
126500  0.138118
126550  0.138118
126600  0.138118
126650  0.138118
126700  0.138118
126750  0.138118
126800  0.138116
126850  0.138116
126900  0.138116
126950  0.138116
127000  0.138116
127050  0.138116
127100  0.138116
127150  0.138116
127200  0.138116
127250  0.138116
127300  0.138116
127350  0.138116
127400  0.138116
127450  0.138116
127500  0.138116
127550  0.138116
127600  0.138116
127650  0.138116
127700  0.138116
127750  0.138116
127800  0.138116
127850  0.138116
127900  0.138116
127950  0.138116
128000  0.138116
128050  0.138116
128100  0.138116
128150  0.138116
128200  0.138116
128250  0.138116
128300  0.138116
128350  0.138116
128400  0.138116
128450  0.138116
128500  0.138116
128550  0.138116
128600  0.138116
128650  0.138116
128700  0.138116
128750  0.138116
128800  0.138116
128850  0.138116
128900  0.138116
128950  0.138116
129000  0.138116
129050  0.138116
129100  0.138116
129150  0.138116
129200  0.138107
129250  0.138107
129300  0.138107
129350  0.138107
129400  0.138107
129450  0.138107
129500  0.138107
129550  0.138107
129600  0.138107
129650  0.138107
129700  0.138107
129750  0.138107
129800  0.138107
129850  0.138107
129900  0.138107
129950  0.138107
130000  0.138103
130050  0.138103
130100  0.138103
130150  0.138103
130200  0.138103
130250  0.138103
130300  0.138103
130350  0.138103
130400  0.138103
130450  0.138103
130500  0.138103
130550  0.138103
130600  0.138103
130650  0.138103
130700  0.138103
130750  0.138103
130800  0.138103
130850  0.138103
130900  0.138103
130950  0.138103
131000  0.138103
131050  0.138101
131100  0.138101
131150  0.138101
131200  0.138101
131250  0.138101
131300  0.138101
131350  0.138101
131400  0.138101
131450  0.138101
131500  0.138101
131550  0.138101
131600  0.138101
131650  0.138101
131700  0.138101
131750  0.138101
131800  0.138101
131850  0.138101
131900  0.138101
131950  0.138101
132000  0.138101
132050  0.138101
132100  0.138101
132150  0.138101
132200  0.138101
132250  0.138101
132300  0.138101
132350  0.138101
132400  0.138101
132450  0.138101
132500  0.138101
132550  0.138101
132600  0.138101
132650  0.138101
132700  0.138101
132750  0.138101
132800  0.138101
132850  0.138093
132900  0.138093
132950  0.138093
133000  0.138093
133050  0.138093
133100  0.138093
133150  0.138093
133200  0.138093
133250  0.138091
133300  0.138091
133350  0.138091
133400  0.138091
133450  0.138091
133500  0.138091
133550  0.138091
133600  0.138091
133650  0.138091
133700  0.138091
133750  0.138091
133800  0.138091
133850  0.138091
133900  0.138091
133950  0.138091
134000  0.138091
134050  0.138091
134100  0.138091
134150  0.138091
134200  0.138091
134250  0.138091
134300  0.138091
134350  0.138091
134400  0.138091
134450  0.138091
134500  0.138083
134550  0.138083
134600  0.138083
134650  0.138083
134700  0.138083
134750  0.138083
134800  0.138083
134850  0.138083
134900  0.138083
134950  0.138083
135000  0.138083
135050  0.138083
135100  0.138083
135150  0.138083
135200  0.138083
135250  0.138083
135300  0.138083
135350  0.138083
135400  0.138083
135450  0.138083
135500  0.138083
135550  0.138083
135600  0.138083
135650  0.138083
135700  0.138083
135750  0.138083
135800  0.138083
135850  0.138083
135900  0.138083
135950  0.138083
136000  0.138083
136050  0.138083
136100  0.138083
136150  0.138083
136200  0.138083
136250  0.138083
136300  0.138083
136350  0.138083
136400  0.138083
136450  0.138083
136500  0.138083
136550  0.138083
