Step  Penalty
10  0.492275
20  0.492275
30  0.491029
40  0.491029
50  0.490707
60  0.490707
70  0.481564
80  0.481564
90  0.481564
100  0.481564
110  0.481564
120  0.481564
130  0.481564
140  0.469382
150  0.469382
160  0.469382
170  0.469382
180  0.469382
190  0.469382
200  0.469382
210  0.464124
220  0.464124
230  0.464124
240  0.464124
250  0.464124
260  0.464124
270  0.464124
280  0.464124
290  0.464124
300  0.464124
310  0.464124
320  0.464124
330  0.464124
340  0.464124
350  0.464124
360  0.464124
370  0.464124
380  0.464124
390  0.464124
400  0.464124
410  0.464124
420  0.464124
430  0.464124
440  0.464124
450  0.464124
460  0.464124
470  0.464124
480  0.464124
490  0.464124
500  0.464124
510  0.464124
520  0.464124
530  0.464124
540  0.464124
550  0.464124
560  0.464124
570  0.464124
580  0.464124
590  0.464124
600  0.464124
610  0.464124
620  0.464124
630  0.464124
640  0.464124
650  0.464124
660  0.464124
670  0.464124
680  0.464124
690  0.464124
700  0.464124
710  0.464124
720  0.461497
730  0.461497
740  0.461497
750  0.461497
760  0.461497
770  0.461497
780  0.461497
790  0.461497
800  0.461497
810  0.461497
820  0.461497
830  0.461497
840  0.461497
850  0.461497
860  0.461497
870  0.461497
880  0.461497
890  0.461497
900  0.461497
910  0.461497
920  0.461497
930  0.461497
940  0.461497
950  0.461497
960  0.461497
970  0.461497
980  0.461497
990  0.461497
1000  0.461497
1010  0.461497
1020  0.461497
1030  0.461497
1040  0.461497
1050  0.461497
1060  0.461497
1070  0.461497
1080  0.461497
1090  0.461497
1100  0.461497
1110  0.461497
1120  0.461497
1130  0.461497
1140  0.461497
1150  0.461497
1160  0.461497
1170  0.461497
1180  0.461497
1190  0.461497
1200  0.461497
1210  0.461497
1220  0.461497
1230  0.461497
1240  0.461497
1250  0.461497
1260  0.461497
1270  0.461497
1280  0.461497
1290  0.461497
1300  0.461497
1310  0.461497
1320  0.461497
1330  0.461497
1340  0.461497
1350  0.461497
1360  0.461497
1370  0.461497
1380  0.461497
1390  0.461497
1400  0.461497
1410  0.461497
1420  0.461497
1430  0.461497
1440  0.461497
1450  0.461497
1460  0.461497
1470  0.461497
1480  0.461497
1490  0.461497
1500  0.461497
1510  0.461497
1520  0.461497
1530  0.461497
1540  0.461497
1550  0.461497
1560  0.461497
1570  0.461497
1580  0.461497
1590  0.461497
1600  0.461497
1610  0.461497
1620  0.461497
1630  0.461497
1640  0.461497
1650  0.461497
1660  0.461497
1670  0.461497
1680  0.461497
1690  0.461497
1700  0.461497
1710  0.461497
1720  0.461497
1730  0.461497
1740  0.461497
1750  0.461497
1760  0.461497
1770  0.461497
1780  0.461497
1790  0.461497
1800  0.461497
1810  0.461497
1820  0.461497
1830  0.461497
1840  0.461497
1850  0.461497
1860  0.461497
1870  0.461497
1880  0.461497
1890  0.461497
1900  0.461497
1910  0.461497
1920  0.461497
1930  0.461497
1940  0.461497
1950  0.461497
1960  0.461497
1970  0.461497
1980  0.461497
1990  0.461497
2000  0.461497
2010  0.461497
2020  0.461497
2030  0.461497
2040  0.461497
2050  0.461497
2060  0.461497
2070  0.461497
2080  0.461497
2090  0.461497
2100  0.461497
2110  0.45509
2120  0.45509
2130  0.45509
2140  0.45509
2150  0.45509
2160  0.45509
2170  0.45509
2180  0.45509
2190  0.45509
2200  0.45509
2210  0.45509
2220  0.45509
2230  0.45509
2240  0.45509
2250  0.45509
2260  0.45509
2270  0.45509
2280  0.45509
2290  0.45509
2300  0.45509
2310  0.45509
2320  0.45509
2330  0.45509
2340  0.45509
2350  0.45509
2360  0.45509
2370  0.45509
2380  0.45509
2390  0.45509
2400  0.45509
2410  0.45509
2420  0.45509
2430  0.45509
2440  0.45509
2450  0.45509
2460  0.45509
2470  0.45509
2480  0.45509
2490  0.45509
2500  0.45509
2510  0.45509
2520  0.45509
2530  0.45509
2540  0.45509
2550  0.45509
2560  0.45509
2570  0.45509
2580  0.45509
2590  0.45509
2600  0.45509
2610  0.45509
2620  0.45509
2630  0.45509
2640  0.45509
2650  0.45509
2660  0.45509
2670  0.45509
2680  0.45509
2690  0.45509
2700  0.45509
2710  0.45509
2720  0.45509
2730  0.45509
2740  0.45509
2750  0.45509
2760  0.45509
2770  0.45509
2780  0.45509
2790  0.45509
2800  0.45509
2810  0.45509
2820  0.45509
2830  0.45509
2840  0.45509
2850  0.45509
2860  0.45509
2870  0.45509
2880  0.45509
2890  0.45509
2900  0.45509
2910  0.45509
2920  0.45509
2930  0.45509
2940  0.45509
2950  0.45509
2960  0.45509
2970  0.45509
2980  0.45509
2990  0.45509
3000  0.45509
3010  0.45509
3020  0.45509
3030  0.45509
3040  0.45509
3050  0.45509
3060  0.45509
3070  0.45509
3080  0.45509
3090  0.45509
3100  0.45509
3110  0.45509
3120  0.45509
3130  0.45509
3140  0.45509
3150  0.45509
3160  0.45509
3170  0.45509
3180  0.45509
3190  0.45509
3200  0.45509
3210  0.45509
3220  0.45509
3230  0.45509
3240  0.45509
3250  0.45509
3260  0.45509
3270  0.45509
3280  0.45509
3290  0.45509
3300  0.45509
3310  0.45509
3320  0.45509
3330  0.45509
3340  0.45509
3350  0.45509
3360  0.45509
3370  0.45509
3380  0.45509
3390  0.45509
3400  0.45509
3410  0.45509
3420  0.45509
3430  0.45509
3440  0.45509
3450  0.45509
3460  0.45509
3470  0.45509
3480  0.45509
3490  0.45509
3500  0.45509
3510  0.45509
3520  0.45509
3530  0.45509
3540  0.45509
3550  0.45509
3560  0.45509
3570  0.45509
3580  0.45509
3590  0.45509
3600  0.45509
3610  0.45509
3620  0.45509
3630  0.45509
3640  0.45509
3650  0.45509
3660  0.45509
3670  0.45509
3680  0.45509
3690  0.45509
3700  0.45509
3710  0.45509
3720  0.45509
3730  0.45509
3740  0.45509
3750  0.45509
3760  0.45509
3770  0.45509
3780  0.45509
3790  0.45509
3800  0.45509
3810  0.45509
3820  0.45509
3830  0.45509
3840  0.45509
3850  0.45509
3860  0.45509
3870  0.45509
3880  0.45509
3890  0.45509
3900  0.45509
3910  0.45509
3920  0.45509
3930  0.45509
3940  0.45509
3950  0.45509
3960  0.45509
3970  0.45509
3980  0.45509
3990  0.45509
4000  0.45509
4010  0.45509
4020  0.45509
4030  0.45509
4040  0.45509
4050  0.45509
4060  0.45509
4070  0.45509
4080  0.45509
4090  0.45509
4100  0.45509
4110  0.45509
4120  0.45509
4130  0.45509
4140  0.45509
4150  0.45509
4160  0.45509
4170  0.45509
4180  0.45509
4190  0.45509
4200  0.45509
4210  0.45509
4220  0.45509
4230  0.45509
4240  0.45509
4250  0.45509
4260  0.45509
4270  0.45509
4280  0.45509
4290  0.45509
4300  0.45509
4310  0.45509
4320  0.45509
4330  0.45509
4340  0.45509
4350  0.45509
4360  0.45509
4370  0.45509
4380  0.45509
4390  0.45509
4400  0.45509
4410  0.45509
4420  0.45509
4430  0.45509
4440  0.45509
4450  0.45509
4460  0.45509
4470  0.45509
4480  0.45509
4490  0.45509
4500  0.45509
4510  0.45509
4520  0.45509
4530  0.45509
4540  0.45509
4550  0.45509
4560  0.45509
4570  0.45509
4580  0.45509
4590  0.45509
4600  0.45509
4610  0.45509
4620  0.45509
4630  0.45509
4640  0.45509
4650  0.45509
4660  0.45509
4670  0.45509
4680  0.45509
4690  0.45509
4700  0.45509
4710  0.45509
4720  0.45509
4730  0.45509
4740  0.45509
4750  0.45509
4760  0.45509
4770  0.45509
4780  0.45509
4790  0.45509
4800  0.45509
4810  0.45509
4820  0.45509
4830  0.45509
4840  0.45509
4850  0.45509
4860  0.45509
4870  0.45509
4880  0.45509
4890  0.45509
4900  0.45509
4910  0.45509
4920  0.45509
4930  0.45509
4940  0.45509
4950  0.45509
4960  0.45509
4970  0.45509
4980  0.45509
4990  0.45509
5000  0.45509
5010  0.45509
5020  0.45509
5030  0.45509
5040  0.45509
5050  0.45509
5060  0.45509
5070  0.45509
5080  0.45509
5090  0.447931
5100  0.447931
5110  0.447931
5120  0.447931
5130  0.447931
5140  0.447931
5150  0.447931
5160  0.447931
5170  0.447931
5180  0.447931
5190  0.447931
5200  0.447931
5210  0.447931
5220  0.447931
5230  0.447931
5240  0.447931
5250  0.447931
5260  0.447931
5270  0.447931
5280  0.447931
5290  0.447931
5300  0.447931
5310  0.447931
5320  0.447931
5330  0.447931
5340  0.447931
5350  0.447931
5360  0.447931
5370  0.447931
5380  0.447931
5390  0.447931
5400  0.447931
5410  0.447931
5420  0.447931
5430  0.447931
5440  0.447931
5450  0.447931
5460  0.447931
5470  0.447931
5480  0.447931
5490  0.447931
5500  0.447931
5510  0.447931
5520  0.447931
5530  0.447931
5540  0.447931
5550  0.447931
5560  0.447931
5570  0.447931
5580  0.447931
5590  0.447931
5600  0.447931
5610  0.447931
5620  0.447931
5630  0.447931
5640  0.447931
5650  0.447931
5660  0.447931
5670  0.447931
5680  0.447931
5690  0.447931
5700  0.447931
5710  0.447931
5720  0.447931
5730  0.447931
5740  0.447931
5750  0.447931
5760  0.447931
5770  0.447931
5780  0.447931
5790  0.447931
5800  0.447931
5810  0.447931
5820  0.447931
5830  0.447931
5840  0.447931
5850  0.447931
5860  0.447931
5870  0.447931
5880  0.447931
5890  0.447931
5900  0.447931
5910  0.447931
5920  0.447931
5930  0.447931
5940  0.447931
5950  0.447931
5960  0.447931
5970  0.447931
5980  0.447931
5990  0.447931
6000  0.447931
6010  0.447931
6020  0.447931
6030  0.447931
6040  0.447931
6050  0.447931
6060  0.447931
6070  0.447931
6080  0.447931
6090  0.447931
6100  0.447931
6110  0.447931
6120  0.447931
6130  0.447931
6140  0.447931
6150  0.447931
6160  0.447931
6170  0.447931
6180  0.447931
6190  0.447931
6200  0.447931
6210  0.447931
6220  0.447931
6230  0.447931
6240  0.447931
6250  0.447931
6260  0.447931
6270  0.447931
6280  0.447931
6290  0.447931
6300  0.447931
6310  0.447931
6320  0.447931
6330  0.447931
6340  0.447931
6350  0.447931
6360  0.447931
6370  0.447931
6380  0.447931
6390  0.447931
6400  0.447931
6410  0.447931
6420  0.447931
6430  0.447931
6440  0.447931
6450  0.447931
6460  0.447931
6470  0.447931
6480  0.447931
6490  0.447931
6500  0.447931
6510  0.447931
6520  0.447931
6530  0.447931
6540  0.447931
6550  0.447931
6560  0.447931
6570  0.447931
6580  0.447931
6590  0.447931
6600  0.447931
6610  0.447931
6620  0.447931
6630  0.447931
6640  0.447931
6650  0.447931
6660  0.447931
6670  0.447931
6680  0.447931
6690  0.447931
6700  0.447931
6710  0.447931
6720  0.447931
6730  0.447931
6740  0.447931
6750  0.447931
6760  0.447931
6770  0.447931
6780  0.447931
6790  0.447931
6800  0.447931
6810  0.447931
6820  0.447931
6830  0.447931
6840  0.447931
6850  0.447931
6860  0.447931
6870  0.447931
6880  0.447931
6890  0.447931
6900  0.447931
6910  0.447931
6920  0.447931
6930  0.447931
6940  0.447931
6950  0.447931
6960  0.447931
6970  0.447931
6980  0.447931
6990  0.447931
7000  0.447931
7010  0.447931
7020  0.447931
7030  0.447931
7040  0.447931
7050  0.447931
7060  0.447931
7070  0.447931
7080  0.447931
7090  0.447931
7100  0.447931
7110  0.447931
7120  0.447931
7130  0.447931
7140  0.447931
7150  0.447931
7160  0.447931
7170  0.447931
7180  0.447931
7190  0.447931
7200  0.447931
7210  0.447931
7220  0.447931
7230  0.447931
7240  0.447931
7250  0.447931
7260  0.447931
7270  0.447931
7280  0.447931
7290  0.447931
7300  0.447931
7310  0.447931
7320  0.447931
7330  0.447931
7340  0.447931
7350  0.447931
7360  0.447931
7370  0.447931
7380  0.447931
7390  0.447931
7400  0.447931
7410  0.447931
7420  0.447931
7430  0.447931
7440  0.447931
7450  0.447931
7460  0.447931
7470  0.447931
7480  0.447931
7490  0.447931
7500  0.447931
7510  0.447931
7520  0.447931
7530  0.447931
7540  0.447931
7550  0.447931
7560  0.447931
7570  0.447931
7580  0.447931
7590  0.447931
7600  0.447931
7610  0.447931
7620  0.447931
7630  0.447931
7640  0.447931
7650  0.447931
7660  0.447931
7670  0.447931
7680  0.447931
7690  0.447931
7700  0.447931
7710  0.447931
7720  0.447931
7730  0.447931
7740  0.447931
7750  0.447931
7760  0.447931
7770  0.447931
7780  0.447931
7790  0.447931
7800  0.447931
7810  0.447931
7820  0.447931
7830  0.447931
7840  0.447931
7850  0.447931
7860  0.447931
7870  0.447931
7880  0.447931
7890  0.447931
7900  0.447931
7910  0.447931
7920  0.447931
7930  0.447931
7940  0.447931
7950  0.447931
7960  0.447931
7970  0.447931
7980  0.447931
7990  0.447931
8000  0.447931
8010  0.447931
8020  0.447931
8030  0.447931
8040  0.447931
8050  0.447931
8060  0.447931
8070  0.447931
8080  0.447931
8090  0.447931
8100  0.447931
8110  0.447931
8120  0.447931
8130  0.447931
8140  0.447931
8150  0.447931
8160  0.447931
8170  0.447931
8180  0.447931
8190  0.447931
8200  0.447931
8210  0.447931
8220  0.447931
8230  0.447931
8240  0.447931
8250  0.447931
8260  0.447931
8270  0.447931
8280  0.447931
8290  0.447931
8300  0.447931
8310  0.447931
8320  0.447931
8330  0.447931
8340  0.447931
8350  0.447931
8360  0.447931
8370  0.447931
8380  0.447931
8390  0.447931
8400  0.447931
8410  0.447931
8420  0.447931
8430  0.447931
8440  0.447931
8450  0.447931
8460  0.447931
8470  0.447931
8480  0.447931
8490  0.447931
8500  0.447931
8510  0.447931
8520  0.447931
8530  0.447931
8540  0.447931
8550  0.447931
8560  0.447931
8570  0.447931
8580  0.447931
8590  0.447931
8600  0.447931
8610  0.447931
8620  0.447931
8630  0.447931
8640  0.447931
8650  0.447931
8660  0.447931
8670  0.447931
8680  0.447931
8690  0.447931
8700  0.447931
8710  0.447931
8720  0.447931
8730  0.447931
8740  0.447931
8750  0.447931
8760  0.447931
8770  0.447931
8780  0.447931
8790  0.447931
8800  0.447931
8810  0.447931
8820  0.447931
8830  0.447931
8840  0.447931
8850  0.447931
8860  0.447931
8870  0.447931
8880  0.447931
8890  0.447931
8900  0.447931
8910  0.447931
8920  0.447931
8930  0.447931
8940  0.447931
8950  0.447931
8960  0.447931
8970  0.447931
8980  0.447931
8990  0.447931
9000  0.447931
9010  0.447931
9020  0.447931
9030  0.447931
9040  0.447931
9050  0.447931
9060  0.447931
9070  0.447931
9080  0.447931
9090  0.447931
9100  0.447931
9110  0.447931
9120  0.447931
9130  0.447931
9140  0.447931
9150  0.447931
9160  0.447931
9170  0.447931
9180  0.447931
9190  0.447931
9200  0.447931
9210  0.447931
9220  0.447931
9230  0.447931
9240  0.447931
9250  0.447931
9260  0.447931
9270  0.447931
9280  0.447931
9290  0.447931
9300  0.447931
9310  0.447931
9320  0.447931
9330  0.447931
9340  0.447931
9350  0.447931
9360  0.447931
9370  0.447931
9380  0.447931
9390  0.447931
9400  0.447931
9410  0.447931
9420  0.447931
9430  0.447931
9440  0.447931
9450  0.447931
9460  0.447931
9470  0.447931
9480  0.447931
9490  0.447931
9500  0.447931
9510  0.447931
9520  0.447931
9530  0.447931
9540  0.447931
9550  0.447931
9560  0.447931
9570  0.447931
9580  0.447931
9590  0.447931
9600  0.447931
9610  0.447931
9620  0.447931
9630  0.447931
9640  0.447931
9650  0.447931
9660  0.447931
9670  0.447931
9680  0.447931
9690  0.447931
9700  0.447931
9710  0.447931
9720  0.447931
9730  0.447931
9740  0.447931
9750  0.447931
9760  0.447931
9770  0.447931
9780  0.447931
9790  0.447931
9800  0.447931
9810  0.447931
9820  0.447931
9830  0.447931
9840  0.447931
9850  0.447931
9860  0.447931
9870  0.447931
9880  0.447931
9890  0.447931
9900  0.447931
9910  0.447931
9920  0.447931
9930  0.447931
9940  0.447931
9950  0.447931
9960  0.447931
9970  0.447931
9980  0.447931
9990  0.447931
10000  0.447931
10010  0.447931
10020  0.447931
10030  0.447931
10040  0.447931
10050  0.447931
10060  0.447931
10070  0.447931
10080  0.447931
10090  0.447931
10100  0.447931
10110  0.447931
10120  0.447931
10130  0.447931
10140  0.447931
10150  0.447931
10160  0.447931
10170  0.447931
10180  0.447931
10190  0.447931
10200  0.447931
10210  0.447931
10220  0.447931
10230  0.447931
10240  0.447931
10250  0.447931
10260  0.447931
10270  0.447931
10280  0.447931
10290  0.447931
10300  0.447931
10310  0.447931
10320  0.447931
10330  0.447931
10340  0.447931
10350  0.447931
10360  0.447931
10370  0.447931
10380  0.447931
10390  0.447931
10400  0.447931
10410  0.447931
10420  0.447931
10430  0.447931
10440  0.447931
10450  0.447931
10460  0.447931
10470  0.447931
10480  0.447931
10490  0.447931
10500  0.447931
10510  0.447931
10520  0.447931
10530  0.447931
10540  0.447931
10550  0.447931
10560  0.447931
10570  0.447931
10580  0.447931
10590  0.447931
10600  0.447931
10610  0.447931
10620  0.447931
10630  0.447931
10640  0.447931
10650  0.447931
10660  0.447931
10670  0.447931
10680  0.447931
10690  0.447931
10700  0.447931
10710  0.447931
10720  0.447931
10730  0.447931
10740  0.447931
10750  0.447931
10760  0.447931
10770  0.447931
10780  0.447931
10790  0.447931
10800  0.447931
10810  0.447931
10820  0.447931
10830  0.447931
10840  0.447931
10850  0.447931
10860  0.447931
10870  0.447931
10880  0.447931
10890  0.447931
10900  0.447931
10910  0.447931
10920  0.447931
10930  0.447931
10940  0.447931
10950  0.447931
10960  0.447931
10970  0.447931
10980  0.447931
10990  0.447931
11000  0.447931
11010  0.447931
11020  0.447931
11030  0.447931
11040  0.447931
11050  0.447931
11060  0.447931
11070  0.447931
11080  0.447931
11090  0.447931
11100  0.447931
11110  0.447931
11120  0.447931
11130  0.447931
11140  0.447931
11150  0.447931
11160  0.447931
11170  0.447931
11180  0.447931
11190  0.447931
11200  0.447931
11210  0.447931
11220  0.447931
11230  0.447931
11240  0.447931
11250  0.447931
11260  0.447931
11270  0.447931
11280  0.447931
11290  0.447931
11300  0.447931
11310  0.447931
11320  0.447931
11330  0.447931
11340  0.447931
11350  0.447931
11360  0.447931
11370  0.447931
11380  0.447931
11390  0.447931
11400  0.447931
11410  0.447931
11420  0.447931
11430  0.447931
11440  0.447931
11450  0.447931
11460  0.447931
11470  0.447931
11480  0.447931
11490  0.447931
11500  0.447931
11510  0.447931
11520  0.447931
11530  0.447931
11540  0.447931
11550  0.447931
11560  0.447931
11570  0.447931
11580  0.447931
11590  0.447931
11600  0.447931
11610  0.447931
11620  0.447931
11630  0.447931
11640  0.447931
11650  0.447931
11660  0.447931
11670  0.447931
11680  0.447931
11690  0.447931
11700  0.447931
11710  0.447931
11720  0.447931
11730  0.447931
11740  0.447931
11750  0.447931
11760  0.447931
11770  0.447931
11780  0.447931
11790  0.447931
11800  0.447931
11810  0.447931
11820  0.447931
11830  0.447931
11840  0.447931
11850  0.447931
11860  0.447931
11870  0.447931
11880  0.447931
11890  0.447931
11900  0.447931
11910  0.447931
11920  0.447931
11930  0.447931
11940  0.447931
11950  0.447931
11960  0.447931
11970  0.447931
11980  0.447931
11990  0.447931
12000  0.447931
12010  0.447931
12020  0.447931
12030  0.447931
12040  0.447931
12050  0.447931
12060  0.447931
12070  0.447931
12080  0.447931
12090  0.447931
12100  0.447931
12110  0.447931
12120  0.447931
12130  0.447931
12140  0.447931
12150  0.447931
12160  0.447931
12170  0.447931
12180  0.447931
12190  0.447931
12200  0.447931
12210  0.447931
12220  0.447931
12230  0.447931
12240  0.447931
12250  0.447931
12260  0.447931
12270  0.447931
12280  0.447931
12290  0.447931
12300  0.447931
12310  0.447931
12320  0.447931
12330  0.447931
12340  0.447931
12350  0.447931
12360  0.447931
12370  0.447931
12380  0.447931
12390  0.447931
12400  0.447931
12410  0.447931
12420  0.447931
12430  0.447931
12440  0.447931
12450  0.447931
12460  0.447931
12470  0.447931
12480  0.447931
12490  0.447931
12500  0.447931
12510  0.447931
12520  0.447931
12530  0.447931
12540  0.447931
12550  0.447931
12560  0.447931
12570  0.447931
12580  0.447931
12590  0.447931
12600  0.447931
12610  0.447931
12620  0.447931
12630  0.447931
12640  0.447931
12650  0.447931
12660  0.447931
12670  0.447931
12680  0.447931
12690  0.447931
12700  0.447931
12710  0.447931
12720  0.447931
12730  0.447931
12740  0.447931
12750  0.447931
12760  0.447931
12770  0.447931
12780  0.447931
12790  0.447931
12800  0.447931
12810  0.447931
12820  0.447931
12830  0.447931
12840  0.447931
12850  0.447931
12860  0.447931
12870  0.447931
12880  0.447931
12890  0.447931
12900  0.447931
12910  0.447931
12920  0.447931
12930  0.447931
12940  0.447931
12950  0.447931
12960  0.447931
12970  0.447931
12980  0.447931
12990  0.447931
13000  0.447931
13010  0.447931
13020  0.447931
13030  0.447931
13040  0.447931
13050  0.447931
13060  0.447931
13070  0.447931
13080  0.447931
13090  0.447931
13100  0.447931
13110  0.447931
13120  0.447931
13130  0.447931
13140  0.447931
13150  0.447931
13160  0.447931
13170  0.447931
13180  0.447931
13190  0.447931
13200  0.447931
13210  0.447931
13220  0.447931
13230  0.447931
13240  0.447931
13250  0.447931
13260  0.447931
13270  0.447931
13280  0.447931
13290  0.447931
13300  0.447931
13310  0.447931
13320  0.447931
13330  0.447931
13340  0.447931
13350  0.447931
13360  0.447931
13370  0.447931
13380  0.447931
13390  0.447931
13400  0.447931
13410  0.447931
13420  0.447931
13430  0.447931
13440  0.447931
13450  0.447931
13460  0.447931
13470  0.447931
13480  0.447931
13490  0.447931
13500  0.447931
13510  0.447931
13520  0.447931
13530  0.447931
13540  0.447931
13550  0.447931
13560  0.447931
13570  0.447931
13580  0.447931
13590  0.447931
13600  0.447931
13610  0.447931
13620  0.447931
13630  0.447931
13640  0.447931
13650  0.447931
13660  0.447931
13670  0.447931
13680  0.447931
13690  0.447931
13700  0.447931
13710  0.447931
13720  0.447931
13730  0.447931
13740  0.447931
13750  0.447931
13760  0.447931
13770  0.447931
13780  0.447931
13790  0.447931
13800  0.447931
13810  0.447931
13820  0.447931
13830  0.447931
13840  0.447931
13850  0.447931
13860  0.447931
13870  0.447931
13880  0.447931
13890  0.447931
13900  0.447931
13910  0.447931
13920  0.447931
13930  0.447931
13940  0.447931
13950  0.447931
13960  0.447931
13970  0.447931
13980  0.447931
13990  0.447931
14000  0.447931
14010  0.447931
14020  0.447931
14030  0.447931
14040  0.447931
14050  0.447931
14060  0.447931
14070  0.447931
14080  0.447931
14090  0.447931
14100  0.447931
14110  0.447931
14120  0.447931
14130  0.447931
14140  0.447931
14150  0.447931
14160  0.447931
14170  0.447931
14180  0.447931
14190  0.447931
14200  0.447931
14210  0.447931
14220  0.447931
14230  0.447931
14240  0.447931
14250  0.447931
14260  0.447931
14270  0.447931
14280  0.447931
14290  0.447931
14300  0.447931
14310  0.447931
14320  0.447931
14330  0.447931
14340  0.447931
14350  0.447931
14360  0.447931
14370  0.447931
14380  0.447931
14390  0.447931
14400  0.447931
14410  0.447931
14420  0.447931
14430  0.447931
14440  0.447931
14450  0.447931
14460  0.447931
14470  0.447931
14480  0.447931
14490  0.447931
14500  0.447931
14510  0.447931
14520  0.447931
14530  0.447931
14540  0.447931
14550  0.447931
14560  0.447931
14570  0.447931
14580  0.447931
14590  0.447931
14600  0.447931
14610  0.447931
14620  0.447931
14630  0.447931
14640  0.447931
14650  0.447931
14660  0.447931
14670  0.447931
14680  0.447931
14690  0.447931
14700  0.447931
14710  0.447931
14720  0.447931
14730  0.447931
14740  0.447931
14750  0.447931
14760  0.447931
14770  0.447931
14780  0.447931
14790  0.447931
14800  0.447931
14810  0.447931
14820  0.447931
14830  0.447931
14840  0.447931
14850  0.447931
14860  0.447931
14870  0.447931
14880  0.447931
14890  0.447931
14900  0.447931
14910  0.447931
14920  0.447931
14930  0.447931
14940  0.447931
14950  0.447931
14960  0.447931
14970  0.447931
14980  0.447931
14990  0.447931
15000  0.447931
15010  0.447931
15020  0.447931
15030  0.447931
15040  0.447931
15050  0.447931
15060  0.447931
15070  0.447931
15080  0.447931
15090  0.447931
15100  0.447931
15110  0.447931
15120  0.447931
15130  0.447931
15140  0.447931
15150  0.447931
15160  0.447931
15170  0.447931
15180  0.447931
15190  0.447931
15200  0.447931
15210  0.447931
15220  0.447931
15230  0.447931
15240  0.447931
15250  0.447931
15260  0.447931
15270  0.447931
15280  0.447931
15290  0.447931
15300  0.447931
15310  0.447931
15320  0.447931
15330  0.447931
15340  0.447931
15350  0.447931
15360  0.447931
15370  0.447931
15380  0.447931
15390  0.447931
15400  0.447931
15410  0.447931
15420  0.447931
15430  0.447931
15440  0.447931
15450  0.447931
15460  0.447931
15470  0.447931
15480  0.447931
15490  0.447931
15500  0.447931
15510  0.447931
15520  0.447931
15530  0.447931
15540  0.447931
15550  0.447931
15560  0.447931
15570  0.447931
15580  0.447931
15590  0.447931
15600  0.447931
15610  0.447931
15620  0.447931
15630  0.447931
15640  0.447931
15650  0.447931
15660  0.447931
15670  0.447931
15680  0.447931
15690  0.447931
15700  0.447931
15710  0.447931
15720  0.447931
15730  0.447931
15740  0.447931
15750  0.447931
15760  0.447931
15770  0.447931
15780  0.447931
15790  0.447931
15800  0.447931
15810  0.447931
15820  0.447931
15830  0.447931
15840  0.447931
15850  0.447931
15860  0.447931
15870  0.447931
15880  0.447931
15890  0.447931
15900  0.447931
15910  0.447931
15920  0.447931
15930  0.447931
15940  0.447931
15950  0.447931
15960  0.447931
15970  0.447931
15980  0.447931
15990  0.447931
16000  0.447931
16010  0.447931
16020  0.447931
16030  0.447931
16040  0.447931
16050  0.447931
16060  0.447931
16070  0.447931
16080  0.447931
16090  0.447931
16100  0.447931
16110  0.447931
16120  0.447931
16130  0.447931
16140  0.447931
16150  0.447931
16160  0.447931
16170  0.447931
16180  0.447931
16190  0.447931
16200  0.447931
16210  0.447931
16220  0.447931
16230  0.447931
16240  0.447931
16250  0.447931
16260  0.447931
16270  0.447931
16280  0.447931
16290  0.447931
16300  0.447931
16310  0.447931
16320  0.447931
16330  0.447931
16340  0.447931
16350  0.447931
16360  0.447931
16370  0.447931
16380  0.447931
16390  0.447931
16400  0.447931
16410  0.447931
16420  0.447931
16430  0.447931
16440  0.447931
16450  0.447931
16460  0.447931
16470  0.447931
16480  0.447931
16490  0.447931
16500  0.447931
16510  0.447931
16520  0.447931
16530  0.447931
16540  0.447931
16550  0.447931
16560  0.447931
16570  0.447931
16580  0.447931
16590  0.447931
16600  0.447931
16610  0.447931
16620  0.447931
16630  0.447931
16640  0.447931
16650  0.447931
16660  0.447931
16670  0.447931
16680  0.447931
16690  0.447931
16700  0.447931
16710  0.447931
16720  0.447931
16730  0.447931
16740  0.447931
16750  0.447931
16760  0.447931
16770  0.447931
16780  0.447931
16790  0.447931
16800  0.447931
16810  0.447931
16820  0.447931
16830  0.447931
16840  0.447931
16850  0.447931
16860  0.447931
16870  0.447931
16880  0.447931
16890  0.447931
16900  0.447931
16910  0.447931
16920  0.447931
16930  0.447931
16940  0.447931
16950  0.447931
16960  0.447931
16970  0.447931
16980  0.447931
16990  0.447931
17000  0.447931
17010  0.447931
17020  0.447931
17030  0.447931
17040  0.447931
17050  0.447931
17060  0.447931
17070  0.447931
17080  0.447931
17090  0.447931
17100  0.447931
17110  0.447931
17120  0.447931
17130  0.447931
17140  0.447931
17150  0.447931
17160  0.447931
17170  0.447931
17180  0.447931
17190  0.447931
17200  0.447931
17210  0.447931
17220  0.447931
17230  0.447931
17240  0.447931
17250  0.447931
17260  0.447931
17270  0.447931
17280  0.447931
17290  0.445749
17300  0.445749
17310  0.445749
17320  0.445749
17330  0.445749
17340  0.445749
17350  0.445749
17360  0.445749
17370  0.445749
17380  0.445749
17390  0.445749
17400  0.445749
17410  0.445749
17420  0.445749
17430  0.445749
17440  0.445749
17450  0.445749
17460  0.445749
17470  0.445749
17480  0.445749
17490  0.445749
17500  0.445749
17510  0.445749
17520  0.445749
17530  0.445749
17540  0.445749
17550  0.445749
17560  0.445749
17570  0.445749
17580  0.445749
17590  0.445749
17600  0.445749
17610  0.445749
17620  0.445749
17630  0.445749
17640  0.445749
17650  0.445749
17660  0.445749
17670  0.445749
17680  0.445749
17690  0.445749
17700  0.445749
17710  0.441373
17720  0.441373
17730  0.441373
17740  0.441373
17750  0.441373
17760  0.441373
17770  0.441373
17780  0.441373
17790  0.441373
17800  0.441373
17810  0.441373
17820  0.441373
17830  0.441373
17840  0.441373
17850  0.441373
17860  0.441373
17870  0.441373
17880  0.441373
17890  0.441373
17900  0.441373
17910  0.441373
17920  0.441373
17930  0.441373
17940  0.441373
17950  0.441373
17960  0.441373
17970  0.441373
17980  0.441373
17990  0.441373
18000  0.441373
18010  0.441373
18020  0.441373
18030  0.441373
18040  0.441373
18050  0.441373
18060  0.441373
18070  0.441373
18080  0.441373
18090  0.441373
18100  0.441373
18110  0.441373
18120  0.441373
18130  0.441373
18140  0.441373
18150  0.441373
18160  0.441373
18170  0.441373
18180  0.441373
18190  0.441373
18200  0.441373
18210  0.441373
18220  0.441373
18230  0.441373
18240  0.441373
18250  0.441373
18260  0.441373
18270  0.441373
18280  0.441373
18290  0.441373
18300  0.441373
18310  0.441373
18320  0.441373
18330  0.441373
18340  0.441373
18350  0.441373
18360  0.441373
18370  0.441373
18380  0.441373
18390  0.441373
18400  0.441373
18410  0.441373
18420  0.441373
18430  0.441373
18440  0.441373
18450  0.441373
18460  0.441373
18470  0.441373
18480  0.441373
18490  0.441373
18500  0.441373
18510  0.441373
18520  0.441373
18530  0.441373
18540  0.441373
18550  0.441373
18560  0.441373
18570  0.441373
18580  0.441373
18590  0.441373
18600  0.441373
18610  0.441373
18620  0.441373
18630  0.441373
18640  0.441373
18650  0.441373
18660  0.441373
18670  0.441373
18680  0.441373
18690  0.441373
18700  0.441373
18710  0.441373
18720  0.441373
18730  0.441373
18740  0.441373
18750  0.441373
18760  0.441373
18770  0.441373
18780  0.441373
18790  0.441373
18800  0.441373
18810  0.441373
18820  0.441373
18830  0.441373
18840  0.441373
18850  0.441373
18860  0.441373
18870  0.441373
18880  0.441373
18890  0.441373
18900  0.441373
18910  0.441373
18920  0.441373
18930  0.441373
18940  0.441373
18950  0.441373
18960  0.441373
18970  0.441373
18980  0.441373
18990  0.441373
19000  0.441373
19010  0.441373
19020  0.441373
19030  0.441373
19040  0.441373
19050  0.441373
19060  0.441373
19070  0.441373
19080  0.441373
19090  0.441373
19100  0.441373
19110  0.441373
19120  0.441373
19130  0.441373
19140  0.441373
19150  0.441373
19160  0.441373
19170  0.441373
19180  0.441373
19190  0.441373
19200  0.441373
19210  0.441373
19220  0.441373
19230  0.441373
19240  0.441373
19250  0.441373
19260  0.441373
19270  0.441373
19280  0.441373
19290  0.441373
19300  0.441373
19310  0.441373
19320  0.441373
19330  0.441373
19340  0.441373
19350  0.441373
19360  0.441373
19370  0.441373
19380  0.441373
19390  0.441373
19400  0.441373
19410  0.441373
19420  0.441373
19430  0.441373
19440  0.441373
19450  0.441373
19460  0.441373
19470  0.441373
19480  0.441373
19490  0.441373
19500  0.441373
19510  0.441373
19520  0.441373
19530  0.441373
19540  0.441373
19550  0.441373
19560  0.441373
19570  0.441373
19580  0.441373
19590  0.441373
19600  0.441373
19610  0.441373
19620  0.441373
19630  0.441373
19640  0.441373
19650  0.441373
19660  0.441373
19670  0.441373
19680  0.441373
19690  0.441373
19700  0.441373
19710  0.441373
19720  0.441373
19730  0.441373
19740  0.441373
19750  0.441373
19760  0.441373
19770  0.441373
19780  0.441373
19790  0.441373
19800  0.441373
19810  0.441373
19820  0.441373
19830  0.441373
19840  0.441373
19850  0.441373
19860  0.441373
19870  0.441373
19880  0.441373
19890  0.441373
19900  0.441373
19910  0.441373
19920  0.441373
19930  0.441373
19940  0.441373
19950  0.441373
19960  0.441373
19970  0.441373
19980  0.441373
19990  0.441373
20000  0.441373
20010  0.441373
20020  0.441373
20030  0.441373
20040  0.441373
20050  0.441373
20060  0.441373
20070  0.441373
20080  0.441373
20090  0.441373
20100  0.441373
20110  0.441373
20120  0.441373
20130  0.441373
20140  0.441373
20150  0.441373
20160  0.441373
20170  0.441373
20180  0.441373
20190  0.441373
20200  0.441373
20210  0.441373
20220  0.441373
20230  0.441373
20240  0.441373
20250  0.441373
20260  0.441373
20270  0.441373
20280  0.441373
20290  0.441373
20300  0.441373
20310  0.441373
20320  0.441373
20330  0.441373
20340  0.441373
20350  0.441373
20360  0.441373
20370  0.441373
20380  0.441373
20390  0.441373
20400  0.441373
20410  0.441373
20420  0.441373
20430  0.441373
20440  0.441373
20450  0.441373
20460  0.441373
20470  0.441373
20480  0.441373
20490  0.441373
20500  0.441373
20510  0.441373
20520  0.441373
20530  0.441373
20540  0.441373
20550  0.441373
20560  0.441373
20570  0.441373
20580  0.441373
20590  0.441373
20600  0.441373
20610  0.441373
20620  0.441373
20630  0.441373
20640  0.441373
20650  0.441373
20660  0.441373
20670  0.441373
20680  0.441373
20690  0.441373
20700  0.441373
20710  0.441373
20720  0.441373
20730  0.441373
20740  0.441373
20750  0.441373
20760  0.441373
20770  0.441373
20780  0.441373
20790  0.441373
20800  0.441373
20810  0.441373
20820  0.441373
20830  0.441373
20840  0.441373
20850  0.441373
20860  0.441373
20870  0.441373
20880  0.441373
20890  0.441373
20900  0.441373
20910  0.441373
20920  0.441373
20930  0.441373
20940  0.441373
20950  0.441373
20960  0.441373
20970  0.441373
20980  0.441373
20990  0.441373
21000  0.441373
21010  0.441373
21020  0.441373
21030  0.441373
21040  0.441373
21050  0.441373
21060  0.441373
21070  0.441373
21080  0.441373
21090  0.441373
21100  0.441373
21110  0.441373
21120  0.441373
21130  0.441373
21140  0.441373
21150  0.441373
21160  0.441373
21170  0.441373
21180  0.441373
21190  0.441373
21200  0.441373
21210  0.441373
21220  0.441373
21230  0.441373
21240  0.441373
21250  0.441373
21260  0.441373
21270  0.441373
21280  0.441373
21290  0.441373
21300  0.441373
21310  0.441373
21320  0.441373
21330  0.441373
21340  0.441373
21350  0.441373
21360  0.441373
21370  0.441373
21380  0.441373
21390  0.441373
21400  0.441373
21410  0.441373
21420  0.441373
21430  0.441373
21440  0.441373
21450  0.441373
21460  0.441373
21470  0.441373
21480  0.441373
21490  0.441373
21500  0.441373
21510  0.441373
21520  0.441373
21530  0.441373
21540  0.441373
21550  0.441373
21560  0.441373
21570  0.441373
21580  0.441373
21590  0.441373
21600  0.441373
21610  0.441373
21620  0.441373
21630  0.441373
21640  0.441373
21650  0.441373
21660  0.441373
21670  0.441373
21680  0.441373
21690  0.441373
21700  0.441373
21710  0.441373
21720  0.441373
21730  0.441373
21740  0.441373
21750  0.441373
21760  0.441373
21770  0.441373
21780  0.441373
21790  0.441373
21800  0.441373
21810  0.441373
21820  0.441373
21830  0.441373
21840  0.441373
21850  0.441373
21860  0.441373
21870  0.441373
21880  0.441373
21890  0.441373
21900  0.441373
21910  0.441373
21920  0.441373
21930  0.441373
21940  0.441373
21950  0.441373
21960  0.441373
21970  0.441373
21980  0.441373
21990  0.441373
22000  0.441373
22010  0.441373
22020  0.441373
22030  0.441373
22040  0.441373
22050  0.441373
22060  0.441373
22070  0.441373
22080  0.441373
22090  0.441373
22100  0.441373
22110  0.441373
22120  0.441373
22130  0.441373
22140  0.441373
22150  0.441373
22160  0.441373
22170  0.441373
22180  0.441373
22190  0.441373
22200  0.441373
22210  0.441373
22220  0.441373
22230  0.441373
22240  0.441373
22250  0.441373
22260  0.441373
22270  0.441373
22280  0.441373
22290  0.441373
22300  0.441373
22310  0.441373
22320  0.441373
22330  0.441373
22340  0.441373
22350  0.441373
22360  0.441373
22370  0.441373
22380  0.441373
22390  0.441373
22400  0.441373
22410  0.441373
22420  0.441373
22430  0.441373
22440  0.441373
22450  0.441373
22460  0.441373
22470  0.441373
22480  0.441373
22490  0.441373
22500  0.441373
22510  0.441373
22520  0.441373
22530  0.441373
22540  0.441373
22550  0.441373
22560  0.441373
22570  0.441373
22580  0.441373
22590  0.441373
22600  0.441373
22610  0.441373
22620  0.441373
22630  0.441373
22640  0.441373
22650  0.441373
22660  0.441373
22670  0.441373
22680  0.441373
22690  0.441373
22700  0.441373
22710  0.441373
22720  0.441373
22730  0.441373
22740  0.441373
22750  0.441373
22760  0.441373
22770  0.441373
22780  0.441373
22790  0.441373
22800  0.441373
22810  0.441373
22820  0.441373
22830  0.441373
22840  0.441373
22850  0.441373
22860  0.441373
22870  0.441373
22880  0.441373
22890  0.441373
22900  0.441373
22910  0.441373
22920  0.441373
22930  0.441373
22940  0.441373
22950  0.441373
22960  0.441373
22970  0.441373
22980  0.441373
22990  0.441373
23000  0.441373
23010  0.441373
23020  0.441373
23030  0.441373
23040  0.441373
23050  0.441373
23060  0.441373
23070  0.441373
23080  0.441373
23090  0.441373
23100  0.441373
23110  0.441373
23120  0.441373
23130  0.441373
23140  0.441373
23150  0.441373
23160  0.441373
23170  0.441373
23180  0.441373
23190  0.441373
23200  0.441373
23210  0.441373
23220  0.441373
23230  0.441373
23240  0.441373
23250  0.441373
23260  0.441373
23270  0.441373
23280  0.441373
23290  0.441373
23300  0.441373
23310  0.441373
23320  0.441373
23330  0.441373
23340  0.441373
23350  0.441373
23360  0.441373
23370  0.441373
23380  0.441373
23390  0.441373
23400  0.441373
23410  0.441373
23420  0.441373
23430  0.441373
23440  0.441373
23450  0.441373
23460  0.441373
23470  0.441373
23480  0.441373
23490  0.441373
23500  0.441373
23510  0.441373
23520  0.441373
23530  0.441373
23540  0.441373
23550  0.441373
23560  0.441373
23570  0.441373
23580  0.441373
23590  0.441373
23600  0.441373
23610  0.441373
23620  0.441373
23630  0.441373
23640  0.441373
23650  0.441373
23660  0.441373
23670  0.441373
23680  0.441373
23690  0.441373
23700  0.441373
23710  0.441373
23720  0.441373
23730  0.441373
23740  0.441373
23750  0.441373
23760  0.441373
23770  0.441373
23780  0.441373
23790  0.441373
23800  0.441373
23810  0.441373
23820  0.441373
23830  0.441373
23840  0.441373
23850  0.441373
23860  0.441373
23870  0.441373
23880  0.441373
23890  0.441373
23900  0.441373
23910  0.441373
23920  0.441373
23930  0.441373
23940  0.441373
23950  0.441373
23960  0.441373
23970  0.441373
23980  0.441373
23990  0.441373
24000  0.441373
24010  0.441373
24020  0.441373
24030  0.441373
24040  0.441373
24050  0.441373
24060  0.441373
24070  0.441373
24080  0.441373
24090  0.441373
24100  0.441373
24110  0.441373
24120  0.441373
24130  0.441373
24140  0.441373
24150  0.441373
24160  0.441373
24170  0.441373
24180  0.441373
24190  0.441373
24200  0.441373
24210  0.441373
24220  0.441373
24230  0.441373
24240  0.441373
24250  0.441373
24260  0.441373
24270  0.441373
24280  0.441373
24290  0.441373
24300  0.441373
24310  0.441373
24320  0.441373
24330  0.441373
24340  0.441373
24350  0.441373
24360  0.441373
24370  0.441373
24380  0.441373
24390  0.433436
24400  0.433436
24410  0.433436
24420  0.433436
24430  0.433436
24440  0.433436
24450  0.433436
24460  0.433436
24470  0.433436
24480  0.433436
24490  0.433436
24500  0.433436
24510  0.433436
24520  0.433436
24530  0.433436
24540  0.433436
24550  0.433436
24560  0.433436
24570  0.433436
24580  0.433436
24590  0.433436
24600  0.433436
24610  0.433436
24620  0.433436
24630  0.433436
24640  0.433436
24650  0.433436
24660  0.433436
24670  0.433436
24680  0.433436
24690  0.433436
24700  0.433436
24710  0.433436
24720  0.433436
24730  0.433436
24740  0.433436
24750  0.433436
24760  0.433436
24770  0.433436
24780  0.433436
24790  0.433436
24800  0.433436
24810  0.433436
24820  0.433436
24830  0.433436
24840  0.433436
24850  0.433436
24860  0.433436
24870  0.433436
24880  0.433436
24890  0.433436
24900  0.433436
24910  0.433436
24920  0.433436
24930  0.433436
24940  0.433436
24950  0.433436
24960  0.433436
24970  0.433436
24980  0.433436
24990  0.433436
25000  0.433436
25010  0.433436
25020  0.433436
25030  0.433436
25040  0.433436
25050  0.433436
25060  0.433436
25070  0.433436
25080  0.433436
25090  0.433436
25100  0.433436
25110  0.433436
25120  0.433436
25130  0.433436
25140  0.433436
25150  0.433436
25160  0.433436
25170  0.433436
25180  0.433436
25190  0.433436
25200  0.433436
25210  0.433436
25220  0.433436
25230  0.433436
25240  0.433436
25250  0.433436
25260  0.433436
25270  0.433436
25280  0.433436
25290  0.433436
25300  0.433436
25310  0.433436
25320  0.433436
25330  0.433436
25340  0.433436
25350  0.433436
25360  0.433436
25370  0.433436
25380  0.433436
25390  0.433436
25400  0.433436
25410  0.433436
25420  0.433436
25430  0.433436
25440  0.433436
25450  0.433436
25460  0.433436
25470  0.433436
25480  0.433436
25490  0.433436
25500  0.433436
25510  0.433436
25520  0.433436
25530  0.433436
25540  0.433436
25550  0.433436
25560  0.433436
25570  0.433436
25580  0.433436
25590  0.433436
25600  0.433436
25610  0.433436
25620  0.433436
25630  0.433436
25640  0.433436
25650  0.433436
25660  0.433436
25670  0.433436
25680  0.433436
25690  0.433436
25700  0.433436
25710  0.433436
25720  0.433436
25730  0.433436
25740  0.433436
25750  0.433436
25760  0.433436
25770  0.433436
25780  0.433436
25790  0.433436
25800  0.433436
25810  0.433436
25820  0.433436
25830  0.433436
25840  0.433436
25850  0.433436
25860  0.433436
25870  0.433436
25880  0.433436
25890  0.433436
25900  0.433436
25910  0.433436
25920  0.433436
25930  0.433436
25940  0.433436
25950  0.433436
25960  0.433436
25970  0.433436
25980  0.433436
25990  0.433436
26000  0.433436
26010  0.433436
26020  0.433436
26030  0.433436
26040  0.433436
26050  0.433436
26060  0.433436
26070  0.433436
26080  0.433436
26090  0.433436
26100  0.433436
26110  0.433436
26120  0.433436
26130  0.433436
26140  0.433436
26150  0.433436
26160  0.433436
26170  0.433436
26180  0.433436
26190  0.433436
26200  0.433436
26210  0.433436
26220  0.433436
26230  0.433436
26240  0.433436
26250  0.433436
26260  0.433436
26270  0.433436
26280  0.433436
26290  0.433436
26300  0.433436
26310  0.433436
26320  0.433436
26330  0.433436
26340  0.433436
26350  0.433436
26360  0.433436
26370  0.433436
26380  0.433436
26390  0.433436
26400  0.433436
26410  0.433436
26420  0.433436
26430  0.433436
26440  0.433436
26450  0.433436
26460  0.433436
26470  0.433436
26480  0.433436
26490  0.433436
26500  0.433436
26510  0.433436
26520  0.433436
26530  0.433436
26540  0.433436
26550  0.433436
26560  0.433436
26570  0.433436
26580  0.433436
26590  0.433436
26600  0.433436
26610  0.433436
26620  0.433436
26630  0.433436
26640  0.433436
26650  0.433436
26660  0.433436
26670  0.433436
26680  0.433436
26690  0.433436
26700  0.433436
26710  0.433436
26720  0.433436
26730  0.433436
26740  0.433436
26750  0.433436
26760  0.433436
26770  0.433436
26780  0.433436
26790  0.433436
26800  0.433436
26810  0.433436
26820  0.433436
26830  0.433436
26840  0.433436
26850  0.433436
26860  0.433436
26870  0.433436
26880  0.433436
26890  0.433436
26900  0.433436
26910  0.433436
26920  0.433436
26930  0.433436
26940  0.433436
26950  0.433436
26960  0.433436
26970  0.433436
26980  0.433436
26990  0.433436
27000  0.433436
27010  0.433436
27020  0.433436
27030  0.433436
27040  0.433436
27050  0.433436
27060  0.433436
27070  0.433436
27080  0.433436
27090  0.433436
27100  0.433436
27110  0.433436
27120  0.433436
27130  0.433436
27140  0.433436
27150  0.433436
27160  0.433436
27170  0.433436
27180  0.433436
27190  0.433436
27200  0.433436
27210  0.433436
27220  0.433436
27230  0.433436
27240  0.433436
27250  0.433436
27260  0.433436
27270  0.433436
27280  0.433436
27290  0.433436
27300  0.433436
27310  0.433436
27320  0.433436
27330  0.433436
27340  0.433436
27350  0.433436
27360  0.433436
27370  0.433436
27380  0.433436
27390  0.433436
27400  0.433436
27410  0.433436
27420  0.433436
27430  0.433436
27440  0.433436
27450  0.433436
27460  0.433436
27470  0.433436
27480  0.433436
27490  0.433436
27500  0.433436
27510  0.433436
27520  0.433436
27530  0.433436
27540  0.433436
27550  0.433436
27560  0.433436
27570  0.433436
27580  0.433436
27590  0.433436
27600  0.433436
27610  0.433436
27620  0.433436
27630  0.433436
27640  0.433436
27650  0.433436
27660  0.433436
27670  0.433436
27680  0.433436
27690  0.433436
27700  0.433436
27710  0.433436
27720  0.433436
27730  0.433436
27740  0.433436
27750  0.433436
27760  0.433436
27770  0.433436
27780  0.433436
27790  0.433436
27800  0.433436
27810  0.433436
27820  0.433436
27830  0.433436
27840  0.433436
27850  0.433436
27860  0.433436
27870  0.433436
27880  0.433436
27890  0.433436
27900  0.433436
27910  0.433436
27920  0.433436
27930  0.433436
27940  0.433436
27950  0.433436
27960  0.433436
27970  0.433436
27980  0.433436
27990  0.433436
28000  0.433436
28010  0.433436
28020  0.433436
28030  0.433436
28040  0.433436
28050  0.433436
28060  0.433436
28070  0.433436
28080  0.433436
28090  0.433436
28100  0.433436
28110  0.433436
28120  0.433436
28130  0.433436
28140  0.433436
28150  0.433436
28160  0.433436
28170  0.433436
28180  0.433436
28190  0.433436
28200  0.433436
28210  0.433436
28220  0.433436
28230  0.433436
28240  0.433436
28250  0.433436
28260  0.433436
28270  0.433436
28280  0.433436
28290  0.433436
28300  0.433436
28310  0.433436
28320  0.433436
28330  0.433436
28340  0.433436
28350  0.433436
28360  0.433436
28370  0.433436
28380  0.433436
28390  0.433436
28400  0.433436
28410  0.433436
28420  0.433436
28430  0.433436
28440  0.433436
28450  0.433436
28460  0.433436
28470  0.433436
28480  0.433436
28490  0.433436
28500  0.433436
28510  0.433436
28520  0.433436
28530  0.433436
28540  0.433436
28550  0.433436
28560  0.433436
28570  0.433436
28580  0.433436
28590  0.433436
28600  0.433436
28610  0.433436
28620  0.433436
28630  0.433436
28640  0.433436
28650  0.433436
28660  0.433436
28670  0.433436
28680  0.433436
28690  0.433436
28700  0.433436
28710  0.433436
28720  0.433436
28730  0.433436
28740  0.433436
28750  0.433436
28760  0.433436
28770  0.433436
28780  0.433436
28790  0.433436
28800  0.433436
28810  0.433436
28820  0.433436
28830  0.433436
28840  0.433436
28850  0.433436
28860  0.433436
28870  0.433436
28880  0.433436
28890  0.433436
28900  0.433436
28910  0.433436
28920  0.433436
28930  0.433436
28940  0.433436
28950  0.433436
28960  0.433436
28970  0.433436
28980  0.433436
28990  0.433436
29000  0.433436
29010  0.433436
29020  0.433436
29030  0.433436
29040  0.433436
29050  0.433436
29060  0.433436
29070  0.433436
29080  0.433436
29090  0.433436
29100  0.433436
29110  0.433436
29120  0.433436
29130  0.433436
29140  0.433436
29150  0.433436
29160  0.433436
29170  0.433436
29180  0.433436
29190  0.433436
29200  0.433436
29210  0.433436
29220  0.433436
29230  0.433436
29240  0.433436
29250  0.433436
29260  0.433436
29270  0.433436
29280  0.433436
29290  0.433436
29300  0.433436
29310  0.433436
29320  0.433436
29330  0.433436
29340  0.433436
29350  0.433436
29360  0.433436
29370  0.433436
29380  0.433436
29390  0.433436
29400  0.433436
29410  0.433436
29420  0.433436
29430  0.433436
29440  0.433436
29450  0.433436
29460  0.433436
29470  0.433436
29480  0.433436
29490  0.433436
29500  0.433436
29510  0.433436
29520  0.433436
29530  0.433436
29540  0.433436
29550  0.433436
29560  0.433436
29570  0.433436
29580  0.433436
29590  0.433436
29600  0.433436
29610  0.433436
29620  0.433436
29630  0.433436
29640  0.433436
29650  0.433436
29660  0.433436
29670  0.433436
29680  0.433436
29690  0.433436
29700  0.433436
29710  0.433436
29720  0.433436
29730  0.433436
29740  0.433436
29750  0.433436
29760  0.433436
29770  0.433436
29780  0.433436
29790  0.433436
29800  0.433436
29810  0.433436
29820  0.433436
29830  0.433436
29840  0.433436
29850  0.433436
29860  0.433436
29870  0.433436
29880  0.433436
29890  0.433436
29900  0.433436
29910  0.433436
29920  0.433436
29930  0.433436
29940  0.433436
29950  0.433436
29960  0.433436
29970  0.433436
29980  0.433436
29990  0.433436
30000  0.433436
30010  0.433436
