Step  Penalty
50  0.573996
100  0.556793
150  0.552854
200  0.545829
250  0.545218
300  0.543384
350  0.543004
400  0.541457
450  0.540821
500  0.540731
550  0.540482
600  0.539915
650  0.538205
700  0.538205
750  0.538205
800  0.536697
850  0.536426
900  0.536352
950  0.534741
1000  0.534605
1050  0.534605
1100  0.534605
1150  0.532123
1200  0.531306
1250  0.53058
1300  0.529383
1350  0.52411
1400  0.521082
1450  0.519945
1500  0.516546
1550  0.510495
1600  0.507035
1650  0.502969
1700  0.49924
1750  0.495552
1800  0.49246
1850  0.48957
1900  0.487935
1950  0.48664
2000  0.485009
2050  0.48135
2100  0.478397
2150  0.475704
2200  0.473626
2250  0.471554
2300  0.469106
2350  0.467528
2400  0.466093
2450  0.465173
2500  0.464996
2550  0.46435
2600  0.463653
2650  0.46308
2700  0.462363
2750  0.459974
2800  0.459356
2850  0.457448
2900  0.456092
2950  0.455354
3000  0.45281
3050  0.452107
3100  0.451095
3150  0.449238
3200  0.447651
3250  0.446455
3300  0.444412
3350  0.442601
3400  0.44135
3450  0.43992
3500  0.438111
3550  0.437501
3600  0.436787
3650  0.435564
3700  0.433926
3750  0.431881
3800  0.430652
3850  0.430225
3900  0.429454
3950  0.427694
4000  0.424859
4050  0.423763
4100  0.423075
4150  0.422195
4200  0.421604
4250  0.420256
4300  0.419869
4350  0.417844
4400  0.416194
4450  0.414534
4500  0.412807
4550  0.410605
4600  0.409189
4650  0.408103
4700  0.407604
4750  0.406208
4800  0.405751
4850  0.404992
4900  0.403996
4950  0.402748
5000  0.400869
5050  0.399205
5100  0.397701
5150  0.395752
5200  0.39324
5250  0.391567
5300  0.389675
5350  0.388396
5400  0.386861
5450  0.38533
5500  0.384111
5550  0.383735
5600  0.382733
5650  0.381792
5700  0.380997
5750  0.380005
5800  0.379439
5850  0.378823
5900  0.378501
5950  0.377946
6000  0.377649
6050  0.377116
6100  0.376699
6150  0.376052
6200  0.374992
6250  0.374217
6300  0.372288
6350  0.371659
6400  0.371463
6450  0.370521
6500  0.369718
6550  0.368827
6600  0.368037
6650  0.367742
6700  0.367575
6750  0.367395
6800  0.366845
6850  0.366707
6900  0.366465
6950  0.365398
7000  0.364935
7050  0.3642
7100  0.362957
7150  0.362492
7200  0.361997
7250  0.361607
7300  0.361063
7350  0.360771
7400  0.359933
7450  0.359809
7500  0.359114
7550  0.358886
7600  0.357992
7650  0.357379
7700  0.356511
7750  0.355772
7800  0.35537
7850  0.355082
7900  0.35463
7950  0.354316
8000  0.352872
8050  0.351991
8100  0.350047
8150  0.348565
8200  0.347095
8250  0.345999
8300  0.345473
8350  0.343907
8400  0.342288
8450  0.34158
8500  0.340287
8550  0.339877
8600  0.338114
8650  0.337564
8700  0.337168
8750  0.336642
8800  0.33602
8850  0.335573
8900  0.334984
8950  0.334308
9000  0.333675
9050  0.333082
9100  0.33198
9150  0.331242
9200  0.330305
9250  0.329828
9300  0.329494
9350  0.328519
9400  0.328229
9450  0.327586
9500  0.326578
9550  0.32601
9600  0.325749
9650  0.325578
9700  0.325081
9750  0.324846
9800  0.324535
9850  0.324166
9900  0.323775
9950  0.323184
10000  0.322838
10050  0.322302
10100  0.321736
10150  0.321456
10200  0.321218
10250  0.320491
10300  0.320122
10350  0.319759
10400  0.319317
10450  0.319002
10500  0.318634
10550  0.318264
10600  0.316918
10650  0.316689
10700  0.315993
10750  0.315199
10800  0.314717
10850  0.314311
10900  0.313865
10950  0.313423
11000  0.313231
11050  0.312952
11100  0.312603
11150  0.312338
11200  0.311764
11250  0.310973
11300  0.310332
11350  0.309724
11400  0.309285
11450  0.30915
11500  0.308437
11550  0.308046
11600  0.30757
11650  0.306896
11700  0.306362
11750  0.305949
11800  0.305232
11850  0.304939
11900  0.304569
11950  0.303871
12000  0.303634
12050  0.303379
12100  0.302563
12150  0.301928
12200  0.301754
12250  0.30155
12300  0.300622
12350  0.300582
12400  0.300034
12450  0.299895
12500  0.299721
12550  0.299654
12600  0.29964
12650  0.299498
12700  0.299177
12750  0.298981
12800  0.298718
12850  0.298357
12900  0.298236
12950  0.297533
13000  0.297314
13050  0.297134
13100  0.29677
13150  0.296643
13200  0.296643
13250  0.296168
13300  0.295838
13350  0.295838
13400  0.295783
13450  0.295706
13500  0.295605
13550  0.295427
13600  0.295173
13650  0.295016
13700  0.294955
13750  0.294682
13800  0.294603
13850  0.294212
13900  0.293642
13950  0.293465
14000  0.293259
14050  0.293214
14100  0.29293
14150  0.292548
14200  0.292532
14250  0.292419
14300  0.292419
14350  0.292327
14400  0.292168
14450  0.292075
14500  0.291832
14550  0.291815
14600  0.291607
14650  0.291483
14700  0.291146
14750  0.291084
14800  0.290914
14850  0.290296
14900  0.290124
14950  0.289807
15000  0.289633
15050  0.289471
15100  0.289139
15150  0.288938
15200  0.28891
15250  0.288668
15300  0.288335
15350  0.288335
15400  0.287908
15450  0.287832
15500  0.287537
15550  0.28732
15600  0.28723
15650  0.287028
15700  0.286798
15750  0.286221
15800  0.286116
15850  0.285936
15900  0.285647
15950  0.285428
16000  0.285378
16050  0.285119
16100  0.2844
16150  0.284125
16200  0.283725
16250  0.28315
16300  0.282908
16350  0.282316
16400  0.282006
16450  0.281827
16500  0.28087
16550  0.280254
16600  0.279804
16650  0.279596
16700  0.279161
16750  0.278489
16800  0.27793
16850  0.27743
16900  0.276947
16950  0.276689
17000  0.276258
17050  0.275871
17100  0.275237
17150  0.274712
17200  0.274586
17250  0.274128
17300  0.273742
17350  0.273316
17400  0.272992
17450  0.272496
17500  0.272341
17550  0.272302
17600  0.272215
17650  0.27166
17700  0.27154
17750  0.271534
17800  0.271382
17850  0.271317
17900  0.271225
17950  0.270931
18000  0.270889
18050  0.270701
18100  0.270174
18150  0.269867
18200  0.269623
18250  0.269545
18300  0.269506
18350  0.26913
18400  0.268622
18450  0.268529
18500  0.268368
18550  0.268321
18600  0.268258
18650  0.268181
18700  0.268006
18750  0.267885
18800  0.267605
18850  0.267502
18900  0.267496
18950  0.267181
19000  0.267171
19050  0.267041
19100  0.266893
19150  0.266776
19200  0.266672
19250  0.266523
19300  0.266293
19350  0.266095
19400  0.265945
19450  0.265945
19500  0.265772
19550  0.265751
19600  0.265611
19650  0.265496
19700  0.265409
19750  0.265171
19800  0.265171
19850  0.264928
19900  0.26464
19950  0.264636
20000  0.264487
20050  0.264368
20100  0.264343
20150  0.264277
20200  0.264277
20250  0.264157
20300  0.264077
20350  0.26396
20400  0.26396
20450  0.263815
20500  0.263815
20550  0.263815
20600  0.263761
20650  0.263659
20700  0.26362
20750  0.26332
20800  0.263124
20850  0.263124
20900  0.263091
20950  0.262771
21000  0.262685
21050  0.26232
21100  0.262281
21150  0.262192
21200  0.262117
21250  0.262117
21300  0.261974
21350  0.261872
21400  0.261867
21450  0.261692
21500  0.261557
21550  0.261444
21600  0.26137
21650  0.261231
21700  0.261167
21750  0.261074
21800  0.260977
21850  0.260886
21900  0.26069
21950  0.260562
22000  0.260356
22050  0.260023
22100  0.259838
22150  0.259837
22200  0.259837
22250  0.259728
22300  0.259695
22350  0.259646
22400  0.259336
22450  0.259345
22500  0.259232
22550  0.259179
22600  0.259067
22650  0.258904
22700  0.258735
22750  0.258689
22800  0.258344
22850  0.258178
22900  0.257815
22950  0.257743
23000  0.257743
23050  0.257555
23100  0.257392
23150  0.257339
23200  0.256939
23250  0.256939
23300  0.2569
23350  0.256898
23400  0.256699
23450  0.256599
23500  0.256546
23550  0.256361
23600  0.256026
23650  0.255845
23700  0.255838
23750  0.255572
23800  0.255398
23850  0.255249
23900  0.255104
23950  0.254805
24000  0.254588
24050  0.254472
24100  0.2544
24150  0.254255
24200  0.254206
24250  0.254029
24300  0.253967
24350  0.25387
24400  0.253638
24450  0.253638
24500  0.253625
24550  0.253202
24600  0.253185
24650  0.252878
24700  0.252825
24750  0.252509
24800  0.252442
24850  0.252165
24900  0.252028
24950  0.251867
25000  0.251809
25050  0.25165
25100  0.251641
25150  0.25154
25200  0.251385
25250  0.251385
25300  0.251184
25350  0.251135
25400  0.251089
25450  0.250935
25500  0.250773
25550  0.250645
25600  0.250204
25650  0.250032
25700  0.249906
25750  0.249606
25800  0.249474
25850  0.249289
25900  0.249273
25950  0.249055
26000  0.248976
26050  0.248974
26100  0.248974
26150  0.248892
26200  0.248835
26250  0.248677
26300  0.248323
26350  0.248323
26400  0.248202
26450  0.248116
26500  0.248114
26550  0.247843
26600  0.247645
26650  0.247645
26700  0.24739
26750  0.247362
26800  0.247271
26850  0.247099
26900  0.247015
26950  0.246955
27000  0.246599
27050  0.246551
27100  0.246551
27150  0.246463
27200  0.246199
27250  0.246038
27300  0.246038
27350  0.246019
27400  0.245974
27450  0.245776
27500  0.245711
27550  0.245658
27600  0.245534
27650  0.245534
27700  0.245534
27750  0.24522
27800  0.245127
27850  0.245072
27900  0.244876
27950  0.244876
28000  0.244636
28050  0.244457
28100  0.244457
28150  0.24431
28200  0.244188
28250  0.243894
28300  0.243865
28350  0.243748
28400  0.24364
28450  0.24364
28500  0.243505
28550  0.243505
28600  0.243293
28650  0.243139
28700  0.242717
28750  0.242715
28800  0.24253
28850  0.242408
28900  0.242264
28950  0.242235
29000  0.242142
29050  0.241989
29100  0.241961
29150  0.241879
29200  0.241785
29250  0.241785
29300  0.241648
29350  0.241322
29400  0.241231
29450  0.24117
29500  0.241036
29550  0.240789
29600  0.240727
29650  0.24045
29700  0.240324
29750  0.240236
29800  0.240101
29850  0.239913
29900  0.239863
29950  0.239666
30000  0.239535
30050  0.23943
30100  0.2393
30150  0.238969
30200  0.238802
30250  0.238802
30300  0.238753
30350  0.238693
30400  0.238493
30450  0.238437
30500  0.238271
30550  0.238271
30600  0.238206
30650  0.238144
30700  0.238006
30750  0.23797
30800  0.23797
30850  0.23793
30900  0.237927
30950  0.23782
31000  0.237787
31050  0.237585
31100  0.237232
31150  0.237232
31200  0.237151
31250  0.237077
31300  0.236884
31350  0.236799
31400  0.236799
31450  0.236524
31500  0.236411
31550  0.23621
31600  0.23621
31650  0.236115
31700  0.236063
31750  0.236063
31800  0.236063
31850  0.236063
31900  0.236028
31950  0.235983
32000  0.235983
32050  0.235909
32100  0.235909
32150  0.235777
32200  0.235777
32250  0.235777
32300  0.235777
32350  0.23561
32400  0.23561
32450  0.235555
32500  0.23543
32550  0.23543
32600  0.235416
32650  0.235218
32700  0.235218
32750  0.235111
32800  0.235009
32850  0.234899
32900  0.234899
32950  0.234782
33000  0.234655
33050  0.234382
33100  0.234246
33150  0.234092
33200  0.234008
33250  0.233768
33300  0.233736
33350  0.233639
33400  0.233415
33450  0.233209
33500  0.233109
33550  0.232889
33600  0.232608
33650  0.232316
33700  0.232042
33750  0.231936
33800  0.23184
33850  0.231407
33900  0.231068
33950  0.230914
34000  0.230721
34050  0.230648
34100  0.230297
34150  0.230171
34200  0.23008
34250  0.230015
34300  0.229959
34350  0.229959
34400  0.229741
34450  0.22973
34500  0.229568
34550  0.229387
34600  0.229387
34650  0.229354
34700  0.229301
34750  0.229267
34800  0.229267
34850  0.229191
34900  0.229133
34950  0.229033
35000  0.22874
35050  0.228687
35100  0.228543
35150  0.228365
35200  0.228256
35250  0.228146
35300  0.228105
35350  0.227948
35400  0.227848
35450  0.227832
35500  0.227809
35550  0.227595
35600  0.227465
35650  0.227389
35700  0.227231
35750  0.227231
35800  0.22723
35850  0.227141
35900  0.227
35950  0.226941
36000  0.226773
36050  0.226568
36100  0.226544
36150  0.226335
36200  0.226328
36250  0.226299
36300  0.226196
36350  0.226044
36400  0.225896
36450  0.225782
36500  0.225543
36550  0.225402
36600  0.225325
36650  0.225214
36700  0.225203
36750  0.225203
36800  0.225163
36850  0.225112
36900  0.224988
36950  0.224813
37000  0.224808
37050  0.224808
37100  0.224808
37150  0.224684
37200  0.224539
37250  0.224377
37300  0.224377
37350  0.224266
37400  0.224192
37450  0.224192
37500  0.224185
37550  0.22418
37600  0.22418
37650  0.224137
37700  0.224113
37750  0.223998
37800  0.223998
37850  0.223998
37900  0.223931
37950  0.223866
38000  0.22376
38050  0.22376
38100  0.223652
38150  0.223638
38200  0.223495
38250  0.223493
38300  0.223392
38350  0.223087
38400  0.223087
38450  0.223087
38500  0.223087
38550  0.223087
38600  0.223087
38650  0.223039
38700  0.223027
38750  0.22301
38800  0.22301
38850  0.222907
38900  0.22289
38950  0.22268
39000  0.222536
39050  0.222425
39100  0.222381
39150  0.222267
39200  0.222267
39250  0.222134
39300  0.222074
39350  0.222027
39400  0.221826
39450  0.221822
39500  0.22174
39550  0.22174
39600  0.221677
39650  0.221571
39700  0.221464
39750  0.221464
39800  0.221406
39850  0.221408
39900  0.221408
39950  0.221408
40000  0.221302
40050  0.221203
40100  0.221115
40150  0.221115
40200  0.221115
40250  0.221004
40300  0.221004
40350  0.220933
40400  0.220889
40450  0.220865
40500  0.220865
40550  0.220821
40600  0.220748
40650  0.220748
40700  0.220748
40750  0.220715
40800  0.220681
40850  0.220681
40900  0.220681
40950  0.220643
41000  0.220624
41050  0.220624
41100  0.220553
41150  0.220553
41200  0.220553
41250  0.220434
41300  0.220434
41350  0.220422
41400  0.220422
41450  0.220331
41500  0.220331
41550  0.220328
41600  0.220328
41650  0.220328
41700  0.220329
41750  0.220313
41800  0.220313
41850  0.220179
41900  0.220179
41950  0.220146
42000  0.21987
42050  0.21987
42100  0.219778
42150  0.219718
42200  0.219679
42250  0.219632
42300  0.219568
42350  0.219479
42400  0.219401
42450  0.219384
42500  0.219384
42550  0.219354
42600  0.219304
42650  0.219285
42700  0.219285
42750  0.219225
42800  0.219153
42850  0.219224
42900  0.219153
42950  0.21911
43000  0.219082
43050  0.219082
43100  0.219016
43150  0.219016
43200  0.219016
43250  0.219016
43300  0.219016
43350  0.218917
43400  0.218917
43450  0.218848
43500  0.218848
43550  0.218848
43600  0.218808
43650  0.218794
43700  0.218693
43750  0.218693
43800  0.218693
43850  0.218659
43900  0.218612
43950  0.21853
44000  0.21852
44050  0.218454
44100  0.218337
44150  0.218304
44200  0.218255
44250  0.21821
44300  0.218132
44350  0.218043
44400  0.218003
44450  0.218003
44500  0.218003
44550  0.217843
44600  0.217824
44650  0.21775
44700  0.217748
44750  0.217727
44800  0.217634
44850  0.217485
44900  0.217481
44950  0.217476
45000  0.217435
45050  0.217245
45100  0.217245
45150  0.217206
45200  0.217152
45250  0.217152
45300  0.217133
45350  0.217031
45400  0.216886
45450  0.216848
45500  0.216703
45550  0.216518
45600  0.216491
45650  0.216491
45700  0.216407
45750  0.216407
45800  0.216387
45850  0.216302
45900  0.216182
45950  0.216124
46000  0.216124
46050  0.216124
46100  0.216032
46150  0.215981
46200  0.215861
46250  0.215697
46300  0.215691
46350  0.215503
46400  0.215444
46450  0.215373
46500  0.215351
46550  0.215212
46600  0.215127
46650  0.215099
46700  0.214949
46750  0.214809
46800  0.214705
46850  0.214705
46900  0.214359
46950  0.214359
47000  0.214359
47050  0.214231
47100  0.214231
47150  0.214065
47200  0.213926
47250  0.213917
47300  0.213917
47350  0.213915
47400  0.213853
47450  0.213853
47500  0.213771
47550  0.213756
47600  0.213756
47650  0.213756
47700  0.213557
47750  0.213431
47800  0.213422
47850  0.213401
47900  0.213259
47950  0.213259
48000  0.213256
48050  0.213201
48100  0.213194
48150  0.213119
48200  0.213119
48250  0.212967
48300  0.212803
48350  0.212799
48400  0.212797
48450  0.212769
48500  0.212769
48550  0.212665
48600  0.212643
48650  0.212643
48700  0.212632
48750  0.21261
48800  0.21261
48850  0.21257
48900  0.212527
48950  0.212509
49000  0.212467
49050  0.212426
49100  0.212426
49150  0.212426
49200  0.212418
49250  0.212418
49300  0.212342
49350  0.212282
49400  0.212282
49450  0.212226
49500  0.212169
49550  0.212144
49600  0.212144
49650  0.211985
49700  0.211826
49750  0.211815
49800  0.211815
49850  0.211811
49900  0.21181
49950  0.211809
50000  0.211706
50050  0.211565
50100  0.211523
50150  0.211465
50200  0.211465
50250  0.211465
50300  0.211394
50350  0.211394
50400  0.211394
50450  0.211394
50500  0.211382
50550  0.211382
50600  0.211382
50650  0.211362
50700  0.211362
50750  0.211362
50800  0.211303
50850  0.211278
50900  0.211299
50950  0.211179
51000  0.211179
51050  0.211111
51100  0.211092
51150  0.211088
51200  0.211088
51250  0.211054
51300  0.211054
51350  0.211054
51400  0.211054
51450  0.210985
51500  0.210985
51550  0.210967
51600  0.210926
51650  0.210926
51700  0.210903
51750  0.210903
51800  0.210799
51850  0.210799
51900  0.210799
51950  0.210721
52000  0.210678
52050  0.210658
52100  0.210658
52150  0.210658
52200  0.210609
52250  0.210609
52300  0.21053
52350  0.21053
52400  0.210502
52450  0.210502
52500  0.210501
52550  0.210463
52600  0.210285
52650  0.210285
52700  0.210285
52750  0.210285
52800  0.210226
52850  0.210201
52900  0.210201
52950  0.210201
53000  0.210126
53050  0.210037
53100  0.210037
53150  0.210037
53200  0.209969
53250  0.209969
53300  0.209969
53350  0.209969
53400  0.209886
53450  0.209886
53500  0.209886
53550  0.209878
53600  0.209815
53650  0.209799
53700  0.209734
53750  0.209734
53800  0.209729
53850  0.209729
53900  0.209682
53950  0.209599
54000  0.209592
54050  0.209553
54100  0.209487
54150  0.209356
54200  0.209313
54250  0.209295
54300  0.209295
54350  0.209287
54400  0.209225
54450  0.209215
54500  0.209215
54550  0.209098
54600  0.209098
54650  0.20888
54700  0.208828
54750  0.208828
54800  0.208613
54850  0.208559
54900  0.208505
54950  0.208505
55000  0.208479
55050  0.208416
55100  0.208416
55150  0.208364
55200  0.208364
55250  0.208202
55300  0.208166
55350  0.208149
55400  0.208052
55450  0.208052
55500  0.207999
55550  0.207989
55600  0.207977
55650  0.207977
55700  0.207977
55750  0.207943
55800  0.207923
55850  0.2079
55900  0.207824
55950  0.207824
56000  0.207824
56050  0.207815
56100  0.20776
56150  0.207723
56200  0.207713
56250  0.207685
56300  0.207606
56350  0.207589
56400  0.207523
56450  0.207498
56500  0.207498
56550  0.207483
56600  0.207468
56650  0.207457
56700  0.207361
56750  0.207333
56800  0.207261
56850  0.207261
56900  0.207261
56950  0.207261
57000  0.207259
57050  0.207259
57100  0.207145
57150  0.207051
57200  0.206946
57250  0.206946
57300  0.206946
57350  0.206946
57400  0.206896
57450  0.206885
57500  0.206843
57550  0.20684
57600  0.20682
57650  0.20682
57700  0.20682
57750  0.206791
57800  0.206791
57850  0.206782
57900  0.206782
57950  0.206647
58000  0.206538
58050  0.206538
58100  0.206538
58150  0.206314
58200  0.206294
58250  0.206282
58300  0.206282
58350  0.206282
58400  0.20624
58450  0.20624
58500  0.206201
58550  0.206163
58600  0.206057
58650  0.206045
58700  0.206001
58750  0.205933
58800  0.205859
58850  0.205859
58900  0.205859
58950  0.205799
59000  0.205799
59050  0.205799
59100  0.205681
59150  0.205528
59200  0.20534
59250  0.205251
59300  0.205141
59350  0.205045
59400  0.204975
59450  0.204838
59500  0.204716
59550  0.204666
59600  0.2045
59650  0.204466
59700  0.204421
59750  0.204421
59800  0.204285
59850  0.204285
59900  0.204285
59950  0.204285
60000  0.204211
60050  0.204211
60100  0.204153
60150  0.204075
60200  0.204037
60250  0.203687
60300  0.203666
60350  0.20358
60400  0.20358
60450  0.20358
60500  0.20358
60550  0.203573
60600  0.20353
60650  0.203493
60700  0.203344
60750  0.20331
60800  0.203269
60850  0.20306
60900  0.203015
60950  0.203015
61000  0.202968
61050  0.20296
61100  0.202925
61150  0.202886
61200  0.202853
61250  0.202797
61300  0.202762
61350  0.202621
61400  0.202582
61450  0.20251
61500  0.202428
61550  0.202413
61600  0.202371
61650  0.202312
61700  0.202262
61750  0.202249
61800  0.202217
61850  0.202121
61900  0.202024
61950  0.201988
62000  0.201921
62050  0.201921
62100  0.201921
62150  0.201897
62200  0.201897
62250  0.201871
62300  0.20186
62350  0.201804
62400  0.201731
62450  0.201731
62500  0.201634
62550  0.201634
62600  0.201634
62650  0.20161
62700  0.201599
62750  0.201598
62800  0.201544
62850  0.201544
62900  0.201544
62950  0.201499
63000  0.201466
63050  0.201455
63100  0.201378
63150  0.201378
63200  0.201378
63250  0.201326
63300  0.201303
63350  0.201303
63400  0.201303
63450  0.201207
63500  0.201205
63550  0.201205
63600  0.201205
63650  0.201205
63700  0.201205
63750  0.201035
63800  0.201035
63850  0.200952
63900  0.200905
63950  0.200917
64000  0.200917
64050  0.200852
64100  0.200852
64150  0.200804
64200  0.200796
64250  0.200627
64300  0.200627
64350  0.200562
64400  0.200562
64450  0.200562
64500  0.200493
64550  0.200493
64600  0.200406
64650  0.200353
64700  0.200253
64750  0.200253
64800  0.200189
64850  0.200189
64900  0.200119
64950  0.200055
65000  0.199854
65050  0.199854
65100  0.199717
65150  0.199703
65200  0.199696
65250  0.199655
65300  0.199655
65350  0.199641
65400  0.199641
65450  0.199641
65500  0.199584
65550  0.199584
65600  0.199501
65650  0.199501
65700  0.199474
65750  0.1994
65800  0.19934
65850  0.199262
65900  0.199262
65950  0.199212
66000  0.199178
66050  0.199178
66100  0.199174
66150  0.19915
66200  0.19915
66250  0.199025
66300  0.199025
66350  0.199025
66400  0.199025
66450  0.198894
66500  0.198852
66550  0.198852
66600  0.198847
66650  0.198809
66700  0.198809
66750  0.198766
66800  0.198766
66850  0.198766
66900  0.198722
66950  0.198722
67000  0.198695
67050  0.198695
67100  0.198695
67150  0.198695
67200  0.198695
67250  0.198616
67300  0.198586
67350  0.198516
67400  0.198516
67450  0.198516
67500  0.198516
67550  0.198435
67600  0.198435
67650  0.198392
67700  0.198392
67750  0.198392
67800  0.198392
67850  0.198391
67900  0.198391
67950  0.198376
68000  0.198376
68050  0.198376
68100  0.198353
68150  0.198353
68200  0.198353
68250  0.198333
68300  0.198192
68350  0.198171
68400  0.198139
68450  0.198139
68500  0.198139
68550  0.198139
68600  0.198139
68650  0.198069
68700  0.198069
68750  0.198069
68800  0.198055
68850  0.198055
68900  0.198055
68950  0.198004
69000  0.198004
69050  0.197967
69100  0.197967
69150  0.197967
69200  0.197967
69250  0.197967
69300  0.197967
69350  0.197967
69400  0.197967
69450  0.197898
69500  0.197898
69550  0.197872
69600  0.197872
69650  0.197872
69700  0.197872
69750  0.197872
69800  0.197872
69850  0.197872
69900  0.197791
69950  0.197743
70000  0.197648
70050  0.197598
70100  0.197568
70150  0.197568
70200  0.197568
70250  0.197568
70300  0.197568
70350  0.197568
70400  0.197568
70450  0.19755
70500  0.19755
70550  0.197535
70600  0.197494
70650  0.197473
70700  0.19742
70750  0.197357
70800  0.197357
70850  0.197351
70900  0.197243
70950  0.197243
71000  0.197243
71050  0.197243
71100  0.197243
71150  0.197243
71200  0.197243
71250  0.197243
71300  0.197183
71350  0.197183
71400  0.197183
71450  0.197183
71500  0.197152
71550  0.197132
71600  0.197132
71650  0.197132
71700  0.197076
71750  0.197076
71800  0.197076
71850  0.197076
71900  0.197076
71950  0.197076
72000  0.197058
72050  0.197022
72100  0.197022
72150  0.197022
72200  0.197014
72250  0.197006
72300  0.197006
72350  0.196983
72400  0.196983
72450  0.196967
72500  0.196967
72550  0.19695
72600  0.196937
72650  0.196937
72700  0.196937
72750  0.196898
72800  0.19686
72850  0.196852
72900  0.196852
72950  0.196835
73000  0.196835
73050  0.196835
73100  0.196799
73150  0.196799
73200  0.196751
73250  0.196725
73300  0.196725
73350  0.196565
73400  0.196565
73450  0.196565
73500  0.19653
73550  0.19653
73600  0.19653
73650  0.19653
73700  0.19653
73750  0.196486
73800  0.196486
73850  0.196486
73900  0.196471
73950  0.196471
74000  0.196484
74050  0.196484
74100  0.196484
74150  0.196418
74200  0.196418
74250  0.196418
74300  0.196384
74350  0.196322
74400  0.196322
74450  0.196277
74500  0.196224
74550  0.196221
74600  0.196201
74650  0.196183
74700  0.196127
74750  0.196127
74800  0.196079
74850  0.195997
74900  0.195997
74950  0.195997
75000  0.19595
75050  0.195935
75100  0.195935
75150  0.195935
75200  0.195935
75250  0.195935
75300  0.195872
75350  0.19582
75400  0.19582
75450  0.19582
75500  0.19582
75550  0.195765
75600  0.195765
75650  0.19575
75700  0.19575
75750  0.19575
75800  0.19575
75850  0.195722
75900  0.195699
75950  0.195608
76000  0.195601
76050  0.195531
76100  0.195505
76150  0.195505
76200  0.195505
76250  0.195493
76300  0.195493
76350  0.195468
76400  0.195466
76450  0.195466
76500  0.195466
76550  0.195466
76600  0.195344
76650  0.195344
76700  0.195344
76750  0.195329
76800  0.195314
76850  0.19531
76900  0.19531
76950  0.195292
77000  0.195292
77050  0.195292
77100  0.195292
77150  0.195238
77200  0.195238
77250  0.195224
77300  0.195224
77350  0.195224
77400  0.195129
77450  0.195129
77500  0.195129
77550  0.195122
77600  0.195159
77650  0.195112
77700  0.195039
77750  0.195039
77800  0.195039
77850  0.194995
77900  0.194908
77950  0.194857
78000  0.194857
78050  0.194857
78100  0.194857
78150  0.19484
78200  0.19484
78250  0.19484
78300  0.194746
78350  0.194744
78400  0.194744
78450  0.194735
78500  0.194574
78550  0.194574
78600  0.194574
78650  0.194563
78700  0.194558
78750  0.194483
78800  0.194339
78850  0.194339
78900  0.194339
78950  0.194309
79000  0.194309
79050  0.194282
79100  0.194173
79150  0.194173
79200  0.194173
79250  0.194171
79300  0.194171
79350  0.194151
79400  0.194084
79450  0.194084
79500  0.194042
79550  0.194042
79600  0.19402
79650  0.19402
79700  0.19402
79750  0.194005
79800  0.194005
79850  0.194005
79900  0.194005
79950  0.194005
80000  0.19392
80050  0.193879
80100  0.193879
80150  0.193879
80200  0.193858
80250  0.193858
80300  0.193858
80350  0.193858
80400  0.193858
80450  0.193858
80500  0.193858
80550  0.193825
80600  0.193825
80650  0.19382
80700  0.193766
80750  0.193721
80800  0.193667
80850  0.19355
80900  0.193504
80950  0.19347
81000  0.193423
81050  0.193423
81100  0.193423
81150  0.193395
81200  0.193321
81250  0.193312
81300  0.193162
81350  0.193162
81400  0.193162
81450  0.193162
81500  0.193162
81550  0.193074
81600  0.193074
81650  0.193074
81700  0.193074
81750  0.193074
81800  0.193064
81850  0.193064
81900  0.193064
81950  0.192972
82000  0.192972
82050  0.192972
82100  0.192927
82150  0.192868
82200  0.192837
82250  0.192757
82300  0.192722
82350  0.192632
82400  0.192632
82450  0.192632
82500  0.192632
82550  0.192632
82600  0.192632
82650  0.1926
82700  0.192594
82750  0.192594
82800  0.192594
82850  0.192594
82900  0.192485
82950  0.192442
83000  0.192421
83050  0.192358
83100  0.192322
83150  0.192322
83200  0.192291
83250  0.192206
83300  0.192159
83350  0.192159
83400  0.192159
83450  0.192159
83500  0.192123
83550  0.191985
83600  0.191985
83650  0.191939
83700  0.191914
83750  0.191914
83800  0.191914
83850  0.191914
83900  0.191914
83950  0.191854
84000  0.191854
84050  0.191834
84100  0.19183
84150  0.19183
84200  0.19183
84250  0.191829
84300  0.191829
84350  0.191829
84400  0.191829
84450  0.191829
84500  0.191829
84550  0.1918
84600  0.191781
84650  0.191786
84700  0.191729
84750  0.191729
84800  0.191688
84850  0.191688
84900  0.191688
84950  0.191663
85000  0.191663
85050  0.191646
85100  0.191677
85150  0.191677
85200  0.191677
85250  0.191677
85300  0.191677
85350  0.191677
85400  0.191677
85450  0.191583
85500  0.191583
85550  0.191583
85600  0.191575
85650  0.191575
85700  0.191556
85750  0.191469
85800  0.191469
85850  0.191469
85900  0.191469
85950  0.191469
86000  0.191469
86050  0.191451
86100  0.191451
86150  0.191451
86200  0.191405
86250  0.191405
86300  0.191405
86350  0.191405
86400  0.191405
86450  0.191405
86500  0.191405
86550  0.191405
86600  0.191405
86650  0.191405
86700  0.191405
86750  0.191405
86800  0.191339
86850  0.191339
86900  0.191339
86950  0.191339
87000  0.191339
87050  0.191339
87100  0.191333
87150  0.191333
87200  0.191333
87250  0.191333
87300  0.191289
87350  0.191289
87400  0.191289
87450  0.191289
87500  0.191253
87550  0.191253
87600  0.191253
87650  0.191253
87700  0.191253
87750  0.191253
87800  0.191253
87850  0.191253
87900  0.191174
87950  0.191174
88000  0.191174
88050  0.191174
88100  0.19111
88150  0.19111
88200  0.19111
88250  0.19111
88300  0.19111
88350  0.191033
88400  0.191033
88450  0.191033
88500  0.191033
88550  0.191033
88600  0.191033
88650  0.191033
88700  0.191033
88750  0.191033
88800  0.191033
88850  0.191033
88900  0.191033
88950  0.191033
89000  0.191033
89050  0.190965
89100  0.190965
89150  0.190915
89200  0.190878
89250  0.190878
89300  0.190878
89350  0.190878
89400  0.190878
89450  0.190856
89500  0.190856
89550  0.190856
89600  0.190856
89650  0.190856
89700  0.190791
89750  0.190791
89800  0.190791
89850  0.190791
89900  0.190791
89950  0.190791
90000  0.190724
90050  0.190715
90100  0.190665
90150  0.190665
90200  0.190646
90250  0.190646
90300  0.190637
90350  0.190637
90400  0.190573
90450  0.190519
90500  0.190549
90550  0.190549
90600  0.190549
90650  0.190532
90700  0.190532
90750  0.190532
90800  0.190399
90850  0.190399
90900  0.190359
90950  0.190339
91000  0.190312
91050  0.190296
91100  0.19027
91150  0.190213
91200  0.190114
91250  0.190114
91300  0.19007
91350  0.190066
91400  0.19002
91450  0.189972
91500  0.189972
91550  0.189949
91600  0.189948
91650  0.189924
91700  0.189863
91750  0.189825
91800  0.189825
91850  0.189825
91900  0.189815
91950  0.189815
92000  0.189798
92050  0.189798
92100  0.189798
92150  0.189798
92200  0.189736
92250  0.189736
92300  0.189736
92350  0.189712
92400  0.189662
92450  0.189628
92500  0.189595
92550  0.189519
92600  0.189487
92650  0.189487
92700  0.189474
92750  0.189427
92800  0.189413
92850  0.18938
92900  0.18938
92950  0.18934
93000  0.18934
93050  0.189313
93100  0.189359
93150  0.189258
93200  0.18921
93250  0.18921
93300  0.189083
93350  0.189083
93400  0.189071
93450  0.188993
93500  0.188993
93550  0.188914
93600  0.188914
93650  0.188914
93700  0.188876
93750  0.188876
93800  0.188876
93850  0.188781
93900  0.188781
93950  0.188781
94000  0.188732
94050  0.188717
94100  0.188693
94150  0.188689
94200  0.188606
94250  0.188606
94300  0.188445
94350  0.188445
94400  0.188339
94450  0.188339
94500  0.18833
94550  0.188229
94600  0.188229
94650  0.188229
94700  0.188229
94750  0.188229
94800  0.188225
94850  0.188225
94900  0.188225
94950  0.188159
95000  0.188141
95050  0.188141
95100  0.188071
95150  0.188069
95200  0.188021
95250  0.187999
95300  0.187993
95350  0.187993
95400  0.187993
95450  0.18794
95500  0.18794
95550  0.18794
95600  0.187937
95650  0.187878
95700  0.187851
95750  0.187851
95800  0.187851
95850  0.187851
95900  0.187851
95950  0.187851
96000  0.187787
96050  0.187787
96100  0.187785
96150  0.187785
96200  0.187785
96250  0.187728
96300  0.187728
96350  0.187728
96400  0.187718
96450  0.187705
96500  0.187705
96550  0.187705
96600  0.187705
96650  0.187705
96700  0.187705
96750  0.187677
96800  0.187649
96850  0.187649
96900  0.187649
96950  0.187621
97000  0.187621
97050  0.187621
97100  0.187621
97150  0.187621
97200  0.187621
97250  0.187621
97300  0.187574
97350  0.187574
97400  0.187574
97450  0.187574
97500  0.187574
97550  0.187549
97600  0.187547
97650  0.187502
97700  0.187502
97750  0.187502
97800  0.187502
97850  0.187502
97900  0.187457
97950  0.187457
98000  0.187457
98050  0.187426
98100  0.187426
98150  0.187426
98200  0.187423
98250  0.187402
98300  0.187287
98350  0.187287
98400  0.187268
98450  0.187268
98500  0.187209
98550  0.187209
98600  0.187209
98650  0.187209
98700  0.187191
98750  0.187191
98800  0.187171
98850  0.187167
98900  0.187086
98950  0.187086
99000  0.187028
99050  0.18702
99100  0.18702
99150  0.186982
99200  0.186934
99250  0.186934
99300  0.186934
99350  0.186882
99400  0.186791
99450  0.186791
99500  0.186736
99550  0.186736
99600  0.186736
99650  0.186714
99700  0.186678
99750  0.186678
99800  0.186678
99850  0.186678
99900  0.186659
99950  0.186659
100000  0.186659
100050  0.186659
100100  0.186659
100150  0.186633
100200  0.186633
100250  0.186633
100300  0.186633
100350  0.186633
100400  0.186592
100450  0.186583
100500  0.186583
100550  0.186583
100600  0.186527
100650  0.186527
100700  0.186527
100750  0.186527
100800  0.186508
100850  0.186469
100900  0.186469
100950  0.186469
101000  0.186469
101050  0.186417
101100  0.186417
101150  0.186417
101200  0.186417
101250  0.18641
101300  0.186391
101350  0.186391
101400  0.186391
101450  0.186391
101500  0.186391
101550  0.186342
101600  0.186342
101650  0.186342
101700  0.186342
101750  0.186342
101800  0.186307
101850  0.186307
101900  0.186307
101950  0.186307
102000  0.186294
102050  0.186265
102100  0.186265
102150  0.186265
102200  0.186122
102250  0.186122
102300  0.186122
102350  0.186122
102400  0.186122
102450  0.186122
102500  0.186122
102550  0.186091
102600  0.186086
102650  0.186086
102700  0.186086
102750  0.186086
102800  0.186056
102850  0.186056
102900  0.186056
102950  0.186014
103000  0.186014
103050  0.186014
103100  0.186014
103150  0.185981
103200  0.185981
103250  0.185981
103300  0.185981
103350  0.185981
103400  0.185923
103450  0.185923
103500  0.185923
103550  0.185841
103600  0.185841
103650  0.185841
103700  0.185841
103750  0.185841
103800  0.185841
103850  0.185841
103900  0.185825
103950  0.185825
104000  0.185825
104050  0.185825
104100  0.185807
104150  0.185807
104200  0.185807
104250  0.185799
104300  0.185799
104350  0.185787
104400  0.185763
104450  0.185763
104500  0.185763
104550  0.185651
104600  0.185651
104650  0.18561
104700  0.18561
104750  0.18561
104800  0.185555
104850  0.185555
104900  0.185555
104950  0.185555
105000  0.185555
105050  0.185571
105100  0.185571
105150  0.185571
105200  0.185571
105250  0.18553
105300  0.185507
105350  0.185507
105400  0.185507
105450  0.185507
105500  0.185507
105550  0.185507
105600  0.185507
105650  0.185507
105700  0.185507
105750  0.185507
105800  0.185507
105850  0.185507
105900  0.185474
105950  0.185451
106000  0.185451
106050  0.185451
106100  0.185451
106150  0.185359
106200  0.185359
106250  0.185359
106300  0.185359
106350  0.185359
106400  0.185359
106450  0.185359
106500  0.185314
106550  0.185314
106600  0.185314
106650  0.185314
106700  0.185272
106750  0.185272
106800  0.18524
106850  0.18524
106900  0.18524
106950  0.18524
107000  0.185207
107050  0.185207
107100  0.185207
107150  0.185207
107200  0.185207
107250  0.185175
107300  0.185168
107350  0.185168
107400  0.185109
107450  0.185103
107500  0.185103
107550  0.185079
107600  0.185079
107650  0.185079
107700  0.185034
107750  0.185034
107800  0.185034
107850  0.185034
107900  0.185034
107950  0.185034
108000  0.185034
108050  0.185006
108100  0.185006
108150  0.184969
108200  0.184963
108250  0.184899
108300  0.184899
108350  0.184852
108400  0.184901
108450  0.184901
108500  0.184852
108550  0.184852
108600  0.184852
108650  0.184852
108700  0.184779
108750  0.184779
108800  0.184779
108850  0.184765
108900  0.184765
108950  0.184735
109000  0.184735
109050  0.184735
109100  0.184677
109150  0.184663
109200  0.184662
109250  0.184653
109300  0.184653
109350  0.184653
109400  0.184594
109450  0.184594
109500  0.184444
109550  0.184404
109600  0.184404
109650  0.184404
109700  0.184404
109750  0.184404
109800  0.184404
109850  0.184329
109900  0.184329
109950  0.184113
110000  0.184102
110050  0.184095
110100  0.184095
110150  0.184095
110200  0.184095
110250  0.184075
110300  0.184075
110350  0.184075
110400  0.184075
110450  0.184023
110500  0.183996
110550  0.183939
110600  0.183939
110650  0.183904
110700  0.183884
110750  0.183835
110800  0.183835
110850  0.183798
110900  0.18378
110950  0.183761
111000  0.183755
111050  0.183723
111100  0.183695
111150  0.183695
111200  0.183695
111250  0.183695
111300  0.183682
111350  0.183631
111400  0.183614
111450  0.183614
111500  0.183614
111550  0.183608
111600  0.183608
111650  0.183545
111700  0.183511
111750  0.183511
111800  0.183511
111850  0.183438
111900  0.183409
111950  0.183382
112000  0.183382
112050  0.183382
112100  0.183382
112150  0.183382
112200  0.183301
112250  0.183267
112300  0.18326
112350  0.18326
112400  0.183184
112450  0.183155
112500  0.183155
112550  0.183132
112600  0.18311
112650  0.18311
112700  0.183089
112750  0.183089
112800  0.183089
112850  0.183089
112900  0.182992
112950  0.182992
113000  0.182994
113050  0.182994
113100  0.182994
113150  0.182945
113200  0.182932
113250  0.182932
113300  0.182932
113350  0.182932
113400  0.182898
113450  0.182898
113500  0.18289
113550  0.182855
113600  0.182855
113650  0.182802
113700  0.182802
113750  0.182802
113800  0.182774
113850  0.182774
113900  0.182766
113950  0.182708
114000  0.182708
114050  0.182708
114100  0.182708
114150  0.182663
114200  0.182623
114250  0.182623
114300  0.182623
114350  0.182623
114400  0.182666
114450  0.182592
114500  0.182592
114550  0.182592
114600  0.182592
114650  0.182592
114700  0.182592
114750  0.182592
114800  0.182592
114850  0.182585
114900  0.182531
114950  0.182531
115000  0.182531
115050  0.182531
115100  0.182525
115150  0.182525
115200  0.182525
115250  0.182488
115300  0.182447
115350  0.182447
115400  0.182447
115450  0.182447
115500  0.182392
115550  0.182392
115600  0.182392
115650  0.182392
115700  0.182392
115750  0.182392
115800  0.182282
115850  0.182282
115900  0.182282
115950  0.182282
116000  0.182249
116050  0.182249
116100  0.182249
116150  0.182249
116200  0.182201
116250  0.182201
116300  0.182196
116350  0.182173
116400  0.182173
116450  0.182173
116500  0.182173
116550  0.182076
116600  0.182053
116650  0.182053
116700  0.18202
116750  0.182007
116800  0.181963
116850  0.181944
116900  0.181944
116950  0.181944
117000  0.181914
117050  0.181914
117100  0.181914
117150  0.181887
117200  0.181887
117250  0.181887
117300  0.181887
117350  0.181869
117400  0.18184
117450  0.18184
117500  0.18184
117550  0.18182
117600  0.18182
117650  0.181796
117700  0.181796
117750  0.181777
117800  0.18177
117850  0.18177
117900  0.18177
117950  0.181748
118000  0.181748
118050  0.181702
118100  0.18167
118150  0.18167
118200  0.18167
118250  0.18167
118300  0.18167
118350  0.181647
118400  0.181647
118450  0.181647
118500  0.181647
118550  0.181647
118600  0.181647
118650  0.181577
118700  0.181577
118750  0.181576
118800  0.181552
118850  0.181552
118900  0.181552
118950  0.181542
119000  0.181542
119050  0.181525
119100  0.181525
119150  0.181525
119200  0.181525
119250  0.181514
119300  0.181491
119350  0.181465
119400  0.181453
119450  0.181453
119500  0.181453
119550  0.181453
119600  0.181423
119650  0.181423
119700  0.181366
119750  0.181366
119800  0.181366
119850  0.181366
119900  0.181366
119950  0.181356
120000  0.181356
120050  0.18133
120100  0.18133
120150  0.181275
120200  0.181253
120250  0.181253
120300  0.181253
120350  0.181222
120400  0.181222
120450  0.181222
120500  0.181222
120550  0.181222
120600  0.181219
120650  0.181219
120700  0.181219
120750  0.181157
120800  0.181157
120850  0.181147
120900  0.181098
120950  0.181098
121000  0.181098
121050  0.181098
121100  0.181098
121150  0.181082
121200  0.181082
121250  0.181082
121300  0.181084
121350  0.181084
121400  0.181084
121450  0.181084
121500  0.181084
121550  0.181067
121600  0.181067
121650  0.181067
121700  0.181067
121750  0.181067
121800  0.181067
121850  0.181008
121900  0.181008
121950  0.180994
122000  0.180994
122050  0.180994
122100  0.180994
122150  0.180994
122200  0.180954
122250  0.180954
122300  0.180879
122350  0.180828
122400  0.180828
122450  0.180828
122500  0.18079
122550  0.18079
122600  0.18079
122650  0.180783
122700  0.180767
122750  0.180767
122800  0.180712
122850  0.180582
122900  0.180582
122950  0.180582
123000  0.180582
123050  0.180582
123100  0.180565
123150  0.180565
123200  0.180565
123250  0.180544
123300  0.180544
123350  0.180544
123400  0.180544
123450  0.180544
123500  0.180544
123550  0.180529
123600  0.180529
123650  0.180529
123700  0.180529
123750  0.180529
123800  0.180456
123850  0.180456
123900  0.180456
123950  0.180389
124000  0.180374
124050  0.180374
124100  0.180357
124150  0.180357
124200  0.180357
124250  0.180276
124300  0.180276
124350  0.180276
124400  0.180276
124450  0.180276
124500  0.180276
124550  0.180276
124600  0.180276
124650  0.180276
124700  0.180276
124750  0.180261
124800  0.180261
124850  0.180223
124900  0.180182
124950  0.180182
125000  0.180182
125050  0.180182
125100  0.180182
125150  0.180182
125200  0.180182
125250  0.180109
125300  0.180109
125350  0.180099
125400  0.180099
125450  0.180099
125500  0.180099
125550  0.180099
125600  0.180099
125650  0.180114
125700  0.180114
125750  0.18007
125800  0.18007
125850  0.18007
125900  0.18007
125950  0.18007
126000  0.18007
126050  0.18007
126100  0.18007
126150  0.18007
126200  0.18007
126250  0.18007
126300  0.18007
126350  0.18007
126400  0.18007
126450  0.18007
126500  0.18007
126550  0.18007
126600  0.18007
126650  0.180018
126700  0.180018
126750  0.180018
126800  0.180018
126850  0.180018
126900  0.180018
126950  0.180018
127000  0.180018
127050  0.180018
127100  0.180018
127150  0.180018
127200  0.180018
127250  0.180018
127300  0.180018
127350  0.180018
127400  0.180018
127450  0.180018
127500  0.180018
127550  0.180018
127600  0.180018
127650  0.180018
127700  0.180016
127750  0.180016
127800  0.180016
127850  0.180016
127900  0.180016
127950  0.180016
128000  0.180016
128050  0.180016
128100  0.180016
128150  0.180016
128200  0.180016
128250  0.180016
128300  0.179998
128350  0.179998
128400  0.179983
128450  0.179983
128500  0.179983
128550  0.179959
128600  0.179959
128650  0.179959
128700  0.179959
128750  0.179959
128800  0.179959
128850  0.179959
128900  0.179912
128950  0.179912
129000  0.179912
129050  0.179912
129100  0.179912
129150  0.179912
129200  0.179912
129250  0.179912
129300  0.179912
129350  0.179912
129400  0.179888
129450  0.179888
129500  0.179888
129550  0.179888
129600  0.179852
129650  0.179852
129700  0.179852
129750  0.179852
129800  0.179844
129850  0.179844
129900  0.179817
129950  0.179817
130000  0.179804
130050  0.179804
130100  0.179804
130150  0.179804
130200  0.179804
130250  0.179804
130300  0.179804
130350  0.179804
130400  0.179804
130450  0.179804
130500  0.179804
130550  0.179804
130600  0.179804
130650  0.179766
130700  0.179766
130750  0.179766
130800  0.179766
