Step  Penalty
10  0.534576
20  0.50897
30  0.501155
40  0.496034
50  0.492753
60  0.488641
70  0.487359
80  0.486903
90  0.486761
100  0.486761
110  0.484098
120  0.484098
130  0.479206
140  0.478863
150  0.478148
160  0.476788
170  0.476788
180  0.475903
190  0.475016
200  0.471202
210  0.468161
220  0.467256
230  0.465338
240  0.464226
250  0.464134
260  0.462032
270  0.461766
280  0.461766
290  0.461766
300  0.461766
310  0.461694
320  0.461694
330  0.461694
340  0.461694
350  0.460956
360  0.45904
370  0.45904
380  0.457713
390  0.457713
400  0.457713
410  0.456829
420  0.456829
430  0.456829
440  0.456829
450  0.456829
460  0.456829
470  0.456829
480  0.456829
490  0.456829
500  0.456628
510  0.456628
520  0.456628
530  0.456628
540  0.456628
550  0.455774
560  0.455774
570  0.455774
580  0.455774
590  0.454433
600  0.454433
610  0.454433
620  0.454433
630  0.454433
640  0.454433
650  0.454433
660  0.454433
670  0.454433
680  0.454433
690  0.454433
700  0.454433
710  0.454377
720  0.453615
730  0.453615
740  0.453615
750  0.453615
760  0.452977
770  0.452536
780  0.452536
790  0.452536
800  0.452536
810  0.452536
820  0.452433
830  0.452433
840  0.452433
850  0.452433
860  0.452433
870  0.452433
880  0.452377
890  0.452377
900  0.452377
910  0.452377
920  0.452094
930  0.452094
940  0.452094
950  0.452094
960  0.452094
970  0.451303
980  0.451172
990  0.451172
1000  0.450931
1010  0.450931
1020  0.449492
1030  0.449492
1040  0.449492
1050  0.449492
1060  0.449492
1070  0.449492
1080  0.449492
1090  0.449492
1100  0.449149
1110  0.449149
1120  0.449149
1130  0.449149
1140  0.449149
1150  0.449149
1160  0.449149
1170  0.449149
1180  0.449149
1190  0.449149
1200  0.449149
1210  0.449149
1220  0.449149
1230  0.449149
1240  0.449007
1250  0.449007
1260  0.449007
1270  0.449007
1280  0.449007
1290  0.449007
1300  0.449007
1310  0.449007
1320  0.448729
1330  0.448729
1340  0.448729
1350  0.448729
1360  0.448729
1370  0.448729
1380  0.448729
1390  0.448729
1400  0.448729
1410  0.448729
1420  0.448729
1430  0.448729
1440  0.448729
1450  0.448729
1460  0.448729
1470  0.448729
1480  0.448729
1490  0.448729
1500  0.448729
1510  0.448729
1520  0.448729
1530  0.448729
1540  0.448729
1550  0.448729
1560  0.448729
1570  0.448729
1580  0.447544
1590  0.447544
1600  0.446029
1610  0.446029
1620  0.446029
1630  0.446029
1640  0.446029
1650  0.446029
1660  0.446029
1670  0.446029
1680  0.445382
1690  0.445382
1700  0.445382
1710  0.445382
1720  0.445382
1730  0.445382
1740  0.445382
1750  0.445382
1760  0.445382
1770  0.445382
1780  0.445382
1790  0.445382
1800  0.445382
1810  0.445382
1820  0.445382
1830  0.445382
1840  0.445382
1850  0.445382
1860  0.445382
1870  0.445382
1880  0.445382
1890  0.445382
1900  0.444359
1910  0.444359
1920  0.444359
1930  0.444359
1940  0.444359
1950  0.444359
1960  0.444359
1970  0.444359
1980  0.444359
1990  0.444359
2000  0.442888
2010  0.442888
2020  0.441501
2030  0.441501
2040  0.441501
2050  0.441501
2060  0.441501
2070  0.441501
2080  0.441501
2090  0.441501
2100  0.441501
2110  0.441501
2120  0.441501
2130  0.441501
2140  0.441501
2150  0.441501
2160  0.441501
2170  0.441501
2180  0.441501
2190  0.441501
2200  0.440531
2210  0.438524
2220  0.438524
2230  0.438524
2240  0.438524
2250  0.438479
2260  0.438479
2270  0.438479
2280  0.438479
2290  0.438274
2300  0.438274
2310  0.438274
2320  0.438274
2330  0.437344
2340  0.437344
2350  0.437344
2360  0.437344
2370  0.437344
2380  0.437344
2390  0.437344
2400  0.437344
2410  0.437344
2420  0.437344
2430  0.437344
2440  0.437344
2450  0.437344
2460  0.437344
2470  0.437344
2480  0.437344
2490  0.437344
2500  0.437344
2510  0.437344
2520  0.437344
2530  0.435959
2540  0.435959
2550  0.435959
2560  0.435959
2570  0.435959
2580  0.435959
2590  0.435959
2600  0.435959
2610  0.435959
2620  0.435959
2630  0.435959
2640  0.435959
2650  0.43593
2660  0.43593
2670  0.43593
2680  0.43593
2690  0.43593
2700  0.43593
2710  0.43593
2720  0.43593
2730  0.43593
2740  0.43593
2750  0.43593
2760  0.43593
2770  0.43593
2780  0.43593
2790  0.43593
2800  0.43593
2810  0.43593
2820  0.43593
2830  0.43593
2840  0.43593
2850  0.43593
2860  0.43593
2870  0.43593
2880  0.43593
2890  0.43593
2900  0.435713
2910  0.435713
2920  0.435713
2930  0.435713
2940  0.435713
2950  0.435713
2960  0.435713
2970  0.435713
2980  0.435713
2990  0.435713
3000  0.435713
3010  0.435713
3020  0.435713
3030  0.435713
3040  0.435713
3050  0.434464
3060  0.434464
3070  0.434464
3080  0.433083
3090  0.433083
3100  0.433083
3110  0.433083
3120  0.433083
3130  0.433032
3140  0.433032
3150  0.433032
3160  0.433032
3170  0.433032
3180  0.432279
3190  0.432279
3200  0.432279
3210  0.432279
3220  0.432279
3230  0.432279
3240  0.432279
3250  0.432279
3260  0.432279
3270  0.432279
3280  0.432279
3290  0.432279
3300  0.431305
3310  0.431305
3320  0.431305
3330  0.431305
3340  0.431305
3350  0.431305
3360  0.431305
3370  0.431305
3380  0.431305
3390  0.431305
3400  0.431305
3410  0.431305
3420  0.431305
3430  0.431305
3440  0.431305
3450  0.431305
3460  0.431305
3470  0.431305
3480  0.431305
3490  0.431305
3500  0.431305
3510  0.431305
3520  0.431305
3530  0.431305
3540  0.431305
3550  0.431305
3560  0.431305
3570  0.431305
3580  0.431305
3590  0.431305
3600  0.431305
3610  0.431305
3620  0.431305
3630  0.431305
3640  0.431305
3650  0.431305
3660  0.431305
3670  0.431305
3680  0.431305
3690  0.431305
3700  0.431305
3710  0.431305
3720  0.431305
3730  0.431305
3740  0.430697
3750  0.430697
3760  0.430697
3770  0.430697
3780  0.430697
3790  0.430697
3800  0.430697
3810  0.430697
3820  0.430697
3830  0.430697
3840  0.430697
3850  0.430697
3860  0.430697
3870  0.430697
3880  0.430697
3890  0.430697
3900  0.430697
3910  0.429529
3920  0.429529
3930  0.429529
3940  0.429529
3950  0.429529
3960  0.429529
3970  0.429529
3980  0.429529
3990  0.429529
4000  0.429529
4010  0.429529
4020  0.429529
4030  0.429529
4040  0.429529
4050  0.429461
4060  0.429461
4070  0.429461
4080  0.429461
4090  0.429461
4100  0.429461
4110  0.429461
4120  0.429461
4130  0.429461
4140  0.429461
4150  0.429461
4160  0.429461
4170  0.42784
4180  0.42784
4190  0.427734
4200  0.427734
4210  0.427393
4220  0.427393
4230  0.427393
4240  0.427393
4250  0.427393
4260  0.427393
4270  0.427393
4280  0.427393
4290  0.427393
4300  0.427393
4310  0.427393
4320  0.427393
4330  0.427393
4340  0.427393
4350  0.427393
4360  0.427393
4370  0.427393
4380  0.427393
4390  0.427393
4400  0.427393
4410  0.427393
4420  0.427393
4430  0.427393
4440  0.427393
4450  0.427393
4460  0.427393
4470  0.427393
4480  0.427393
4490  0.427393
4500  0.427393
4510  0.426979
4520  0.426979
4530  0.426979
4540  0.426979
4550  0.426979
4560  0.426979
4570  0.426979
4580  0.426979
4590  0.426979
4600  0.426979
4610  0.426979
4620  0.426979
4630  0.426979
4640  0.426979
4650  0.426979
4660  0.426979
4670  0.426979
4680  0.426979
4690  0.426979
4700  0.426979
4710  0.426979
4720  0.426979
4730  0.426979
4740  0.426979
4750  0.426979
4760  0.426979
4770  0.426979
4780  0.426979
4790  0.426979
4800  0.426979
4810  0.426979
4820  0.426979
4830  0.426979
4840  0.426979
4850  0.426979
4860  0.426979
4870  0.426979
4880  0.426979
4890  0.426979
4900  0.426979
4910  0.426979
4920  0.426952
4930  0.426952
4940  0.426952
4950  0.426952
4960  0.426952
4970  0.426952
4980  0.426952
4990  0.426952
5000  0.426952
5010  0.426952
5020  0.426952
5030  0.426952
5040  0.426952
5050  0.426952
5060  0.426952
5070  0.426952
5080  0.426952
5090  0.426952
5100  0.426952
5110  0.426952
5120  0.426952
5130  0.426952
5140  0.426952
5150  0.426952
5160  0.426952
5170  0.426952
5180  0.426952
5190  0.426952
5200  0.426952
5210  0.426952
5220  0.426952
5230  0.426952
5240  0.426952
5250  0.426952
5260  0.426952
5270  0.426952
5280  0.426952
5290  0.426952
5300  0.426952
5310  0.426952
5320  0.426952
5330  0.426952
5340  0.426952
5350  0.426952
5360  0.426952
5370  0.426952
5380  0.426952
5390  0.426952
5400  0.426952
5410  0.426952
5420  0.426952
5430  0.426952
5440  0.426952
5450  0.426952
5460  0.426952
5470  0.426952
5480  0.426952
5490  0.426952
5500  0.426952
5510  0.426952
5520  0.426952
5530  0.426952
5540  0.426952
5550  0.426952
5560  0.426952
5570  0.426546
5580  0.426546
5590  0.426546
5600  0.426546
5610  0.426546
5620  0.426546
5630  0.426546
5640  0.426546
5650  0.426546
5660  0.426546
5670  0.426546
5680  0.426546
5690  0.426546
5700  0.426546
5710  0.426546
5720  0.426546
5730  0.426546
5740  0.426546
5750  0.426546
5760  0.426546
5770  0.426546
5780  0.426546
5790  0.426546
5800  0.426546
5810  0.426546
5820  0.426546
5830  0.426546
5840  0.426546
5850  0.426546
5860  0.426546
5870  0.426546
5880  0.426546
5890  0.426546
5900  0.426546
5910  0.426546
5920  0.426546
5930  0.426546
5940  0.426546
5950  0.426546
5960  0.426546
5970  0.426546
5980  0.426546
5990  0.426546
6000  0.426546
6010  0.426546
6020  0.426546
6030  0.426546
6040  0.426546
6050  0.426546
6060  0.426546
6070  0.426546
6080  0.426546
6090  0.426546
6100  0.426546
6110  0.426546
6120  0.426546
6130  0.426546
6140  0.426546
6150  0.426546
6160  0.426546
6170  0.426546
6180  0.426546
6190  0.425849
6200  0.425849
6210  0.425849
6220  0.425849
6230  0.425849
6240  0.425849
6250  0.425849
6260  0.425471
6270  0.425471
6280  0.425471
6290  0.425471
6300  0.425471
6310  0.425471
6320  0.425471
6330  0.425471
6340  0.425471
6350  0.425471
6360  0.425471
6370  0.425471
6380  0.425471
6390  0.425471
6400  0.425471
6410  0.425471
6420  0.425471
6430  0.425471
6440  0.425471
6450  0.425471
6460  0.425471
6470  0.425471
6480  0.425471
6490  0.425471
6500  0.425471
6510  0.425471
6520  0.425471
6530  0.425471
6540  0.425471
6550  0.425471
6560  0.425471
6570  0.425471
6580  0.425471
6590  0.425471
6600  0.425471
6610  0.425471
6620  0.425471
6630  0.425471
6640  0.425471
6650  0.425471
6660  0.425471
6670  0.425389
6680  0.425389
6690  0.425389
6700  0.425389
6710  0.425389
6720  0.425389
6730  0.425389
6740  0.425389
6750  0.425389
6760  0.425389
6770  0.425389
6780  0.425389
6790  0.425389
6800  0.425389
6810  0.425389
6820  0.425389
6830  0.425389
6840  0.425389
6850  0.425389
6860  0.425389
6870  0.425389
6880  0.425389
6890  0.425389
6900  0.424822
6910  0.424717
6920  0.424717
6930  0.424717
6940  0.424717
6950  0.424717
6960  0.424717
6970  0.424717
6980  0.424717
6990  0.424717
7000  0.424717
7010  0.424717
7020  0.424717
7030  0.424717
7040  0.424717
7050  0.424717
7060  0.424717
7070  0.424717
7080  0.424717
7090  0.424717
7100  0.424717
7110  0.424717
7120  0.424717
7130  0.424717
7140  0.424717
7150  0.424717
7160  0.424717
7170  0.424717
7180  0.424717
7190  0.424717
7200  0.424717
7210  0.424717
7220  0.424717
7230  0.424717
7240  0.424717
7250  0.424717
7260  0.424717
7270  0.424717
7280  0.424717
7290  0.424717
7300  0.424717
7310  0.424717
7320  0.424717
7330  0.424717
7340  0.424717
7350  0.424717
7360  0.424717
7370  0.424717
7380  0.424717
7390  0.424717
7400  0.424717
7410  0.424717
7420  0.424717
7430  0.424717
7440  0.424717
7450  0.424717
7460  0.424717
7470  0.424717
7480  0.424717
7490  0.424717
7500  0.424717
7510  0.424717
7520  0.424717
7530  0.424717
7540  0.424717
7550  0.424717
7560  0.424717
7570  0.424717
7580  0.424717
7590  0.424717
7600  0.424717
7610  0.424717
7620  0.424717
7630  0.424717
7640  0.424717
7650  0.424717
7660  0.424717
7670  0.424717
7680  0.424717
7690  0.424717
7700  0.424717
7710  0.424717
7720  0.424717
7730  0.424717
7740  0.424717
7750  0.424717
7760  0.424717
7770  0.424717
7780  0.424717
7790  0.424717
7800  0.424717
7810  0.424717
7820  0.424717
7830  0.424717
7840  0.424717
7850  0.424717
7860  0.424717
7870  0.424717
7880  0.424717
7890  0.424717
7900  0.424717
7910  0.424717
7920  0.424717
7930  0.424717
7940  0.424717
7950  0.424717
7960  0.424717
7970  0.424717
7980  0.424717
7990  0.424717
8000  0.424717
8010  0.424717
8020  0.424717
8030  0.424717
8040  0.424717
8050  0.424717
8060  0.424717
8070  0.424717
8080  0.424717
8090  0.424717
8100  0.424717
8110  0.424717
8120  0.424717
8130  0.424717
8140  0.424717
8150  0.424172
8160  0.424172
8170  0.424172
8180  0.424172
8190  0.424172
8200  0.424172
8210  0.424172
8220  0.424172
8230  0.424172
8240  0.424172
8250  0.424172
8260  0.424172
8270  0.424172
8280  0.424172
8290  0.424172
8300  0.424172
8310  0.424172
8320  0.424172
8330  0.424172
8340  0.424172
8350  0.424172
8360  0.424172
8370  0.424172
8380  0.424172
8390  0.424172
8400  0.424172
8410  0.424172
8420  0.424172
8430  0.424172
8440  0.424172
8450  0.424172
8460  0.424172
8470  0.424172
8480  0.424172
8490  0.424172
8500  0.424172
8510  0.424172
8520  0.424172
8530  0.424172
8540  0.424172
8550  0.424172
8560  0.424172
8570  0.424172
8580  0.424172
8590  0.424172
8600  0.424172
8610  0.424172
8620  0.424172
8630  0.424172
8640  0.424172
8650  0.424172
8660  0.424172
8670  0.424172
8680  0.424172
8690  0.424172
8700  0.424172
8710  0.424172
8720  0.424172
8730  0.424172
8740  0.424172
8750  0.424172
8760  0.424172
8770  0.424172
8780  0.424172
8790  0.424172
8800  0.424172
8810  0.423526
8820  0.423526
8830  0.423526
8840  0.423526
8850  0.423526
8860  0.423526
8870  0.423526
8880  0.423526
8890  0.423526
8900  0.423526
8910  0.423526
8920  0.423526
8930  0.423526
8940  0.423526
8950  0.423526
8960  0.423526
8970  0.423526
8980  0.423526
8990  0.423526
9000  0.423526
9010  0.423526
9020  0.423526
9030  0.423526
9040  0.423526
9050  0.423526
9060  0.423526
9070  0.423526
9080  0.423526
9090  0.423526
9100  0.423526
9110  0.423526
9120  0.423526
9130  0.423526
9140  0.423526
9150  0.423526
9160  0.423526
9170  0.423526
9180  0.423526
9190  0.423526
9200  0.423526
9210  0.423526
9220  0.423526
9230  0.423526
9240  0.423526
9250  0.423526
9260  0.423526
9270  0.423526
9280  0.423526
9290  0.423526
9300  0.423526
9310  0.423526
9320  0.423526
9330  0.423526
9340  0.423526
9350  0.423526
9360  0.423526
9370  0.423526
9380  0.423526
9390  0.423526
9400  0.423526
9410  0.423526
9420  0.423526
9430  0.423526
9440  0.423526
9450  0.423526
9460  0.423526
9470  0.423526
9480  0.423526
9490  0.423526
9500  0.423526
9510  0.423526
9520  0.423526
9530  0.423526
9540  0.423526
9550  0.423526
9560  0.423526
9570  0.423526
9580  0.423526
9590  0.423526
9600  0.423526
9610  0.423526
9620  0.423526
9630  0.423526
9640  0.423526
9650  0.423526
9660  0.423526
9670  0.423526
9680  0.423526
9690  0.423526
9700  0.423526
9710  0.423526
9720  0.423526
9730  0.423526
9740  0.423526
9750  0.423526
9760  0.423526
9770  0.423526
9780  0.423526
9790  0.423526
9800  0.423526
9810  0.423526
9820  0.423526
9830  0.423526
9840  0.423526
9850  0.423526
9860  0.423526
9870  0.423526
9880  0.423526
9890  0.423526
9900  0.423526
9910  0.423526
9920  0.423526
9930  0.423526
9940  0.423526
9950  0.423526
9960  0.423526
9970  0.423526
9980  0.423526
9990  0.423526
10000  0.423526
10010  0.423526
10020  0.423526
10030  0.423526
10040  0.423526
10050  0.423526
10060  0.423526
10070  0.423526
10080  0.423526
10090  0.423526
10100  0.423526
10110  0.423526
10120  0.423526
10130  0.423526
10140  0.423526
10150  0.423526
10160  0.423526
10170  0.423526
10180  0.423526
10190  0.423526
10200  0.423526
10210  0.423526
10220  0.423526
10230  0.423526
10240  0.423317
10250  0.423317
10260  0.423317
10270  0.423317
10280  0.423317
10290  0.423317
10300  0.423317
10310  0.423317
10320  0.423317
10330  0.423317
10340  0.423317
10350  0.423317
10360  0.423317
10370  0.423317
10380  0.423317
10390  0.423317
10400  0.423317
10410  0.423317
10420  0.423317
10430  0.423317
10440  0.423317
10450  0.423317
10460  0.423317
10470  0.423317
10480  0.423317
10490  0.423317
10500  0.423317
10510  0.423317
10520  0.423317
10530  0.423317
10540  0.423317
10550  0.423317
10560  0.423317
10570  0.423317
10580  0.423317
10590  0.423317
10600  0.423317
10610  0.42325
10620  0.42325
10630  0.42325
10640  0.42325
10650  0.42325
10660  0.42325
10670  0.42312
10680  0.42312
10690  0.42312
10700  0.42312
10710  0.42312
10720  0.42312
10730  0.42312
10740  0.42312
10750  0.42312
10760  0.42312
10770  0.42312
10780  0.42312
10790  0.42312
10800  0.42312
10810  0.42312
10820  0.42312
10830  0.42312
10840  0.42312
10850  0.42312
10860  0.42312
10870  0.42312
10880  0.42312
10890  0.42312
10900  0.42312
10910  0.42312
10920  0.42312
10930  0.42312
10940  0.42312
10950  0.42312
10960  0.42312
10970  0.42312
10980  0.42312
10990  0.42312
11000  0.42312
11010  0.42312
11020  0.42312
11030  0.42312
11040  0.42312
11050  0.42312
11060  0.42312
11070  0.42312
11080  0.42312
11090  0.42312
11100  0.42312
11110  0.42312
11120  0.42312
11130  0.42312
11140  0.42312
11150  0.42312
11160  0.42312
11170  0.42312
11180  0.42312
11190  0.42312
11200  0.42312
11210  0.42312
11220  0.42312
11230  0.42312
11240  0.42312
11250  0.42312
11260  0.42312
11270  0.422707
11280  0.422707
11290  0.422707
11300  0.422707
11310  0.422707
11320  0.422707
11330  0.422707
11340  0.422707
11350  0.422707
11360  0.422707
11370  0.422707
11380  0.422707
11390  0.422707
11400  0.422707
11410  0.422707
11420  0.422707
11430  0.422707
11440  0.42254
11450  0.42254
11460  0.42254
11470  0.42254
11480  0.42254
11490  0.42254
11500  0.42254
11510  0.42254
11520  0.42254
11530  0.42254
11540  0.42254
11550  0.42254
11560  0.42254
11570  0.42254
11580  0.42254
11590  0.42254
11600  0.42254
11610  0.42254
11620  0.42254
11630  0.42254
11640  0.42254
11650  0.42254
11660  0.42254
11670  0.42254
11680  0.42254
11690  0.42254
11700  0.42254
11710  0.42254
11720  0.42254
11730  0.42254
11740  0.42254
11750  0.42254
11760  0.42254
11770  0.42254
11780  0.42254
11790  0.42254
11800  0.42254
11810  0.42254
11820  0.42254
11830  0.42254
11840  0.42254
11850  0.42254
11860  0.42254
11870  0.42254
11880  0.42254
11890  0.42254
11900  0.42254
11910  0.42254
11920  0.42254
11930  0.42254
11940  0.42254
11950  0.42254
11960  0.42254
11970  0.42254
11980  0.42254
11990  0.42254
12000  0.42254
12010  0.42254
12020  0.42254
12030  0.42254
12040  0.42254
12050  0.42254
12060  0.42254
12070  0.42254
12080  0.42254
12090  0.42254
12100  0.42254
12110  0.42254
12120  0.42254
12130  0.42254
12140  0.42254
12150  0.42254
12160  0.42254
12170  0.42254
12180  0.42254
12190  0.42254
12200  0.42254
12210  0.42254
12220  0.42254
12230  0.42254
12240  0.42254
12250  0.42254
12260  0.42254
12270  0.42254
12280  0.42254
12290  0.42254
12300  0.42254
12310  0.42254
12320  0.42254
12330  0.42254
12340  0.42254
12350  0.42254
12360  0.42254
12370  0.42254
12380  0.42254
12390  0.42254
12400  0.42254
12410  0.42254
12420  0.42254
12430  0.42254
12440  0.42254
12450  0.42254
12460  0.42254
12470  0.42254
12480  0.42254
12490  0.42254
12500  0.42254
12510  0.42254
12520  0.42254
12530  0.42254
12540  0.42254
12550  0.42254
12560  0.42254
12570  0.42254
12580  0.42254
12590  0.42254
12600  0.42254
12610  0.42254
12620  0.42254
12630  0.42254
12640  0.42254
12650  0.42254
12660  0.42254
12670  0.42254
12680  0.42254
12690  0.42254
12700  0.42254
12710  0.42254
12720  0.42254
12730  0.42254
12740  0.42254
12750  0.42254
12760  0.42254
12770  0.42254
12780  0.42254
12790  0.42254
12800  0.42254
12810  0.42254
12820  0.42254
12830  0.42254
12840  0.42254
12850  0.42254
12860  0.42254
12870  0.42254
12880  0.42254
12890  0.42254
12900  0.42254
12910  0.42254
12920  0.42254
12930  0.42254
12940  0.42254
12950  0.42254
12960  0.42254
12970  0.42254
12980  0.42254
12990  0.42254
13000  0.42254
13010  0.42254
13020  0.42254
13030  0.42254
13040  0.42254
13050  0.42254
13060  0.42254
13070  0.42254
13080  0.42254
13090  0.42254
13100  0.42254
13110  0.42254
13120  0.42254
13130  0.42254
13140  0.42254
13150  0.42254
13160  0.42254
13170  0.42254
13180  0.42254
13190  0.42254
13200  0.42254
13210  0.42254
13220  0.42254
13230  0.42254
13240  0.42254
13250  0.42254
13260  0.42254
13270  0.42254
13280  0.42254
13290  0.42254
13300  0.42254
13310  0.42254
13320  0.42254
13330  0.42254
13340  0.42254
13350  0.42254
13360  0.42254
13370  0.42254
13380  0.42254
13390  0.42254
13400  0.42254
13410  0.42254
13420  0.42254
13430  0.42254
13440  0.42254
13450  0.42254
13460  0.42254
13470  0.42254
13480  0.42254
13490  0.42254
13500  0.42254
13510  0.42254
13520  0.42254
13530  0.42254
13540  0.42254
13550  0.42254
13560  0.42254
13570  0.42254
13580  0.42254
13590  0.42254
13600  0.42254
13610  0.42254
13620  0.42254
13630  0.42254
13640  0.42254
13650  0.42254
13660  0.42254
13670  0.42254
13680  0.42254
13690  0.42254
13700  0.42254
13710  0.42254
13720  0.42254
13730  0.42254
13740  0.42254
13750  0.42254
13760  0.42254
13770  0.42254
13780  0.42254
13790  0.42254
13800  0.42254
13810  0.42254
13820  0.42254
13830  0.42254
13840  0.42254
13850  0.421972
13860  0.421972
13870  0.421972
13880  0.421972
13890  0.421972
13900  0.421972
13910  0.421211
13920  0.421211
13930  0.421211
13940  0.421211
13950  0.421211
13960  0.421211
13970  0.421211
13980  0.421211
13990  0.421211
14000  0.421211
14010  0.421211
14020  0.421211
14030  0.421211
14040  0.421211
14050  0.421211
14060  0.421211
14070  0.421211
14080  0.421211
14090  0.421211
14100  0.421211
14110  0.421211
14120  0.421211
14130  0.421211
14140  0.421211
14150  0.421211
14160  0.421211
14170  0.421211
14180  0.421211
14190  0.421211
14200  0.421211
14210  0.421211
14220  0.421211
14230  0.421211
14240  0.421211
14250  0.421211
14260  0.421211
14270  0.421211
14280  0.421211
14290  0.420766
14300  0.420766
14310  0.420766
14320  0.420766
14330  0.420766
14340  0.420766
14350  0.420766
14360  0.420766
14370  0.420766
14380  0.420766
14390  0.420766
14400  0.420766
14410  0.420766
14420  0.420766
14430  0.420766
14440  0.420766
14450  0.420766
14460  0.420766
14470  0.420766
14480  0.420766
14490  0.420766
14500  0.420766
14510  0.420766
14520  0.420766
14530  0.420766
14540  0.420766
14550  0.420766
14560  0.420766
14570  0.420766
14580  0.420766
14590  0.420766
14600  0.420766
14610  0.420766
14620  0.420766
14630  0.420766
14640  0.420766
14650  0.420766
14660  0.420766
14670  0.420766
14680  0.420766
14690  0.420766
14700  0.420766
14710  0.420766
14720  0.420766
14730  0.420766
14740  0.420766
14750  0.420766
14760  0.420766
14770  0.420766
14780  0.420766
14790  0.420766
14800  0.420766
14810  0.420766
14820  0.420766
14830  0.420766
14840  0.420766
14850  0.420766
14860  0.420766
14870  0.420766
14880  0.420766
14890  0.420766
14900  0.420766
14910  0.420766
14920  0.420766
14930  0.420766
14940  0.420766
14950  0.420766
14960  0.420766
14970  0.420766
14980  0.420766
14990  0.420766
15000  0.420766
15010  0.420766
15020  0.420766
15030  0.420766
15040  0.420766
15050  0.420766
15060  0.420766
15070  0.420766
15080  0.420766
15090  0.420766
15100  0.420766
15110  0.420766
15120  0.420766
15130  0.420766
15140  0.420766
15150  0.420766
15160  0.420766
15170  0.420766
15180  0.420766
15190  0.420766
15200  0.420766
15210  0.420766
15220  0.420766
15230  0.420766
15240  0.420766
15250  0.420766
15260  0.420766
15270  0.420766
15280  0.420766
15290  0.420766
15300  0.420766
15310  0.420766
15320  0.420766
15330  0.420766
15340  0.420766
15350  0.420766
15360  0.420766
15370  0.420766
15380  0.420766
15390  0.420766
15400  0.420766
15410  0.420766
15420  0.420766
15430  0.420766
15440  0.420766
15450  0.419941
15460  0.419941
15470  0.419941
15480  0.419941
15490  0.419941
15500  0.419941
15510  0.419941
15520  0.419941
15530  0.419941
15540  0.419941
15550  0.419941
15560  0.419941
15570  0.419941
15580  0.419941
15590  0.419941
15600  0.419941
15610  0.419941
15620  0.419941
15630  0.419941
15640  0.419941
15650  0.419941
15660  0.419941
15670  0.419941
15680  0.419941
15690  0.419941
15700  0.419941
15710  0.419941
15720  0.419941
15730  0.419941
15740  0.419941
15750  0.419941
15760  0.419941
15770  0.419941
15780  0.419941
15790  0.419941
15800  0.419941
15810  0.419941
15820  0.419941
15830  0.419941
15840  0.419941
15850  0.419941
15860  0.419941
15870  0.419941
15880  0.419941
15890  0.419941
15900  0.419941
15910  0.419941
15920  0.419941
15930  0.419941
15940  0.419941
15950  0.419941
15960  0.419941
15970  0.419941
15980  0.419941
15990  0.419941
16000  0.419941
16010  0.419941
16020  0.419941
16030  0.419941
16040  0.419941
16050  0.419941
16060  0.419941
16070  0.419941
16080  0.419941
16090  0.419941
16100  0.419941
16110  0.419941
16120  0.419941
16130  0.419941
16140  0.419941
16150  0.419941
16160  0.419941
16170  0.419941
16180  0.419941
16190  0.419941
16200  0.419941
16210  0.419941
16220  0.419941
16230  0.419941
16240  0.419941
16250  0.419941
16260  0.419941
16270  0.419941
16280  0.419941
16290  0.419941
16300  0.419941
16310  0.419941
16320  0.419941
16330  0.419941
16340  0.419941
16350  0.419941
16360  0.419941
16370  0.419941
16380  0.419941
16390  0.419941
16400  0.419941
16410  0.419941
16420  0.419941
16430  0.419941
16440  0.419941
16450  0.419941
16460  0.419941
16470  0.419941
16480  0.419941
16490  0.419941
16500  0.419875
16510  0.419875
16520  0.419875
16530  0.419875
16540  0.419875
16550  0.419875
16560  0.419875
16570  0.419875
16580  0.419875
16590  0.419875
16600  0.419875
16610  0.419875
16620  0.419875
16630  0.419875
16640  0.419875
16650  0.419875
16660  0.419875
16670  0.419875
16680  0.419875
16690  0.419875
16700  0.419875
16710  0.419875
16720  0.419875
16730  0.419875
16740  0.419875
16750  0.419875
16760  0.419875
16770  0.419875
16780  0.419875
16790  0.419875
16800  0.419875
16810  0.419875
16820  0.419875
16830  0.419875
16840  0.419875
16850  0.419875
16860  0.419875
16870  0.419875
16880  0.419875
16890  0.419875
16900  0.419875
16910  0.419875
16920  0.419875
16930  0.419875
16940  0.419875
16950  0.419875
16960  0.419875
16970  0.419875
16980  0.419875
16990  0.419875
17000  0.419875
17010  0.419875
17020  0.419875
17030  0.419875
17040  0.419875
17050  0.419875
17060  0.419875
17070  0.419875
17080  0.419875
17090  0.419875
17100  0.419875
17110  0.419875
17120  0.419875
17130  0.419875
17140  0.419875
17150  0.419875
17160  0.419875
17170  0.419875
17180  0.419875
17190  0.419875
17200  0.419875
17210  0.419875
17220  0.419875
17230  0.419875
17240  0.419875
17250  0.419875
17260  0.419875
17270  0.419875
17280  0.419875
17290  0.419875
17300  0.419875
17310  0.419875
17320  0.419875
17330  0.419875
17340  0.419875
17350  0.419875
17360  0.419875
17370  0.419875
17380  0.419875
17390  0.419875
17400  0.419875
17410  0.419875
17420  0.419875
17430  0.419875
17440  0.419875
17450  0.419875
17460  0.419875
17470  0.419875
17480  0.419875
17490  0.419875
17500  0.419875
17510  0.419875
17520  0.419875
17530  0.419875
17540  0.419875
17550  0.419875
17560  0.419875
17570  0.419875
17580  0.419875
17590  0.419875
17600  0.419875
17610  0.419875
17620  0.419875
17630  0.419875
17640  0.419875
17650  0.419875
17660  0.419875
17670  0.419875
17680  0.419875
17690  0.419875
17700  0.419875
17710  0.419875
17720  0.419875
17730  0.419875
17740  0.419875
17750  0.419875
17760  0.419875
17770  0.419875
17780  0.419875
17790  0.419875
17800  0.419875
17810  0.419875
17820  0.419875
17830  0.419875
17840  0.419875
17850  0.419875
17860  0.419875
17870  0.419875
17880  0.419875
17890  0.419875
17900  0.419875
17910  0.419875
17920  0.419875
17930  0.419875
17940  0.419875
17950  0.419875
17960  0.419875
17970  0.419875
17980  0.419875
17990  0.419875
18000  0.419875
18010  0.419875
18020  0.419875
18030  0.419875
18040  0.419875
18050  0.419875
18060  0.419875
18070  0.419875
18080  0.419875
18090  0.419875
18100  0.419875
18110  0.419875
18120  0.419875
18130  0.419875
18140  0.419875
18150  0.419875
18160  0.419875
18170  0.419043
18180  0.419043
18190  0.419043
18200  0.419043
18210  0.419043
18220  0.419043
18230  0.419043
18240  0.419043
18250  0.419043
18260  0.419043
18270  0.419043
18280  0.419043
18290  0.419043
18300  0.419043
18310  0.419043
18320  0.419043
18330  0.419043
18340  0.419043
18350  0.419043
18360  0.419043
18370  0.419043
18380  0.419043
18390  0.419043
18400  0.419043
18410  0.419043
18420  0.419043
18430  0.418828
18440  0.418828
18450  0.418828
18460  0.418828
18470  0.418828
18480  0.418828
18490  0.418828
18500  0.418828
18510  0.418828
18520  0.418828
18530  0.418828
18540  0.418828
18550  0.418828
18560  0.418828
18570  0.418828
18580  0.418828
18590  0.418828
18600  0.418828
18610  0.418828
18620  0.418828
18630  0.418828
18640  0.418828
18650  0.418828
18660  0.418828
18670  0.418828
18680  0.418828
18690  0.418828
18700  0.418828
18710  0.418828
18720  0.418828
18730  0.418828
18740  0.418828
18750  0.418828
18760  0.418828
18770  0.418828
18780  0.418828
18790  0.418828
18800  0.418828
18810  0.418828
18820  0.418828
18830  0.418828
18840  0.418828
18850  0.418828
18860  0.418828
18870  0.418828
18880  0.418828
18890  0.418828
18900  0.418828
18910  0.418828
18920  0.418828
18930  0.418828
18940  0.418828
18950  0.418828
18960  0.418828
18970  0.418828
18980  0.418828
18990  0.418828
19000  0.418828
19010  0.418828
19020  0.418828
19030  0.418828
19040  0.418828
19050  0.418828
19060  0.418828
19070  0.418828
19080  0.418828
19090  0.418828
19100  0.418828
19110  0.418828
19120  0.418828
19130  0.418828
19140  0.418828
19150  0.418828
19160  0.418828
19170  0.418828
19180  0.418828
19190  0.418828
19200  0.418828
19210  0.418828
19220  0.418828
19230  0.418828
19240  0.418828
19250  0.418828
19260  0.418828
19270  0.418828
19280  0.418828
19290  0.418828
19300  0.418828
19310  0.418828
19320  0.418828
19330  0.418828
19340  0.418828
19350  0.418828
19360  0.418828
19370  0.418828
19380  0.418828
19390  0.418828
19400  0.418828
19410  0.418828
19420  0.418828
19430  0.418828
19440  0.418828
19450  0.418828
19460  0.418828
19470  0.418828
19480  0.418828
19490  0.418828
19500  0.418828
19510  0.418828
19520  0.418828
19530  0.418828
19540  0.418828
19550  0.418828
19560  0.418828
19570  0.418828
19580  0.418828
19590  0.418828
19600  0.418828
19610  0.418828
19620  0.418828
19630  0.418828
19640  0.418828
19650  0.418828
19660  0.418828
19670  0.418828
19680  0.418828
19690  0.418828
19700  0.418828
19710  0.418828
19720  0.418828
19730  0.418828
19740  0.418828
19750  0.418828
19760  0.418828
19770  0.418828
19780  0.418828
19790  0.418828
19800  0.418828
19810  0.418828
19820  0.418828
19830  0.418828
19840  0.418828
19850  0.418828
19860  0.418828
19870  0.418828
19880  0.418828
19890  0.418828
19900  0.418828
19910  0.418828
19920  0.418828
19930  0.418828
19940  0.418828
19950  0.418828
19960  0.418828
19970  0.418828
19980  0.418828
19990  0.418828
20000  0.418828
20010  0.418828
20020  0.418828
20030  0.418828
20040  0.418828
20050  0.418828
20060  0.418828
20070  0.418828
20080  0.418828
20090  0.418828
20100  0.418828
20110  0.418828
20120  0.418828
20130  0.418828
20140  0.418828
20150  0.418828
20160  0.418828
20170  0.418828
20180  0.418828
20190  0.418828
20200  0.418828
20210  0.418828
20220  0.418828
20230  0.418828
20240  0.418828
20250  0.418828
20260  0.418828
20270  0.418828
20280  0.418828
20290  0.418828
20300  0.418828
20310  0.418828
20320  0.418828
20330  0.418828
20340  0.418828
20350  0.418828
20360  0.418828
20370  0.418828
20380  0.418828
20390  0.418828
20400  0.418828
20410  0.418828
20420  0.418828
20430  0.418828
20440  0.418828
20450  0.418828
20460  0.418828
20470  0.418828
20480  0.418828
20490  0.418828
20500  0.418828
20510  0.418828
20520  0.418828
20530  0.418828
20540  0.418828
20550  0.418828
20560  0.418828
20570  0.418828
20580  0.418828
20590  0.418828
20600  0.418828
20610  0.418828
20620  0.418828
20630  0.418828
20640  0.418828
20650  0.418828
20660  0.418828
20670  0.418828
20680  0.418828
20690  0.418828
20700  0.418828
20710  0.418828
20720  0.418828
20730  0.418828
20740  0.418828
20750  0.418828
20760  0.418828
20770  0.418828
20780  0.418828
20790  0.418828
20800  0.418828
20810  0.418828
20820  0.418828
20830  0.418828
20840  0.418828
20850  0.418828
20860  0.418828
20870  0.418828
20880  0.418828
20890  0.418828
20900  0.418828
20910  0.418828
20920  0.418828
20930  0.418329
20940  0.418329
20950  0.418329
20960  0.418329
20970  0.418329
20980  0.418329
20990  0.418329
21000  0.418329
21010  0.418329
21020  0.418329
21030  0.418329
21040  0.418329
21050  0.418329
21060  0.418329
21070  0.418329
21080  0.418329
21090  0.418329
21100  0.418329
21110  0.418329
21120  0.418329
21130  0.418329
21140  0.418329
21150  0.418329
21160  0.418329
21170  0.418329
21180  0.418329
21190  0.418329
21200  0.418329
21210  0.418329
21220  0.418329
21230  0.418329
21240  0.418329
21250  0.418329
21260  0.418329
21270  0.418329
21280  0.418329
21290  0.418329
21300  0.418329
21310  0.418329
21320  0.418329
21330  0.418329
21340  0.418329
21350  0.418329
21360  0.418329
21370  0.418329
21380  0.418329
21390  0.418329
21400  0.418329
21410  0.418329
21420  0.418329
21430  0.418329
21440  0.418329
21450  0.418329
21460  0.418329
21470  0.418329
21480  0.418329
21490  0.418329
21500  0.418329
21510  0.418329
21520  0.418329
21530  0.418329
21540  0.418329
21550  0.418329
21560  0.418329
21570  0.418329
21580  0.418329
21590  0.418329
21600  0.418329
21610  0.418329
21620  0.418329
21630  0.418329
21640  0.418329
21650  0.418329
21660  0.418329
21670  0.418329
21680  0.418329
21690  0.418329
21700  0.418329
21710  0.418329
21720  0.418329
21730  0.418329
21740  0.418329
21750  0.418329
21760  0.418329
21770  0.418329
21780  0.418329
21790  0.418268
21800  0.418268
21810  0.418268
21820  0.418268
21830  0.418268
21840  0.418268
21850  0.418268
21860  0.418268
21870  0.418268
21880  0.418268
21890  0.418268
21900  0.418268
21910  0.418268
21920  0.418268
21930  0.418268
21940  0.418268
21950  0.418268
21960  0.418268
21970  0.418268
21980  0.418268
21990  0.418268
22000  0.418268
22010  0.418268
22020  0.418268
22030  0.418268
22040  0.418268
22050  0.418268
22060  0.418268
22070  0.418268
22080  0.418268
22090  0.418268
22100  0.418268
22110  0.418268
22120  0.418268
22130  0.418268
22140  0.418268
22150  0.418268
22160  0.418268
22170  0.418268
22180  0.418268
22190  0.418268
22200  0.418268
22210  0.418268
22220  0.418268
22230  0.418268
22240  0.418268
22250  0.418268
22260  0.418268
22270  0.418268
22280  0.418268
22290  0.418268
22300  0.418268
22310  0.418268
22320  0.418268
22330  0.418268
22340  0.418268
22350  0.418268
22360  0.418268
22370  0.418268
22380  0.418268
22390  0.418268
22400  0.417848
22410  0.417848
22420  0.417848
22430  0.417848
22440  0.417848
22450  0.417848
22460  0.417848
22470  0.417848
22480  0.417848
22490  0.417848
22500  0.417848
22510  0.417848
22520  0.417848
22530  0.417848
22540  0.417848
22550  0.417848
22560  0.417848
22570  0.417848
22580  0.417848
22590  0.417848
22600  0.417848
22610  0.417848
22620  0.417848
22630  0.417848
22640  0.417848
22650  0.417848
22660  0.417848
22670  0.417848
22680  0.417848
22690  0.417848
22700  0.417848
22710  0.417848
22720  0.417848
22730  0.417848
22740  0.417848
22750  0.417848
22760  0.417848
22770  0.417848
22780  0.417848
22790  0.417848
22800  0.417848
22810  0.417848
22820  0.417848
22830  0.417848
22840  0.417848
22850  0.417848
22860  0.417848
22870  0.417848
22880  0.417848
22890  0.417848
22900  0.417848
22910  0.417848
22920  0.417848
22930  0.417848
22940  0.417848
22950  0.417848
22960  0.417848
22970  0.4177
22980  0.4177
22990  0.4177
23000  0.4177
23010  0.4177
23020  0.4177
23030  0.4177
23040  0.4177
23050  0.4177
23060  0.4177
23070  0.4177
23080  0.4177
23090  0.4177
23100  0.4177
23110  0.4177
23120  0.4177
23130  0.4177
23140  0.4177
23150  0.4177
23160  0.4177
23170  0.4177
23180  0.4177
23190  0.4177
23200  0.4177
23210  0.4177
23220  0.4177
23230  0.4177
23240  0.4177
23250  0.4177
23260  0.4177
23270  0.4177
23280  0.4177
23290  0.4177
23300  0.4177
23310  0.4177
23320  0.4177
23330  0.4177
23340  0.4177
23350  0.4177
23360  0.4177
23370  0.4177
23380  0.4177
23390  0.4177
23400  0.4177
23410  0.417165
23420  0.417165
23430  0.417165
23440  0.417165
23450  0.417165
23460  0.417165
23470  0.417165
23480  0.417165
23490  0.417165
23500  0.417165
23510  0.417165
23520  0.417165
23530  0.417165
23540  0.417165
23550  0.417165
23560  0.417165
23570  0.417165
23580  0.417165
23590  0.417165
23600  0.417165
23610  0.417165
23620  0.417165
23630  0.417165
23640  0.417165
23650  0.417165
23660  0.417165
23670  0.417165
23680  0.417165
23690  0.417165
23700  0.416103
23710  0.416103
23720  0.416103
23730  0.416103
23740  0.416103
23750  0.416103
23760  0.416103
23770  0.416103
23780  0.416103
23790  0.416103
23800  0.416103
23810  0.416103
23820  0.416103
23830  0.416103
23840  0.416103
23850  0.416103
23860  0.416103
23870  0.416103
23880  0.416103
23890  0.416103
23900  0.416103
23910  0.416103
23920  0.416103
23930  0.416103
23940  0.416103
23950  0.416103
23960  0.416103
23970  0.416103
23980  0.416103
23990  0.416103
24000  0.416103
24010  0.416103
24020  0.416103
24030  0.416103
24040  0.416103
24050  0.416103
24060  0.416103
24070  0.416103
24080  0.416103
24090  0.416103
24100  0.416103
24110  0.416103
24120  0.416103
24130  0.416103
24140  0.416103
24150  0.416103
24160  0.416103
24170  0.416103
24180  0.416103
24190  0.416103
24200  0.416103
24210  0.416103
24220  0.416103
24230  0.416103
24240  0.416103
24250  0.415632
24260  0.415632
24270  0.415632
24280  0.415632
24290  0.415632
24300  0.415495
24310  0.415495
24320  0.415495
24330  0.415495
24340  0.415495
24350  0.415495
24360  0.415495
24370  0.415495
24380  0.415495
24390  0.415495
24400  0.415495
24410  0.415495
24420  0.415495
24430  0.415495
24440  0.415495
24450  0.415495
24460  0.415495
24470  0.415495
24480  0.415495
24490  0.415495
24500  0.415495
24510  0.415495
24520  0.415495
24530  0.415495
24540  0.415495
24550  0.415495
24560  0.415495
24570  0.415495
24580  0.415495
24590  0.415495
24600  0.415495
24610  0.415495
24620  0.415495
24630  0.415495
24640  0.415495
24650  0.415495
24660  0.415495
24670  0.415495
24680  0.415495
24690  0.415495
24700  0.415495
24710  0.415495
24720  0.415495
24730  0.415495
24740  0.415495
24750  0.415495
24760  0.415495
24770  0.415495
24780  0.415495
24790  0.415495
24800  0.415495
24810  0.415495
24820  0.415495
24830  0.415495
24840  0.415495
24850  0.415495
24860  0.415495
24870  0.415495
24880  0.415495
24890  0.415495
24900  0.415495
24910  0.415495
24920  0.415495
24930  0.415495
24940  0.415495
24950  0.415495
24960  0.415495
24970  0.415495
24980  0.415495
24990  0.415495
25000  0.415495
25010  0.415495
25020  0.415495
25030  0.415495
25040  0.415495
25050  0.415095
25060  0.415095
25070  0.415095
25080  0.415095
25090  0.415095
25100  0.415095
25110  0.415095
25120  0.415095
25130  0.415095
25140  0.415095
25150  0.415095
25160  0.415095
25170  0.415095
25180  0.415095
25190  0.415095
25200  0.415095
25210  0.415095
25220  0.415095
25230  0.415095
25240  0.415095
25250  0.415095
25260  0.415095
25270  0.415095
25280  0.415095
25290  0.415095
25300  0.415095
25310  0.415095
25320  0.415095
25330  0.415095
25340  0.415095
25350  0.415095
25360  0.415095
25370  0.415095
25380  0.415095
25390  0.415095
25400  0.415095
25410  0.415095
25420  0.415095
25430  0.415095
25440  0.415095
25450  0.415095
25460  0.415095
25470  0.415095
25480  0.415095
25490  0.415095
25500  0.415095
25510  0.415095
25520  0.415095
25530  0.415095
25540  0.415095
25550  0.415095
25560  0.415095
25570  0.415095
25580  0.415095
25590  0.415095
25600  0.415095
25610  0.415095
25620  0.415095
25630  0.415095
25640  0.415095
25650  0.415095
25660  0.415095
25670  0.415095
25680  0.415095
25690  0.415095
25700  0.415095
25710  0.415095
25720  0.415095
25730  0.415095
25740  0.415095
25750  0.415095
25760  0.415095
25770  0.415095
25780  0.415095
25790  0.415095
25800  0.415095
25810  0.415095
25820  0.415095
25830  0.415095
25840  0.415095
25850  0.415095
25860  0.415095
25870  0.415095
25880  0.415095
25890  0.415095
25900  0.415095
25910  0.415095
25920  0.415095
25930  0.415095
25940  0.415095
25950  0.415095
25960  0.414503
25970  0.414503
25980  0.414503
25990  0.414503
26000  0.414503
26010  0.414503
26020  0.414503
26030  0.414503
26040  0.414503
26050  0.414503
26060  0.414503
26070  0.414503
26080  0.414503
26090  0.414503
26100  0.414503
26110  0.414503
26120  0.414503
26130  0.414503
26140  0.414503
26150  0.414503
26160  0.414503
26170  0.414503
26180  0.414503
26190  0.414503
26200  0.414503
26210  0.414503
26220  0.414503
26230  0.414503
26240  0.414503
26250  0.414503
26260  0.414503
26270  0.414503
26280  0.414503
26290  0.414503
26300  0.414503
26310  0.414503
26320  0.414503
26330  0.414503
26340  0.414503
26350  0.414503
26360  0.414503
26370  0.414503
26380  0.414503
26390  0.414503
26400  0.414503
26410  0.414503
26420  0.414503
26430  0.414503
26440  0.414503
26450  0.414503
26460  0.414503
26470  0.414503
26480  0.414503
26490  0.414503
26500  0.414503
26510  0.414503
26520  0.414503
26530  0.414503
26540  0.414503
26550  0.414503
26560  0.414503
26570  0.414503
26580  0.414503
26590  0.414503
26600  0.414503
26610  0.414503
26620  0.414503
26630  0.414503
26640  0.414503
26650  0.414503
26660  0.414503
26670  0.414503
26680  0.414503
26690  0.414503
26700  0.414503
26710  0.414503
26720  0.414503
26730  0.414503
26740  0.414503
26750  0.414503
26760  0.414503
26770  0.414503
26780  0.414503
26790  0.414503
26800  0.414503
26810  0.414503
26820  0.414503
26830  0.414503
26840  0.414503
26850  0.414503
26860  0.414503
26870  0.414503
26880  0.414503
26890  0.414503
26900  0.414503
26910  0.414503
26920  0.414503
26930  0.414503
26940  0.414503
26950  0.414503
26960  0.414503
26970  0.414503
26980  0.414503
26990  0.414503
27000  0.414503
27010  0.414503
27020  0.414503
27030  0.414503
27040  0.414503
27050  0.414503
27060  0.414503
27070  0.414503
27080  0.414503
27090  0.414503
27100  0.414503
27110  0.414503
27120  0.414503
27130  0.414503
27140  0.414503
27150  0.414503
27160  0.414503
27170  0.414503
27180  0.414503
27190  0.414503
27200  0.414503
27210  0.414503
27220  0.414503
27230  0.414503
27240  0.414503
27250  0.414503
27260  0.414503
27270  0.414503
27280  0.414503
27290  0.414503
27300  0.414503
27310  0.414503
27320  0.414503
27330  0.414503
27340  0.414503
27350  0.414503
27360  0.414503
27370  0.414503
27380  0.414503
27390  0.414503
27400  0.414503
27410  0.414503
27420  0.414503
27430  0.414503
27440  0.414503
27450  0.414503
27460  0.414503
27470  0.414503
27480  0.414503
27490  0.414503
27500  0.414503
27510  0.414503
27520  0.414503
27530  0.414503
27540  0.414503
27550  0.414503
27560  0.414503
27570  0.414503
27580  0.414503
27590  0.414503
27600  0.414503
27610  0.414503
27620  0.414503
27630  0.414503
27640  0.414503
27650  0.414503
27660  0.414503
27670  0.414503
27680  0.414503
27690  0.414503
27700  0.414503
27710  0.414503
27720  0.414503
27730  0.414503
27740  0.414503
27750  0.414503
27760  0.414503
27770  0.414503
27780  0.414503
27790  0.414503
27800  0.414503
27810  0.414503
27820  0.414503
27830  0.414503
27840  0.414503
27850  0.414503
27860  0.414503
27870  0.414503
27880  0.414503
27890  0.414503
27900  0.414503
27910  0.414503
27920  0.414503
27930  0.414503
27940  0.414503
27950  0.414503
27960  0.414503
27970  0.414503
27980  0.414503
27990  0.414503
28000  0.414503
28010  0.414503
28020  0.414503
28030  0.414503
28040  0.414503
28050  0.414503
28060  0.414503
28070  0.414503
28080  0.414503
28090  0.414503
28100  0.414503
28110  0.414503
28120  0.414503
28130  0.414503
28140  0.414503
28150  0.414503
28160  0.414503
28170  0.414503
28180  0.414503
28190  0.414503
28200  0.414503
28210  0.414503
28220  0.414503
28230  0.414503
28240  0.414503
28250  0.414503
28260  0.414503
28270  0.414503
28280  0.414503
28290  0.414503
28300  0.414503
28310  0.414503
28320  0.414503
28330  0.414503
28340  0.414503
28350  0.414503
28360  0.414503
28370  0.414503
28380  0.414503
28390  0.414503
28400  0.414503
28410  0.414503
28420  0.414503
28430  0.414503
28440  0.414503
28450  0.414503
28460  0.414503
28470  0.414503
28480  0.414503
28490  0.414503
28500  0.414503
28510  0.414503
28520  0.414503
28530  0.414503
28540  0.414503
28550  0.414503
28560  0.414503
28570  0.414503
28580  0.414503
28590  0.414503
28600  0.414503
28610  0.414503
28620  0.414503
28630  0.414503
28640  0.414503
28650  0.414503
28660  0.414503
28670  0.414503
28680  0.414503
28690  0.414503
28700  0.414503
28710  0.414503
28720  0.414503
28730  0.414503
28740  0.414503
28750  0.414503
28760  0.414503
28770  0.414503
28780  0.414503
28790  0.414503
28800  0.414503
28810  0.414503
28820  0.414503
28830  0.414503
28840  0.414503
28850  0.414503
28860  0.414503
28870  0.414503
28880  0.414503
28890  0.414503
28900  0.414503
28910  0.414503
28920  0.414503
28930  0.414503
28940  0.414503
28950  0.414503
28960  0.414503
28970  0.414503
28980  0.414503
28990  0.414503
29000  0.414503
29010  0.414503
29020  0.414503
29030  0.414503
29040  0.414503
29050  0.414503
29060  0.414503
29070  0.414503
29080  0.414503
29090  0.414503
29100  0.414503
29110  0.414503
29120  0.414503
29130  0.414503
29140  0.414503
29150  0.414503
29160  0.414503
29170  0.414503
29180  0.414503
29190  0.414503
29200  0.414503
29210  0.414503
29220  0.414503
29230  0.414503
29240  0.414503
29250  0.414503
29260  0.414503
29270  0.414503
29280  0.414503
29290  0.414503
29300  0.414503
29310  0.414503
29320  0.414503
29330  0.414503
29340  0.414503
29350  0.414503
29360  0.414503
29370  0.414503
29380  0.414503
29390  0.414503
29400  0.414503
29410  0.414503
29420  0.414503
29430  0.414503
29440  0.414503
29450  0.414503
29460  0.414503
29470  0.414503
29480  0.414503
29490  0.414503
29500  0.414503
29510  0.414503
29520  0.414503
29530  0.414503
29540  0.414503
29550  0.414503
29560  0.414503
29570  0.414503
29580  0.414503
29590  0.414503
29600  0.414503
29610  0.414503
29620  0.414503
29630  0.414503
29640  0.414503
29650  0.414503
29660  0.414503
29670  0.414503
29680  0.414503
29690  0.414503
29700  0.414503
29710  0.414503
29720  0.414503
29730  0.414503
29740  0.414503
29750  0.414503
29760  0.414503
29770  0.414503
29780  0.414503
29790  0.414503
29800  0.414503
29810  0.414503
29820  0.414503
29830  0.414503
29840  0.414503
29850  0.414503
29860  0.414503
29870  0.414503
29880  0.414503
29890  0.414503
29900  0.414503
29910  0.414503
29920  0.414503
29930  0.414503
29940  0.414503
29950  0.414503
29960  0.414503
29970  0.414503
29980  0.414503
29990  0.414503
30000  0.414503
30010  0.414503
