Step  Penalty
32  0.536886
64  0.516541
96  0.507491
128  0.500087
160  0.495161
192  0.488529
224  0.480718
256  0.472183
288  0.464205
320  0.456207
352  0.451195
384  0.445568
416  0.44082
448  0.435418
480  0.428204
512  0.421139
544  0.4142
576  0.40677
608  0.401664
640  0.397598
672  0.393275
704  0.387564
736  0.380442
768  0.374756
800  0.367862
832  0.363393
864  0.359541
896  0.35609
928  0.351354
960  0.348609
992  0.345006
1024  0.340887
1056  0.338272
1088  0.333846
1120  0.330471
1152  0.324282
1184  0.32033
1216  0.316524
1248  0.31343
1280  0.309929
1312  0.307203
1344  0.304694
1376  0.301978
1408  0.299635
1440  0.297503
1472  0.295503
1504  0.293931
1536  0.29283
1568  0.290822
1600  0.288683
1632  0.286764
1664  0.28517
1696  0.283915
1728  0.28149
1760  0.280141
1792  0.278598
1824  0.278101
1856  0.277394
1888  0.276928
1920  0.2768
1952  0.276075
1984  0.27521
2016  0.274706
2048  0.274014
2080  0.27386
2112  0.273664
2144  0.273358
2176  0.27267
2208  0.271868
2240  0.270884
2272  0.269713
2304  0.268526
2336  0.26809
2368  0.266794
2400  0.26604
2432  0.264055
2464  0.263195
2496  0.262326
2528  0.261949
2560  0.261406
2592  0.261045
2624  0.260404
2656  0.260282
2688  0.259771
2720  0.259687
2752  0.259238
2784  0.258922
2816  0.258712
2848  0.258009
2880  0.257714
2912  0.257487
2944  0.257471
2976  0.257112
3008  0.25684
3040  0.2568
3072  0.25663
3104  0.255704
3136  0.255436
3168  0.255319
3200  0.255151
3232  0.254685
3264  0.254251
3296  0.253911
3328  0.253622
3360  0.252526
3392  0.252352
3424  0.251895
3456  0.251611
3488  0.251287
3520  0.251151
3552  0.250686
3584  0.250354
3616  0.250019
3648  0.249876
3680  0.249669
3712  0.249627
3744  0.249026
3776  0.248989
3808  0.248745
3840  0.248486
3872  0.248298
3904  0.247844
3936  0.247322
3968  0.247317
4000  0.247098
4032  0.247081
4064  0.247074
4096  0.247074
4128  0.246447
4160  0.246169
4192  0.246036
4224  0.245869
4256  0.245692
4288  0.245692
4320  0.245692
4352  0.245627
4384  0.245494
4416  0.245401
4448  0.245228
4480  0.245165
4512  0.245013
4544  0.244694
4576  0.243992
4608  0.243671
4640  0.243541
4672  0.242968
4704  0.242392
4736  0.242294
4768  0.242076
4800  0.241926
4832  0.241926
4864  0.241726
4896  0.241676
4928  0.241625
4960  0.241625
4992  0.241373
5024  0.241183
5056  0.240916
5088  0.240389
5120  0.240325
5152  0.240283
5184  0.240021
5216  0.239162
5248  0.238973
5280  0.238782
5312  0.238782
5344  0.238412
5376  0.238252
5408  0.238179
5440  0.238179
5472  0.238179
5504  0.238052
5536  0.237744
5568  0.237729
5600  0.237492
5632  0.23749
5664  0.237205
5696  0.236989
5728  0.236989
5760  0.236949
5792  0.236656
5824  0.236494
5856  0.236494
5888  0.236347
5920  0.23631
5952  0.236292
5984  0.236279
6016  0.236239
6048  0.235958
6080  0.235958
6112  0.235958
6144  0.235817
6176  0.235817
6208  0.235697
6240  0.235629
6272  0.235598
6304  0.235426
6336  0.235426
6368  0.235426
6400  0.235426
6432  0.235198
6464  0.2349
6496  0.234844
6528  0.234592
6560  0.234573
6592  0.234413
6624  0.234413
6656  0.23439
6688  0.234183
6720  0.234179
6752  0.234074
6784  0.23395
6816  0.233764
6848  0.233764
6880  0.233718
6912  0.233452
6944  0.233379
6976  0.233243
7008  0.23318
7040  0.23318
7072  0.23318
7104  0.23318
7136  0.233151
7168  0.23288
7200  0.23288
7232  0.232723
7264  0.232668
7296  0.232528
7328  0.232518
7360  0.232495
7392  0.232378
7424  0.232378
7456  0.232378
7488  0.232378
7520  0.232378
7552  0.232378
7584  0.232161
7616  0.232086
7648  0.232086
7680  0.231898
7712  0.231898
7744  0.231898
7776  0.231898
7808  0.231898
7840  0.231898
7872  0.231879
7904  0.231879
7936  0.231847
7968  0.231759
8000  0.231732
8032  0.23167
8064  0.23167
8096  0.23167
8128  0.231578
8160  0.231578
8192  0.23106
8224  0.231034
8256  0.230981
8288  0.230947
8320  0.230947
8352  0.230947
8384  0.230693
8416  0.230693
8448  0.230593
8480  0.230594
8512  0.230464
8544  0.230464
8576  0.230294
8608  0.230294
8640  0.230185
8672  0.230185
8704  0.230177
8736  0.230177
8768  0.230177
8800  0.229986
8832  0.229986
8864  0.229832
8896  0.22969
8928  0.229579
8960  0.229579
8992  0.229579
9024  0.229579
9056  0.229579
9088  0.229537
9120  0.229534
9152  0.229534
9184  0.229534
9216  0.229534
9248  0.229534
9280  0.229534
9312  0.229534
9344  0.229534
9376  0.229499
9408  0.229387
9440  0.229388
9472  0.229388
9504  0.229388
9536  0.229388
9568  0.229388
9600  0.229309
9632  0.229309
9664  0.228891
9696  0.228891
9728  0.228863
9760  0.228832
9792  0.228832
9824  0.228832
9856  0.22867
9888  0.2286
9920  0.2286
9952  0.22845
9984  0.228384
10016  0.22829
10048  0.227955
10080  0.227814
10112  0.227814
10144  0.227814
10176  0.227814
10208  0.227765
10240  0.227765
10272  0.227668
10304  0.227668
10336  0.227668
10368  0.22749
10400  0.22749
10432  0.22749
10464  0.22749
10496  0.227321
10528  0.227321
10560  0.227321
10592  0.227189
10624  0.227189
10656  0.227189
10688  0.227087
10720  0.226919
10752  0.226919
10784  0.226869
10816  0.226869
10848  0.226869
10880  0.226869
10912  0.226794
10944  0.226794
10976  0.226794
11008  0.226794
11040  0.226794
11072  0.22676
11104  0.22676
11136  0.226566
11168  0.226566
11200  0.226566
11232  0.226408
11264  0.226408
11296  0.226408
11328  0.226408
11360  0.226408
11392  0.226372
11424  0.22624
11456  0.22624
11488  0.22624
11520  0.22624
11552  0.22624
11584  0.22624
11616  0.226139
11648  0.226139
11680  0.226019
11712  0.226019
11744  0.225952
11776  0.225692
11808  0.225578
11840  0.22508
11872  0.22508
11904  0.224964
11936  0.224964
11968  0.224844
12000  0.224669
12032  0.224552
12064  0.224511
12096  0.224511
12128  0.224316
12160  0.224316
12192  0.224316
12224  0.224271
12256  0.224187
12288  0.224187
12320  0.224187
12352  0.224187
12384  0.224187
12416  0.224127
12448  0.224088
12480  0.224088
12512  0.224088
12544  0.223974
12576  0.223974
12608  0.223974
12640  0.223974
12672  0.223974
12704  0.223966
12736  0.223966
12768  0.223966
12800  0.223966
12832  0.223921
12864  0.223921
12896  0.223898
12928  0.223758
12960  0.223675
12992  0.223675
13024  0.223675
13056  0.223675
13088  0.223675
13120  0.223633
13152  0.223633
13184  0.223447
13216  0.223447
13248  0.223373
13280  0.223373
13312  0.223211
13344  0.223211
13376  0.223211
13408  0.223211
13440  0.223069
13472  0.223057
13504  0.223028
13536  0.223028
13568  0.222991
13600  0.222991
13632  0.222991
13664  0.222907
13696  0.222857
13728  0.222746
13760  0.222746
13792  0.222746
13824  0.222695
13856  0.222695
13888  0.222695
13920  0.222695
13952  0.22269
13984  0.22269
14016  0.22269
14048  0.222483
14080  0.222483
14112  0.222402
14144  0.222402
14176  0.222402
14208  0.222402
14240  0.222402
14272  0.222402
14304  0.222402
14336  0.222402
14368  0.222386
14400  0.22236
14432  0.22236
14464  0.22236
14496  0.222337
14528  0.222337
14560  0.222337
14592  0.222337
14624  0.222337
14656  0.222337
14688  0.222232
14720  0.222232
14752  0.222232
14784  0.222129
14816  0.222129
14848  0.222129
14880  0.222129
14912  0.222129
14944  0.222054
14976  0.222054
15008  0.222054
15040  0.221945
15072  0.221945
15104  0.221945
15136  0.221945
15168  0.221945
15200  0.221892
15232  0.221892
15264  0.221892
15296  0.221871
15328  0.221871
15360  0.221871
15392  0.221871
15424  0.221871
15456  0.221871
15488  0.221871
15520  0.221828
15552  0.22181
15584  0.22181
15616  0.221768
15648  0.221768
15680  0.221535
15712  0.221535
15744  0.221535
15776  0.22144
15808  0.221361
15840  0.221361
15872  0.221337
15904  0.221337
15936  0.221266
15968  0.221266
16000  0.221266
16032  0.221266
16064  0.221258
16096  0.221258
16128  0.221258
16160  0.221258
16192  0.221258
16224  0.221258
16256  0.221197
16288  0.221197
16320  0.221197
16352  0.221197
16384  0.22105
16416  0.22105
16448  0.22105
16480  0.220942
16512  0.220874
16544  0.220874
16576  0.220874
16608  0.220874
16640  0.220874
16672  0.220874
16704  0.220856
16736  0.220828
16768  0.220828
16800  0.220828
16832  0.220828
16864  0.220828
16896  0.220828
16928  0.220828
16960  0.220805
16992  0.220805
17024  0.220778
17056  0.220778
17088  0.220778
17120  0.220778
17152  0.22071
17184  0.22071
17216  0.22071
17248  0.220703
17280  0.220703
17312  0.220703
17344  0.220703
17376  0.220703
17408  0.220657
17440  0.220657
17472  0.220657
17504  0.220657
17536  0.220647
17568  0.220631
17600  0.220575
17632  0.220575
17664  0.220418
17696  0.220418
17728  0.220418
17760  0.220418
17792  0.220418
17824  0.220305
17856  0.220304
17888  0.220304
17920  0.220298
17952  0.220298
17984  0.220298
18016  0.220298
18048  0.220262
18080  0.220262
18112  0.220262
18144  0.220262
18176  0.220262
18208  0.220262
18240  0.220216
18272  0.220194
18304  0.220194
18336  0.220194
18368  0.220194
18400  0.220071
18432  0.220071
18464  0.219988
18496  0.21988
18528  0.21988
18560  0.21988
18592  0.21988
18624  0.21988
18656  0.21988
18688  0.21988
18720  0.21988
18752  0.21988
18784  0.21988
18816  0.21988
18848  0.219876
18880  0.219876
18912  0.21986
18944  0.21986
18976  0.21986
19008  0.21986
19040  0.219826
19072  0.219826
19104  0.219826
19136  0.21982
19168  0.21982
19200  0.21982
19232  0.21982
19264  0.219744
19296  0.219744
19328  0.219744
19360  0.219744
19392  0.219744
19424  0.219744
19456  0.219744
19488  0.219744
19520  0.219744
19552  0.219727
19584  0.219727
19616  0.219727
19648  0.219727
19680  0.219699
19712  0.219699
19744  0.219699
19776  0.219699
19808  0.219699
19840  0.219674
19872  0.219674
19904  0.219674
19936  0.219488
19968  0.219488
20000  0.219488
20032  0.219488
20064  0.219403
20096  0.219403
20128  0.219403
20160  0.219403
20192  0.219403
20224  0.219403
20256  0.219403
20288  0.219359
20320  0.219359
20352  0.219359
20384  0.219359
20416  0.219359
20448  0.219309
20480  0.219309
20512  0.219309
20544  0.219309
20576  0.219309
20608  0.219309
20640  0.219309
20672  0.219309
20704  0.219309
20736  0.219309
20768  0.219309
20800  0.219309
20832  0.219285
20864  0.219285
20896  0.219285
20928  0.219236
20960  0.219236
20992  0.219236
21024  0.219236
21056  0.219201
21088  0.219201
21120  0.219201
21152  0.219201
21184  0.219201
21216  0.219201
21248  0.219201
21280  0.219201
21312  0.219201
21344  0.219128
21376  0.219128
21408  0.219128
21440  0.219128
21472  0.219128
21504  0.219118
21536  0.219118
21568  0.219118
21600  0.219118
21632  0.219118
21664  0.219066
21696  0.219066
21728  0.219066
21760  0.219066
21792  0.219066
21824  0.219063
21856  0.219063
21888  0.219063
21920  0.219056
21952  0.219056
21984  0.219056
22016  0.219056
22048  0.219056
22080  0.219056
22112  0.219056
22144  0.219056
22176  0.219056
22208  0.219056
22240  0.219056
22272  0.219056
22304  0.219056
22336  0.219056
22368  0.219056
22400  0.219056
22432  0.219056
22464  0.219056
22496  0.219056
22528  0.219056
22560  0.219056
22592  0.219056
22624  0.219056
22656  0.219056
22688  0.219056
22720  0.219056
22752  0.219056
22784  0.219056
22816  0.219056
22848  0.219056
22880  0.219056
22912  0.219056
22944  0.219056
22976  0.219056
23008  0.219056
23040  0.219056
23072  0.219056
23104  0.219056
23136  0.219056
23168  0.218986
23200  0.218986
23232  0.218986
23264  0.218986
23296  0.218986
23328  0.218986
23360  0.218986
23392  0.218986
23424  0.218986
23456  0.218986
23488  0.218986
23520  0.218986
23552  0.218986
23584  0.218986
23616  0.218986
23648  0.218986
23680  0.218986
23712  0.21892
23744  0.21892
23776  0.21892
23808  0.21892
23840  0.21892
23872  0.21892
23904  0.21892
23936  0.21892
23968  0.218903
24000  0.218903
24032  0.218903
24064  0.218903
24096  0.218903
24128  0.218903
24160  0.218903
24192  0.218903
24224  0.218903
24256  0.218903
24288  0.218903
24320  0.2189
24352  0.2189
24384  0.2189
24416  0.2189
24448  0.2189
24480  0.2189
24512  0.2189
24544  0.2189
24576  0.2189
24608  0.218875
24640  0.218821
24672  0.218821
24704  0.218821
24736  0.218821
24768  0.218821
24800  0.218821
24832  0.218821
24864  0.218821
24896  0.218821
24928  0.218821
24960  0.218821
24992  0.218821
25024  0.218821
25056  0.218821
25088  0.218785
25120  0.218785
25152  0.218785
25184  0.218761
25216  0.218761
25248  0.218761
25280  0.218761
25312  0.218755
25344  0.218755
25376  0.218755
25408  0.218755
25440  0.218755
25472  0.218755
25504  0.218755
25536  0.218755
25568  0.218755
25600  0.218714
25632  0.218624
25664  0.218572
25696  0.218559
25728  0.218559
25760  0.218489
25792  0.218489
25824  0.218489
25856  0.218489
25888  0.218489
25920  0.218489
25952  0.218489
25984  0.218489
26016  0.218489
26048  0.218489
26080  0.218489
26112  0.218489
26144  0.218489
26176  0.218489
26208  0.218489
26240  0.218489
26272  0.218489
26304  0.218489
26336  0.218489
26368  0.218489
26400  0.218489
26432  0.218489
26464  0.218489
26496  0.218489
26528  0.218489
26560  0.218489
26592  0.218489
26624  0.218489
26656  0.218489
26688  0.218489
26720  0.218489
26752  0.218489
26784  0.218489
26816  0.218471
26848  0.218404
26880  0.218404
26912  0.218404
26944  0.218404
26976  0.218404
27008  0.218404
27040  0.218404
27072  0.218341
27104  0.218341
27136  0.218341
27168  0.218341
27200  0.218341
27232  0.218341
27264  0.218341
27296  0.218285
27328  0.218285
27360  0.218285
27392  0.218269
27424  0.218269
27456  0.218269
27488  0.218269
27520  0.218208
27552  0.218208
27584  0.218208
27616  0.218208
27648  0.218208
27680  0.218208
27712  0.218208
27744  0.218208
27776  0.218208
27808  0.218208
27840  0.218208
27872  0.218208
27904  0.218208
27936  0.218208
27968  0.218208
28000  0.218208
28032  0.218208
28064  0.21817
28096  0.21817
28128  0.21817
28160  0.21817
28192  0.21817
28224  0.21817
28256  0.21817
28288  0.21817
28320  0.21817
28352  0.218098
28384  0.218098
28416  0.218098
28448  0.218087
28480  0.218087
28512  0.218087
28544  0.218087
28576  0.218087
28608  0.218087
28640  0.218087
28672  0.218087
28704  0.218087
28736  0.218087
28768  0.218029
28800  0.218029
28832  0.218015
28864  0.218015
28896  0.218015
28928  0.218015
28960  0.218015
28992  0.218015
29024  0.218015
29056  0.218015
29088  0.218015
29120  0.218015
29152  0.218015
29184  0.218015
29216  0.218015
29248  0.218015
29280  0.218015
29312  0.218015
29344  0.218015
29376  0.218015
29408  0.218015
29440  0.218015
29472  0.218015
29504  0.218015
29536  0.218015
29568  0.218015
29600  0.218015
29632  0.218015
29664  0.218015
29696  0.218015
29728  0.218013
29760  0.218013
29792  0.218013
29824  0.218013
29856  0.21795
29888  0.217944
29920  0.217944
29952  0.217944
29984  0.217922
30016  0.217922
30048  0.217922
30080  0.217922
30112  0.217922
30144  0.217922
30176  0.217922
30208  0.217922
30240  0.217922
30272  0.217922
30304  0.217922
30336  0.217922
30368  0.217922
30400  0.217922
30432  0.217922
30464  0.217922
30496  0.217922
30528  0.217923
30560  0.217923
30592  0.217923
30624  0.217923
30656  0.217923
30688  0.217923
30720  0.217923
30752  0.217923
30784  0.217923
30816  0.217923
30848  0.217923
30880  0.217923
30912  0.21789
30944  0.217837
30976  0.217837
31008  0.217776
31040  0.217776
31072  0.217776
31104  0.217776
31136  0.217693
31168  0.217693
31200  0.217693
31232  0.217628
31264  0.217628
31296  0.217628
31328  0.217628
31360  0.217628
31392  0.217628
31424  0.217628
31456  0.217628
31488  0.217628
31520  0.217628
31552  0.217628
31584  0.217628
31616  0.217628
31648  0.217628
31680  0.217628
31712  0.217628
31744  0.217628
31776  0.217628
31808  0.217628
31840  0.217628
31872  0.217628
31904  0.217628
31936  0.217551
31968  0.217551
32000  0.217551
32032  0.217537
32064  0.217537
32096  0.217537
32128  0.217537
32160  0.217537
32192  0.217537
32224  0.217537
32256  0.217537
32288  0.217537
32320  0.217537
32352  0.217537
32384  0.217537
32416  0.217537
32448  0.217537
32480  0.217537
32512  0.217537
32544  0.217537
32576  0.217537
32608  0.217537
32640  0.217537
32672  0.217537
32704  0.217537
32736  0.217537
32768  0.217515
32800  0.217515
32832  0.217515
32864  0.217515
32896  0.217515
32928  0.217515
32960  0.217515
32992  0.217515
33024  0.217515
33056  0.217515
33088  0.217515
33120  0.217515
33152  0.217515
33184  0.217515
33216  0.217515
33248  0.217515
33280  0.217515
33312  0.217515
33344  0.217515
33376  0.217515
33408  0.217515
33440  0.217515
33472  0.217515
33504  0.217515
33536  0.217449
33568  0.217449
33600  0.217449
33632  0.217449
33664  0.217449
33696  0.217449
33728  0.217449
33760  0.217449
33792  0.217449
33824  0.217449
33856  0.217449
33888  0.217449
33920  0.217449
33952  0.217449
33984  0.217449
34016  0.217449
34048  0.217449
34080  0.217449
34112  0.217449
34144  0.217449
34176  0.217449
34208  0.217449
34240  0.217342
34272  0.217342
34304  0.217342
34336  0.217342
34368  0.217342
34400  0.217342
34432  0.2173
34464  0.2173
34496  0.217288
34528  0.217288
34560  0.217233
34592  0.217233
34624  0.217233
34656  0.217233
34688  0.217233
34720  0.217233
34752  0.217233
34784  0.217197
34816  0.217197
34848  0.217188
34880  0.217188
34912  0.217188
34944  0.217188
34976  0.217186
35008  0.217186
35040  0.217186
35072  0.217186
35104  0.217186
35136  0.217186
35168  0.217186
35200  0.217186
35232  0.217186
35264  0.217186
35296  0.217186
35328  0.217186
35360  0.217186
35392  0.217174
35424  0.217174
35456  0.217174
35488  0.217174
35520  0.217174
35552  0.217174
35584  0.217174
35616  0.217174
35648  0.217174
35680  0.217174
35712  0.217174
35744  0.217174
35776  0.217132
35808  0.217132
35840  0.217132
35872  0.217132
35904  0.217132
35936  0.217132
35968  0.217132
36000  0.217132
36032  0.217091
36064  0.217091
36096  0.217091
36128  0.217091
36160  0.217091
36192  0.217091
36224  0.217091
36256  0.217091
36288  0.217091
36320  0.217091
36352  0.217091
36384  0.217091
36416  0.217091
36448  0.217091
36480  0.217031
36512  0.217031
36544  0.217031
36576  0.216915
36608  0.216915
36640  0.216915
36672  0.216915
36704  0.216915
36736  0.216915
36768  0.216915
36800  0.216915
36832  0.216875
36864  0.216852
36896  0.216852
36928  0.216852
36960  0.216852
36992  0.216852
37024  0.216852
37056  0.216852
37088  0.216852
37120  0.216852
37152  0.216834
37184  0.216834
37216  0.216773
37248  0.216773
37280  0.216773
37312  0.216773
37344  0.216773
37376  0.216773
37408  0.216612
37440  0.216611
37472  0.216611
37504  0.216611
37536  0.216611
37568  0.216611
37600  0.216611
37632  0.216611
37664  0.216611
37696  0.216611
37728  0.216595
37760  0.216595
37792  0.216595
37824  0.216595
37856  0.21657
37888  0.216549
37920  0.216549
37952  0.216549
37984  0.216524
38016  0.216524
38048  0.216524
38080  0.216524
38112  0.216503
38144  0.216503
38176  0.216494
38208  0.216494
38240  0.216494
38272  0.216494
38304  0.216494
38336  0.216494
38368  0.216494
38400  0.216494
38432  0.216494
38464  0.216494
38496  0.216494
38528  0.216336
38560  0.216336
38592  0.216336
38624  0.216267
38656  0.216267
38688  0.216267
38720  0.216267
38752  0.216267
38784  0.216267
38816  0.216267
38848  0.21623
38880  0.216158
38912  0.216095
38944  0.216095
38976  0.216057
39008  0.216057
39040  0.215994
39072  0.215994
39104  0.215927
39136  0.215927
39168  0.215927
39200  0.215927
39232  0.215927
39264  0.215836
39296  0.215711
39328  0.215711
39360  0.215711
39392  0.215659
39424  0.215627
39456  0.215627
39488  0.215624
39520  0.215624
39552  0.215624
39584  0.215624
39616  0.215615
39648  0.215615
39680  0.215478
39712  0.21545
39744  0.21545
39776  0.215403
39808  0.215403
39840  0.215376
39872  0.215376
39904  0.215376
39936  0.215325
39968  0.215325
40000  0.215325
40032  0.215325
40064  0.215325
40096  0.215325
40128  0.215325
40160  0.215272
40192  0.215272
40224  0.215272
40256  0.215272
40288  0.215266
40320  0.215252
40352  0.215252
40384  0.215252
40416  0.215252
40448  0.215252
40480  0.215252
40512  0.215252
40544  0.215152
40576  0.215152
40608  0.215152
40640  0.215152
40672  0.215135
40704  0.215135
40736  0.215135
40768  0.215135
40800  0.215063
40832  0.215002
40864  0.215002
40896  0.215002
40928  0.215002
40960  0.215002
40992  0.214918
41024  0.214918
41056  0.214918
41088  0.214887
41120  0.214887
41152  0.214885
41184  0.214885
41216  0.214812
41248  0.214812
41280  0.214812
41312  0.214812
41344  0.214695
41376  0.214695
41408  0.214695
41440  0.214695
41472  0.214695
41504  0.214695
41536  0.214695
41568  0.214695
41600  0.214695
41632  0.214695
41664  0.214692
41696  0.214692
41728  0.214692
41760  0.214692
41792  0.214692
41824  0.214692
41856  0.214692
41888  0.214692
41920  0.214692
41952  0.214692
41984  0.214692
42016  0.214692
42048  0.214692
42080  0.214692
42112  0.214683
42144  0.214683
42176  0.214683
42208  0.214683
42240  0.214683
42272  0.214589
42304  0.214551
42336  0.214551
42368  0.214551
42400  0.214551
42432  0.214551
42464  0.214551
42496  0.214551
42528  0.214551
42560  0.214551
42592  0.214551
42624  0.214551
42656  0.214551
42688  0.214551
42720  0.214551
42752  0.214551
42784  0.214551
42816  0.214515
42848  0.214515
42880  0.21437
42912  0.21437
42944  0.21437
42976  0.214357
43008  0.214357
43040  0.214283
43072  0.214283
43104  0.214283
43136  0.214283
43168  0.214283
43200  0.214283
43232  0.214283
43264  0.214242
43296  0.214213
43328  0.214135
43360  0.213982
43392  0.213982
43424  0.213982
43456  0.213982
43488  0.213982
43520  0.213921
43552  0.213921
43584  0.213921
43616  0.213921
43648  0.213921
43680  0.213794
43712  0.213794
43744  0.213794
43776  0.213794
43808  0.213794
43840  0.213794
43872  0.213657
43904  0.213657
43936  0.213657
43968  0.213657
44000  0.213657
44032  0.213657
44064  0.213657
44096  0.213657
44128  0.213657
44160  0.213657
44192  0.213657
44224  0.213657
44256  0.213617
44288  0.213617
44320  0.213617
44352  0.213534
44384  0.213534
44416  0.213534
44448  0.213534
44480  0.213534
44512  0.213513
44544  0.213513
44576  0.213513
44608  0.213513
44640  0.213513
44672  0.213377
44704  0.213377
44736  0.213376
44768  0.213376
44800  0.213376
44832  0.213372
44864  0.213372
44896  0.213372
44928  0.213325
44960  0.213223
44992  0.213184
45024  0.213184
45056  0.213123
45088  0.213123
45120  0.213123
45152  0.213079
45184  0.213079
45216  0.213043
45248  0.213043
45280  0.213043
45312  0.213043
45344  0.213043
45376  0.213043
45408  0.213043
45440  0.213005
45472  0.213005
45504  0.212961
45536  0.212959
45568  0.212959
45600  0.212959
45632  0.212959
45664  0.212908
45696  0.212908
45728  0.212827
45760  0.212827
45792  0.212815
45824  0.212815
45856  0.212815
45888  0.212815
45920  0.212815
45952  0.212788
45984  0.212788
46016  0.212788
46048  0.212788
46080  0.212788
46112  0.212788
46144  0.212788
46176  0.212788
46208  0.212788
46240  0.212574
46272  0.212444
46304  0.212444
46336  0.212444
46368  0.212426
46400  0.212426
46432  0.212426
46464  0.212426
46496  0.212426
46528  0.212426
46560  0.212426
46592  0.212426
46624  0.212426
46656  0.212359
46688  0.212348
46720  0.212348
46752  0.212165
46784  0.212005
46816  0.212005
46848  0.212005
46880  0.212005
46912  0.212005
46944  0.212005
46976  0.211979
47008  0.211979
47040  0.211964
47072  0.211964
47104  0.211964
47136  0.211964
47168  0.211964
47200  0.211964
47232  0.211906
47264  0.211906
47296  0.211772
47328  0.211772
47360  0.211772
47392  0.211772
47424  0.211588
47456  0.211588
47488  0.211588
47520  0.211588
47552  0.211588
47584  0.211588
47616  0.211588
47648  0.211515
47680  0.211515
47712  0.211515
47744  0.211515
47776  0.211478
47808  0.211478
47840  0.211471
47872  0.211471
47904  0.211465
47936  0.211465
47968  0.211465
48000  0.211465
48032  0.211465
48064  0.211391
48096  0.211391
48128  0.211391
48160  0.211339
48192  0.211298
48224  0.211298
48256  0.211298
48288  0.211298
48320  0.211298
48352  0.211298
48384  0.211298
48416  0.211298
48448  0.211298
48480  0.211298
48512  0.211298
48544  0.211298
48576  0.211257
48608  0.21122
48640  0.21122
48672  0.211219
48704  0.211219
48736  0.211216
48768  0.211144
48800  0.211144
48832  0.211144
48864  0.211144
48896  0.211144
48928  0.211144
48960  0.211094
48992  0.211094
49024  0.211042
49056  0.21102
49088  0.21102
49120  0.21102
49152  0.21102
49184  0.21102
49216  0.21102
49248  0.21102
49280  0.210997
49312  0.210997
49344  0.21092
49376  0.21092
49408  0.21092
49440  0.21092
49472  0.21092
49504  0.21092
49536  0.210879
49568  0.210879
49600  0.210879
49632  0.210771
49664  0.210771
49696  0.210771
49728  0.210771
49760  0.210771
49792  0.210771
49824  0.210771
49856  0.210771
49888  0.210771
49920  0.210771
49952  0.210771
49984  0.210771
50016  0.210771
50048  0.210771
50080  0.210771
50112  0.210769
50144  0.21054
50176  0.21054
50208  0.21054
50240  0.21054
50272  0.21054
50304  0.2105
50336  0.21047
50368  0.210448
50400  0.210448
50432  0.210448
50464  0.210448
50496  0.210448
50528  0.210418
50560  0.210418
50592  0.210418
50624  0.210418
50656  0.210418
50688  0.21034
50720  0.21034
50752  0.21034
50784  0.21034
50816  0.21034
50848  0.21034
50880  0.21034
50912  0.21034
50944  0.21034
50976  0.21034
51008  0.21034
51040  0.21034
51072  0.21034
51104  0.21034
51136  0.210185
51168  0.210185
51200  0.210185
51232  0.210185
51264  0.210185
51296  0.210185
51328  0.210185
51360  0.210185
51392  0.210081
51424  0.210027
51456  0.210027
51488  0.210027
51520  0.210027
51552  0.210027
51584  0.210009
51616  0.210009
51648  0.210009
51680  0.209967
51712  0.209967
51744  0.209967
51776  0.209967
51808  0.209967
51840  0.209967
51872  0.20995
51904  0.209921
51936  0.209921
51968  0.209912
52000  0.209912
52032  0.209872
52064  0.209872
52096  0.209872
52128  0.209872
52160  0.209851
52192  0.209824
52224  0.209824
52256  0.209824
52288  0.209824
52320  0.209766
52352  0.209766
52384  0.209766
52416  0.209766
52448  0.209766
52480  0.209766
52512  0.209766
52544  0.209766
52576  0.209766
52608  0.209766
52640  0.209766
52672  0.209766
52704  0.209766
52736  0.209766
52768  0.209766
52800  0.209766
52832  0.20975
52864  0.20975
52896  0.20975
52928  0.20975
52960  0.20975
52992  0.20975
53024  0.20975
53056  0.20975
53088  0.20975
53120  0.20975
53152  0.20975
53184  0.20975
53216  0.20975
53248  0.20975
53280  0.20975
53312  0.20975
53344  0.20975
53376  0.20975
53408  0.20975
53440  0.20975
53472  0.20975
53504  0.20975
53536  0.209695
53568  0.209695
53600  0.209695
53632  0.209695
53664  0.209695
53696  0.209695
53728  0.20969
53760  0.20969
53792  0.20969
53824  0.20969
53856  0.20969
53888  0.20969
53920  0.209599
53952  0.20957
53984  0.20957
54016  0.20957
54048  0.20957
54080  0.20957
54112  0.209547
54144  0.209547
54176  0.209547
54208  0.209547
54240  0.209547
54272  0.209547
54304  0.209547
54336  0.209547
54368  0.209547
54400  0.209547
54432  0.209547
54464  0.209547
54496  0.209547
54528  0.209546
54560  0.209546
54592  0.209546
54624  0.209536
54656  0.209512
54688  0.209512
54720  0.2095
54752  0.2095
54784  0.2095
54816  0.209455
54848  0.209455
54880  0.209455
54912  0.209455
54944  0.209429
54976  0.209429
55008  0.209429
55040  0.209429
55072  0.209275
55104  0.209163
55136  0.209146
55168  0.209146
55200  0.209097
55232  0.209066
55264  0.208875
55296  0.208875
55328  0.208875
55360  0.208875
55392  0.208852
55424  0.208852
55456  0.208852
55488  0.208849
55520  0.208849
55552  0.208721
55584  0.208661
55616  0.208661
55648  0.208661
55680  0.20854
55712  0.20854
55744  0.208537
55776  0.208537
55808  0.208537
55840  0.20839
55872  0.208311
55904  0.208286
55936  0.208285
55968  0.208271
56000  0.208271
56032  0.208271
56064  0.208271
56096  0.208271
56128  0.208259
56160  0.208259
56192  0.208259
56224  0.208259
56256  0.208259
56288  0.208186
56320  0.20816
56352  0.208108
56384  0.208108
56416  0.208108
56448  0.208063
56480  0.208063
56512  0.208063
56544  0.208063
56576  0.208063
56608  0.208063
56640  0.208046
56672  0.208046
56704  0.208046
56736  0.208046
56768  0.208046
56800  0.208046
56832  0.208046
56864  0.208046
56896  0.208046
56928  0.208046
56960  0.20795
56992  0.20795
57024  0.207872
57056  0.207872
57088  0.207872
57120  0.207872
57152  0.207848
57184  0.207848
57216  0.207848
57248  0.207791
57280  0.207773
57312  0.207773
57344  0.207773
57376  0.207773
57408  0.207773
57440  0.20775
57472  0.207708
57504  0.20769
57536  0.20769
57568  0.20769
57600  0.20769
57632  0.20769
57664  0.20769
57696  0.20769
57728  0.20769
57760  0.20769
57792  0.207627
57824  0.207627
57856  0.207621
57888  0.207621
57920  0.207621
57952  0.207563
57984  0.207563
58016  0.207563
58048  0.207563
58080  0.207563
58112  0.207563
58144  0.207563
58176  0.20756
58208  0.20756
58240  0.20756
58272  0.20756
58304  0.207459
58336  0.207441
58368  0.207441
58400  0.207441
58432  0.207441
58464  0.207441
58496  0.207441
58528  0.207419
58560  0.207419
58592  0.207419
58624  0.207419
58656  0.207278
58688  0.207278
58720  0.207238
58752  0.207238
58784  0.207222
58816  0.20715
58848  0.207142
58880  0.207142
58912  0.207142
58944  0.207142
58976  0.207142
59008  0.207142
59040  0.207142
59072  0.207142
59104  0.207142
59136  0.207142
59168  0.207111
59200  0.207111
59232  0.207111
59264  0.207049
59296  0.207049
59328  0.207049
59360  0.207049
59392  0.207036
59424  0.207036
59456  0.206992
59488  0.206992
59520  0.206992
59552  0.206992
59584  0.206992
59616  0.206929
59648  0.206929
59680  0.206929
59712  0.206929
59744  0.206929
59776  0.206929
59808  0.206929
59840  0.206929
59872  0.206829
59904  0.206829
59936  0.206806
59968  0.206806
60000  0.206744
60032  0.206744
60064  0.206744
60096  0.206693
60128  0.206693
60160  0.206693
60192  0.206693
60224  0.206693
60256  0.206693
60288  0.206693
60320  0.206693
60352  0.206693
60384  0.206633
60416  0.206633
60448  0.206633
60480  0.206633
60512  0.206572
60544  0.206572
60576  0.206572
60608  0.206572
60640  0.206559
60672  0.206559
60704  0.206526
60736  0.206482
60768  0.206482
60800  0.206482
60832  0.206482
60864  0.206482
60896  0.206482
60928  0.206482
60960  0.206482
60992  0.206482
61024  0.206482
61056  0.206482
61088  0.206482
61120  0.206467
61152  0.206467
61184  0.206346
61216  0.206346
61248  0.206346
61280  0.206346
61312  0.206346
61344  0.206346
61376  0.206346
61408  0.206343
61440  0.206343
61472  0.206343
61504  0.206343
61536  0.206343
61568  0.206343
61600  0.206343
61632  0.20627
61664  0.20627
61696  0.20627
61728  0.20627
61760  0.20627
61792  0.20622
61824  0.20622
61856  0.20622
61888  0.20622
61920  0.20622
61952  0.20622
61984  0.20622
62016  0.20622
62048  0.20622
62080  0.20622
62112  0.20622
62144  0.20622
62176  0.20622
62208  0.206218
62240  0.206218
62272  0.206218
62304  0.206218
62336  0.206218
62368  0.206218
62400  0.206218
62432  0.206218
62464  0.206218
62496  0.206218
62528  0.206218
62560  0.206218
62592  0.206218
62624  0.206218
62656  0.206218
62688  0.206218
62720  0.206142
62752  0.206142
62784  0.206142
62816  0.206142
62848  0.206142
62880  0.206141
62912  0.206141
62944  0.206141
62976  0.206141
63008  0.206141
63040  0.206141
63072  0.206141
63104  0.206141
63136  0.206103
63168  0.206103
63200  0.206103
63232  0.206091
63264  0.206078
63296  0.206078
63328  0.206078
63360  0.206078
63392  0.206078
63424  0.206078
63456  0.206078
63488  0.206078
63520  0.206078
63552  0.206078
63584  0.206078
63616  0.206078
63648  0.206078
63680  0.206078
63712  0.206078
63744  0.206026
63776  0.206026
63808  0.206026
63840  0.206026
63872  0.206026
63904  0.205969
63936  0.205969
63968  0.205969
64000  0.205969
64032  0.205957
64064  0.205957
64096  0.205897
64128  0.205899
64160  0.205899
64192  0.205899
64224  0.205797
64256  0.205797
64288  0.205783
64320  0.205707
64352  0.205686
64384  0.205551
64416  0.205551
64448  0.205548
64480  0.20554
64512  0.20554
64544  0.20554
64576  0.20554
64608  0.20554
64640  0.205489
64672  0.205452
64704  0.205452
64736  0.205451
64768  0.205451
64800  0.205428
64832  0.205428
64864  0.205379
64896  0.205379
64928  0.205379
64960  0.205377
64992  0.205377
65024  0.205271
65056  0.205262
65088  0.205239
65120  0.205193
65152  0.205043
65184  0.205042
65216  0.205042
65248  0.205024
65280  0.205024
65312  0.205024
65344  0.204991
65376  0.204971
65408  0.204915
65440  0.204885
65472  0.204841
65504  0.204841
65536  0.204841
65568  0.204841
65600  0.204841
65632  0.204835
65664  0.204748
65696  0.204727
65728  0.20467
65760  0.204668
65792  0.204668
65824  0.204523
65856  0.204383
65888  0.204383
65920  0.20434
65952  0.204247
65984  0.204243
66016  0.204226
66048  0.20416
66080  0.20416
66112  0.20416
66144  0.20415
66176  0.20414
66208  0.204051
66240  0.203936
66272  0.203936
66304  0.203936
66336  0.203921
66368  0.203921
66400  0.203921
66432  0.203921
66464  0.203921
66496  0.203911
66528  0.203888
66560  0.203888
66592  0.203888
66624  0.203865
66656  0.203865
66688  0.203825
66720  0.203825
66752  0.203825
66784  0.203801
66816  0.203801
66848  0.203801
66880  0.203801
66912  0.203699
66944  0.203699
66976  0.203699
67008  0.203665
67040  0.203665
67072  0.203665
67104  0.203665
67136  0.203665
67168  0.203663
67200  0.203663
67232  0.203568
67264  0.203568
67296  0.203568
67328  0.203568
67360  0.203568
67392  0.203524
67424  0.203443
67456  0.203417
67488  0.203417
67520  0.203402
67552  0.203402
67584  0.203372
67616  0.203372
67648  0.203372
67680  0.203372
67712  0.203372
67744  0.203372
67776  0.203372
67808  0.203343
67840  0.203343
67872  0.20327
67904  0.20327
67936  0.20327
67968  0.203261
68000  0.203257
68032  0.203257
68064  0.203204
68096  0.203204
68128  0.203124
68160  0.203042
68192  0.202936
68224  0.202936
68256  0.202898
68288  0.202898
68320  0.202898
68352  0.202898
68384  0.202898
68416  0.20286
68448  0.20286
68480  0.202855
68512  0.202855
68544  0.202855
68576  0.202855
68608  0.202855
68640  0.202855
68672  0.202855
68704  0.202855
68736  0.202855
68768  0.20275
68800  0.202717
68832  0.202688
68864  0.202688
68896  0.202688
68928  0.202688
68960  0.202688
68992  0.202537
69024  0.202537
69056  0.202537
69088  0.202537
69120  0.202537
69152  0.20248
69184  0.202445
69216  0.202445
69248  0.202321
69280  0.202321
69312  0.202321
69344  0.2023
69376  0.20224
69408  0.20224
69440  0.20224
69472  0.20224
69504  0.20224
69536  0.20224
69568  0.20224
69600  0.20224
69632  0.20224
69664  0.20224
69696  0.202126
69728  0.202126
69760  0.202126
69792  0.202117
69824  0.202117
69856  0.202075
69888  0.20205
69920  0.202018
69952  0.202001
69984  0.201991
70016  0.20197
70048  0.201949
70080  0.201949
70112  0.201873
70144  0.201873
70176  0.201873
70208  0.201873
70240  0.201855
70272  0.201715
70304  0.201703
70336  0.201703
70368  0.201669
70400  0.201572
70432  0.201572
70464  0.201481
70496  0.201481
70528  0.201481
70560  0.201431
70592  0.201431
70624  0.201354
70656  0.201354
70688  0.201285
70720  0.201285
70752  0.201285
70784  0.201285
70816  0.201285
70848  0.201285
70880  0.201237
70912  0.201237
70944  0.201237
70976  0.201237
71008  0.201225
71040  0.201225
71072  0.201225
71104  0.201225
71136  0.201225
71168  0.200983
71200  0.200904
71232  0.200901
71264  0.200899
71296  0.200899
71328  0.200899
71360  0.200899
71392  0.200889
71424  0.200855
71456  0.200855
71488  0.200855
71520  0.200795
71552  0.200704
71584  0.200704
71616  0.20067
71648  0.20067
71680  0.200654
71712  0.200654
71744  0.200654
71776  0.200628
71808  0.200628
71840  0.200628
71872  0.200628
71904  0.200628
71936  0.200628
71968  0.200577
72000  0.200577
72032  0.200577
72064  0.200481
72096  0.200481
72128  0.200481
72160  0.200481
72192  0.200481
72224  0.200323
72256  0.200323
72288  0.200323
72320  0.200276
72352  0.200276
72384  0.200276
72416  0.200276
72448  0.200276
72480  0.200218
72512  0.200218
72544  0.200055
72576  0.19997
72608  0.19997
72640  0.199914
72672  0.199881
72704  0.199881
72736  0.199881
72768  0.199881
72800  0.199881
72832  0.199854
72864  0.199832
72896  0.199832
72928  0.199828
72960  0.199802
72992  0.199802
73024  0.199802
73056  0.19978
73088  0.19978
73120  0.19978
73152  0.199726
73184  0.199726
73216  0.199726
73248  0.199726
73280  0.199726
73312  0.199677
73344  0.199677
73376  0.199655
73408  0.199655
73440  0.199576
73472  0.19956
73504  0.19956
73536  0.19956
73568  0.19956
73600  0.19956
73632  0.19956
73664  0.19956
73696  0.199534
73728  0.199534
73760  0.199534
73792  0.199534
73824  0.199534
73856  0.199534
73888  0.199534
73920  0.199534
73952  0.199534
73984  0.199534
74016  0.199501
74048  0.199466
74080  0.199466
74112  0.199466
74144  0.199466
74176  0.199466
74208  0.199466
74240  0.199466
74272  0.199417
74304  0.199417
74336  0.199417
74368  0.199417
74400  0.199417
74432  0.199417
74464  0.199417
74496  0.199417
74528  0.199417
74560  0.199417
74592  0.199417
74624  0.199417
74656  0.199412
74688  0.199412
74720  0.199412
74752  0.199372
74784  0.199372
74816  0.199365
74848  0.199365
74880  0.199365
74912  0.199365
74944  0.199365
74976  0.199365
75008  0.199365
75040  0.199365
75072  0.199365
75104  0.199365
75136  0.199365
75168  0.199349
75200  0.199349
75232  0.199349
75264  0.199349
75296  0.199349
75328  0.199298
75360  0.199298
75392  0.199298
75424  0.199298
75456  0.199298
75488  0.199296
75520  0.199296
75552  0.199296
75584  0.199296
75616  0.199296
75648  0.199296
75680  0.199296
75712  0.199296
75744  0.199296
75776  0.199296
75808  0.199296
75840  0.199296
75872  0.199296
75904  0.199296
75936  0.199296
75968  0.199296
76000  0.199296
76032  0.199296
76064  0.199296
76096  0.199296
76128  0.199296
76160  0.199296
76192  0.199296
76224  0.199292
76256  0.199292
76288  0.199292
76320  0.199292
76352  0.199292
76384  0.199292
76416  0.199292
76448  0.199225
76480  0.199225
76512  0.199202
76544  0.199202
76576  0.199202
76608  0.199184
76640  0.199184
76672  0.199184
76704  0.199184
76736  0.199184
76768  0.199184
76800  0.199184
76832  0.199184
76864  0.199184
76896  0.199184
76928  0.199184
76960  0.199184
76992  0.199184
77024  0.199184
77056  0.199184
77088  0.199175
77120  0.199129
77152  0.199129
77184  0.199017
77216  0.199017
77248  0.199012
77280  0.199012
77312  0.199012
77344  0.199012
77376  0.199012
77408  0.199012
77440  0.199012
77472  0.198998
77504  0.198998
77536  0.198994
77568  0.198994
77600  0.198994
77632  0.198994
77664  0.198994
77696  0.198994
77728  0.198994
77760  0.198994
77792  0.198964
77824  0.198964
77856  0.198964
77888  0.198964
77920  0.198964
77952  0.198964
77984  0.198952
78016  0.198952
78048  0.198952
78080  0.198952
78112  0.198952
78144  0.198952
78176  0.198952
78208  0.198952
78240  0.198952
78272  0.198952
78304  0.198952
78336  0.198952
78368  0.198952
78400  0.198952
78432  0.198952
78464  0.198952
78496  0.198952
78528  0.198952
78560  0.198952
78592  0.198952
78624  0.198952
78656  0.198952
78688  0.198952
78720  0.198952
78752  0.198952
78784  0.198952
78816  0.198952
78848  0.198952
78880  0.198952
78912  0.198952
78944  0.198952
78976  0.198952
79008  0.198946
79040  0.198946
79072  0.198946
79104  0.198946
79136  0.198946
79168  0.198946
79200  0.198946
79232  0.198946
79264  0.198946
79296  0.198946
79328  0.198946
79360  0.198946
79392  0.198946
79424  0.198946
79456  0.198946
79488  0.198946
79520  0.198946
79552  0.19884
79584  0.19884
79616  0.19884
79648  0.19884
79680  0.19884
79712  0.19884
79744  0.19884
79776  0.19884
79808  0.198828
79840  0.198828
79872  0.198828
79904  0.198828
79936  0.198823
79968  0.198823
80000  0.198823
80032  0.198823
80064  0.198823
80096  0.198823
80128  0.198823
80160  0.198823
80192  0.198823
80224  0.19879
80256  0.19879
80288  0.19879
80320  0.198748
80352  0.198748
80384  0.198748
80416  0.198748
80448  0.198748
80480  0.198748
80512  0.198748
80544  0.198726
80576  0.198726
80608  0.198726
80640  0.198726
80672  0.198688
80704  0.198688
80736  0.198688
80768  0.198688
80800  0.198688
80832  0.198688
80864  0.198688
80896  0.198688
80928  0.198688
80960  0.198665
80992  0.198665
81024  0.198665
81056  0.198665
81088  0.198665
81120  0.198665
81152  0.198665
81184  0.198665
81216  0.198665
81248  0.198665
81280  0.198665
81312  0.198665
81344  0.198665
81376  0.198665
81408  0.198665
81440  0.198665
81472  0.198665
81504  0.198665
81536  0.198665
81568  0.198659
81600  0.198659
81632  0.198659
81664  0.198659
81696  0.198659
81728  0.198645
81760  0.198645
81792  0.198645
81824  0.198645
81856  0.198645
81888  0.198645
81920  0.198645
81952  0.198645
81984  0.198645
82016  0.198645
82048  0.19863
82080  0.19863
82112  0.19863
82144  0.19863
82176  0.19863
82208  0.19863
82240  0.19863
82272  0.19863
82304  0.19863
82336  0.19863
82368  0.198625
82400  0.198625
82432  0.198625
82464  0.198588
82496  0.198588
82528  0.198588
82560  0.198588
82592  0.198587
82624  0.198587
82656  0.198587
82688  0.198587
82720  0.198587
82752  0.198548
82784  0.198548
82816  0.198548
82848  0.198548
82880  0.198548
82912  0.198548
82944  0.198548
82976  0.198548
83008  0.198548
83040  0.198548
83072  0.198548
83104  0.198548
83136  0.198548
83168  0.198548
83200  0.198548
83232  0.198548
83264  0.198548
83296  0.198548
83328  0.198548
83360  0.198548
83392  0.198548
83424  0.198548
83456  0.198548
83488  0.198548
83520  0.198548
83552  0.198548
83584  0.198548
83616  0.198548
83648  0.198537
83680  0.198537
83712  0.198537
83744  0.198537
83776  0.198537
83808  0.198507
83840  0.198507
83872  0.198507
83904  0.198507
83936  0.198507
83968  0.198507
84000  0.198507
84032  0.198507
84064  0.198507
84096  0.19843
84128  0.19843
84160  0.19843
84192  0.19843
84224  0.19843
84256  0.19843
84288  0.19843
84320  0.198398
84352  0.198398
84384  0.198398
84416  0.198398
84448  0.198398
84480  0.198398
84512  0.198398
84544  0.198398
84576  0.198398
84608  0.198398
84640  0.198398
84672  0.198398
84704  0.198398
84736  0.198398
84768  0.198398
84800  0.198398
84832  0.198398
84864  0.198398
84896  0.198398
84928  0.198398
84960  0.198398
84992  0.198398
85024  0.198396
85056  0.198396
85088  0.198396
85120  0.198377
85152  0.198377
85184  0.198377
85216  0.198377
85248  0.198377
85280  0.198377
85312  0.198377
85344  0.198377
85376  0.198377
85408  0.198377
85440  0.198377
85472  0.198367
85504  0.198367
85536  0.198357
85568  0.198357
85600  0.198357
85632  0.198357
85664  0.198357
85696  0.198357
85728  0.198357
85760  0.198357
85792  0.198357
85824  0.198357
85856  0.198357
85888  0.198357
85920  0.198357
85952  0.198357
85984  0.198357
86016  0.198357
86048  0.198357
86080  0.198357
86112  0.198357
86144  0.198357
86176  0.198357
86208  0.198357
86240  0.198357
86272  0.198357
86304  0.198357
86336  0.198357
86368  0.198357
86400  0.198357
86432  0.198357
86464  0.198357
86496  0.198357
86528  0.198357
86560  0.198357
86592  0.198357
86624  0.198357
86656  0.198357
86688  0.198357
86720  0.198357
86752  0.198357
86784  0.198357
86816  0.198357
86848  0.198357
86880  0.198357
86912  0.198357
86944  0.198357
86976  0.198357
87008  0.198357
87040  0.198357
87072  0.198357
87104  0.198357
87136  0.198356
87168  0.198337
87200  0.198337
87232  0.198337
87264  0.198337
87296  0.198254
87328  0.198254
87360  0.198254
87392  0.198254
87424  0.198254
87456  0.198254
87488  0.198254
87520  0.198254
87552  0.198254
87584  0.198254
87616  0.198254
87648  0.198254
87680  0.198254
87712  0.198254
87744  0.198254
87776  0.198254
87808  0.198254
87840  0.198254
87872  0.198254
87904  0.198254
87936  0.198254
87968  0.198254
88000  0.198254
88032  0.198254
88064  0.198254
88096  0.198254
88128  0.198254
88160  0.198254
88192  0.198254
88224  0.198254
88256  0.198254
88288  0.198254
88320  0.198254
88352  0.198254
88384  0.198254
88416  0.198254
88448  0.198254
88480  0.198254
88512  0.198254
88544  0.198254
88576  0.198254
88608  0.198254
88640  0.198198
88672  0.198198
88704  0.198119
88736  0.198119
88768  0.198119
88800  0.198119
88832  0.198119
88864  0.198119
88896  0.198119
88928  0.198119
88960  0.198119
88992  0.198119
89024  0.198119
89056  0.198119
89088  0.198119
89120  0.198119
89152  0.198119
89184  0.198119
89216  0.198119
89248  0.198119
89280  0.198119
89312  0.198119
89344  0.198119
89376  0.198119
89408  0.198119
89440  0.198099
89472  0.198099
89504  0.198099
89536  0.198099
89568  0.198099
89600  0.198099
89632  0.198099
89664  0.198062
89696  0.198062
89728  0.197994
89760  0.197994
89792  0.197994
89824  0.197994
89856  0.197994
89888  0.197994
89920  0.197994
89952  0.197994
89984  0.197994
90016  0.197994
90048  0.197994
90080  0.197994
90112  0.197994
90144  0.197994
90176  0.197994
90208  0.197994
90240  0.197994
90272  0.197994
90304  0.197969
90336  0.197969
90368  0.197969
90400  0.197969
90432  0.197969
90464  0.197903
90496  0.197903
90528  0.197903
90560  0.197903
90592  0.197903
90624  0.197903
90656  0.197903
90688  0.197903
90720  0.197903
90752  0.197903
90784  0.197903
90816  0.197903
90848  0.197903
90880  0.197903
90912  0.197886
90944  0.197886
90976  0.197823
91008  0.197823
91040  0.197823
91072  0.197823
91104  0.197823
91136  0.197823
91168  0.197823
91200  0.197823
91232  0.197823
91264  0.197823
91296  0.197823
91328  0.197823
91360  0.197823
91392  0.197823
91424  0.197823
91456  0.197823
91488  0.197823
91520  0.197823
91552  0.197823
91584  0.197823
91616  0.197823
91648  0.197823
91680  0.197823
91712  0.197823
91744  0.197823
91776  0.197823
91808  0.197823
91840  0.197823
91872  0.197798
91904  0.197798
91936  0.197798
91968  0.197798
92000  0.197798
92032  0.197798
92064  0.197798
92096  0.197798
92128  0.197751
92160  0.197751
92192  0.197751
92224  0.197751
92256  0.197751
92288  0.197751
92320  0.197751
92352  0.197704
92384  0.197704
92416  0.197704
92448  0.197704
92480  0.197704
92512  0.197704
92544  0.197704
92576  0.197704
92608  0.197628
92640  0.197628
92672  0.197628
92704  0.197628
92736  0.197626
92768  0.197626
92800  0.197626
92832  0.197626
92864  0.197621
92896  0.197621
92928  0.197621
92960  0.197621
92992  0.197621
93024  0.197621
93056  0.197619
93088  0.197619
93120  0.197619
93152  0.197619
93184  0.197619
93216  0.197619
93248  0.197619
93280  0.197619
93312  0.197619
93344  0.197619
93376  0.197619
93408  0.197617
93440  0.197617
93472  0.197617
93504  0.197617
93536  0.197617
93568  0.197617
93600  0.197617
93632  0.197617
93664  0.197617
93696  0.197617
93728  0.197617
93760  0.197617
93792  0.197617
93824  0.197617
93856  0.197617
93888  0.197617
93920  0.197617
93952  0.197617
93984  0.197617
94016  0.197617
94048  0.197617
94080  0.197617
94112  0.197617
94144  0.197617
94176  0.197617
94208  0.197617
94240  0.197617
94272  0.197617
94304  0.197617
94336  0.197617
94368  0.197617
94400  0.197617
94432  0.197617
94464  0.197617
94496  0.197617
94528  0.197617
94560  0.197617
94592  0.197617
94624  0.197617
94656  0.197617
94688  0.197617
94720  0.197617
94752  0.197617
94784  0.197617
94816  0.197617
94848  0.197617
94880  0.197617
94912  0.197617
94944  0.197617
94976  0.197617
95008  0.197617
95040  0.197617
95072  0.197617
95104  0.197594
95136  0.197594
95168  0.197594
95200  0.197594
95232  0.197594
95264  0.197594
95296  0.197594
95328  0.197594
95360  0.197594
95392  0.197594
95424  0.197594
95456  0.197594
95488  0.197594
95520  0.197594
95552  0.197594
95584  0.197594
95616  0.197594
95648  0.197594
95680  0.197594
95712  0.197594
95744  0.197594
95776  0.197594
95808  0.197594
95840  0.197594
95872  0.197594
95904  0.197594
95936  0.197594
95968  0.197594
96000  0.197594
96032  0.197594
