Step  Penalty
32  0.463148
64  0.463148
96  0.463148
128  0.463148
160  0.463148
192  0.463148
224  0.42173
256  0.408112
288  0.400555
320  0.374939
352  0.347011
384  0.328625
416  0.313246
448  0.295549
480  0.288344
512  0.277003
544  0.271401
576  0.267254
608  0.260553
640  0.25733
672  0.256154
704  0.254485
736  0.250379
768  0.250379
800  0.250379
832  0.245716
864  0.245716
896  0.245716
928  0.245716
960  0.245716
992  0.243387
1024  0.243387
1056  0.243387
1088  0.243387
1120  0.243387
1152  0.243387
1184  0.243387
1216  0.243387
1248  0.243387
1280  0.243387
1312  0.243387
1344  0.243387
1376  0.243387
1408  0.243387
1440  0.243387
1472  0.243387
1504  0.243387
1536  0.243387
1568  0.243387
1600  0.243387
1632  0.243387
1664  0.243387
1696  0.243387
1728  0.243387
1760  0.243387
1792  0.243387
1824  0.243387
1856  0.243387
1888  0.243387
1920  0.243387
1952  0.243387
1984  0.243387
2016  0.243387
2048  0.243387
2080  0.24322
2112  0.24322
2144  0.24322
2176  0.24322
2208  0.24322
2240  0.242337
2272  0.242337
2304  0.242337
2336  0.242337
2368  0.242337
2400  0.242337
2432  0.240184
2464  0.240184
2496  0.240184
2528  0.240184
2560  0.240184
2592  0.240184
2624  0.240184
2656  0.240184
2688  0.240184
2720  0.240184
2752  0.240184
2784  0.240184
2816  0.240184
2848  0.240184
2880  0.240184
2912  0.240184
2944  0.240184
2976  0.240184
3008  0.240184
3040  0.240184
3072  0.240184
3104  0.240184
3136  0.240184
3168  0.240184
3200  0.240184
3232  0.240184
3264  0.240184
3296  0.240184
3328  0.240184
3360  0.240184
3392  0.240184
3424  0.240184
3456  0.240184
3488  0.240184
3520  0.240184
3552  0.240184
3584  0.240184
3616  0.240184
3648  0.240184
3680  0.240184
3712  0.240184
3744  0.240184
3776  0.240184
3808  0.240184
3840  0.240184
3872  0.240184
3904  0.240184
3936  0.240184
3968  0.240184
4000  0.240184
4032  0.240184
4064  0.240184
4096  0.240184
4128  0.240184
4160  0.240184
4192  0.240184
4224  0.240184
4256  0.239403
4288  0.239403
4320  0.239403
4352  0.239403
4384  0.239403
4416  0.239403
4448  0.239403
4480  0.239403
4512  0.239403
4544  0.239403
4576  0.239403
4608  0.237752
4640  0.237752
4672  0.237752
4704  0.237752
4736  0.237752
4768  0.237752
4800  0.237752
4832  0.237752
4864  0.237752
4896  0.237752
4928  0.237752
4960  0.237752
4992  0.237752
5024  0.237752
5056  0.237752
5088  0.237752
5120  0.237752
5152  0.237752
5184  0.237752
5216  0.237752
5248  0.237752
5280  0.237752
5312  0.237752
5344  0.237752
5376  0.237752
5408  0.237752
5440  0.237752
5472  0.237752
5504  0.237752
5536  0.237752
5568  0.237752
5600  0.237752
5632  0.237752
5664  0.237752
5696  0.237752
5728  0.237752
5760  0.237752
5792  0.237752
5824  0.237752
5856  0.237752
5888  0.237752
5920  0.237752
5952  0.237752
5984  0.237752
6016  0.237752
6048  0.237752
6080  0.237752
6112  0.237752
6144  0.237752
6176  0.237752
6208  0.237752
6240  0.237752
6272  0.237752
6304  0.237752
6336  0.237752
6368  0.237752
6400  0.237752
6432  0.237752
6464  0.237752
6496  0.237752
6528  0.237752
6560  0.237752
6592  0.237752
6624  0.237752
6656  0.237752
6688  0.237752
6720  0.237752
6752  0.237752
6784  0.237752
6816  0.237752
6848  0.237752
6880  0.237752
6912  0.237752
6944  0.237752
6976  0.237752
7008  0.237752
7040  0.237752
7072  0.237752
7104  0.237752
7136  0.237752
7168  0.237752
7200  0.237752
7232  0.237752
7264  0.237752
7296  0.237752
7328  0.237752
7360  0.237752
7392  0.237752
7424  0.237752
7456  0.237752
7488  0.237752
7520  0.237752
7552  0.237752
7584  0.237752
7616  0.237752
7648  0.237752
7680  0.237752
7712  0.237752
7744  0.237752
7776  0.237752
7808  0.237752
7840  0.237752
7872  0.237752
7904  0.237752
7936  0.237752
7968  0.237752
8000  0.237752
8032  0.237752
8064  0.237752
8096  0.237752
8128  0.237752
8160  0.237752
8192  0.237752
8224  0.237752
8256  0.237752
8288  0.237752
8320  0.237752
8352  0.237752
8384  0.237752
8416  0.237752
8448  0.237752
8480  0.237752
8512  0.237752
8544  0.237752
8576  0.237752
8608  0.237752
8640  0.237752
8672  0.237752
8704  0.237752
8736  0.237752
8768  0.237752
8800  0.237752
8832  0.237752
8864  0.237752
8896  0.237752
8928  0.237752
8960  0.237752
8992  0.237752
9024  0.237752
9056  0.237752
9088  0.237752
9120  0.237752
9152  0.237752
9184  0.237752
9216  0.237752
9248  0.237752
9280  0.237752
9312  0.237752
9344  0.237752
9376  0.237752
9408  0.237752
9440  0.237752
9472  0.237752
9504  0.237752
9536  0.237752
9568  0.237752
9600  0.237752
9632  0.237752
9664  0.237752
9696  0.237752
9728  0.237752
9760  0.237752
9792  0.237752
9824  0.237752
9856  0.237752
9888  0.237752
9920  0.237752
9952  0.237752
9984  0.237752
10016  0.237752
10048  0.237752
10080  0.237752
10112  0.237752
10144  0.237752
10176  0.237752
10208  0.237752
10240  0.237752
10272  0.237752
10304  0.237752
10336  0.237752
10368  0.237752
10400  0.237752
10432  0.237752
10464  0.237752
10496  0.237752
10528  0.237752
10560  0.237752
10592  0.236152
10624  0.236152
10656  0.236152
10688  0.236152
10720  0.236152
10752  0.236152
10784  0.236152
10816  0.236152
10848  0.236152
10880  0.236152
10912  0.236152
10944  0.236152
10976  0.236152
11008  0.236152
11040  0.236152
11072  0.236152
11104  0.236152
11136  0.236152
11168  0.236152
11200  0.236152
11232  0.236152
11264  0.236152
11296  0.236152
11328  0.236152
11360  0.236152
11392  0.236152
11424  0.236152
11456  0.236152
11488  0.236152
11520  0.236152
11552  0.236152
11584  0.236152
11616  0.236152
11648  0.236152
11680  0.236152
11712  0.236152
11744  0.236152
11776  0.236152
11808  0.236152
11840  0.236152
11872  0.236152
11904  0.236152
11936  0.236152
11968  0.236152
12000  0.236152
12032  0.236152
12064  0.236152
12096  0.236152
12128  0.236152
12160  0.236152
12192  0.236152
12224  0.236152
12256  0.236152
12288  0.236152
12320  0.236152
12352  0.236152
12384  0.236152
12416  0.236152
12448  0.236152
12480  0.236152
12512  0.236152
12544  0.236152
12576  0.236152
12608  0.236152
12640  0.236152
12672  0.236152
12704  0.236152
12736  0.236152
12768  0.236152
12800  0.236152
12832  0.236152
12864  0.236152
12896  0.236152
12928  0.236152
12960  0.236152
12992  0.236152
13024  0.236152
13056  0.236152
13088  0.236152
13120  0.236152
13152  0.236152
13184  0.236152
13216  0.236152
13248  0.236152
13280  0.236152
13312  0.236152
13344  0.236152
13376  0.236152
13408  0.236152
13440  0.236152
13472  0.236152
13504  0.236152
13536  0.236152
13568  0.236152
13600  0.236152
13632  0.236152
13664  0.236152
13696  0.236152
13728  0.236152
13760  0.236152
13792  0.236152
13824  0.236152
13856  0.236152
13888  0.236152
13920  0.236152
13952  0.236152
13984  0.236152
14016  0.236152
14048  0.236152
14080  0.236152
14112  0.236152
14144  0.236152
14176  0.236152
14208  0.236152
14240  0.236152
14272  0.236152
14304  0.236152
14336  0.236152
14368  0.236152
14400  0.236152
14432  0.236152
14464  0.236152
14496  0.236152
14528  0.236152
14560  0.236152
14592  0.236152
14624  0.236152
14656  0.236152
14688  0.236152
14720  0.236152
14752  0.236152
14784  0.236152
14816  0.236152
14848  0.236152
14880  0.236152
14912  0.236152
14944  0.236152
14976  0.236152
15008  0.236152
15040  0.236152
15072  0.236152
15104  0.236152
15136  0.236152
15168  0.236152
15200  0.236152
15232  0.236152
15264  0.236152
15296  0.236152
15328  0.236152
15360  0.236152
15392  0.236152
15424  0.236152
15456  0.236152
15488  0.236152
15520  0.236152
15552  0.236152
15584  0.236152
15616  0.236152
15648  0.236152
15680  0.236152
15712  0.236152
15744  0.236152
15776  0.236152
15808  0.236152
15840  0.236152
15872  0.236152
15904  0.236152
15936  0.236152
15968  0.236152
16000  0.236152
16032  0.236152
16064  0.236152
16096  0.236152
16128  0.236152
16160  0.236152
16192  0.236152
16224  0.236152
16256  0.236152
16288  0.236152
16320  0.236152
16352  0.236152
16384  0.236152
16416  0.236152
16448  0.236152
16480  0.236152
16512  0.236152
16544  0.236152
16576  0.236152
16608  0.236152
16640  0.236152
16672  0.236152
16704  0.236152
16736  0.236152
16768  0.236152
16800  0.236152
16832  0.236152
16864  0.236152
16896  0.236152
16928  0.236152
16960  0.236152
16992  0.236152
17024  0.236152
17056  0.236152
17088  0.236152
17120  0.236152
17152  0.236152
17184  0.236152
17216  0.236152
17248  0.236152
17280  0.236152
17312  0.236152
17344  0.236152
17376  0.236152
17408  0.236152
17440  0.236152
17472  0.236152
17504  0.236152
17536  0.236152
17568  0.236152
17600  0.236152
17632  0.236152
17664  0.236152
17696  0.236152
17728  0.236152
17760  0.236152
17792  0.236152
17824  0.236152
17856  0.236152
17888  0.236152
17920  0.236152
17952  0.236152
17984  0.236152
18016  0.236152
18048  0.236152
18080  0.236152
18112  0.236152
18144  0.236152
18176  0.236152
18208  0.236152
18240  0.236152
18272  0.236152
18304  0.236152
18336  0.236152
18368  0.236152
18400  0.236152
18432  0.236152
18464  0.236152
18496  0.236152
18528  0.236152
18560  0.236152
18592  0.236152
18624  0.236152
18656  0.236152
18688  0.236152
18720  0.236152
18752  0.236152
18784  0.236152
18816  0.236152
18848  0.236152
18880  0.236152
18912  0.236152
18944  0.236152
18976  0.236152
19008  0.236152
19040  0.236152
19072  0.236152
19104  0.236152
19136  0.236152
19168  0.236152
19200  0.236152
19232  0.236152
19264  0.236152
19296  0.236152
19328  0.236152
19360  0.236152
19392  0.236152
19424  0.236152
19456  0.236152
19488  0.236152
19520  0.236152
19552  0.236152
19584  0.236152
19616  0.236152
19648  0.236152
19680  0.236152
19712  0.236152
19744  0.236152
19776  0.236152
19808  0.236152
19840  0.236152
19872  0.236152
19904  0.236152
19936  0.236152
19968  0.236152
20000  0.236152
20032  0.236152
20064  0.236152
20096  0.236152
20128  0.236152
20160  0.236152
20192  0.236152
20224  0.236152
20256  0.236152
20288  0.236152
20320  0.236152
20352  0.236152
20384  0.236152
20416  0.236152
20448  0.236152
20480  0.236152
20512  0.236152
20544  0.236152
20576  0.236152
20608  0.236152
20640  0.236152
20672  0.236152
20704  0.236152
20736  0.236152
20768  0.236152
20800  0.236152
20832  0.236152
20864  0.236152
20896  0.236152
20928  0.236152
20960  0.236152
20992  0.236152
21024  0.236152
21056  0.236152
21088  0.236152
21120  0.236152
21152  0.236152
21184  0.236152
21216  0.236152
21248  0.236152
21280  0.236152
21312  0.236152
21344  0.236152
21376  0.236152
21408  0.236152
21440  0.236152
21472  0.236152
21504  0.236152
21536  0.236152
21568  0.236152
21600  0.236152
21632  0.236152
21664  0.236152
21696  0.236152
21728  0.236152
21760  0.236152
21792  0.236152
21824  0.236152
21856  0.236152
21888  0.236152
21920  0.236152
21952  0.236152
21984  0.236152
22016  0.236152
22048  0.236152
22080  0.236152
22112  0.236152
22144  0.236152
22176  0.236152
22208  0.236152
22240  0.236152
22272  0.236152
22304  0.236152
22336  0.236152
22368  0.236152
22400  0.236152
22432  0.236152
22464  0.236152
22496  0.236152
22528  0.236152
22560  0.236152
22592  0.236152
22624  0.236152
22656  0.236152
22688  0.236152
22720  0.236152
22752  0.236152
22784  0.236152
22816  0.236152
22848  0.236152
22880  0.236152
22912  0.236152
22944  0.236152
22976  0.236152
23008  0.236152
23040  0.236152
23072  0.236152
23104  0.236152
23136  0.236152
23168  0.236152
23200  0.236152
23232  0.236152
23264  0.236152
23296  0.236152
23328  0.236152
23360  0.236152
23392  0.236152
23424  0.236152
23456  0.236152
23488  0.236152
23520  0.236152
23552  0.236152
23584  0.236152
23616  0.236152
23648  0.236152
23680  0.236152
23712  0.236152
23744  0.236152
23776  0.236152
23808  0.236152
23840  0.236152
23872  0.236152
23904  0.236152
23936  0.236152
23968  0.236152
24000  0.236152
24032  0.236152
24064  0.236152
24096  0.236152
24128  0.236152
24160  0.236152
24192  0.236152
24224  0.236152
24256  0.236152
24288  0.236152
24320  0.236152
24352  0.236152
24384  0.236152
24416  0.236152
24448  0.236152
24480  0.236152
24512  0.236152
24544  0.236152
24576  0.236152
24608  0.236152
24640  0.236152
24672  0.236152
24704  0.236152
24736  0.236152
24768  0.236152
24800  0.236152
24832  0.236152
24864  0.236152
24896  0.236152
24928  0.236152
24960  0.236152
24992  0.236152
25024  0.236152
25056  0.236152
25088  0.236152
25120  0.236152
25152  0.236152
25184  0.236152
25216  0.236152
25248  0.236152
25280  0.236152
25312  0.236152
25344  0.236152
25376  0.236152
25408  0.236152
25440  0.236152
25472  0.236152
25504  0.236152
25536  0.236152
25568  0.236152
25600  0.236152
25632  0.236152
25664  0.236152
25696  0.236152
25728  0.236152
25760  0.236152
25792  0.236152
25824  0.236152
25856  0.236152
25888  0.236152
25920  0.236152
25952  0.236152
25984  0.236152
26016  0.236152
26048  0.236152
26080  0.236152
26112  0.236152
26144  0.236152
26176  0.236152
26208  0.236152
26240  0.236152
26272  0.236152
26304  0.236152
26336  0.236152
26368  0.236152
26400  0.236152
26432  0.236152
26464  0.236152
26496  0.236152
26528  0.236152
26560  0.236152
26592  0.236152
26624  0.236152
26656  0.236152
26688  0.236152
26720  0.236152
26752  0.236152
26784  0.236152
26816  0.236152
26848  0.236152
26880  0.236152
26912  0.236152
26944  0.236152
26976  0.236152
27008  0.236152
27040  0.236152
27072  0.236152
27104  0.236152
27136  0.236152
27168  0.236152
27200  0.236152
27232  0.236152
27264  0.236152
27296  0.236152
27328  0.236152
27360  0.236152
27392  0.236152
27424  0.236152
27456  0.236152
27488  0.236152
27520  0.236152
27552  0.236152
27584  0.236152
27616  0.236152
27648  0.236152
27680  0.236152
27712  0.236152
27744  0.236152
27776  0.236152
27808  0.236152
27840  0.236152
27872  0.236152
27904  0.236152
27936  0.236152
27968  0.236152
28000  0.236152
28032  0.236152
28064  0.236152
28096  0.236152
28128  0.236152
28160  0.236152
28192  0.236152
28224  0.236152
28256  0.236152
28288  0.236152
28320  0.236152
28352  0.236152
28384  0.236152
28416  0.236152
28448  0.236152
28480  0.236152
28512  0.236152
28544  0.236152
28576  0.236152
28608  0.236152
28640  0.236152
28672  0.236152
28704  0.236152
28736  0.236152
28768  0.236152
28800  0.236152
28832  0.236152
28864  0.236152
28896  0.236152
28928  0.236152
28960  0.236152
28992  0.236152
29024  0.236152
29056  0.236152
29088  0.236152
29120  0.236152
29152  0.236152
29184  0.236152
29216  0.236152
29248  0.236152
29280  0.236152
29312  0.236152
29344  0.236152
29376  0.236152
29408  0.236152
29440  0.236152
29472  0.236152
29504  0.236152
29536  0.236152
29568  0.236152
29600  0.236152
29632  0.236152
29664  0.236152
29696  0.236152
29728  0.236152
29760  0.236152
29792  0.236152
29824  0.236152
29856  0.236152
29888  0.236152
29920  0.236152
29952  0.236152
29984  0.236152
30016  0.236152
30048  0.236152
30080  0.236152
30112  0.236152
30144  0.236152
30176  0.236152
30208  0.236152
30240  0.236152
30272  0.236152
30304  0.236152
30336  0.236152
30368  0.236152
30400  0.236152
30432  0.236152
30464  0.236152
30496  0.236152
30528  0.236152
30560  0.236152
30592  0.236152
30624  0.236152
30656  0.236152
30688  0.236152
30720  0.236152
30752  0.236152
30784  0.236152
30816  0.236152
30848  0.236152
30880  0.236152
30912  0.236152
30944  0.236152
30976  0.236152
31008  0.236152
31040  0.236152
31072  0.236152
31104  0.236152
31136  0.236152
31168  0.236152
31200  0.236152
31232  0.236152
31264  0.236152
31296  0.236152
31328  0.236152
31360  0.236152
31392  0.236152
31424  0.236152
31456  0.236152
31488  0.236152
31520  0.236152
31552  0.236152
31584  0.236152
31616  0.236152
31648  0.236152
31680  0.236152
31712  0.236152
31744  0.236152
31776  0.236152
31808  0.236152
31840  0.236152
31872  0.236152
31904  0.236152
31936  0.236152
31968  0.236152
32000  0.236152
32032  0.236152
32064  0.236152
32096  0.236152
32128  0.236152
32160  0.236152
32192  0.236152
32224  0.236152
32256  0.236152
32288  0.236152
32320  0.236152
32352  0.236152
32384  0.236152
32416  0.236152
32448  0.236152
32480  0.236152
32512  0.236152
32544  0.236152
32576  0.236152
32608  0.236152
32640  0.236152
32672  0.236152
32704  0.236152
32736  0.236152
32768  0.236152
32800  0.236152
32832  0.236152
32864  0.236152
32896  0.236152
32928  0.236152
32960  0.236152
32992  0.236152
33024  0.236152
33056  0.236152
33088  0.236152
33120  0.236152
33152  0.236152
33184  0.236152
33216  0.236152
33248  0.236152
33280  0.236152
33312  0.236152
33344  0.236152
33376  0.236152
33408  0.236152
33440  0.236152
33472  0.236152
33504  0.236152
33536  0.236152
33568  0.236152
33600  0.236152
33632  0.236152
33664  0.236152
33696  0.236152
33728  0.236152
33760  0.236152
33792  0.236152
33824  0.236152
33856  0.236152
33888  0.236152
33920  0.236152
33952  0.236152
33984  0.236152
34016  0.236152
34048  0.236152
34080  0.236152
34112  0.236152
34144  0.236152
34176  0.236152
34208  0.236152
34240  0.236152
34272  0.236152
34304  0.236152
34336  0.236152
34368  0.236152
34400  0.236152
34432  0.236152
34464  0.236152
34496  0.236152
34528  0.236152
34560  0.236152
34592  0.236152
34624  0.236152
34656  0.236152
34688  0.236152
34720  0.236152
34752  0.236152
34784  0.236152
34816  0.236152
34848  0.236152
34880  0.236152
34912  0.236152
34944  0.236152
34976  0.236152
35008  0.236152
35040  0.236152
35072  0.236152
35104  0.236152
35136  0.236152
35168  0.236152
35200  0.236152
35232  0.236152
35264  0.236152
35296  0.236152
35328  0.236152
35360  0.236152
35392  0.236152
35424  0.236152
35456  0.236152
35488  0.236152
35520  0.236152
35552  0.236152
35584  0.236152
35616  0.236152
35648  0.236152
35680  0.236152
35712  0.236152
35744  0.236152
35776  0.236152
35808  0.236152
35840  0.236152
35872  0.236152
35904  0.236152
35936  0.236152
35968  0.236152
36000  0.236152
36032  0.236152
36064  0.236152
36096  0.236152
36128  0.236152
36160  0.236152
36192  0.236152
36224  0.236152
36256  0.236152
36288  0.236152
36320  0.236152
36352  0.236152
36384  0.236152
36416  0.236152
36448  0.236152
36480  0.236152
36512  0.236152
36544  0.236152
36576  0.236152
36608  0.236152
36640  0.236152
36672  0.236152
36704  0.236152
36736  0.236152
36768  0.236152
36800  0.236152
36832  0.236152
36864  0.236152
36896  0.236152
36928  0.236152
36960  0.236152
36992  0.236152
37024  0.236152
37056  0.236152
37088  0.236152
37120  0.236152
37152  0.236152
37184  0.236152
37216  0.236152
37248  0.236152
37280  0.236152
37312  0.236152
37344  0.236152
37376  0.236152
37408  0.236152
37440  0.236152
37472  0.236152
37504  0.236152
37536  0.236152
37568  0.236152
37600  0.236152
37632  0.236152
37664  0.236152
37696  0.236152
37728  0.236152
37760  0.236152
37792  0.236152
37824  0.236152
37856  0.236152
37888  0.236152
37920  0.236152
37952  0.236152
37984  0.236152
38016  0.236152
38048  0.236152
38080  0.236152
38112  0.236152
38144  0.236152
38176  0.236152
38208  0.236152
38240  0.236152
38272  0.236152
38304  0.236152
38336  0.236152
38368  0.236152
38400  0.236152
38432  0.236152
38464  0.236152
38496  0.236152
38528  0.236152
38560  0.236152
38592  0.236152
38624  0.236152
38656  0.236152
38688  0.236152
38720  0.236152
38752  0.236152
38784  0.236152
38816  0.236152
38848  0.236152
38880  0.236152
38912  0.236152
38944  0.236152
38976  0.236152
39008  0.236152
39040  0.236152
39072  0.236152
39104  0.236152
39136  0.236152
39168  0.236152
39200  0.236152
39232  0.236152
39264  0.236152
39296  0.236152
39328  0.236152
39360  0.236152
39392  0.236152
39424  0.236152
39456  0.236152
39488  0.236152
39520  0.236152
39552  0.236152
39584  0.236152
39616  0.236152
39648  0.236152
39680  0.236152
39712  0.236152
39744  0.236152
39776  0.236152
39808  0.236152
39840  0.236152
39872  0.236152
39904  0.236152
39936  0.236152
39968  0.236152
40000  0.236152
40032  0.236152
40064  0.236152
40096  0.236152
40128  0.236152
40160  0.236152
40192  0.236152
40224  0.236152
40256  0.236152
40288  0.236152
40320  0.236152
40352  0.236152
40384  0.236152
40416  0.236152
40448  0.236152
40480  0.236152
40512  0.236152
40544  0.236152
40576  0.236152
40608  0.236152
40640  0.236152
40672  0.236152
40704  0.236152
40736  0.236152
40768  0.236152
40800  0.236152
40832  0.236152
40864  0.236152
40896  0.236152
40928  0.236152
40960  0.236152
40992  0.236152
41024  0.236152
41056  0.236152
41088  0.236152
41120  0.236152
41152  0.236152
41184  0.236152
41216  0.236152
41248  0.236152
41280  0.236152
41312  0.236152
41344  0.236152
41376  0.236152
41408  0.236152
41440  0.236152
41472  0.236152
41504  0.236152
41536  0.236152
41568  0.236152
41600  0.236152
41632  0.236152
41664  0.236152
41696  0.236152
41728  0.236152
41760  0.236152
41792  0.236152
41824  0.236152
41856  0.236152
41888  0.236152
41920  0.236152
41952  0.236152
41984  0.236152
42016  0.236152
42048  0.236152
42080  0.236152
42112  0.236152
42144  0.236152
42176  0.236152
42208  0.236152
42240  0.236152
42272  0.236152
42304  0.236152
42336  0.236152
42368  0.236152
42400  0.236152
42432  0.236152
42464  0.236152
42496  0.236152
42528  0.236152
42560  0.236152
42592  0.236152
42624  0.236152
42656  0.236152
42688  0.236152
42720  0.236152
42752  0.236152
42784  0.236152
42816  0.236152
42848  0.236152
42880  0.236152
42912  0.236152
42944  0.236152
42976  0.236152
43008  0.236152
43040  0.236152
43072  0.236152
43104  0.236152
43136  0.236152
43168  0.236152
43200  0.236152
43232  0.236152
43264  0.236152
43296  0.236152
43328  0.236152
43360  0.236152
43392  0.236152
43424  0.236152
43456  0.236152
43488  0.236152
43520  0.236152
43552  0.236152
43584  0.236152
43616  0.236152
43648  0.236152
43680  0.236152
43712  0.236152
43744  0.236152
43776  0.236152
43808  0.236152
43840  0.236152
43872  0.236152
43904  0.236152
43936  0.236152
43968  0.236152
44000  0.236152
44032  0.236152
44064  0.236152
44096  0.236152
44128  0.236152
44160  0.236152
44192  0.236152
44224  0.236152
44256  0.236152
44288  0.236152
44320  0.236152
44352  0.236152
44384  0.236152
44416  0.236152
44448  0.236152
44480  0.236152
44512  0.236152
44544  0.236152
44576  0.236152
44608  0.236152
44640  0.236152
44672  0.236152
44704  0.236152
44736  0.236152
44768  0.236152
44800  0.236152
44832  0.236152
44864  0.236152
44896  0.236152
44928  0.236152
44960  0.236152
44992  0.236152
45024  0.236152
45056  0.236152
45088  0.236152
45120  0.236152
45152  0.236152
45184  0.236152
45216  0.236152
45248  0.236152
45280  0.236152
45312  0.236152
45344  0.236152
45376  0.236152
45408  0.236152
45440  0.236152
45472  0.236152
45504  0.236152
45536  0.236152
45568  0.236152
45600  0.236152
45632  0.236152
45664  0.236152
45696  0.236152
45728  0.236152
45760  0.236152
45792  0.236152
45824  0.236152
45856  0.236152
45888  0.236152
45920  0.236152
45952  0.236152
45984  0.236152
46016  0.236152
46048  0.236152
46080  0.236152
46112  0.236152
46144  0.236152
46176  0.236152
46208  0.236152
46240  0.236152
46272  0.236152
46304  0.236152
46336  0.236152
46368  0.236152
46400  0.236152
46432  0.236152
46464  0.236152
46496  0.236152
46528  0.236152
46560  0.236152
46592  0.236152
46624  0.236152
46656  0.236152
46688  0.236152
46720  0.236152
46752  0.236152
46784  0.236152
46816  0.236152
46848  0.236152
46880  0.236152
46912  0.236152
46944  0.236152
46976  0.236152
47008  0.236152
47040  0.236152
47072  0.236152
47104  0.236152
47136  0.236152
47168  0.236152
47200  0.236152
47232  0.236152
47264  0.236152
47296  0.236152
47328  0.236152
47360  0.236152
47392  0.236152
47424  0.236152
47456  0.236152
47488  0.236152
47520  0.236152
47552  0.236152
47584  0.236152
47616  0.236152
47648  0.236152
47680  0.236152
47712  0.236152
47744  0.236152
47776  0.236152
47808  0.236152
47840  0.236152
47872  0.236152
47904  0.236152
47936  0.236152
47968  0.236152
48000  0.236152
48032  0.236152
48064  0.236152
48096  0.236152
48128  0.236152
48160  0.236152
48192  0.236152
48224  0.236152
48256  0.236152
48288  0.236152
48320  0.236152
48352  0.236152
48384  0.236152
48416  0.236152
48448  0.236152
48480  0.236152
48512  0.236152
48544  0.236152
48576  0.236152
48608  0.236152
48640  0.236152
48672  0.236152
48704  0.236152
48736  0.236152
48768  0.236152
48800  0.236152
48832  0.236152
48864  0.236152
48896  0.236152
48928  0.236152
48960  0.236152
48992  0.236152
49024  0.236152
49056  0.236152
49088  0.236152
49120  0.236152
49152  0.236152
49184  0.236152
49216  0.236152
49248  0.236152
49280  0.236152
49312  0.236152
49344  0.236152
49376  0.236152
49408  0.236152
49440  0.236152
49472  0.236152
49504  0.236152
49536  0.236152
49568  0.236152
49600  0.236152
49632  0.236152
49664  0.236152
49696  0.236152
49728  0.236152
49760  0.236152
49792  0.236152
49824  0.236152
49856  0.236152
49888  0.236152
49920  0.236152
49952  0.236152
49984  0.236152
50016  0.236152
50048  0.236152
50080  0.236152
50112  0.236152
50144  0.236152
50176  0.236152
50208  0.236152
50240  0.236152
50272  0.236152
50304  0.236152
50336  0.236152
50368  0.236152
50400  0.236152
50432  0.236152
50464  0.236152
50496  0.236152
50528  0.236152
50560  0.236152
50592  0.236152
50624  0.236152
50656  0.236152
50688  0.236152
50720  0.236152
50752  0.236152
50784  0.236152
50816  0.236152
50848  0.236152
50880  0.236152
50912  0.236152
50944  0.236152
50976  0.236152
51008  0.236152
51040  0.236152
51072  0.236152
51104  0.236152
51136  0.236152
51168  0.236152
51200  0.236152
51232  0.236152
51264  0.236152
51296  0.236152
51328  0.236152
51360  0.236152
51392  0.236152
51424  0.236152
51456  0.236152
51488  0.236152
51520  0.236152
51552  0.236152
51584  0.236152
51616  0.236152
51648  0.236152
51680  0.236152
51712  0.236152
51744  0.236152
51776  0.236152
51808  0.236152
51840  0.236152
51872  0.236152
51904  0.236152
51936  0.236152
51968  0.236152
52000  0.236152
52032  0.236152
52064  0.236152
52096  0.236152
52128  0.236152
52160  0.236152
52192  0.236152
52224  0.236152
52256  0.236152
52288  0.236152
52320  0.236152
52352  0.236152
52384  0.236152
52416  0.236152
52448  0.236152
52480  0.236152
52512  0.236152
52544  0.236152
52576  0.236152
52608  0.236152
52640  0.236152
52672  0.236152
52704  0.236152
52736  0.236152
52768  0.236152
52800  0.236152
52832  0.236152
52864  0.236152
52896  0.236152
52928  0.236152
52960  0.236152
52992  0.236152
53024  0.236152
53056  0.236152
53088  0.236152
53120  0.236152
53152  0.236152
53184  0.236152
53216  0.236152
53248  0.236152
53280  0.236152
53312  0.236152
53344  0.236152
53376  0.236152
53408  0.236152
53440  0.236152
53472  0.236152
53504  0.236152
53536  0.236152
53568  0.236152
53600  0.236152
53632  0.236152
53664  0.236152
53696  0.236152
53728  0.236152
53760  0.236152
53792  0.236152
53824  0.236152
53856  0.236152
53888  0.236152
53920  0.236152
53952  0.236152
53984  0.236152
54016  0.236152
54048  0.236152
54080  0.236152
54112  0.236152
54144  0.236152
54176  0.236152
54208  0.236152
54240  0.236152
54272  0.236152
54304  0.236152
54336  0.236152
54368  0.236152
54400  0.236152
54432  0.236152
54464  0.236152
54496  0.236152
54528  0.236152
54560  0.236152
54592  0.236152
54624  0.236152
54656  0.236152
54688  0.236152
54720  0.236152
54752  0.236152
54784  0.236152
54816  0.236152
54848  0.236152
54880  0.236152
54912  0.236152
54944  0.236152
54976  0.236152
55008  0.236152
55040  0.236152
55072  0.236152
55104  0.236152
55136  0.236152
55168  0.236152
55200  0.236152
55232  0.236152
55264  0.236152
55296  0.236152
55328  0.236152
55360  0.236152
55392  0.236152
55424  0.236152
55456  0.236152
55488  0.236152
55520  0.236152
55552  0.236152
55584  0.236152
55616  0.236152
55648  0.236152
55680  0.236152
55712  0.236152
55744  0.236152
55776  0.236152
55808  0.236152
55840  0.236152
55872  0.236152
55904  0.236152
55936  0.236152
55968  0.236152
56000  0.236152
56032  0.236152
56064  0.236152
56096  0.236152
56128  0.236152
56160  0.236152
56192  0.236152
56224  0.236152
56256  0.236152
56288  0.236152
56320  0.236152
56352  0.236152
56384  0.236152
56416  0.236152
56448  0.236152
56480  0.236152
56512  0.236152
56544  0.236152
56576  0.236152
56608  0.236152
56640  0.236152
56672  0.236152
56704  0.236152
56736  0.236152
56768  0.236152
56800  0.236152
56832  0.236152
56864  0.236152
56896  0.236152
56928  0.236152
56960  0.236152
56992  0.236152
57024  0.236152
57056  0.236152
57088  0.236152
57120  0.236152
57152  0.236152
57184  0.236152
57216  0.236152
57248  0.236152
57280  0.236152
57312  0.236152
57344  0.236152
57376  0.236152
57408  0.236152
57440  0.236152
57472  0.236152
57504  0.236152
57536  0.236152
57568  0.236152
57600  0.236152
57632  0.236152
57664  0.236152
57696  0.236152
57728  0.236152
57760  0.236152
57792  0.236152
57824  0.236152
57856  0.236152
57888  0.236152
57920  0.236152
57952  0.236152
57984  0.236152
58016  0.236152
58048  0.236152
58080  0.236152
58112  0.236152
58144  0.236152
58176  0.236152
58208  0.236152
58240  0.236152
58272  0.236152
58304  0.236152
58336  0.236152
58368  0.236152
58400  0.236152
58432  0.236152
58464  0.236152
58496  0.236152
58528  0.236152
58560  0.236152
58592  0.236152
58624  0.236152
58656  0.236152
58688  0.236152
58720  0.236152
58752  0.236152
58784  0.236152
58816  0.236152
58848  0.236152
58880  0.236152
58912  0.236152
58944  0.236152
58976  0.236152
59008  0.236152
59040  0.236152
59072  0.236152
59104  0.236152
59136  0.236152
59168  0.236152
59200  0.236152
59232  0.236152
59264  0.236152
59296  0.236152
59328  0.236152
59360  0.236152
59392  0.236152
59424  0.236152
59456  0.236152
59488  0.236152
59520  0.236152
59552  0.236152
59584  0.236152
59616  0.236152
59648  0.236152
59680  0.236152
59712  0.236152
59744  0.236152
59776  0.236152
59808  0.236152
59840  0.236152
59872  0.236152
59904  0.236152
59936  0.236152
59968  0.236152
60000  0.236152
60032  0.236152
60064  0.236152
60096  0.236152
60128  0.236152
60160  0.236152
60192  0.236152
60224  0.236152
60256  0.236152
60288  0.236152
60320  0.236152
60352  0.236152
60384  0.236152
60416  0.236152
60448  0.236152
60480  0.236152
60512  0.236152
60544  0.236152
60576  0.236152
60608  0.236152
60640  0.236152
60672  0.236152
60704  0.236152
60736  0.236152
60768  0.236152
60800  0.236152
60832  0.236152
60864  0.236152
60896  0.236152
60928  0.236152
60960  0.236152
60992  0.236152
61024  0.236152
61056  0.236152
61088  0.236152
61120  0.236152
61152  0.236152
61184  0.236152
61216  0.236152
61248  0.236152
61280  0.236152
61312  0.236152
61344  0.236152
61376  0.236152
61408  0.236152
61440  0.236152
61472  0.236152
61504  0.236152
61536  0.236152
61568  0.236152
61600  0.236152
61632  0.236152
61664  0.236152
61696  0.236152
61728  0.236152
61760  0.236152
61792  0.236152
61824  0.236152
61856  0.236152
61888  0.236152
61920  0.236152
61952  0.236152
61984  0.236152
62016  0.236152
62048  0.236152
62080  0.236152
62112  0.236152
62144  0.236152
62176  0.236152
62208  0.236152
62240  0.236152
62272  0.236152
62304  0.236152
62336  0.236152
62368  0.236152
62400  0.236152
62432  0.236152
62464  0.236152
62496  0.236152
62528  0.236152
62560  0.236152
62592  0.236152
62624  0.236152
62656  0.236152
62688  0.236152
62720  0.236152
62752  0.236152
62784  0.236152
62816  0.236152
62848  0.236152
62880  0.236152
62912  0.236152
62944  0.236152
62976  0.236152
63008  0.236152
63040  0.236152
63072  0.236152
63104  0.236152
63136  0.236152
63168  0.236152
63200  0.236152
63232  0.236152
63264  0.236152
63296  0.236152
63328  0.236152
63360  0.236152
63392  0.236152
63424  0.236152
63456  0.236152
63488  0.236152
63520  0.236152
63552  0.236152
63584  0.236152
63616  0.236152
63648  0.236152
63680  0.236152
63712  0.236152
63744  0.236152
63776  0.236152
63808  0.236152
63840  0.236152
63872  0.236152
63904  0.236152
63936  0.236152
63968  0.236152
64000  0.236152
64032  0.236152
64064  0.236152
64096  0.236152
64128  0.236152
64160  0.236152
64192  0.236152
64224  0.236152
64256  0.236152
64288  0.236152
64320  0.236152
64352  0.236152
64384  0.236152
64416  0.236152
64448  0.236152
64480  0.236152
64512  0.236152
64544  0.236152
64576  0.236152
64608  0.236152
64640  0.236152
64672  0.236152
64704  0.236152
64736  0.236152
64768  0.236152
64800  0.236152
64832  0.236152
64864  0.236152
64896  0.236152
64928  0.236152
64960  0.236152
64992  0.236152
65024  0.236152
65056  0.236152
65088  0.236152
65120  0.236152
65152  0.236152
65184  0.236152
65216  0.236152
65248  0.236152
65280  0.236152
65312  0.236152
65344  0.236152
65376  0.236152
65408  0.236152
65440  0.236152
65472  0.236152
65504  0.236152
65536  0.236152
65568  0.236152
65600  0.236152
65632  0.236152
65664  0.236152
65696  0.236152
65728  0.236152
65760  0.236152
65792  0.236152
65824  0.236152
65856  0.236152
65888  0.236152
65920  0.236152
65952  0.236152
65984  0.236152
66016  0.236152
66048  0.236152
66080  0.236152
66112  0.236152
66144  0.236152
66176  0.236152
66208  0.236152
66240  0.236152
66272  0.236152
66304  0.236152
66336  0.236152
66368  0.236152
66400  0.236152
66432  0.236152
66464  0.236152
66496  0.236152
66528  0.236152
66560  0.236152
66592  0.236152
66624  0.236152
66656  0.236152
66688  0.236152
66720  0.236152
66752  0.236152
66784  0.236152
66816  0.236152
66848  0.236152
66880  0.236152
66912  0.236152
66944  0.236152
66976  0.236152
67008  0.236152
67040  0.236152
67072  0.236152
67104  0.236152
67136  0.236152
67168  0.236152
67200  0.236152
67232  0.236152
67264  0.236152
67296  0.236152
67328  0.236152
67360  0.236152
67392  0.236152
67424  0.236152
67456  0.236152
67488  0.236152
67520  0.236152
67552  0.236152
67584  0.236152
67616  0.236152
67648  0.236152
67680  0.236152
67712  0.236152
67744  0.236152
67776  0.236152
67808  0.236152
67840  0.236152
67872  0.236152
67904  0.236152
67936  0.236152
67968  0.236152
68000  0.236152
68032  0.236152
68064  0.236152
68096  0.236152
68128  0.236152
68160  0.236152
68192  0.236152
68224  0.236152
68256  0.236152
68288  0.236152
68320  0.236152
68352  0.236152
68384  0.236152
68416  0.236152
68448  0.236152
68480  0.236152
68512  0.236152
68544  0.236152
68576  0.236152
68608  0.236152
68640  0.236152
68672  0.236152
68704  0.236152
68736  0.236152
68768  0.236152
68800  0.236152
68832  0.236152
68864  0.236152
68896  0.236152
68928  0.236152
68960  0.236152
68992  0.236152
69024  0.236152
69056  0.236152
69088  0.236152
69120  0.236152
69152  0.236152
69184  0.236152
69216  0.236152
69248  0.236152
69280  0.236152
69312  0.236152
69344  0.236152
69376  0.236152
69408  0.236152
69440  0.236152
69472  0.236152
69504  0.236152
69536  0.236152
69568  0.236152
69600  0.236152
69632  0.236152
69664  0.236152
69696  0.236152
69728  0.236152
69760  0.236152
69792  0.236152
69824  0.236152
69856  0.236152
69888  0.236152
69920  0.236152
69952  0.236152
69984  0.236152
70016  0.236152
70048  0.236152
70080  0.236152
70112  0.236152
70144  0.236152
70176  0.236152
70208  0.236152
70240  0.236152
70272  0.236152
70304  0.236152
70336  0.236152
70368  0.236152
70400  0.236152
70432  0.236152
70464  0.236152
70496  0.236152
70528  0.236152
70560  0.236152
70592  0.236152
70624  0.236152
70656  0.236152
70688  0.236152
70720  0.236152
70752  0.236152
70784  0.236152
70816  0.236152
70848  0.236152
70880  0.236152
70912  0.236152
70944  0.236152
70976  0.236152
71008  0.236152
71040  0.236152
71072  0.236152
71104  0.236152
71136  0.236152
71168  0.236152
71200  0.236152
71232  0.236152
71264  0.236152
71296  0.236152
71328  0.236152
71360  0.236152
71392  0.236152
71424  0.236152
71456  0.236152
71488  0.236152
71520  0.236152
71552  0.236152
71584  0.236152
71616  0.236152
71648  0.236152
71680  0.236152
71712  0.236152
71744  0.236152
71776  0.236152
71808  0.236152
71840  0.236152
71872  0.236152
71904  0.236152
71936  0.236152
71968  0.236152
72000  0.236152
72032  0.236152
72064  0.236152
72096  0.236152
72128  0.236152
72160  0.236152
72192  0.236152
72224  0.236152
72256  0.236152
72288  0.236152
72320  0.236152
72352  0.236152
72384  0.236152
72416  0.236152
72448  0.236152
72480  0.236152
72512  0.236152
72544  0.236152
72576  0.236152
