Step  Penalty
50  0.489155
100  0.484407
150  0.479036
200  0.472236
250  0.472236
300  0.469419
350  0.469419
400  0.469419
450  0.468625
500  0.467807
550  0.467807
600  0.467807
650  0.467807
700  0.441046
750  0.441046
800  0.441046
850  0.441046
900  0.441046
950  0.441046
1000  0.441046
1050  0.441046
1100  0.441046
1150  0.441046
1200  0.441046
1250  0.441046
1300  0.441046
1350  0.441046
1400  0.441046
1450  0.441046
1500  0.441046
1550  0.441046
1600  0.441046
1650  0.441046
1700  0.441046
1750  0.439234
1800  0.439234
1850  0.439234
1900  0.439234
1950  0.439234
2000  0.439234
2050  0.439234
2100  0.439234
2150  0.439234
2200  0.439234
2250  0.439234
2300  0.439234
2350  0.439234
2400  0.439234
2450  0.439234
2500  0.439234
2550  0.439234
2600  0.439234
2650  0.439234
2700  0.439234
2750  0.439234
2800  0.439234
2850  0.439234
2900  0.439234
2950  0.439234
3000  0.439234
3050  0.439234
3100  0.439234
3150  0.439234
3200  0.439234
3250  0.439234
3300  0.439234
3350  0.439234
3400  0.439234
3450  0.439234
3500  0.439234
3550  0.439234
3600  0.439234
3650  0.439234
3700  0.438827
3750  0.438827
3800  0.438827
3850  0.438827
3900  0.438827
3950  0.438827
4000  0.438827
4050  0.438827
4100  0.438827
4150  0.438827
4200  0.438827
4250  0.438827
4300  0.438827
4350  0.438827
4400  0.438827
4450  0.438827
4500  0.438827
4550  0.438827
4600  0.438827
4650  0.438827
4700  0.438827
4750  0.438827
4800  0.438827
4850  0.438827
4900  0.438827
4950  0.438827
5000  0.422118
5050  0.422118
5100  0.422118
5150  0.422118
5200  0.422118
5250  0.422118
5300  0.422118
5350  0.422118
5400  0.422118
5450  0.422118
5500  0.422118
5550  0.422118
5600  0.422118
5650  0.422118
5700  0.422118
5750  0.422118
5800  0.422118
5850  0.422118
5900  0.422118
5950  0.422118
6000  0.422118
6050  0.422118
6100  0.422118
6150  0.422118
6200  0.422118
6250  0.422118
6300  0.422118
6350  0.422118
6400  0.422118
6450  0.422118
6500  0.422118
6550  0.422118
6600  0.422118
6650  0.422118
6700  0.422118
6750  0.422118
6800  0.422118
6850  0.422118
6900  0.422118
6950  0.422118
7000  0.422118
7050  0.422118
7100  0.422118
7150  0.422118
7200  0.422118
7250  0.422118
7300  0.422118
7350  0.422118
7400  0.422118
7450  0.422118
7500  0.422118
7550  0.422118
7600  0.422118
7650  0.422118
7700  0.422118
7750  0.422118
7800  0.422118
7850  0.422118
7900  0.422118
7950  0.422118
8000  0.422118
8050  0.422118
8100  0.422118
8150  0.422118
8200  0.422118
8250  0.422118
8300  0.422118
8350  0.422118
8400  0.422118
8450  0.422118
8500  0.422118
8550  0.422118
8600  0.422118
8650  0.422118
8700  0.419008
8750  0.419008
8800  0.419008
8850  0.419008
8900  0.419008
8950  0.419008
9000  0.419008
9050  0.419008
9100  0.419008
9150  0.419008
9200  0.419008
9250  0.419008
9300  0.419008
9350  0.419008
9400  0.419008
9450  0.419008
9500  0.419008
9550  0.419008
9600  0.419008
9650  0.419008
9700  0.419008
9750  0.419008
9800  0.413581
9850  0.413581
9900  0.413581
9950  0.413581
10000  0.413581
10050  0.413581
10100  0.413581
10150  0.413581
10200  0.413581
10250  0.413581
10300  0.413581
10350  0.413581
10400  0.413581
10450  0.413581
10500  0.413581
10550  0.413581
10600  0.413581
10650  0.413581
10700  0.413581
10750  0.413581
10800  0.413581
10850  0.413581
10900  0.413581
10950  0.413581
11000  0.413581
11050  0.413581
11100  0.413581
11150  0.413581
11200  0.413581
11250  0.413581
11300  0.413581
11350  0.413581
11400  0.413581
11450  0.413581
11500  0.413581
11550  0.413581
11600  0.413581
11650  0.413581
11700  0.413581
11750  0.413581
11800  0.413581
11850  0.413581
11900  0.413581
11950  0.413581
12000  0.413581
12050  0.413581
12100  0.413581
12150  0.413581
12200  0.413581
12250  0.413581
12300  0.413581
12350  0.413581
12400  0.413581
12450  0.413581
12500  0.413581
12550  0.413581
12600  0.413581
12650  0.413581
12700  0.413581
12750  0.413581
12800  0.413581
12850  0.413581
12900  0.413581
12950  0.413581
13000  0.413581
13050  0.413581
13100  0.413581
13150  0.413581
13200  0.413581
13250  0.413581
13300  0.413581
13350  0.413581
13400  0.413581
13450  0.413581
13500  0.413581
13550  0.413581
13600  0.413581
13650  0.413581
13700  0.413581
13750  0.413581
13800  0.413581
13850  0.413581
13900  0.413581
13950  0.413581
14000  0.413581
14050  0.413581
14100  0.413581
14150  0.413581
14200  0.413581
14250  0.413581
14300  0.413581
14350  0.413581
14400  0.407851
14450  0.407851
14500  0.407851
14550  0.407851
14600  0.407851
14650  0.407851
14700  0.407851
14750  0.407851
14800  0.407851
14850  0.407851
14900  0.407851
14950  0.407851
15000  0.407851
15050  0.407851
15100  0.407851
15150  0.407851
15200  0.407851
15250  0.407851
15300  0.407851
15350  0.407851
15400  0.407851
15450  0.407851
15500  0.407851
15550  0.407851
15600  0.407851
15650  0.407851
15700  0.407851
15750  0.407851
15800  0.407851
15850  0.407851
15900  0.407851
15950  0.407851
16000  0.407851
16050  0.407851
16100  0.407851
16150  0.407851
16200  0.407851
16250  0.407851
16300  0.407851
16350  0.407851
16400  0.407851
16450  0.407851
16500  0.407851
16550  0.407851
16600  0.407851
16650  0.407851
16700  0.407851
16750  0.407851
16800  0.407851
16850  0.407851
16900  0.406123
16950  0.406123
17000  0.406123
17050  0.406123
17100  0.406123
17150  0.406123
17200  0.406123
17250  0.406123
17300  0.406123
17350  0.406123
17400  0.406123
17450  0.406123
17500  0.406123
17550  0.406123
17600  0.406123
17650  0.406123
17700  0.406123
17750  0.406123
17800  0.406123
17850  0.406123
17900  0.406123
17950  0.406123
18000  0.406123
18050  0.406123
18100  0.406123
18150  0.406123
18200  0.406123
18250  0.406123
18300  0.406123
18350  0.406123
18400  0.406123
18450  0.406123
18500  0.406123
18550  0.406123
18600  0.406123
18650  0.406123
18700  0.406123
18750  0.406123
18800  0.406123
18850  0.406123
18900  0.406123
18950  0.406123
19000  0.406123
19050  0.406123
19100  0.406123
19150  0.406123
19200  0.406123
19250  0.406123
19300  0.406123
19350  0.406123
19400  0.406123
19450  0.406123
19500  0.406123
19550  0.406123
19600  0.406123
19650  0.406123
19700  0.406123
19750  0.406123
19800  0.406123
19850  0.406123
19900  0.406123
19950  0.406123
20000  0.405958
20050  0.405958
20100  0.405958
20150  0.405958
20200  0.405958
20250  0.405958
20300  0.405958
20350  0.405958
20400  0.405958
20450  0.405541
20500  0.405541
20550  0.405541
20600  0.405541
20650  0.405541
20700  0.405541
20750  0.405541
20800  0.405541
20850  0.405541
20900  0.405541
20950  0.405541
21000  0.405541
21050  0.405541
21100  0.405541
21150  0.405541
21200  0.405541
21250  0.405541
21300  0.405541
21350  0.405541
21400  0.405541
21450  0.405541
21500  0.405541
21550  0.405541
21600  0.405541
21650  0.405541
21700  0.405541
21750  0.405541
21800  0.405541
21850  0.405541
21900  0.405541
21950  0.405541
22000  0.405541
22050  0.405541
22100  0.405541
22150  0.405541
22200  0.405541
22250  0.405541
22300  0.405541
22350  0.405541
22400  0.405541
22450  0.405541
22500  0.405541
22550  0.405541
22600  0.405541
22650  0.405541
22700  0.405541
22750  0.405541
22800  0.405541
22850  0.405541
22900  0.405541
22950  0.405541
23000  0.405541
23050  0.39631
23100  0.39631
23150  0.39631
23200  0.39631
23250  0.39631
23300  0.39631
23350  0.39631
23400  0.39631
23450  0.39631
23500  0.39631
23550  0.39631
23600  0.39631
23650  0.39631
23700  0.39631
23750  0.39631
23800  0.39631
23850  0.39631
23900  0.39631
23950  0.39631
24000  0.39631
24050  0.39631
24100  0.39631
24150  0.39631
24200  0.39631
24250  0.39631
24300  0.39631
24350  0.39631
24400  0.39631
24450  0.39631
24500  0.39631
24550  0.39631
24600  0.39631
24650  0.39631
24700  0.39631
24750  0.39631
24800  0.39631
24850  0.39631
24900  0.39631
24950  0.39631
25000  0.39631
25050  0.39631
25100  0.39631
25150  0.39631
25200  0.39631
25250  0.39631
25300  0.39631
25350  0.39631
25400  0.39631
25450  0.39631
25500  0.39631
25550  0.39631
25600  0.39631
25650  0.39631
25700  0.39631
25750  0.39631
25800  0.39631
25850  0.39631
25900  0.39631
25950  0.39631
26000  0.39631
26050  0.39631
26100  0.39631
26150  0.39631
26200  0.39631
26250  0.39631
26300  0.39631
26350  0.39631
26400  0.39631
26450  0.39631
26500  0.39631
26550  0.39631
26600  0.39631
26650  0.39631
26700  0.39631
26750  0.39631
26800  0.39631
26850  0.39631
26900  0.39631
26950  0.39631
27000  0.39631
27050  0.39631
27100  0.39631
27150  0.39631
27200  0.39631
27250  0.39631
27300  0.39631
27350  0.39631
27400  0.39631
27450  0.39631
27500  0.39631
27550  0.39631
27600  0.39631
27650  0.39631
27700  0.39631
27750  0.39631
27800  0.39631
27850  0.39631
27900  0.39631
27950  0.39631
28000  0.39631
28050  0.39631
28100  0.39631
28150  0.39631
28200  0.39631
28250  0.39631
28300  0.39631
28350  0.39631
28400  0.39631
28450  0.39631
28500  0.39631
28550  0.39631
28600  0.39631
28650  0.39631
28700  0.39631
28750  0.39631
28800  0.39631
28850  0.39631
28900  0.39631
28950  0.39631
29000  0.39631
29050  0.39631
29100  0.39631
29150  0.39631
29200  0.39631
29250  0.39631
29300  0.39631
29350  0.39631
29400  0.39631
29450  0.39631
29500  0.39631
29550  0.39631
29600  0.39631
29650  0.39631
29700  0.39631
29750  0.39631
29800  0.39631
29850  0.39631
29900  0.39631
29950  0.39631
30000  0.39631
30050  0.39631
30100  0.39631
30150  0.39631
30200  0.39631
30250  0.39631
30300  0.39631
30350  0.39631
30400  0.39631
30450  0.39631
30500  0.39631
30550  0.39631
30600  0.39631
30650  0.39631
30700  0.39631
30750  0.39631
30800  0.39631
30850  0.39631
30900  0.39631
30950  0.393589
31000  0.393589
31050  0.393589
31100  0.393589
31150  0.393589
31200  0.393589
31250  0.393589
31300  0.393589
31350  0.393589
31400  0.393589
31450  0.393589
31500  0.393589
31550  0.393589
31600  0.393589
31650  0.393589
31700  0.393589
31750  0.393589
31800  0.393589
31850  0.393589
31900  0.393589
31950  0.393589
32000  0.393589
32050  0.393589
32100  0.393589
32150  0.393589
32200  0.393589
32250  0.393589
32300  0.393589
32350  0.393589
32400  0.393589
32450  0.393589
32500  0.393589
32550  0.393589
32600  0.393589
32650  0.393589
32700  0.393589
32750  0.393589
32800  0.393589
32850  0.393589
32900  0.393589
32950  0.393589
33000  0.393589
33050  0.393589
33100  0.393589
33150  0.393589
33200  0.393589
33250  0.393589
33300  0.393589
33350  0.393589
33400  0.393589
33450  0.393589
33500  0.393589
33550  0.393589
33600  0.393589
33650  0.393589
33700  0.393589
33750  0.393589
33800  0.393589
33850  0.393589
33900  0.393589
33950  0.393589
34000  0.393589
34050  0.393589
34100  0.393589
34150  0.393589
34200  0.393589
34250  0.393589
34300  0.393589
34350  0.393589
34400  0.393589
34450  0.393589
34500  0.393589
34550  0.393589
34600  0.393589
34650  0.393589
34700  0.393589
34750  0.393589
34800  0.393589
34850  0.393589
34900  0.393589
34950  0.393589
35000  0.393589
35050  0.393589
35100  0.393589
35150  0.393589
35200  0.393589
35250  0.393589
35300  0.393589
35350  0.393589
35400  0.393589
35450  0.393589
35500  0.393589
35550  0.393589
35600  0.393589
35650  0.393589
35700  0.393589
35750  0.393589
35800  0.393589
35850  0.393589
35900  0.393589
35950  0.393589
36000  0.393589
36050  0.393589
36100  0.393589
36150  0.393589
36200  0.393589
36250  0.393589
36300  0.393589
36350  0.393589
36400  0.393589
36450  0.393589
36500  0.393589
36550  0.393589
36600  0.393589
36650  0.393589
36700  0.393589
36750  0.393589
36800  0.393589
36850  0.393589
36900  0.393589
36950  0.393589
37000  0.393589
37050  0.393589
37100  0.393589
37150  0.393589
37200  0.393589
37250  0.393589
37300  0.393589
37350  0.393589
37400  0.393589
37450  0.393589
37500  0.393589
37550  0.393589
37600  0.393589
37650  0.393589
37700  0.393589
37750  0.393589
37800  0.393589
37850  0.393589
37900  0.393589
37950  0.393589
38000  0.393589
38050  0.393589
38100  0.393589
38150  0.393589
38200  0.393589
38250  0.393589
38300  0.393589
38350  0.393589
38400  0.393589
38450  0.393589
38500  0.393589
38550  0.393589
38600  0.393589
38650  0.393589
38700  0.393589
38750  0.393589
38800  0.393589
38850  0.393589
38900  0.393589
38950  0.393589
39000  0.393589
39050  0.393589
39100  0.393589
39150  0.393589
39200  0.393589
39250  0.393589
39300  0.393589
39350  0.393589
39400  0.393589
39450  0.393589
39500  0.393589
39550  0.393589
39600  0.393589
39650  0.393589
39700  0.393589
39750  0.393589
39800  0.393589
39850  0.393589
39900  0.393589
39950  0.393589
40000  0.393589
40050  0.393589
40100  0.393589
40150  0.393589
40200  0.393165
40250  0.393165
40300  0.393165
40350  0.393165
40400  0.393165
40450  0.393165
40500  0.393165
40550  0.393165
40600  0.393165
40650  0.393165
40700  0.393165
40750  0.393165
40800  0.393165
40850  0.393165
40900  0.393165
40950  0.393165
41000  0.393165
41050  0.393165
41100  0.393165
41150  0.393165
41200  0.393165
41250  0.393165
41300  0.393165
41350  0.393165
41400  0.393165
41450  0.393165
41500  0.393165
41550  0.393165
41600  0.393165
41650  0.393165
41700  0.393165
41750  0.393165
41800  0.393165
41850  0.393165
41900  0.393165
41950  0.393165
42000  0.393165
42050  0.393165
42100  0.393165
42150  0.393165
42200  0.393165
42250  0.393165
42300  0.393165
42350  0.393165
42400  0.393165
42450  0.393165
42500  0.393165
42550  0.393165
42600  0.393165
42650  0.393165
42700  0.393165
42750  0.393165
42800  0.393165
42850  0.393165
42900  0.393165
42950  0.393165
43000  0.393165
43050  0.393165
43100  0.393165
43150  0.393165
43200  0.393165
43250  0.393165
43300  0.393165
43350  0.393165
43400  0.393165
43450  0.393165
43500  0.393165
43550  0.393165
43600  0.393165
43650  0.393165
43700  0.393165
43750  0.393165
43800  0.393165
43850  0.393165
43900  0.393165
43950  0.393165
44000  0.393165
44050  0.393165
44100  0.393165
44150  0.393165
44200  0.393165
44250  0.393165
44300  0.393165
44350  0.393165
44400  0.393165
44450  0.393165
44500  0.393165
44550  0.393165
44600  0.393165
44650  0.393165
44700  0.393165
44750  0.393165
44800  0.393165
44850  0.393165
44900  0.393165
44950  0.393165
45000  0.393165
45050  0.393165
45100  0.393165
45150  0.393165
45200  0.393165
45250  0.393165
45300  0.393165
45350  0.393165
45400  0.393165
45450  0.393165
45500  0.393165
45550  0.393165
45600  0.393165
45650  0.393165
45700  0.393165
45750  0.393165
45800  0.393165
45850  0.393165
45900  0.393165
45950  0.393165
46000  0.393165
46050  0.393165
46100  0.393165
46150  0.393165
46200  0.393165
46250  0.393165
46300  0.393165
46350  0.393165
46400  0.393165
46450  0.393165
46500  0.393165
46550  0.393165
46600  0.393165
46650  0.393165
46700  0.393165
46750  0.393165
46800  0.393165
46850  0.393165
46900  0.393165
46950  0.393165
47000  0.393165
47050  0.393165
47100  0.393165
47150  0.393165
47200  0.393165
47250  0.393165
47300  0.393165
47350  0.393165
47400  0.393165
47450  0.393165
47500  0.393165
47550  0.393165
47600  0.393165
47650  0.393165
47700  0.393165
47750  0.393165
47800  0.393165
47850  0.393165
47900  0.393165
47950  0.393165
48000  0.393165
48050  0.393165
48100  0.393165
48150  0.393165
48200  0.393165
48250  0.393165
48300  0.393165
48350  0.393165
48400  0.393165
48450  0.393165
48500  0.393165
48550  0.393165
48600  0.393165
48650  0.393165
48700  0.393165
48750  0.393165
48800  0.393165
48850  0.393165
48900  0.393165
48950  0.393165
49000  0.393165
49050  0.393165
49100  0.393165
49150  0.393165
49200  0.393165
49250  0.393165
49300  0.393165
49350  0.393165
49400  0.393165
49450  0.393165
49500  0.393165
49550  0.393165
49600  0.393165
49650  0.393165
49700  0.393165
49750  0.393165
49800  0.393165
49850  0.393165
49900  0.393165
49950  0.393165
50000  0.393165
50050  0.393165
50100  0.393165
50150  0.393165
50200  0.393165
50250  0.393165
50300  0.393165
50350  0.393165
50400  0.393165
50450  0.393165
50500  0.393165
50550  0.393165
50600  0.393165
50650  0.393165
50700  0.393165
50750  0.393165
50800  0.393165
50850  0.393165
50900  0.393165
50950  0.393165
51000  0.393165
51050  0.393165
51100  0.393165
51150  0.393165
51200  0.393165
51250  0.393165
51300  0.393165
51350  0.393165
51400  0.393165
51450  0.393165
51500  0.393165
51550  0.393165
51600  0.393165
51650  0.393165
51700  0.393165
51750  0.393165
51800  0.393165
51850  0.393165
51900  0.393165
51950  0.393165
52000  0.393165
52050  0.393165
52100  0.393165
52150  0.393165
52200  0.393165
52250  0.393165
52300  0.393165
52350  0.393165
52400  0.393165
52450  0.393165
52500  0.393165
52550  0.393165
52600  0.393165
52650  0.393165
52700  0.393165
52750  0.393165
52800  0.393165
52850  0.38211
52900  0.38211
52950  0.38211
53000  0.38211
53050  0.38211
53100  0.38211
53150  0.38211
53200  0.38211
53250  0.38211
53300  0.38211
53350  0.38211
53400  0.38211
53450  0.38211
53500  0.38211
53550  0.38211
53600  0.38211
53650  0.38211
53700  0.38211
53750  0.38211
53800  0.38211
53850  0.38211
53900  0.38211
53950  0.38211
54000  0.38211
54050  0.38211
54100  0.38211
54150  0.38211
54200  0.38211
54250  0.38211
54300  0.38211
54350  0.38211
54400  0.38211
54450  0.38211
54500  0.38211
54550  0.38211
54600  0.38211
54650  0.38211
54700  0.38211
54750  0.38211
54800  0.38211
54850  0.38211
54900  0.38211
54950  0.38211
55000  0.38211
55050  0.38211
55100  0.38211
55150  0.38211
55200  0.38211
55250  0.38211
55300  0.38211
55350  0.38211
55400  0.38211
55450  0.38211
55500  0.38211
55550  0.375682
55600  0.375682
55650  0.375682
55700  0.375682
55750  0.375682
55800  0.375682
55850  0.375682
55900  0.375682
55950  0.375682
56000  0.375682
56050  0.375682
56100  0.375682
56150  0.375682
56200  0.375682
56250  0.375682
56300  0.375682
56350  0.375682
56400  0.375682
56450  0.375682
56500  0.375682
56550  0.375682
56600  0.375682
56650  0.375682
56700  0.375682
56750  0.375682
56800  0.375682
56850  0.375682
56900  0.375682
56950  0.375682
57000  0.375682
57050  0.375682
57100  0.375682
57150  0.375682
57200  0.375682
57250  0.375682
57300  0.375682
57350  0.375682
57400  0.375682
57450  0.375682
57500  0.375682
57550  0.375682
57600  0.375682
57650  0.375682
57700  0.375682
57750  0.375682
57800  0.375682
57850  0.375682
57900  0.375682
57950  0.375682
58000  0.375682
58050  0.375682
58100  0.375682
58150  0.375682
58200  0.375682
58250  0.375682
58300  0.375682
58350  0.375682
58400  0.375682
58450  0.375682
58500  0.375682
58550  0.375682
58600  0.375682
58650  0.375682
58700  0.375682
58750  0.375682
58800  0.375682
58850  0.375682
58900  0.375682
58950  0.375682
59000  0.375682
59050  0.375682
59100  0.375682
59150  0.375682
59200  0.375682
59250  0.375682
59300  0.375682
59350  0.375682
59400  0.375682
59450  0.375682
59500  0.375682
59550  0.375682
59600  0.375682
59650  0.375682
59700  0.375682
59750  0.375682
59800  0.375682
59850  0.375682
59900  0.375682
59950  0.375682
60000  0.375682
60050  0.375682
60100  0.375682
60150  0.375682
60200  0.375682
60250  0.375682
60300  0.375682
60350  0.375682
60400  0.375682
60450  0.375682
60500  0.375682
60550  0.375682
60600  0.375682
60650  0.375682
60700  0.375682
60750  0.375682
60800  0.375682
60850  0.375682
60900  0.375682
60950  0.375682
61000  0.375682
61050  0.375682
61100  0.375682
61150  0.375682
61200  0.375682
61250  0.375682
61300  0.375682
61350  0.375682
61400  0.375682
61450  0.375682
61500  0.375682
61550  0.375682
61600  0.375682
61650  0.375682
61700  0.375682
61750  0.375682
61800  0.375682
61850  0.375682
61900  0.375682
61950  0.375682
62000  0.375682
62050  0.375682
62100  0.375682
62150  0.375682
62200  0.375682
62250  0.375682
62300  0.375682
62350  0.375682
62400  0.375682
62450  0.375682
62500  0.375682
62550  0.375682
62600  0.375682
62650  0.375682
62700  0.375682
62750  0.375682
62800  0.375682
62850  0.375682
62900  0.375682
62950  0.375682
63000  0.375682
63050  0.375682
63100  0.375682
63150  0.375682
63200  0.375682
63250  0.375682
63300  0.375682
63350  0.375682
63400  0.375682
63450  0.375682
63500  0.375682
63550  0.375682
63600  0.375682
63650  0.375682
63700  0.375682
63750  0.375682
63800  0.375682
63850  0.375682
63900  0.375682
63950  0.375682
64000  0.375682
64050  0.375682
64100  0.375682
64150  0.375682
64200  0.375682
64250  0.375682
64300  0.375682
64350  0.375682
64400  0.375682
64450  0.375682
64500  0.375682
64550  0.375682
64600  0.375682
64650  0.375682
64700  0.375682
64750  0.375682
64800  0.375682
64850  0.375682
64900  0.375682
64950  0.375682
65000  0.375682
65050  0.375682
65100  0.375682
65150  0.375682
65200  0.375682
65250  0.375682
65300  0.375682
65350  0.375682
65400  0.375682
65450  0.375682
65500  0.375682
65550  0.375682
65600  0.375682
65650  0.375682
65700  0.375682
65750  0.375682
65800  0.375682
65850  0.375682
65900  0.375682
65950  0.375682
66000  0.375682
66050  0.375682
66100  0.375682
66150  0.375682
66200  0.375682
66250  0.375682
66300  0.375682
66350  0.375682
66400  0.375682
66450  0.375682
66500  0.375682
66550  0.375682
66600  0.375682
66650  0.375682
66700  0.375682
66750  0.375682
66800  0.375682
66850  0.375682
66900  0.375682
66950  0.375682
67000  0.375682
67050  0.375682
67100  0.375682
67150  0.375682
67200  0.375682
67250  0.375682
67300  0.375682
67350  0.375682
67400  0.375682
67450  0.375682
67500  0.375682
67550  0.375682
67600  0.375682
67650  0.375682
67700  0.375682
67750  0.375682
67800  0.375682
67850  0.375682
67900  0.375682
67950  0.375682
68000  0.375682
68050  0.375682
68100  0.375682
68150  0.375682
68200  0.375682
68250  0.375682
68300  0.375682
68350  0.375682
68400  0.375682
68450  0.375682
68500  0.375682
68550  0.375682
68600  0.375682
68650  0.375682
68700  0.375682
68750  0.375682
68800  0.375682
68850  0.375682
68900  0.375682
68950  0.375682
69000  0.375682
69050  0.375682
69100  0.375682
69150  0.375682
69200  0.375682
69250  0.375682
69300  0.375682
69350  0.375682
69400  0.375682
69450  0.375682
69500  0.375682
69550  0.375682
69600  0.375682
69650  0.375682
69700  0.375682
69750  0.375682
69800  0.375682
69850  0.375682
69900  0.375682
69950  0.375682
70000  0.375682
70050  0.375682
70100  0.375682
70150  0.375682
70200  0.375682
70250  0.375682
70300  0.375682
70350  0.375682
70400  0.375682
70450  0.375682
70500  0.375682
70550  0.375682
70600  0.375682
70650  0.375682
70700  0.375682
70750  0.375682
70800  0.375682
70850  0.375682
70900  0.375682
70950  0.375682
71000  0.375682
71050  0.375682
71100  0.375682
71150  0.375682
71200  0.375682
71250  0.375682
71300  0.375682
71350  0.375682
71400  0.375682
71450  0.375682
71500  0.375682
71550  0.375682
71600  0.375682
71650  0.375682
71700  0.375682
71750  0.375682
71800  0.375682
71850  0.375682
71900  0.375682
71950  0.375682
72000  0.375682
72050  0.375682
72100  0.375682
72150  0.375682
72200  0.375682
72250  0.375682
72300  0.375682
72350  0.375682
72400  0.375682
72450  0.375682
72500  0.375682
72550  0.375682
72600  0.375682
72650  0.375682
72700  0.375682
72750  0.375682
72800  0.375682
72850  0.375682
72900  0.375682
72950  0.375682
73000  0.375682
73050  0.375682
73100  0.375682
73150  0.375682
73200  0.375682
73250  0.375682
73300  0.375682
73350  0.375682
73400  0.375682
73450  0.375682
73500  0.375682
73550  0.375682
73600  0.375682
73650  0.375682
73700  0.375682
73750  0.375682
73800  0.375682
73850  0.375682
73900  0.375682
73950  0.375682
74000  0.375682
74050  0.375682
74100  0.375682
74150  0.375682
74200  0.375682
74250  0.375682
74300  0.375682
74350  0.375682
74400  0.375682
74450  0.375682
74500  0.375682
74550  0.375682
74600  0.375682
74650  0.375682
74700  0.375682
74750  0.375682
74800  0.375682
74850  0.375682
74900  0.375682
74950  0.375682
75000  0.375682
75050  0.375682
75100  0.375682
75150  0.375682
75200  0.375682
75250  0.375682
75300  0.375682
75350  0.375682
75400  0.375682
75450  0.375682
75500  0.375682
75550  0.375682
75600  0.375682
75650  0.375682
75700  0.375682
75750  0.375682
75800  0.375682
75850  0.375682
75900  0.375682
75950  0.375682
76000  0.375682
76050  0.375682
76100  0.375682
76150  0.375682
76200  0.375682
76250  0.375682
76300  0.375682
76350  0.375682
76400  0.375682
76450  0.375682
76500  0.375682
76550  0.375682
76600  0.375682
76650  0.375682
76700  0.375682
76750  0.375682
76800  0.375682
76850  0.375682
76900  0.375682
76950  0.375682
77000  0.375682
77050  0.375682
77100  0.375682
77150  0.375682
77200  0.375682
77250  0.375682
77300  0.375682
77350  0.375682
77400  0.375682
77450  0.375682
77500  0.375682
77550  0.375682
77600  0.375682
77650  0.375682
77700  0.375682
77750  0.375682
77800  0.375682
77850  0.375682
77900  0.375682
77950  0.375682
78000  0.375682
78050  0.375682
78100  0.375682
78150  0.375682
78200  0.375682
78250  0.375682
78300  0.375682
78350  0.375682
78400  0.375682
78450  0.375682
78500  0.375682
78550  0.375682
78600  0.375682
78650  0.375682
78700  0.375682
78750  0.375682
78800  0.375682
78850  0.375682
78900  0.375682
78950  0.375682
79000  0.375682
79050  0.375682
79100  0.375682
79150  0.375682
79200  0.375682
79250  0.375682
79300  0.375682
79350  0.375682
79400  0.375682
79450  0.375682
79500  0.375682
79550  0.375682
79600  0.375682
79650  0.375682
79700  0.375682
79750  0.375682
79800  0.375682
79850  0.375682
79900  0.375682
79950  0.375682
80000  0.375682
80050  0.375682
80100  0.375682
80150  0.375682
80200  0.375682
80250  0.375682
80300  0.375682
80350  0.375682
80400  0.375682
80450  0.375682
80500  0.375682
80550  0.375682
80600  0.375682
80650  0.375682
80700  0.375682
80750  0.375682
80800  0.375682
80850  0.375682
80900  0.375682
80950  0.375682
81000  0.375682
81050  0.375682
81100  0.375682
81150  0.375682
81200  0.375682
81250  0.375682
81300  0.375682
81350  0.375682
81400  0.375682
81450  0.375682
81500  0.375682
81550  0.375682
81600  0.375682
81650  0.375682
81700  0.375682
81750  0.375682
81800  0.375682
81850  0.375682
81900  0.375682
81950  0.375682
82000  0.375682
82050  0.375682
82100  0.375682
82150  0.375682
82200  0.375682
82250  0.375682
82300  0.375682
82350  0.375682
82400  0.375682
82450  0.375682
82500  0.375682
82550  0.375682
82600  0.375682
82650  0.375682
82700  0.375682
82750  0.375682
82800  0.375682
82850  0.375682
82900  0.375682
82950  0.375492
83000  0.375492
83050  0.375492
83100  0.375492
83150  0.375492
83200  0.375492
83250  0.375492
83300  0.375492
83350  0.375492
83400  0.375492
83450  0.375492
83500  0.375492
83550  0.375492
83600  0.375492
83650  0.375492
83700  0.375492
83750  0.375492
83800  0.375492
83850  0.375492
83900  0.375492
83950  0.375492
84000  0.375492
84050  0.375492
84100  0.375492
84150  0.375492
84200  0.375492
84250  0.375492
84300  0.375492
84350  0.375492
84400  0.375492
84450  0.375492
84500  0.375492
84550  0.375492
84600  0.375492
84650  0.375492
84700  0.375492
84750  0.375492
84800  0.375492
84850  0.375492
84900  0.375492
84950  0.375492
85000  0.375492
85050  0.375492
85100  0.375492
85150  0.375492
85200  0.375492
85250  0.375492
85300  0.375492
85350  0.375492
85400  0.375492
85450  0.375492
85500  0.375492
85550  0.375492
85600  0.375492
85650  0.375492
85700  0.375492
85750  0.375492
85800  0.375492
85850  0.375492
85900  0.375492
85950  0.375492
86000  0.375492
86050  0.375492
86100  0.375492
86150  0.375492
86200  0.375492
86250  0.375492
86300  0.375492
86350  0.375492
86400  0.375492
86450  0.375492
86500  0.375492
86550  0.375492
86600  0.375492
86650  0.375492
86700  0.375492
86750  0.375492
86800  0.375492
86850  0.375492
86900  0.375492
86950  0.375492
87000  0.375492
87050  0.375492
87100  0.375492
87150  0.375492
87200  0.375492
87250  0.375492
87300  0.375492
87350  0.375492
87400  0.375492
87450  0.375492
87500  0.375492
87550  0.375492
87600  0.375492
87650  0.375492
87700  0.375492
87750  0.375492
87800  0.375492
87850  0.375492
87900  0.375492
87950  0.375492
88000  0.375492
88050  0.375492
88100  0.375492
88150  0.375492
88200  0.375492
88250  0.375492
88300  0.375492
88350  0.375492
88400  0.375492
88450  0.375492
88500  0.375492
88550  0.375492
88600  0.375492
88650  0.375492
88700  0.375492
88750  0.375492
88800  0.375492
88850  0.375492
88900  0.375492
88950  0.375492
89000  0.375492
89050  0.375492
89100  0.375492
89150  0.375492
89200  0.375492
89250  0.375492
89300  0.375492
89350  0.375492
89400  0.375492
89450  0.375492
89500  0.375492
89550  0.375492
89600  0.375492
89650  0.375492
89700  0.375492
89750  0.375492
89800  0.375492
89850  0.375492
89900  0.375492
89950  0.375492
90000  0.375492
90050  0.375492
90100  0.375492
90150  0.375492
90200  0.375492
90250  0.375492
90300  0.375492
90350  0.375492
90400  0.375492
90450  0.375492
90500  0.375492
90550  0.375492
90600  0.375492
90650  0.375492
90700  0.375492
90750  0.375492
90800  0.375492
90850  0.375492
90900  0.375492
90950  0.375492
91000  0.375492
91050  0.375492
91100  0.375492
91150  0.375492
91200  0.375492
91250  0.375492
91300  0.375492
91350  0.375492
91400  0.375492
91450  0.375492
91500  0.375492
91550  0.375492
91600  0.375492
91650  0.375492
91700  0.375492
91750  0.375492
91800  0.375492
91850  0.375492
91900  0.375492
91950  0.375492
92000  0.375492
92050  0.375492
92100  0.375492
92150  0.375492
92200  0.375492
92250  0.375492
92300  0.375492
92350  0.375492
92400  0.375492
92450  0.375492
92500  0.375492
92550  0.375492
92600  0.375492
92650  0.375492
92700  0.375492
92750  0.375492
92800  0.375492
92850  0.375492
92900  0.375492
92950  0.375492
93000  0.375492
93050  0.375492
93100  0.375492
93150  0.375492
93200  0.375492
93250  0.375492
93300  0.375492
93350  0.375492
93400  0.375492
93450  0.375492
93500  0.375492
93550  0.375492
93600  0.375492
93650  0.375492
93700  0.375492
93750  0.375492
93800  0.375492
93850  0.375492
93900  0.375492
93950  0.375492
94000  0.375492
94050  0.375492
94100  0.375492
94150  0.375492
94200  0.375492
94250  0.375492
94300  0.375492
94350  0.375492
94400  0.375492
94450  0.375492
94500  0.375492
94550  0.375492
94600  0.375492
94650  0.375492
94700  0.375492
94750  0.375492
94800  0.375492
94850  0.375492
94900  0.375492
94950  0.375492
95000  0.375492
95050  0.375492
95100  0.375492
95150  0.375492
95200  0.375492
95250  0.375492
95300  0.375492
95350  0.375492
95400  0.375492
95450  0.375492
95500  0.375492
95550  0.375492
95600  0.375492
95650  0.375492
95700  0.375492
95750  0.375492
95800  0.375492
95850  0.375492
95900  0.375492
95950  0.375492
96000  0.375492
96050  0.375492
96100  0.375492
96150  0.375492
96200  0.375492
96250  0.375492
96300  0.375492
96350  0.375492
96400  0.366994
96450  0.366994
96500  0.366994
96550  0.366994
96600  0.366994
96650  0.366994
96700  0.366994
96750  0.366994
96800  0.366994
96850  0.366994
96900  0.366994
96950  0.366994
97000  0.366994
97050  0.366994
97100  0.366994
97150  0.366994
97200  0.366994
97250  0.366994
97300  0.366994
97350  0.366994
97400  0.366994
97450  0.366994
97500  0.366994
97550  0.366994
97600  0.366994
97650  0.366994
97700  0.366994
97750  0.366994
97800  0.366994
97850  0.366994
97900  0.366994
97950  0.366994
98000  0.366994
98050  0.366994
98100  0.366994
98150  0.366994
98200  0.366994
98250  0.366994
98300  0.366994
98350  0.366994
98400  0.366994
98450  0.366994
98500  0.366994
98550  0.366994
98600  0.366994
98650  0.366994
98700  0.366994
98750  0.366994
98800  0.366994
98850  0.366994
98900  0.366994
98950  0.366994
99000  0.366994
99050  0.366994
99100  0.366994
99150  0.366994
99200  0.366994
99250  0.366994
99300  0.366994
99350  0.366994
99400  0.366994
99450  0.366994
99500  0.366994
99550  0.366994
99600  0.366994
99650  0.366994
99700  0.366994
99750  0.366994
99800  0.366994
99850  0.366994
99900  0.366994
99950  0.366994
100000  0.366994
100050  0.366994
100100  0.366994
100150  0.366994
100200  0.366994
100250  0.366994
100300  0.366994
100350  0.366994
100400  0.366994
100450  0.366994
100500  0.366994
100550  0.366994
100600  0.366994
100650  0.366994
100700  0.366994
100750  0.366994
100800  0.366994
100850  0.366994
100900  0.366994
100950  0.366994
101000  0.366994
101050  0.366994
101100  0.366994
101150  0.366994
101200  0.366994
101250  0.366994
101300  0.366994
101350  0.366994
101400  0.366994
101450  0.366994
101500  0.366994
101550  0.366994
101600  0.366994
101650  0.366994
101700  0.366994
101750  0.366994
101800  0.366994
101850  0.366994
101900  0.366994
101950  0.366994
102000  0.366994
102050  0.366994
102100  0.366994
102150  0.366994
102200  0.366994
102250  0.366994
102300  0.366994
102350  0.366994
102400  0.366994
102450  0.366994
102500  0.366994
102550  0.366994
102600  0.366994
102650  0.366994
102700  0.366994
102750  0.366994
102800  0.366994
102850  0.366994
102900  0.366994
102950  0.366994
103000  0.366994
103050  0.366994
103100  0.366994
103150  0.366994
103200  0.366994
103250  0.366994
103300  0.366994
103350  0.366994
103400  0.366994
103450  0.366994
103500  0.366994
103550  0.366994
103600  0.366994
103650  0.366994
103700  0.366994
103750  0.366994
103800  0.366994
103850  0.366994
103900  0.366994
103950  0.366994
104000  0.366994
104050  0.366994
104100  0.366994
104150  0.366994
104200  0.366994
104250  0.366994
104300  0.366994
104350  0.366994
104400  0.366994
104450  0.366994
104500  0.366994
104550  0.366994
104600  0.366994
104650  0.366994
104700  0.366994
104750  0.366994
104800  0.366994
104850  0.366994
104900  0.366994
104950  0.366994
105000  0.366994
105050  0.366994
105100  0.366994
105150  0.366994
105200  0.366994
105250  0.366994
105300  0.366994
105350  0.366994
105400  0.366994
105450  0.366994
105500  0.366994
105550  0.366994
105600  0.366994
105650  0.366994
105700  0.366994
105750  0.366994
105800  0.366994
105850  0.366994
105900  0.366994
105950  0.366994
106000  0.366994
106050  0.366994
106100  0.366994
106150  0.366994
106200  0.366994
106250  0.366994
106300  0.366994
106350  0.366994
106400  0.366994
106450  0.366994
106500  0.366994
106550  0.366994
106600  0.366994
106650  0.366994
106700  0.366994
106750  0.366994
106800  0.366994
106850  0.366994
106900  0.366994
106950  0.366994
107000  0.366994
107050  0.366994
107100  0.366994
107150  0.366994
107200  0.366994
107250  0.366994
107300  0.366994
107350  0.366994
107400  0.366994
107450  0.366994
107500  0.366994
107550  0.366994
107600  0.366994
107650  0.366994
107700  0.366994
107750  0.366994
107800  0.366994
107850  0.366994
107900  0.366994
107950  0.366994
108000  0.366994
108050  0.366994
108100  0.366994
108150  0.366994
108200  0.366994
108250  0.366994
108300  0.366994
108350  0.366994
108400  0.366994
108450  0.366994
108500  0.366994
108550  0.366994
108600  0.366994
108650  0.366994
108700  0.366994
108750  0.366994
108800  0.366994
108850  0.366994
108900  0.366994
108950  0.366994
109000  0.366994
109050  0.366994
109100  0.366994
109150  0.366994
109200  0.366994
109250  0.366994
109300  0.366994
109350  0.366994
109400  0.366994
109450  0.366994
109500  0.366994
109550  0.366994
109600  0.366994
109650  0.366994
109700  0.366994
109750  0.366994
109800  0.366994
109850  0.366994
109900  0.366994
109950  0.366994
110000  0.366994
110050  0.366994
110100  0.366994
110150  0.366994
110200  0.366994
110250  0.366994
110300  0.366994
110350  0.366994
110400  0.366994
110450  0.366994
110500  0.366994
110550  0.366994
110600  0.366994
110650  0.366994
110700  0.366994
110750  0.366994
110800  0.366994
110850  0.366994
110900  0.366994
110950  0.366994
111000  0.366994
111050  0.366994
111100  0.366994
111150  0.366994
111200  0.366994
111250  0.366994
111300  0.366994
111350  0.366994
111400  0.366994
111450  0.366994
111500  0.366994
111550  0.366994
111600  0.366994
111650  0.366994
111700  0.366994
111750  0.366994
111800  0.366994
111850  0.366994
111900  0.366994
111950  0.366994
112000  0.366994
112050  0.366994
112100  0.366994
112150  0.366994
112200  0.366994
112250  0.366994
112300  0.366994
112350  0.366994
112400  0.366994
112450  0.366994
112500  0.366994
112550  0.366994
112600  0.366994
112650  0.366994
112700  0.366994
112750  0.366994
112800  0.366994
112850  0.366994
112900  0.366994
112950  0.366994
113000  0.366994
113050  0.366994
113100  0.366994
113150  0.366994
113200  0.366994
113250  0.366994
113300  0.366994
113350  0.366994
113400  0.366994
113450  0.366994
113500  0.366994
113550  0.366994
113600  0.366994
113650  0.366994
113700  0.366994
113750  0.366994
113800  0.366994
113850  0.366994
113900  0.366994
113950  0.366994
114000  0.366994
114050  0.366994
114100  0.366994
114150  0.366994
114200  0.366994
114250  0.366994
114300  0.366994
114350  0.366994
114400  0.366994
114450  0.366994
114500  0.366994
114550  0.366994
114600  0.366994
114650  0.366994
114700  0.366994
114750  0.366994
114800  0.366994
114850  0.366994
114900  0.366994
114950  0.366994
115000  0.366994
115050  0.366994
115100  0.366994
115150  0.366994
115200  0.366994
115250  0.366994
115300  0.366994
115350  0.366994
115400  0.366994
115450  0.366994
115500  0.366994
115550  0.366994
115600  0.366994
115650  0.366994
115700  0.366994
115750  0.366994
115800  0.366994
115850  0.366994
115900  0.366994
115950  0.366994
116000  0.366994
116050  0.366994
116100  0.366994
116150  0.366994
116200  0.366994
116250  0.366994
116300  0.366994
116350  0.366994
116400  0.366994
116450  0.366994
116500  0.366994
116550  0.366994
116600  0.360715
116650  0.360715
116700  0.360715
116750  0.360715
116800  0.360715
116850  0.360715
116900  0.360715
116950  0.360715
117000  0.360715
117050  0.360715
117100  0.360715
117150  0.360715
117200  0.360715
117250  0.360715
117300  0.360715
117350  0.360715
117400  0.360715
117450  0.360715
117500  0.360715
117550  0.360715
117600  0.360715
117650  0.360715
117700  0.360715
117750  0.360715
117800  0.360715
117850  0.360715
117900  0.360715
117950  0.360715
118000  0.360715
118050  0.360715
118100  0.360715
118150  0.360715
118200  0.360715
118250  0.360715
118300  0.360715
118350  0.360715
118400  0.360715
118450  0.360715
