Step  Penalty
100  0.499946
200  0.486371
300  0.470926
400  0.469259
500  0.469259
600  0.464829
700  0.440258
800  0.440258
900  0.437134
1000  0.414642
1100  0.399685
1200  0.39097
1300  0.372479
1400  0.365624
1500  0.332036
1600  0.324758
1700  0.31894
1800  0.315855
1900  0.298479
2000  0.28176
2100  0.279332
2200  0.27031
2300  0.260879
2400  0.248029
2500  0.248029
2600  0.242896
2700  0.234091
2800  0.226586
2900  0.220118
3000  0.217944
3100  0.209225
3200  0.204587
3300  0.201859
3400  0.199676
3500  0.191907
3600  0.191907
3700  0.190576
3800  0.185597
3900  0.185597
4000  0.185597
4100  0.181424
4200  0.178283
4300  0.178283
4400  0.176693
4500  0.173614
4600  0.173614
4700  0.173424
4800  0.173424
4900  0.172867
5000  0.172808
5100  0.170768
5200  0.168376
5300  0.168376
5400  0.168376
5500  0.166022
5600  0.166022
5700  0.166022
5800  0.166022
5900  0.166022
6000  0.166022
6100  0.166022
6200  0.166022
6300  0.166022
6400  0.165696
6500  0.165367
6600  0.165367
6700  0.165367
6800  0.165367
6900  0.165367
7000  0.164478
7100  0.164478
7200  0.164234
7300  0.164234
7400  0.164234
7500  0.163716
7600  0.163716
7700  0.163593
7800  0.163391
7900  0.163391
8000  0.163266
8100  0.163266
8200  0.162885
8300  0.162885
8400  0.162697
8500  0.162697
8600  0.162697
8700  0.161833
8800  0.160944
8900  0.160944
9000  0.160944
9100  0.160723
9200  0.160723
9300  0.160723
9400  0.160723
9500  0.159444
9600  0.159444
9700  0.159444
9800  0.159444
9900  0.159444
10000  0.159444
10100  0.159444
10200  0.159388
10300  0.159388
10400  0.159388
10500  0.159388
10600  0.159251
10700  0.159251
10800  0.159251
10900  0.159251
11000  0.159251
11100  0.159251
11200  0.159251
11300  0.159251
11400  0.159251
11500  0.157943
11600  0.157943
11700  0.157943
11800  0.157943
11900  0.157943
12000  0.157943
12100  0.157943
12200  0.157943
12300  0.157943
12400  0.157943
12500  0.157943
12600  0.157845
12700  0.157845
12800  0.157845
12900  0.157845
13000  0.157845
13100  0.157845
13200  0.157845
13300  0.157607
13400  0.157607
13500  0.157607
13600  0.157607
13700  0.157607
13800  0.157607
13900  0.157607
14000  0.157607
14100  0.157607
14200  0.157607
14300  0.157607
14400  0.157607
14500  0.157607
14600  0.157182
14700  0.157182
14800  0.157182
14900  0.157182
15000  0.157182
15100  0.157182
15200  0.157182
15300  0.157182
15400  0.157182
15500  0.156578
15600  0.156578
15700  0.156578
15800  0.156578
15900  0.156578
16000  0.156578
16100  0.156578
16200  0.156578
16300  0.156578
16400  0.156578
16500  0.156578
16600  0.156578
16700  0.156578
16800  0.156578
16900  0.156578
17000  0.156578
17100  0.156578
17200  0.156578
17300  0.156578
17400  0.156578
17500  0.156578
17600  0.156578
17700  0.156578
17800  0.156506
17900  0.156506
18000  0.156506
18100  0.156506
18200  0.156506
18300  0.156506
18400  0.15571
18500  0.15571
18600  0.15571
18700  0.15571
18800  0.15571
18900  0.15571
19000  0.15571
19100  0.15571
19200  0.15571
19300  0.15571
19400  0.15571
19500  0.15571
19600  0.15571
19700  0.15571
19800  0.15571
19900  0.15571
20000  0.15571
20100  0.15571
20200  0.15571
20300  0.15571
20400  0.15571
20500  0.15571
20600  0.15571
20700  0.15571
20800  0.15571
20900  0.15571
21000  0.15571
21100  0.155269
21200  0.155269
21300  0.155269
21400  0.155269
21500  0.155269
21600  0.155269
21700  0.155269
21800  0.155269
21900  0.155269
22000  0.155269
22100  0.155269
22200  0.155269
22300  0.155269
22400  0.155269
22500  0.155269
22600  0.155269
22700  0.155269
22800  0.155269
22900  0.155269
23000  0.155269
23100  0.155269
23200  0.155269
23300  0.155269
23400  0.155269
23500  0.155269
23600  0.155269
23700  0.155269
23800  0.155269
23900  0.155269
24000  0.155269
24100  0.155269
24200  0.155269
24300  0.155269
24400  0.155269
24500  0.155269
24600  0.155269
24700  0.155269
24800  0.155269
24900  0.155269
25000  0.155269
25100  0.155269
25200  0.155269
25300  0.155269
25400  0.155269
25500  0.155269
25600  0.155269
25700  0.155269
25800  0.155269
25900  0.155269
26000  0.155269
26100  0.155269
26200  0.155269
26300  0.155269
26400  0.155269
26500  0.155269
26600  0.155269
26700  0.154872
26800  0.154434
26900  0.154434
27000  0.154434
27100  0.154434
27200  0.154434
27300  0.154434
27400  0.154434
27500  0.154434
27600  0.154434
27700  0.154434
27800  0.154434
27900  0.154434
28000  0.154434
28100  0.154434
28200  0.154434
28300  0.154434
28400  0.154434
28500  0.154434
28600  0.154434
28700  0.154434
28800  0.154434
28900  0.154434
29000  0.154434
29100  0.154434
29200  0.154434
29300  0.154434
29400  0.154434
29500  0.154434
29600  0.154434
29700  0.154434
29800  0.154434
29900  0.154434
30000  0.154434
30100  0.154434
30200  0.154434
30300  0.154434
30400  0.154434
30500  0.154434
30600  0.154434
30700  0.154434
30800  0.154434
30900  0.154434
31000  0.154434
31100  0.154434
31200  0.154434
31300  0.154434
31400  0.154434
31500  0.154434
31600  0.154434
31700  0.154434
31800  0.154434
31900  0.154434
32000  0.154434
32100  0.154434
32200  0.154434
32300  0.154434
32400  0.154434
32500  0.154434
32600  0.154434
32700  0.154434
32800  0.154434
32900  0.154434
33000  0.154434
33100  0.154434
33200  0.154434
33300  0.154434
33400  0.154434
33500  0.154434
33600  0.154434
33700  0.154434
33800  0.154434
33900  0.154434
34000  0.154434
34100  0.154434
34200  0.154434
34300  0.154434
34400  0.154434
34500  0.154434
34600  0.154434
34700  0.154434
34800  0.154434
34900  0.154434
35000  0.154434
35100  0.154434
35200  0.154434
35300  0.154434
35400  0.154434
35500  0.154434
35600  0.154434
35700  0.154434
35800  0.154434
35900  0.154434
36000  0.154434
36100  0.154392
36200  0.153152
36300  0.153152
36400  0.153152
36500  0.153152
36600  0.153152
36700  0.153152
36800  0.153152
36900  0.153152
37000  0.153152
37100  0.153152
37200  0.153152
37300  0.153152
37400  0.153152
37500  0.153152
37600  0.153152
37700  0.153152
37800  0.153152
37900  0.153152
38000  0.153152
38100  0.153152
38200  0.153152
38300  0.153152
38400  0.153152
38500  0.153152
38600  0.153152
38700  0.153152
38800  0.153152
38900  0.153152
39000  0.153152
39100  0.153152
39200  0.153152
39300  0.153152
39400  0.153152
39500  0.153152
39600  0.153152
39700  0.153152
39800  0.153152
39900  0.153152
40000  0.153152
40100  0.153152
40200  0.153152
40300  0.153152
40400  0.153152
40500  0.153152
40600  0.153152
40700  0.153152
40800  0.153152
40900  0.153152
41000  0.153152
41100  0.153152
41200  0.153152
41300  0.153152
41400  0.153152
41500  0.153152
41600  0.153152
41700  0.153152
41800  0.153152
41900  0.153152
42000  0.153152
42100  0.153152
42200  0.153152
42300  0.153152
42400  0.153152
42500  0.153152
42600  0.153152
42700  0.153152
42800  0.153152
42900  0.153152
43000  0.153152
43100  0.153152
43200  0.153152
43300  0.153152
43400  0.153021
43500  0.153021
43600  0.153021
43700  0.153021
43800  0.153021
43900  0.153021
44000  0.153021
44100  0.153021
44200  0.153021
44300  0.153021
44400  0.153021
44500  0.152876
44600  0.152876
44700  0.152876
44800  0.152876
44900  0.152876
45000  0.152876
45100  0.152876
45200  0.152876
45300  0.152876
45400  0.152876
45500  0.152876
45600  0.152876
45700  0.152876
45800  0.152876
45900  0.152876
46000  0.152876
46100  0.152876
46200  0.152876
46300  0.152876
46400  0.152876
46500  0.152876
46600  0.152876
46700  0.152876
46800  0.152876
46900  0.152876
47000  0.152876
47100  0.152876
47200  0.152876
47300  0.152876
47400  0.152876
47500  0.152876
47600  0.152876
47700  0.152876
47800  0.152876
47900  0.151972
48000  0.151972
48100  0.151972
48200  0.151972
48300  0.151972
48400  0.151972
48500  0.151972
48600  0.151972
48700  0.151972
48800  0.151972
48900  0.151972
49000  0.151972
49100  0.151972
49200  0.151972
49300  0.151972
49400  0.151972
49500  0.151972
49600  0.151972
49700  0.151972
49800  0.151972
49900  0.151972
50000  0.151972
50100  0.151972
50200  0.151972
50300  0.151972
50400  0.151972
50500  0.151972
50600  0.151972
50700  0.151972
50800  0.151972
50900  0.151972
51000  0.151972
51100  0.151972
51200  0.151972
51300  0.151972
51400  0.151972
51500  0.151972
51600  0.151972
51700  0.151972
51800  0.151972
51900  0.151972
52000  0.151972
52100  0.151972
52200  0.151972
52300  0.151972
52400  0.151972
52500  0.151972
52600  0.151972
52700  0.151972
52800  0.151972
52900  0.151972
53000  0.151972
53100  0.151972
53200  0.151972
53300  0.151972
53400  0.151972
53500  0.151972
53600  0.151972
53700  0.151972
53800  0.151972
53900  0.151972
54000  0.151972
54100  0.151972
54200  0.151972
54300  0.151972
54400  0.151972
54500  0.151972
54600  0.151972
54700  0.151972
54800  0.151972
54900  0.151972
55000  0.151972
55100  0.151972
55200  0.151972
55300  0.151972
55400  0.151972
55500  0.151972
55600  0.151972
55700  0.151972
55800  0.151972
55900  0.151972
56000  0.151972
56100  0.151972
56200  0.151972
56300  0.151972
56400  0.151972
56500  0.151972
56600  0.151972
56700  0.151972
56800  0.151972
56900  0.151972
57000  0.151972
57100  0.151972
57200  0.151972
57300  0.151972
57400  0.151972
57500  0.151972
57600  0.151972
57700  0.151972
57800  0.151972
57900  0.151972
58000  0.151972
58100  0.151972
58200  0.151972
58300  0.151972
58400  0.151972
58500  0.151972
58600  0.151972
58700  0.151972
58800  0.151972
58900  0.151972
59000  0.151972
59100  0.151972
59200  0.151972
59300  0.151972
59400  0.151972
59500  0.151972
59600  0.151972
59700  0.151972
59800  0.151972
59900  0.151972
60000  0.151972
60100  0.151972
60200  0.151972
60300  0.151972
60400  0.151972
60500  0.151972
60600  0.151972
60700  0.151972
60800  0.151972
60900  0.151972
61000  0.151972
61100  0.151972
61200  0.151972
61300  0.151972
61400  0.151972
61500  0.151972
61600  0.151972
61700  0.151972
61800  0.151972
61900  0.151972
62000  0.151972
62100  0.151972
62200  0.151972
62300  0.151972
62400  0.151972
62500  0.151972
62600  0.151972
62700  0.151972
62800  0.151972
62900  0.151972
63000  0.151972
63100  0.151972
63200  0.151972
63300  0.151972
63400  0.151972
63500  0.151972
63600  0.151972
63700  0.151972
63800  0.151972
63900  0.151972
64000  0.151972
64100  0.151972
64200  0.151972
64300  0.151972
64400  0.151972
64500  0.151972
64600  0.151972
64700  0.151972
64800  0.151972
64900  0.151972
65000  0.151972
65100  0.151972
65200  0.151972
65300  0.151972
65400  0.151972
65500  0.151972
65600  0.151972
65700  0.151972
65800  0.151972
65900  0.151972
66000  0.151972
66100  0.151972
66200  0.151972
66300  0.151972
66400  0.151972
66500  0.151972
66600  0.151972
66700  0.151972
66800  0.151972
66900  0.151972
67000  0.151972
67100  0.151972
67200  0.151972
67300  0.151972
67400  0.151972
67500  0.151972
67600  0.151972
67700  0.151972
67800  0.151972
67900  0.151972
68000  0.151972
68100  0.151972
68200  0.151972
68300  0.151972
68400  0.151972
68500  0.151972
68600  0.151972
68700  0.151972
68800  0.151972
68900  0.151972
69000  0.151972
69100  0.151972
69200  0.151972
69300  0.151972
69400  0.151972
69500  0.151972
69600  0.151972
69700  0.151972
69800  0.151972
69900  0.151972
70000  0.151972
70100  0.151972
70200  0.151972
70300  0.151972
70400  0.151972
70500  0.151972
70600  0.151972
70700  0.151972
70800  0.151972
70900  0.151972
71000  0.151972
71100  0.151972
71200  0.151972
71300  0.151972
71400  0.151972
71500  0.151972
71600  0.151972
71700  0.151972
71800  0.151972
71900  0.151972
72000  0.151972
72100  0.151972
72200  0.151972
72300  0.151972
72400  0.151972
72500  0.151972
72600  0.151972
72700  0.151972
72800  0.151972
72900  0.151972
73000  0.151972
73100  0.151972
73200  0.151972
73300  0.151972
73400  0.151972
73500  0.151972
73600  0.151972
73700  0.151972
73800  0.151972
73900  0.151972
74000  0.151972
74100  0.151972
74200  0.151972
74300  0.151972
74400  0.151972
74500  0.151972
74600  0.151972
74700  0.151972
74800  0.151972
74900  0.151972
75000  0.151972
75100  0.151972
75200  0.151972
75300  0.151972
75400  0.151972
75500  0.151972
75600  0.151972
75700  0.151972
75800  0.151972
75900  0.151972
76000  0.151972
76100  0.151972
76200  0.151972
76300  0.151972
76400  0.151972
76500  0.151972
76600  0.151972
76700  0.151972
76800  0.151972
76900  0.151972
77000  0.151972
77100  0.151972
77200  0.151972
77300  0.151972
77400  0.151972
77500  0.151972
77600  0.151972
77700  0.151972
77800  0.151972
77900  0.151972
78000  0.151972
78100  0.151972
78200  0.151972
78300  0.151972
78400  0.151972
78500  0.151972
78600  0.151972
78700  0.151972
78800  0.151972
78900  0.151972
79000  0.151972
79100  0.151972
79200  0.151972
79300  0.151972
79400  0.151972
79500  0.151972
79600  0.151972
79700  0.151972
79800  0.151972
79900  0.151972
80000  0.151972
80100  0.151972
80200  0.151972
80300  0.151972
80400  0.151972
80500  0.151972
80600  0.151972
80700  0.151972
80800  0.151972
80900  0.151972
81000  0.151972
81100  0.151972
81200  0.151972
81300  0.151972
81400  0.151972
81500  0.151972
81600  0.151972
81700  0.151972
81800  0.151972
81900  0.151972
82000  0.151972
82100  0.151972
82200  0.151972
82300  0.151972
82400  0.151972
82500  0.151972
82600  0.151972
82700  0.151972
82800  0.151972
82900  0.151972
83000  0.151972
83100  0.151916
83200  0.151916
83300  0.151916
83400  0.151916
83500  0.151916
83600  0.151916
83700  0.151916
83800  0.151916
83900  0.151916
84000  0.151916
84100  0.151916
84200  0.151916
84300  0.151916
84400  0.151916
84500  0.151916
84600  0.151916
84700  0.151916
84800  0.151916
84900  0.151916
85000  0.151916
85100  0.151916
85200  0.151916
85300  0.151916
85400  0.151916
85500  0.151916
85600  0.151916
85700  0.151916
85800  0.151916
85900  0.151916
86000  0.151916
86100  0.151916
86200  0.151916
86300  0.151916
86400  0.151916
86500  0.151916
86600  0.151916
86700  0.151916
86800  0.151916
86900  0.151916
87000  0.151916
87100  0.151916
87200  0.151916
87300  0.151916
87400  0.151916
87500  0.151916
87600  0.151916
87700  0.151916
87800  0.151916
87900  0.151916
88000  0.151916
88100  0.151916
88200  0.151916
88300  0.151916
88400  0.151916
88500  0.151916
88600  0.151916
88700  0.151916
88800  0.151916
88900  0.151916
89000  0.151916
89100  0.151916
89200  0.151916
89300  0.151916
89400  0.151916
89500  0.151916
89600  0.151916
89700  0.151916
89800  0.151916
89900  0.151916
90000  0.151916
90100  0.151916
90200  0.151916
90300  0.151916
90400  0.151916
90500  0.151916
90600  0.151916
90700  0.151916
90800  0.151916
90900  0.151916
91000  0.151916
91100  0.151916
91200  0.151916
91300  0.151916
91400  0.151916
91500  0.151916
91600  0.151916
91700  0.151916
91800  0.151916
91900  0.151916
92000  0.151916
92100  0.151916
92200  0.151916
92300  0.151916
92400  0.151916
92500  0.151916
92600  0.151916
92700  0.151916
92800  0.151916
92900  0.151916
93000  0.151916
93100  0.151916
93200  0.151916
93300  0.151916
93400  0.151916
93500  0.151916
93600  0.151916
93700  0.151916
93800  0.151916
93900  0.151916
94000  0.151916
94100  0.151916
94200  0.151916
94300  0.151916
94400  0.151916
94500  0.151916
94600  0.151916
94700  0.151916
94800  0.151916
94900  0.151916
95000  0.151916
95100  0.151916
95200  0.151916
95300  0.151916
95400  0.151916
95500  0.151916
95600  0.151916
95700  0.151916
95800  0.151916
95900  0.151916
96000  0.151916
96100  0.151916
96200  0.151916
96300  0.151916
96400  0.151916
96500  0.151916
96600  0.151916
96700  0.151916
96800  0.151916
96900  0.151916
97000  0.151916
97100  0.151916
97200  0.151916
97300  0.151916
97400  0.151916
97500  0.151916
97600  0.151916
97700  0.151916
97800  0.151916
97900  0.151916
98000  0.151916
98100  0.151916
98200  0.151916
98300  0.151916
98400  0.151916
98500  0.151916
98600  0.151916
98700  0.151916
98800  0.151916
98900  0.151916
99000  0.151916
99100  0.151916
99200  0.151916
99300  0.151916
99400  0.151916
99500  0.151916
99600  0.151916
99700  0.151916
99800  0.151916
99900  0.151916
100000  0.151916
100100  0.151916
100200  0.151916
100300  0.151916
100400  0.151916
100500  0.151916
100600  0.151916
100700  0.151916
100800  0.151916
100900  0.151916
101000  0.151916
101100  0.151916
101200  0.151916
101300  0.151916
101400  0.151916
101500  0.151916
101600  0.151916
101700  0.151916
101800  0.151916
101900  0.151916
102000  0.151916
102100  0.151916
102200  0.151916
102300  0.151916
102400  0.151916
102500  0.151916
102600  0.151916
102700  0.151916
102800  0.151916
102900  0.151916
103000  0.151916
103100  0.151916
103200  0.151916
103300  0.151916
103400  0.151916
103500  0.151916
103600  0.151916
103700  0.151916
103800  0.151916
103900  0.151916
104000  0.151916
104100  0.151916
104200  0.151916
104300  0.151916
104400  0.151916
104500  0.151916
104600  0.151916
104700  0.151916
104800  0.151916
104900  0.151916
105000  0.151916
105100  0.151916
105200  0.151916
105300  0.151916
105400  0.151916
105500  0.151916
105600  0.151916
105700  0.151916
105800  0.151916
105900  0.151916
106000  0.151916
106100  0.151916
106200  0.151916
106300  0.151916
106400  0.151916
106500  0.151916
106600  0.151916
106700  0.151916
106800  0.151916
106900  0.151916
107000  0.151916
107100  0.151916
107200  0.151916
107300  0.151916
107400  0.151916
107500  0.151916
107600  0.151916
107700  0.151916
107800  0.151916
107900  0.151916
108000  0.151916
108100  0.151916
108200  0.151916
108300  0.151916
108400  0.151916
108500  0.151916
108600  0.151916
108700  0.151916
108800  0.151916
108900  0.151916
109000  0.151916
109100  0.151916
109200  0.151916
109300  0.151916
109400  0.151916
109500  0.151916
109600  0.151916
109700  0.151916
109800  0.151916
109900  0.151916
110000  0.151916
110100  0.151916
110200  0.151916
110300  0.151916
110400  0.151916
110500  0.151916
110600  0.151916
110700  0.151916
110800  0.151916
110900  0.151916
111000  0.151916
111100  0.151916
111200  0.151916
111300  0.151916
111400  0.151916
111500  0.151916
111600  0.151916
111700  0.151916
111800  0.151916
111900  0.151916
112000  0.151916
112100  0.151916
112200  0.151916
112300  0.151916
112400  0.151916
112500  0.151916
112600  0.151916
112700  0.151916
112800  0.151916
112900  0.151916
113000  0.151916
113100  0.151916
113200  0.151916
113300  0.151916
113400  0.151916
113500  0.151916
113600  0.151916
113700  0.151916
113800  0.151916
113900  0.151916
114000  0.151916
114100  0.151916
114200  0.151916
114300  0.151916
114400  0.151916
114500  0.151916
114600  0.151916
114700  0.151916
114800  0.151916
114900  0.151916
115000  0.151916
115100  0.151916
115200  0.151916
115300  0.151916
115400  0.151916
115500  0.151916
115600  0.151916
115700  0.151916
115800  0.151916
115900  0.151916
116000  0.151916
116100  0.151916
116200  0.151916
116300  0.151916
116400  0.151916
116500  0.151916
116600  0.151916
116700  0.151798
116800  0.151798
116900  0.151798
117000  0.151798
117100  0.151798
117200  0.151798
117300  0.151798
117400  0.151798
117500  0.151798
117600  0.151798
117700  0.151798
117800  0.151798
117900  0.151798
118000  0.151798
118100  0.151798
118200  0.151798
118300  0.151798
118400  0.151798
118500  0.151798
118600  0.151798
118700  0.151798
118800  0.151798
118900  0.151798
119000  0.151798
119100  0.151798
119200  0.151798
119300  0.151798
119400  0.151798
119500  0.151798
119600  0.151798
119700  0.151798
119800  0.151798
119900  0.151798
120000  0.151798
120100  0.151798
120200  0.151798
120300  0.151798
120400  0.151798
120500  0.151798
120600  0.151798
120700  0.151798
120800  0.151798
120900  0.151798
121000  0.151798
121100  0.151798
121200  0.151798
121300  0.151798
121400  0.151798
121500  0.151798
121600  0.151798
121700  0.151798
121800  0.151798
121900  0.151798
122000  0.151798
122100  0.151798
122200  0.151798
122300  0.151798
122400  0.151798
122500  0.151798
122600  0.151798
122700  0.151798
122800  0.151798
122900  0.151798
123000  0.151798
123100  0.151798
123200  0.151798
123300  0.151798
123400  0.151798
123500  0.151798
123600  0.151798
123700  0.151798
123800  0.151798
123900  0.151798
124000  0.151798
124100  0.151798
124200  0.151798
124300  0.151798
124400  0.151798
124500  0.151798
124600  0.151798
124700  0.151798
124800  0.151798
124900  0.151798
125000  0.151798
125100  0.151798
125200  0.151798
125300  0.151798
125400  0.151798
125500  0.151798
125600  0.151798
125700  0.151798
125800  0.151798
125900  0.151798
126000  0.151798
126100  0.151798
126200  0.151798
126300  0.151798
126400  0.151798
126500  0.151798
126600  0.151798
126700  0.151798
126800  0.151798
126900  0.151798
127000  0.151798
127100  0.151798
127200  0.151798
127300  0.151798
127400  0.151798
127500  0.151798
127600  0.151798
127700  0.151798
127800  0.151798
127900  0.151798
128000  0.151798
128100  0.151798
128200  0.151798
128300  0.151798
128400  0.151798
128500  0.151798
128600  0.151798
128700  0.151798
128800  0.151798
128900  0.151798
129000  0.151798
129100  0.151798
129200  0.151798
129300  0.151798
129400  0.151798
129500  0.151798
129600  0.151798
129700  0.151798
129800  0.151798
129900  0.151798
130000  0.151798
130100  0.151798
130200  0.151798
130300  0.151798
130400  0.151798
130500  0.151798
130600  0.151798
130700  0.151798
130800  0.151798
130900  0.151798
131000  0.151798
131100  0.151798
131200  0.151798
131300  0.151798
131400  0.151798
131500  0.151798
131600  0.151798
131700  0.151798
131800  0.151798
131900  0.151798
132000  0.151798
132100  0.151798
132200  0.151798
132300  0.151798
132400  0.151798
132500  0.151798
132600  0.151798
132700  0.151798
132800  0.151798
132900  0.151798
133000  0.151798
133100  0.151798
133200  0.151798
133300  0.151798
133400  0.151798
133500  0.151798
133600  0.151798
133700  0.151798
133800  0.151798
133900  0.151798
134000  0.151798
134100  0.151798
134200  0.151798
134300  0.151798
134400  0.151798
134500  0.151798
134600  0.151798
134700  0.151798
134800  0.151798
134900  0.151798
135000  0.151798
135100  0.151798
135200  0.151798
135300  0.151798
135400  0.151798
135500  0.151798
135600  0.150889
135700  0.150889
135800  0.150889
135900  0.150889
136000  0.150889
136100  0.150889
136200  0.150889
136300  0.150889
136400  0.150889
136500  0.150889
136600  0.150889
136700  0.150889
136800  0.150889
136900  0.150889
137000  0.150889
137100  0.150889
137200  0.150889
137300  0.150889
137400  0.150889
137500  0.150889
137600  0.150889
137700  0.150889
137800  0.150889
137900  0.150889
138000  0.150889
138100  0.150889
