Step  Penalty
32  0.555761
64  0.523454
96  0.509408
128  0.494211
160  0.470729
192  0.433923
224  0.402894
256  0.374433
288  0.350202
320  0.336104
352  0.316065
384  0.303391
416  0.290651
448  0.279812
480  0.271929
512  0.265834
544  0.262477
576  0.256148
608  0.252309
640  0.248694
672  0.247243
704  0.244117
736  0.242524
768  0.242076
800  0.241273
832  0.240299
864  0.239484
896  0.238684
928  0.237668
960  0.237335
992  0.237082
1024  0.236221
1056  0.235792
1088  0.235386
1120  0.235386
1152  0.235212
1184  0.235117
1216  0.234944
1248  0.234628
1280  0.23453
1312  0.23453
1344  0.234399
1376  0.233852
1408  0.233784
1440  0.233661
1472  0.233407
1504  0.233263
1536  0.233164
1568  0.233164
1600  0.23312
1632  0.23312
1664  0.233003
1696  0.232818
1728  0.232579
1760  0.232579
1792  0.232579
1824  0.232505
1856  0.232505
1888  0.232276
1920  0.232197
1952  0.232001
1984  0.232001
2016  0.231965
2048  0.231965
2080  0.231883
2112  0.231883
2144  0.23182
2176  0.23182
2208  0.231704
2240  0.231704
2272  0.23149
2304  0.231322
2336  0.231322
2368  0.231136
2400  0.231108
2432  0.231108
2464  0.231052
2496  0.231052
2528  0.231052
2560  0.231052
2592  0.231052
2624  0.230807
2656  0.230807
2688  0.230779
2720  0.230779
2752  0.23073
2784  0.23073
2816  0.23073
2848  0.230668
2880  0.230668
2912  0.230668
2944  0.230668
2976  0.23045
3008  0.230431
3040  0.230431
3072  0.230431
3104  0.230431
3136  0.230431
3168  0.230323
3200  0.230289
3232  0.230226
3264  0.230226
3296  0.230226
3328  0.230226
3360  0.230226
3392  0.230226
3424  0.230226
3456  0.230226
3488  0.230226
3520  0.230226
3552  0.230159
3584  0.230159
3616  0.230159
3648  0.230159
3680  0.230159
3712  0.230159
3744  0.230092
3776  0.230092
3808  0.230092
3840  0.230092
3872  0.230092
3904  0.230092
3936  0.230092
3968  0.230092
4000  0.230092
4032  0.230092
4064  0.230075
4096  0.230075
4128  0.230075
4160  0.230075
4192  0.230075
4224  0.230075
4256  0.230036
4288  0.230036
4320  0.230033
4352  0.230033
4384  0.229973
4416  0.229973
4448  0.229873
4480  0.229873
4512  0.229873
4544  0.229873
4576  0.229873
4608  0.229873
4640  0.229844
4672  0.229844
4704  0.229844
4736  0.229765
4768  0.229765
4800  0.229713
4832  0.229688
4864  0.229688
4896  0.229687
4928  0.229684
4960  0.229684
4992  0.229684
5024  0.229684
5056  0.229684
5088  0.229684
5120  0.229684
5152  0.229684
5184  0.229684
5216  0.229684
5248  0.229684
5280  0.229684
5312  0.229684
5344  0.229634
5376  0.229634
5408  0.229619
5440  0.229619
5472  0.229612
5504  0.229612
5536  0.229612
5568  0.229612
5600  0.229612
5632  0.229612
5664  0.229612
5696  0.229612
5728  0.229612
5760  0.229612
5792  0.229612
5824  0.229612
5856  0.229612
5888  0.229612
5920  0.229612
5952  0.229516
5984  0.229516
6016  0.229516
6048  0.229378
6080  0.229378
6112  0.229378
6144  0.229378
6176  0.229378
6208  0.229185
6240  0.229185
6272  0.22911
6304  0.22911
6336  0.22911
6368  0.22911
6400  0.22911
6432  0.22911
6464  0.22911
6496  0.22911
6528  0.229092
6560  0.22909
6592  0.22909
6624  0.22909
6656  0.22909
6688  0.22909
6720  0.22909
6752  0.22909
6784  0.22909
6816  0.22909
6848  0.229058
6880  0.229058
6912  0.229058
6944  0.229058
6976  0.229058
7008  0.228918
7040  0.228918
7072  0.228918
7104  0.228918
7136  0.228847
7168  0.228847
7200  0.228847
7232  0.228847
7264  0.228847
7296  0.228847
7328  0.228847
7360  0.228847
7392  0.228847
7424  0.228847
7456  0.228847
7488  0.228847
7520  0.228847
7552  0.228847
7584  0.228847
7616  0.228847
7648  0.228847
7680  0.228847
7712  0.228847
7744  0.228847
7776  0.228847
7808  0.228847
7840  0.228847
7872  0.228847
7904  0.228847
7936  0.228847
7968  0.228847
8000  0.228847
8032  0.228847
8064  0.228847
8096  0.228847
8128  0.228847
8160  0.228847
8192  0.228847
8224  0.228847
8256  0.228847
8288  0.228847
8320  0.228847
8352  0.228847
8384  0.228847
8416  0.228847
8448  0.228847
8480  0.228847
8512  0.228847
8544  0.228847
8576  0.228847
8608  0.228749
8640  0.228749
8672  0.228749
8704  0.228749
8736  0.228749
8768  0.228744
8800  0.228744
8832  0.228744
8864  0.228706
8896  0.228706
8928  0.228706
8960  0.228706
8992  0.228706
9024  0.228706
9056  0.228706
9088  0.228706
9120  0.228706
9152  0.228706
9184  0.228706
9216  0.228706
9248  0.228706
9280  0.228706
9312  0.228706
9344  0.228706
9376  0.228706
9408  0.228706
9440  0.228524
9472  0.228524
9504  0.228524
9536  0.228524
9568  0.228492
9600  0.228492
9632  0.228492
9664  0.228492
9696  0.228492
9728  0.228445
9760  0.228445
9792  0.228445
9824  0.228445
9856  0.228445
9888  0.228445
9920  0.228445
9952  0.228445
9984  0.22839
10016  0.22839
10048  0.22839
10080  0.22839
10112  0.22839
10144  0.22839
10176  0.22839
10208  0.22839
10240  0.22839
10272  0.22839
10304  0.22839
10336  0.22839
10368  0.22839
10400  0.22839
10432  0.22839
10464  0.22839
10496  0.22839
10528  0.228333
10560  0.228333
10592  0.228333
10624  0.228333
10656  0.228333
10688  0.228333
10720  0.228333
10752  0.228333
10784  0.228333
10816  0.228333
10848  0.228333
10880  0.228333
10912  0.228333
10944  0.228333
10976  0.228354
11008  0.228292
11040  0.228292
11072  0.228172
11104  0.228172
11136  0.228172
11168  0.228172
11200  0.228172
11232  0.228172
11264  0.228172
11296  0.228132
11328  0.228132
11360  0.228132
11392  0.228132
11424  0.228132
11456  0.228132
11488  0.228132
11520  0.228132
11552  0.228132
11584  0.228132
11616  0.228132
11648  0.228132
11680  0.228132
11712  0.228132
11744  0.228132
11776  0.228132
11808  0.228132
11840  0.228132
11872  0.228132
11904  0.228132
11936  0.227949
11968  0.227949
12000  0.227949
12032  0.227917
12064  0.227917
12096  0.227917
12128  0.227917
12160  0.227917
12192  0.227917
12224  0.227914
12256  0.227914
12288  0.227914
12320  0.227914
12352  0.227914
12384  0.227914
12416  0.227914
12448  0.227914
12480  0.227914
12512  0.227914
12544  0.227914
12576  0.227914
12608  0.227914
12640  0.227914
12672  0.227914
12704  0.227914
12736  0.227914
12768  0.227808
12800  0.227808
12832  0.227808
12864  0.227808
12896  0.227808
12928  0.227808
12960  0.227808
12992  0.227808
13024  0.227808
13056  0.227808
13088  0.227808
13120  0.227808
13152  0.227808
13184  0.227808
13216  0.227808
13248  0.227808
13280  0.227808
13312  0.227808
13344  0.227808
13376  0.227808
13408  0.227808
13440  0.227808
13472  0.227808
13504  0.227808
13536  0.227808
13568  0.227808
13600  0.227808
13632  0.227808
13664  0.227808
13696  0.227808
13728  0.227808
13760  0.227808
13792  0.227808
13824  0.227808
13856  0.227808
13888  0.227808
13920  0.227808
13952  0.227808
13984  0.227808
14016  0.227808
14048  0.227808
14080  0.227808
14112  0.227808
14144  0.227808
14176  0.227698
14208  0.227698
14240  0.227698
14272  0.227698
14304  0.227698
14336  0.227698
14368  0.227698
14400  0.227698
14432  0.227698
14464  0.227698
14496  0.227631
14528  0.227631
14560  0.227631
14592  0.227631
14624  0.227631
14656  0.227631
14688  0.227631
14720  0.227631
14752  0.227631
14784  0.227631
14816  0.227631
14848  0.227631
14880  0.227631
14912  0.227631
14944  0.227631
14976  0.227631
15008  0.227631
15040  0.227631
15072  0.227631
15104  0.227631
15136  0.227631
15168  0.227631
15200  0.227631
15232  0.227631
15264  0.227631
15296  0.227526
15328  0.227526
15360  0.22752
15392  0.22752
15424  0.22752
15456  0.22752
15488  0.22752
15520  0.22752
15552  0.22752
15584  0.22752
15616  0.22752
15648  0.22752
15680  0.227506
15712  0.227506
15744  0.227506
15776  0.227506
15808  0.227506
15840  0.227506
15872  0.227506
15904  0.227506
15936  0.227506
15968  0.227506
16000  0.227506
16032  0.227506
16064  0.227506
16096  0.227506
16128  0.227506
16160  0.227336
16192  0.227336
16224  0.227336
16256  0.227336
16288  0.227336
16320  0.227336
16352  0.227336
16384  0.227336
16416  0.227336
16448  0.227336
16480  0.227285
16512  0.227285
16544  0.227285
16576  0.227285
16608  0.227285
16640  0.227285
16672  0.227285
16704  0.227285
16736  0.227285
16768  0.227285
16800  0.227285
16832  0.227285
16864  0.227285
16896  0.227285
16928  0.227285
16960  0.227285
16992  0.227285
17024  0.227285
17056  0.227285
17088  0.227285
17120  0.227285
17152  0.227285
17184  0.227285
17216  0.227285
17248  0.227285
17280  0.227285
17312  0.227285
17344  0.227285
17376  0.227285
17408  0.227285
17440  0.227285
17472  0.227285
17504  0.227285
17536  0.227285
17568  0.227285
17600  0.227285
17632  0.227239
17664  0.227239
17696  0.227239
17728  0.227239
17760  0.227239
17792  0.227239
17824  0.227239
17856  0.227239
17888  0.227239
17920  0.227239
17952  0.227239
17984  0.227239
18016  0.227239
18048  0.227239
18080  0.227239
18112  0.227239
18144  0.227239
18176  0.227234
18208  0.227234
18240  0.227234
18272  0.227234
18304  0.227204
18336  0.227204
18368  0.227204
18400  0.227204
18432  0.227204
18464  0.227049
18496  0.227049
18528  0.227049
18560  0.227049
18592  0.227049
18624  0.227049
18656  0.227049
18688  0.227049
18720  0.227049
18752  0.227049
18784  0.227049
18816  0.227049
18848  0.227049
18880  0.227049
18912  0.227049
18944  0.227049
18976  0.227049
19008  0.227049
19040  0.227049
19072  0.227049
19104  0.227049
19136  0.227049
19168  0.227049
19200  0.227049
19232  0.227049
19264  0.227049
19296  0.227049
19328  0.227049
19360  0.227049
19392  0.227049
19424  0.227049
19456  0.227049
19488  0.227049
19520  0.227049
19552  0.227049
19584  0.227049
19616  0.227049
19648  0.227049
19680  0.227049
19712  0.227049
19744  0.227049
19776  0.227049
19808  0.227049
19840  0.227049
19872  0.226974
19904  0.226974
19936  0.226974
19968  0.226974
20000  0.227025
20032  0.227025
20064  0.227025
20096  0.227025
20128  0.227025
20160  0.227025
20192  0.227025
20224  0.227025
20256  0.227025
20288  0.227025
20320  0.227025
20352  0.227025
20384  0.227025
20416  0.227025
20448  0.227025
20480  0.227025
20512  0.227025
20544  0.227025
20576  0.226898
20608  0.226898
20640  0.226898
20672  0.226898
20704  0.226898
20736  0.226898
20768  0.226898
20800  0.226898
20832  0.226898
20864  0.226898
20896  0.226898
20928  0.226898
20960  0.226898
20992  0.226898
21024  0.226898
21056  0.226898
21088  0.226898
21120  0.226898
21152  0.226898
21184  0.226898
21216  0.226898
21248  0.226898
21280  0.226898
21312  0.226898
21344  0.226898
21376  0.226898
21408  0.226878
21440  0.226878
21472  0.226878
21504  0.226878
21536  0.226878
21568  0.226878
21600  0.226878
21632  0.226878
21664  0.226878
21696  0.226878
21728  0.226878
21760  0.226878
21792  0.226878
21824  0.226878
21856  0.226878
21888  0.226878
21920  0.226816
21952  0.226816
21984  0.226816
22016  0.226816
22048  0.226816
22080  0.226816
22112  0.226816
22144  0.226816
22176  0.226816
22208  0.226816
22240  0.226816
22272  0.226816
22304  0.226816
22336  0.226816
22368  0.226816
22400  0.226816
22432  0.226816
22464  0.226816
22496  0.226716
22528  0.226716
22560  0.226716
22592  0.226716
22624  0.226716
22656  0.226716
22688  0.226716
22720  0.226716
22752  0.226716
22784  0.226716
22816  0.226716
22848  0.226716
22880  0.226716
22912  0.226716
22944  0.226716
22976  0.226716
23008  0.226716
23040  0.226716
23072  0.226716
23104  0.226716
23136  0.226716
23168  0.226716
23200  0.226716
23232  0.226716
23264  0.226716
23296  0.226716
23328  0.226716
23360  0.226716
23392  0.226716
23424  0.226716
23456  0.226716
23488  0.226716
23520  0.226716
23552  0.226716
23584  0.226716
23616  0.226716
23648  0.226716
23680  0.226716
23712  0.226716
23744  0.226716
23776  0.226716
23808  0.226716
23840  0.226716
23872  0.226716
23904  0.226716
23936  0.226716
23968  0.226716
24000  0.226716
24032  0.226716
24064  0.226716
24096  0.226716
24128  0.226716
24160  0.226716
24192  0.226716
24224  0.226716
24256  0.226716
24288  0.226716
24320  0.226671
24352  0.226671
24384  0.226671
24416  0.226671
24448  0.226671
24480  0.226671
24512  0.226671
24544  0.226671
24576  0.226671
24608  0.226671
24640  0.226671
24672  0.226671
24704  0.226671
24736  0.226671
24768  0.226671
24800  0.226671
24832  0.226671
24864  0.226671
24896  0.226671
24928  0.226671
24960  0.226671
24992  0.226671
25024  0.226671
25056  0.226671
25088  0.226671
25120  0.226671
25152  0.226534
25184  0.226534
25216  0.226534
25248  0.226523
25280  0.226523
25312  0.226523
25344  0.226523
25376  0.226523
25408  0.226523
25440  0.226523
25472  0.226523
25504  0.226523
25536  0.226523
25568  0.226403
25600  0.226403
25632  0.226403
25664  0.226403
25696  0.226403
25728  0.226403
25760  0.226403
25792  0.226403
25824  0.22636
25856  0.22636
25888  0.22636
25920  0.22636
25952  0.22636
25984  0.22636
26016  0.22636
26048  0.22636
26080  0.22636
26112  0.22636
26144  0.226339
26176  0.226339
26208  0.226339
26240  0.226339
26272  0.226339
26304  0.226339
26336  0.226339
26368  0.226339
26400  0.226339
26432  0.226339
26464  0.226339
26496  0.226339
26528  0.226339
26560  0.226339
26592  0.226339
26624  0.226339
26656  0.226339
26688  0.226339
26720  0.226339
26752  0.226339
26784  0.226339
26816  0.226339
26848  0.226339
26880  0.226339
26912  0.226339
26944  0.226339
26976  0.226339
27008  0.226339
27040  0.226339
27072  0.226339
27104  0.226339
27136  0.226339
27168  0.226339
27200  0.226339
27232  0.226339
27264  0.226339
27296  0.226339
27328  0.226339
27360  0.226339
27392  0.226339
27424  0.226339
27456  0.226339
27488  0.226339
27520  0.226339
27552  0.226339
27584  0.226339
27616  0.226339
27648  0.226339
27680  0.226339
27712  0.226339
27744  0.226339
27776  0.226339
27808  0.226339
27840  0.226339
27872  0.226339
27904  0.226339
27936  0.226339
27968  0.226339
28000  0.226339
28032  0.226339
28064  0.226339
28096  0.226339
28128  0.226339
28160  0.226339
28192  0.226339
28224  0.226339
28256  0.226339
28288  0.226339
28320  0.226283
28352  0.226283
28384  0.226283
28416  0.226283
28448  0.226283
28480  0.226283
28512  0.226283
28544  0.226283
28576  0.226283
28608  0.226283
28640  0.226283
28672  0.226283
28704  0.226283
28736  0.226283
28768  0.226283
28800  0.226283
28832  0.226283
28864  0.226283
28896  0.226283
28928  0.226283
28960  0.226283
28992  0.226283
29024  0.226283
29056  0.226283
29088  0.226283
29120  0.226283
29152  0.226283
29184  0.226283
29216  0.226283
29248  0.226283
29280  0.226283
29312  0.226283
29344  0.226283
29376  0.226283
29408  0.226283
29440  0.226283
29472  0.226283
29504  0.226283
29536  0.226283
29568  0.226283
29600  0.226283
29632  0.226283
29664  0.226283
29696  0.226283
29728  0.226283
29760  0.226283
29792  0.226283
29824  0.226283
29856  0.226283
29888  0.226283
29920  0.226283
29952  0.226283
29984  0.226283
30016  0.226283
30048  0.226283
30080  0.226283
30112  0.226283
30144  0.226283
30176  0.226283
30208  0.226283
30240  0.226283
30272  0.226283
30304  0.226283
30336  0.226283
30368  0.226283
30400  0.226283
30432  0.226283
30464  0.226283
30496  0.226283
30528  0.226283
30560  0.226283
30592  0.226283
30624  0.226283
30656  0.226283
30688  0.226283
30720  0.226283
30752  0.226283
30784  0.226283
30816  0.226283
30848  0.226283
30880  0.226283
30912  0.226283
30944  0.226283
30976  0.226283
31008  0.226283
31040  0.226283
31072  0.226283
31104  0.226283
31136  0.226283
31168  0.226283
31200  0.226283
31232  0.226283
31264  0.226283
31296  0.226283
31328  0.226283
31360  0.226283
31392  0.226283
31424  0.226283
31456  0.226283
31488  0.226283
31520  0.226283
31552  0.226283
31584  0.226283
31616  0.226283
31648  0.226283
31680  0.226283
31712  0.226283
31744  0.226283
31776  0.226283
31808  0.226283
31840  0.226283
31872  0.226283
31904  0.226283
31936  0.226283
31968  0.226283
32000  0.226283
32032  0.226283
32064  0.226283
32096  0.226283
32128  0.226283
32160  0.226283
32192  0.226283
32224  0.226283
32256  0.226283
32288  0.226283
32320  0.22625
32352  0.22625
32384  0.22625
32416  0.22625
32448  0.22625
32480  0.22625
32512  0.22625
32544  0.22625
32576  0.22625
32608  0.22625
32640  0.22625
32672  0.22625
32704  0.22625
32736  0.22625
32768  0.22625
32800  0.22625
32832  0.22625
32864  0.22625
32896  0.22625
32928  0.22625
32960  0.22625
32992  0.22625
33024  0.22625
33056  0.22625
33088  0.22625
33120  0.22625
33152  0.22625
33184  0.22625
33216  0.22625
33248  0.22625
33280  0.22625
33312  0.22625
33344  0.22625
33376  0.22625
33408  0.22625
33440  0.22625
33472  0.22625
33504  0.22625
33536  0.22625
33568  0.22625
33600  0.22625
33632  0.22625
33664  0.22625
33696  0.22625
33728  0.22625
33760  0.22625
33792  0.22625
33824  0.22625
33856  0.22625
33888  0.22625
33920  0.226226
33952  0.226226
33984  0.226226
34016  0.226226
34048  0.226226
34080  0.226226
34112  0.226226
34144  0.226226
34176  0.226226
34208  0.226226
34240  0.226226
34272  0.226226
34304  0.226226
34336  0.226226
34368  0.226226
34400  0.226226
34432  0.226226
34464  0.226226
34496  0.226226
34528  0.226226
34560  0.226226
34592  0.226226
34624  0.226226
34656  0.226226
34688  0.226226
34720  0.226226
34752  0.226226
34784  0.226226
34816  0.226226
34848  0.226226
34880  0.226226
34912  0.226226
34944  0.226226
34976  0.226226
35008  0.226226
35040  0.226226
35072  0.226226
35104  0.226226
35136  0.226226
35168  0.226226
35200  0.226226
35232  0.226226
35264  0.226226
35296  0.226226
35328  0.226226
35360  0.226226
35392  0.226131
35424  0.226131
35456  0.226131
35488  0.226131
35520  0.226131
35552  0.226131
35584  0.226131
35616  0.226131
35648  0.226131
35680  0.226131
35712  0.226131
35744  0.226131
35776  0.226131
35808  0.226131
35840  0.226131
35872  0.226131
35904  0.226131
35936  0.226131
35968  0.226131
36000  0.226131
36032  0.226131
36064  0.226131
36096  0.226131
36128  0.226131
36160  0.226131
36192  0.226131
36224  0.226131
36256  0.226131
36288  0.226131
36320  0.226131
36352  0.226131
36384  0.226131
36416  0.226131
36448  0.226131
36480  0.226131
36512  0.226131
36544  0.226131
36576  0.226131
36608  0.226131
36640  0.226131
36672  0.226131
36704  0.226131
36736  0.226131
36768  0.226131
36800  0.226131
36832  0.226131
36864  0.226131
36896  0.226131
36928  0.226131
36960  0.226131
36992  0.226131
37024  0.226131
37056  0.226027
37088  0.226027
37120  0.226027
37152  0.226027
37184  0.226027
37216  0.226027
37248  0.226027
37280  0.226027
37312  0.226027
37344  0.226027
37376  0.226027
37408  0.226027
37440  0.226027
37472  0.226027
37504  0.226027
37536  0.226027
37568  0.226027
37600  0.226027
37632  0.226027
37664  0.226027
37696  0.226027
37728  0.226027
37760  0.226027
37792  0.226027
37824  0.226027
37856  0.226027
37888  0.226027
37920  0.226027
37952  0.226027
37984  0.226027
38016  0.226027
38048  0.225962
38080  0.225962
38112  0.225962
38144  0.225962
38176  0.225962
38208  0.225962
38240  0.225962
38272  0.225962
38304  0.225962
38336  0.225962
38368  0.225962
38400  0.225962
38432  0.225962
38464  0.225962
38496  0.225962
38528  0.225962
38560  0.225962
38592  0.225962
38624  0.225962
38656  0.225962
38688  0.225962
38720  0.225962
38752  0.225962
38784  0.225962
38816  0.225962
38848  0.225962
38880  0.225962
38912  0.225962
38944  0.225962
38976  0.225962
39008  0.225962
39040  0.225962
39072  0.225962
39104  0.225962
39136  0.225962
39168  0.225962
39200  0.225962
39232  0.225962
39264  0.225962
39296  0.225962
39328  0.225962
39360  0.225962
39392  0.225962
39424  0.225962
39456  0.225962
39488  0.225962
39520  0.225962
39552  0.225962
39584  0.225962
39616  0.225962
39648  0.225962
39680  0.225962
39712  0.225962
39744  0.225962
39776  0.225962
39808  0.225962
39840  0.225962
39872  0.225962
39904  0.225962
39936  0.225962
39968  0.225962
40000  0.225962
40032  0.225962
40064  0.225962
40096  0.225962
40128  0.225962
40160  0.225962
40192  0.225962
40224  0.225962
40256  0.225962
40288  0.225962
40320  0.225962
40352  0.225962
40384  0.225962
40416  0.225962
40448  0.225962
40480  0.225962
40512  0.225962
40544  0.225962
40576  0.225962
40608  0.225962
40640  0.225962
40672  0.225962
40704  0.225962
40736  0.225962
40768  0.225962
40800  0.225962
40832  0.225962
40864  0.225962
40896  0.225962
40928  0.225962
40960  0.225962
40992  0.225962
41024  0.225962
41056  0.225962
41088  0.225962
41120  0.225962
41152  0.225962
41184  0.225962
41216  0.225962
41248  0.225962
41280  0.225962
41312  0.225962
41344  0.225962
41376  0.225962
41408  0.225962
41440  0.225962
41472  0.225962
41504  0.225962
41536  0.225962
41568  0.225962
41600  0.225962
41632  0.225962
41664  0.225962
41696  0.225962
41728  0.225962
41760  0.225962
41792  0.225896
41824  0.225896
41856  0.225896
41888  0.225896
41920  0.225896
41952  0.225896
41984  0.225896
42016  0.225896
42048  0.225896
42080  0.225896
42112  0.225896
42144  0.225896
42176  0.225896
42208  0.225896
42240  0.225896
42272  0.225896
42304  0.225896
42336  0.225896
42368  0.225896
42400  0.225896
42432  0.225896
42464  0.225896
42496  0.225896
42528  0.225896
42560  0.225896
42592  0.225896
42624  0.225896
42656  0.225896
42688  0.225896
42720  0.225896
42752  0.225896
42784  0.225896
42816  0.225896
42848  0.225896
42880  0.225896
42912  0.225896
42944  0.225896
42976  0.225896
43008  0.225896
43040  0.225896
43072  0.225896
43104  0.225896
43136  0.225896
43168  0.225896
43200  0.225896
43232  0.225896
43264  0.225896
43296  0.225896
43328  0.225896
43360  0.225896
43392  0.225896
43424  0.225896
43456  0.225896
43488  0.225896
43520  0.225896
43552  0.225896
43584  0.225896
43616  0.225896
43648  0.225896
43680  0.225896
43712  0.225896
43744  0.225896
43776  0.225896
43808  0.225896
43840  0.225896
43872  0.225896
43904  0.225896
43936  0.225896
43968  0.225896
44000  0.225896
44032  0.225896
44064  0.225896
44096  0.225896
44128  0.225896
44160  0.225896
44192  0.225896
44224  0.225896
44256  0.225896
44288  0.225896
44320  0.225896
44352  0.225896
44384  0.225896
44416  0.225896
44448  0.225896
44480  0.225896
44512  0.225896
44544  0.225896
44576  0.225896
44608  0.225896
44640  0.225896
44672  0.225896
44704  0.225896
44736  0.225896
44768  0.225896
44800  0.225896
44832  0.225896
44864  0.225896
44896  0.225896
44928  0.225896
44960  0.225896
44992  0.225896
45024  0.225896
45056  0.225896
45088  0.225896
45120  0.225896
45152  0.225896
45184  0.225896
45216  0.225896
45248  0.225896
45280  0.225896
45312  0.225896
45344  0.225896
45376  0.225896
45408  0.225896
45440  0.225896
45472  0.225896
45504  0.225896
45536  0.225896
45568  0.225896
45600  0.225896
45632  0.225896
45664  0.225896
45696  0.225896
45728  0.225896
45760  0.225896
45792  0.225896
45824  0.225896
45856  0.225896
45888  0.225896
45920  0.225896
45952  0.225896
45984  0.225896
46016  0.225896
46048  0.225896
46080  0.225896
46112  0.225896
46144  0.225896
46176  0.225896
46208  0.225896
46240  0.225896
46272  0.225896
46304  0.225896
46336  0.225896
46368  0.225896
46400  0.225896
46432  0.225896
46464  0.225896
46496  0.225896
46528  0.225896
46560  0.225896
46592  0.225896
46624  0.225896
46656  0.225896
46688  0.225896
46720  0.225896
46752  0.225896
46784  0.225896
46816  0.225896
46848  0.225896
46880  0.225896
46912  0.225896
46944  0.225896
46976  0.225896
47008  0.225887
47040  0.225887
47072  0.225887
47104  0.225887
47136  0.225887
47168  0.225887
47200  0.225887
47232  0.225887
47264  0.225887
47296  0.225887
47328  0.225887
47360  0.225887
47392  0.225887
47424  0.225887
47456  0.225887
47488  0.225887
47520  0.225887
47552  0.225887
47584  0.225887
47616  0.225887
47648  0.225887
47680  0.225887
47712  0.225887
47744  0.225887
47776  0.225887
47808  0.225887
47840  0.225887
47872  0.225887
47904  0.225887
47936  0.225887
47968  0.225887
48000  0.225887
48032  0.225887
48064  0.225887
48096  0.225887
48128  0.225887
48160  0.225887
48192  0.225887
48224  0.225887
48256  0.225887
48288  0.225887
48320  0.225887
48352  0.225887
48384  0.225887
48416  0.225887
48448  0.225887
48480  0.225887
48512  0.225887
48544  0.225887
48576  0.225887
48608  0.225887
48640  0.225887
48672  0.225887
48704  0.225887
48736  0.225887
48768  0.225887
48800  0.225887
48832  0.225887
48864  0.225887
48896  0.225887
48928  0.225887
48960  0.225887
48992  0.225887
49024  0.225887
49056  0.225887
49088  0.225887
49120  0.225887
49152  0.225887
49184  0.225887
49216  0.225887
49248  0.225887
49280  0.225887
49312  0.225887
49344  0.225887
49376  0.225887
49408  0.225887
49440  0.225887
49472  0.225887
49504  0.225887
49536  0.225887
49568  0.225887
49600  0.225887
49632  0.225887
49664  0.225887
49696  0.225887
49728  0.225887
49760  0.225887
49792  0.225887
49824  0.225887
49856  0.225887
49888  0.225887
49920  0.225887
49952  0.225887
49984  0.225887
50016  0.225887
50048  0.225887
50080  0.22587
50112  0.22587
50144  0.22587
50176  0.22587
50208  0.22587
50240  0.22587
50272  0.22587
50304  0.22587
50336  0.22587
50368  0.22587
50400  0.22587
50432  0.22587
50464  0.22587
50496  0.22587
50528  0.22587
50560  0.22587
50592  0.22587
50624  0.22587
50656  0.22587
50688  0.22587
50720  0.22587
50752  0.22587
50784  0.22587
50816  0.22587
50848  0.22587
50880  0.22587
50912  0.22587
50944  0.22587
50976  0.22587
51008  0.22587
51040  0.22587
51072  0.22587
51104  0.22587
51136  0.22587
51168  0.22587
51200  0.22587
51232  0.22587
51264  0.22587
51296  0.22587
51328  0.22587
51360  0.22587
51392  0.22587
51424  0.22587
51456  0.22587
51488  0.22587
51520  0.22587
51552  0.22587
51584  0.22587
51616  0.22587
51648  0.22587
51680  0.22587
51712  0.22587
51744  0.22587
51776  0.22587
51808  0.22587
51840  0.22587
51872  0.22587
51904  0.22587
51936  0.22587
51968  0.22587
52000  0.22587
52032  0.22587
52064  0.22587
52096  0.22587
52128  0.22587
52160  0.22587
52192  0.22587
52224  0.22587
52256  0.22587
52288  0.22587
52320  0.22587
52352  0.22587
52384  0.22587
52416  0.22587
52448  0.22587
52480  0.22587
52512  0.22587
52544  0.22587
52576  0.22587
52608  0.22587
52640  0.22587
52672  0.22587
52704  0.22587
52736  0.22587
52768  0.22587
52800  0.22587
52832  0.22587
52864  0.22587
52896  0.22587
52928  0.22587
52960  0.22587
52992  0.22587
53024  0.22587
53056  0.22587
53088  0.22587
53120  0.22587
53152  0.22587
53184  0.22587
53216  0.22587
53248  0.22587
53280  0.22587
53312  0.22587
53344  0.22587
53376  0.22587
53408  0.22587
53440  0.22587
53472  0.22587
53504  0.22587
53536  0.22587
53568  0.22587
53600  0.22587
53632  0.22587
53664  0.22587
53696  0.22587
53728  0.22587
53760  0.22587
53792  0.22587
53824  0.22587
53856  0.22587
53888  0.22587
53920  0.22587
53952  0.22587
53984  0.22587
54016  0.22587
54048  0.22587
54080  0.22587
54112  0.22587
54144  0.22587
54176  0.22587
54208  0.22587
54240  0.22587
54272  0.22587
54304  0.22587
54336  0.22587
54368  0.22587
54400  0.22587
54432  0.22587
54464  0.22587
54496  0.22587
54528  0.22587
54560  0.22587
54592  0.22587
54624  0.22587
54656  0.225812
54688  0.225812
54720  0.225812
54752  0.225812
54784  0.225812
54816  0.225812
54848  0.225812
54880  0.225812
54912  0.225812
54944  0.225812
54976  0.225812
55008  0.225812
55040  0.225812
55072  0.225812
55104  0.225812
55136  0.225812
55168  0.225812
55200  0.225812
55232  0.225812
55264  0.225812
55296  0.225812
55328  0.225812
55360  0.225812
55392  0.225812
55424  0.225812
55456  0.225812
55488  0.225812
55520  0.225812
55552  0.225812
55584  0.225812
55616  0.225812
55648  0.225812
55680  0.225812
55712  0.225812
55744  0.225812
55776  0.225812
55808  0.225812
55840  0.225812
55872  0.225812
55904  0.225812
55936  0.225812
55968  0.225812
56000  0.225812
56032  0.225812
56064  0.225812
56096  0.225812
56128  0.225812
56160  0.225812
56192  0.225812
56224  0.225812
56256  0.225812
56288  0.225812
56320  0.225812
56352  0.225812
56384  0.225812
56416  0.225812
56448  0.225812
56480  0.225812
56512  0.225812
56544  0.225812
56576  0.225812
56608  0.225812
56640  0.225812
56672  0.225812
56704  0.225812
56736  0.225812
56768  0.225812
56800  0.225812
56832  0.225812
56864  0.225812
56896  0.225812
56928  0.225812
56960  0.225812
56992  0.225812
57024  0.225812
57056  0.225812
57088  0.225812
57120  0.225812
57152  0.225812
57184  0.225812
57216  0.225812
57248  0.225812
57280  0.225812
57312  0.225812
57344  0.225812
57376  0.225812
57408  0.225812
57440  0.225812
57472  0.225812
57504  0.225812
57536  0.225812
57568  0.225812
57600  0.225812
57632  0.225812
57664  0.225812
57696  0.225812
57728  0.225812
57760  0.225812
57792  0.225812
57824  0.225812
57856  0.225812
57888  0.225812
57920  0.225812
57952  0.225812
57984  0.225812
58016  0.225812
58048  0.225812
58080  0.225812
58112  0.225812
58144  0.225812
58176  0.225812
58208  0.225812
58240  0.225812
58272  0.225812
58304  0.225812
58336  0.225812
58368  0.225812
58400  0.225812
58432  0.225812
58464  0.225812
58496  0.225812
58528  0.225812
58560  0.225812
58592  0.225812
58624  0.225812
58656  0.225812
58688  0.225812
58720  0.225812
58752  0.225812
58784  0.225812
58816  0.225812
58848  0.225812
58880  0.225812
58912  0.225812
58944  0.225812
58976  0.225812
59008  0.225812
59040  0.225812
59072  0.225812
59104  0.225812
59136  0.225812
59168  0.225812
59200  0.225812
59232  0.225812
59264  0.225812
59296  0.225812
59328  0.225812
59360  0.225812
59392  0.225812
59424  0.225812
59456  0.225812
59488  0.225812
59520  0.225812
59552  0.225812
59584  0.225812
59616  0.225812
59648  0.225812
59680  0.225812
59712  0.225812
59744  0.225812
59776  0.225812
59808  0.225812
59840  0.225812
59872  0.225812
59904  0.225812
59936  0.225812
59968  0.225812
60000  0.225812
60032  0.225812
60064  0.225812
60096  0.225812
60128  0.225812
60160  0.225812
60192  0.225812
60224  0.225812
60256  0.22577
60288  0.22577
60320  0.22577
60352  0.22577
60384  0.22577
60416  0.22577
60448  0.22577
60480  0.22577
60512  0.22577
60544  0.22577
60576  0.22577
60608  0.22577
60640  0.22577
60672  0.22577
60704  0.22577
60736  0.22577
60768  0.22577
60800  0.22577
60832  0.22577
60864  0.22577
60896  0.22577
60928  0.22577
60960  0.22577
60992  0.22577
61024  0.22577
61056  0.22577
61088  0.22577
61120  0.22577
61152  0.22577
61184  0.22577
61216  0.22577
61248  0.22577
61280  0.22577
61312  0.22577
61344  0.22577
61376  0.22577
61408  0.22577
61440  0.22577
61472  0.22577
61504  0.22577
61536  0.22577
61568  0.22577
61600  0.22577
61632  0.22577
61664  0.22577
61696  0.22577
61728  0.22577
61760  0.22577
61792  0.22577
61824  0.22577
61856  0.22577
61888  0.22577
61920  0.22577
61952  0.22577
61984  0.22577
62016  0.22577
62048  0.22577
62080  0.22577
62112  0.22577
62144  0.22577
62176  0.22577
62208  0.22577
62240  0.22577
62272  0.22577
62304  0.22577
62336  0.22577
62368  0.22577
62400  0.22577
62432  0.22577
62464  0.22577
62496  0.22577
62528  0.22577
62560  0.22577
62592  0.22577
62624  0.22577
62656  0.22577
62688  0.22577
62720  0.22577
62752  0.22577
62784  0.22577
62816  0.22577
62848  0.22577
62880  0.22577
62912  0.22577
62944  0.22577
62976  0.22577
63008  0.22577
63040  0.22577
63072  0.22577
63104  0.22577
63136  0.22577
63168  0.22577
63200  0.22577
63232  0.22577
63264  0.22577
63296  0.22577
63328  0.22577
63360  0.22577
63392  0.22577
63424  0.22577
63456  0.22577
63488  0.22577
63520  0.22577
63552  0.22577
63584  0.22577
63616  0.22577
63648  0.22577
63680  0.22577
63712  0.22577
63744  0.22577
63776  0.22577
63808  0.22577
63840  0.22577
63872  0.22577
63904  0.22577
63936  0.22577
63968  0.22577
64000  0.22577
64032  0.22577
64064  0.22577
64096  0.22577
64128  0.22577
64160  0.22577
64192  0.22577
64224  0.22577
64256  0.22577
64288  0.22577
64320  0.22577
64352  0.22577
64384  0.22577
64416  0.22577
64448  0.22577
64480  0.22577
64512  0.22577
64544  0.22577
64576  0.22577
64608  0.22577
64640  0.22577
64672  0.22577
64704  0.22577
64736  0.22577
64768  0.22577
64800  0.22577
64832  0.22577
64864  0.22577
64896  0.22577
64928  0.22577
64960  0.22577
64992  0.22577
65024  0.22577
65056  0.22577
65088  0.22577
65120  0.22577
65152  0.22577
65184  0.22577
65216  0.22577
65248  0.22577
65280  0.22577
65312  0.22577
65344  0.22577
65376  0.22577
65408  0.22577
65440  0.22577
65472  0.22577
65504  0.22577
65536  0.22577
65568  0.22577
65600  0.22577
65632  0.22577
65664  0.22577
65696  0.22577
65728  0.22577
65760  0.22577
65792  0.22577
65824  0.22577
65856  0.22577
65888  0.22577
65920  0.22577
65952  0.22577
65984  0.22577
66016  0.22577
66048  0.22577
66080  0.22577
66112  0.22577
66144  0.22577
66176  0.22577
66208  0.22577
66240  0.22577
66272  0.22577
66304  0.22577
66336  0.22577
66368  0.22577
66400  0.22577
66432  0.22577
66464  0.22577
66496  0.22577
66528  0.22577
66560  0.22577
66592  0.22577
66624  0.22577
66656  0.22577
66688  0.22577
66720  0.22577
66752  0.22577
66784  0.22577
66816  0.22577
66848  0.22577
66880  0.22577
66912  0.22577
66944  0.22577
66976  0.22577
67008  0.22577
67040  0.22577
67072  0.22577
67104  0.22577
67136  0.22577
67168  0.22577
67200  0.22577
67232  0.22577
67264  0.22577
67296  0.22577
67328  0.22577
67360  0.22577
67392  0.22577
67424  0.22577
67456  0.22577
67488  0.22577
67520  0.22577
67552  0.22577
67584  0.22577
67616  0.22577
67648  0.22577
67680  0.22577
67712  0.22577
67744  0.22577
67776  0.22577
67808  0.22577
67840  0.22577
67872  0.22577
67904  0.22577
67936  0.22577
67968  0.22577
68000  0.22577
68032  0.22577
68064  0.22577
68096  0.22577
68128  0.22577
68160  0.22577
68192  0.22577
68224  0.22577
68256  0.22577
68288  0.22577
68320  0.22577
68352  0.22577
68384  0.22577
68416  0.22577
68448  0.22577
68480  0.22577
68512  0.22577
68544  0.22577
68576  0.22577
68608  0.22577
68640  0.22577
68672  0.22577
68704  0.22577
68736  0.22577
68768  0.22577
68800  0.22577
68832  0.22577
68864  0.22577
68896  0.22577
68928  0.22577
68960  0.225766
68992  0.225766
69024  0.225766
69056  0.225766
69088  0.225766
69120  0.225766
69152  0.225766
69184  0.225766
69216  0.225766
69248  0.225766
69280  0.225766
69312  0.225766
69344  0.225766
69376  0.225766
69408  0.225766
69440  0.225766
69472  0.225766
69504  0.225766
69536  0.225766
69568  0.225766
69600  0.225766
69632  0.225766
69664  0.225766
69696  0.225766
69728  0.225766
69760  0.225766
69792  0.225766
69824  0.225766
69856  0.225766
69888  0.225766
69920  0.225766
69952  0.225766
69984  0.225766
70016  0.225766
70048  0.225766
70080  0.225766
70112  0.225766
70144  0.225766
70176  0.225766
70208  0.225766
70240  0.225766
70272  0.225766
70304  0.225766
70336  0.225766
70368  0.225766
70400  0.225766
70432  0.225766
70464  0.225766
70496  0.225766
70528  0.225766
70560  0.225766
70592  0.225766
70624  0.225766
70656  0.225766
70688  0.225766
70720  0.225766
70752  0.225766
70784  0.225766
70816  0.225766
70848  0.225766
70880  0.225766
70912  0.225766
70944  0.225766
70976  0.225766
71008  0.225766
71040  0.225766
71072  0.225766
71104  0.225766
71136  0.225766
71168  0.225766
71200  0.225766
71232  0.225766
71264  0.225766
71296  0.225766
71328  0.225766
71360  0.225766
71392  0.225766
71424  0.225766
71456  0.225766
71488  0.225766
71520  0.225766
71552  0.225766
71584  0.225766
71616  0.225766
71648  0.225766
71680  0.225766
71712  0.225766
71744  0.225766
71776  0.225766
71808  0.225766
71840  0.225766
71872  0.225766
71904  0.225766
71936  0.225766
71968  0.225766
72000  0.225766
72032  0.225766
72064  0.225766
72096  0.225766
72128  0.225766
72160  0.225766
72192  0.225766
72224  0.225766
72256  0.225766
72288  0.225766
72320  0.225766
72352  0.225766
72384  0.225766
72416  0.225766
72448  0.225766
72480  0.225766
72512  0.225766
72544  0.225766
72576  0.225766
72608  0.225766
72640  0.225766
72672  0.225766
72704  0.225766
72736  0.225766
72768  0.225766
72800  0.225766
72832  0.225766
72864  0.225766
72896  0.225766
72928  0.225766
72960  0.225766
72992  0.225766
73024  0.225766
73056  0.225766
73088  0.225766
73120  0.225766
73152  0.225766
73184  0.225766
73216  0.225766
73248  0.225766
73280  0.225766
73312  0.225766
73344  0.225766
73376  0.225766
73408  0.225766
73440  0.225766
73472  0.225766
73504  0.225766
73536  0.225766
73568  0.225766
73600  0.225766
73632  0.225766
73664  0.225766
73696  0.225766
73728  0.225766
73760  0.225766
73792  0.225766
73824  0.225766
73856  0.225766
73888  0.225766
73920  0.225766
73952  0.225766
73984  0.225766
74016  0.225766
74048  0.225766
74080  0.225745
74112  0.225745
74144  0.225745
74176  0.225745
74208  0.225745
74240  0.225745
74272  0.225745
74304  0.225745
74336  0.225745
74368  0.225745
74400  0.225745
74432  0.225745
74464  0.225745
74496  0.225745
74528  0.225745
74560  0.225745
74592  0.225745
74624  0.225745
74656  0.225745
74688  0.225745
74720  0.225745
74752  0.225745
74784  0.225745
74816  0.225745
74848  0.225745
74880  0.225745
74912  0.225745
74944  0.225745
74976  0.225745
75008  0.225745
75040  0.225745
75072  0.225745
75104  0.225745
75136  0.225745
75168  0.225745
75200  0.225745
75232  0.225745
75264  0.225745
75296  0.225745
75328  0.225745
75360  0.225745
75392  0.225745
75424  0.225745
75456  0.225745
75488  0.225745
75520  0.225745
75552  0.225745
75584  0.225745
75616  0.225745
75648  0.225745
75680  0.225745
75712  0.225745
75744  0.225745
75776  0.225745
75808  0.225745
75840  0.225745
75872  0.225745
75904  0.225745
75936  0.225745
75968  0.225745
76000  0.225745
76032  0.225745
76064  0.225745
76096  0.225745
76128  0.225745
76160  0.225671
76192  0.225671
76224  0.225671
76256  0.225671
76288  0.225671
76320  0.225671
76352  0.225671
76384  0.225671
76416  0.225671
76448  0.225671
76480  0.225671
76512  0.225671
76544  0.225671
76576  0.225671
76608  0.225671
76640  0.225671
76672  0.225671
76704  0.225671
76736  0.225671
76768  0.225671
76800  0.225671
76832  0.225671
76864  0.225671
76896  0.225671
76928  0.225671
76960  0.225671
76992  0.225671
77024  0.225671
77056  0.225713
77088  0.225713
77120  0.225713
77152  0.225713
77184  0.225713
77216  0.225713
77248  0.225713
77280  0.225713
77312  0.225713
77344  0.225713
77376  0.225713
77408  0.225713
77440  0.225713
77472  0.225713
77504  0.225713
77536  0.225713
77568  0.225713
77600  0.225713
77632  0.225713
77664  0.225713
77696  0.225713
77728  0.225713
77760  0.225713
77792  0.225713
77824  0.225713
77856  0.225713
77888  0.225713
77920  0.225713
77952  0.225713
77984  0.225713
78016  0.225713
78048  0.225713
78080  0.225713
78112  0.225713
78144  0.225713
78176  0.225713
78208  0.225713
78240  0.225713
78272  0.225713
78304  0.225713
78336  0.225713
78368  0.225713
78400  0.225713
78432  0.225713
78464  0.225713
78496  0.225713
78528  0.225713
78560  0.225713
78592  0.225713
78624  0.225713
78656  0.225713
78688  0.225713
78720  0.225713
78752  0.225713
78784  0.225713
78816  0.225713
78848  0.225713
78880  0.225713
78912  0.225713
78944  0.225713
78976  0.225713
79008  0.225713
79040  0.225713
79072  0.225713
79104  0.225713
79136  0.225713
79168  0.225713
79200  0.225713
79232  0.225713
79264  0.225713
79296  0.225713
79328  0.225713
79360  0.225713
79392  0.225713
79424  0.225713
79456  0.225713
79488  0.225713
79520  0.225713
79552  0.225713
79584  0.225713
79616  0.225713
79648  0.225713
79680  0.225713
79712  0.225713
79744  0.225713
79776  0.225713
79808  0.225713
79840  0.225713
79872  0.225713
79904  0.225713
79936  0.225713
79968  0.225713
80000  0.225713
80032  0.225713
80064  0.225713
80096  0.225713
80128  0.225713
80160  0.225713
80192  0.225713
80224  0.225713
80256  0.225713
80288  0.225713
80320  0.225713
80352  0.225713
80384  0.225713
80416  0.225713
80448  0.225713
80480  0.225713
80512  0.225713
80544  0.225713
80576  0.225713
80608  0.225713
80640  0.225713
80672  0.225713
80704  0.225713
80736  0.225713
80768  0.225713
80800  0.225713
80832  0.225713
80864  0.225713
80896  0.225713
80928  0.225713
80960  0.225713
80992  0.225713
81024  0.225713
81056  0.225713
81088  0.225713
81120  0.225713
81152  0.225713
81184  0.225713
81216  0.225713
81248  0.225713
81280  0.225713
81312  0.225713
81344  0.225713
81376  0.225713
81408  0.225713
81440  0.225713
81472  0.225713
81504  0.225713
81536  0.225713
81568  0.225713
81600  0.225713
81632  0.225713
81664  0.225713
81696  0.225713
81728  0.225713
81760  0.225713
81792  0.225713
81824  0.225713
81856  0.225713
81888  0.225713
81920  0.225713
81952  0.225713
81984  0.225713
82016  0.225713
82048  0.225713
82080  0.225713
82112  0.225713
82144  0.225713
82176  0.225713
82208  0.225713
82240  0.225713
82272  0.225713
82304  0.225713
82336  0.225713
82368  0.225713
82400  0.225713
82432  0.225713
82464  0.225713
82496  0.225713
82528  0.225713
82560  0.225713
82592  0.225713
82624  0.225713
82656  0.225713
82688  0.225713
82720  0.225713
82752  0.225713
82784  0.225713
82816  0.225713
82848  0.225713
82880  0.225713
82912  0.225713
82944  0.225713
82976  0.225713
83008  0.225713
83040  0.225713
83072  0.225713
83104  0.225713
83136  0.225713
83168  0.225713
83200  0.225713
83232  0.225713
83264  0.225713
83296  0.225713
83328  0.225713
83360  0.225713
83392  0.225713
83424  0.225713
83456  0.225713
83488  0.225713
83520  0.225713
83552  0.225713
83584  0.225713
83616  0.225713
83648  0.225713
83680  0.225713
83712  0.225713
83744  0.225713
83776  0.225713
83808  0.225713
83840  0.225713
83872  0.225713
83904  0.225713
83936  0.225713
83968  0.225713
84000  0.225713
84032  0.225713
84064  0.225713
84096  0.225713
84128  0.225713
84160  0.225713
84192  0.225713
84224  0.225713
84256  0.225713
84288  0.225713
84320  0.225713
84352  0.225713
84384  0.225713
84416  0.225713
84448  0.225713
84480  0.225713
84512  0.225713
84544  0.225713
84576  0.225713
84608  0.225713
84640  0.225713
84672  0.225713
84704  0.225713
84736  0.225713
84768  0.225713
84800  0.225713
84832  0.225713
84864  0.225713
84896  0.225713
84928  0.225713
84960  0.225713
84992  0.225713
85024  0.225713
85056  0.225713
85088  0.225713
85120  0.225713
85152  0.225713
85184  0.225713
85216  0.225713
85248  0.225668
85280  0.225668
85312  0.225668
85344  0.225668
85376  0.225668
85408  0.225668
85440  0.225668
85472  0.225668
85504  0.225668
85536  0.225668
85568  0.225668
85600  0.225668
85632  0.225668
85664  0.225668
85696  0.225668
85728  0.225668
85760  0.225668
85792  0.225668
85824  0.225668
85856  0.225668
85888  0.225668
85920  0.225668
85952  0.225668
85984  0.225668
86016  0.225668
86048  0.225668
86080  0.225668
86112  0.225668
86144  0.225668
86176  0.225668
86208  0.225668
86240  0.225668
86272  0.225668
86304  0.225668
86336  0.225668
86368  0.225668
86400  0.225668
86432  0.225668
86464  0.225668
86496  0.225668
86528  0.225668
86560  0.225668
86592  0.225668
86624  0.225668
86656  0.225668
86688  0.225668
86720  0.225668
86752  0.225668
86784  0.225668
86816  0.225668
86848  0.225668
86880  0.225668
86912  0.225668
86944  0.225668
86976  0.225668
87008  0.225668
87040  0.225668
87072  0.225668
87104  0.225668
87136  0.225668
87168  0.225668
87200  0.225668
87232  0.225668
87264  0.225668
87296  0.225668
87328  0.225668
87360  0.225668
87392  0.225668
87424  0.225668
87456  0.225668
87488  0.225668
87520  0.225668
87552  0.225668
87584  0.225668
87616  0.225668
87648  0.225668
87680  0.225668
87712  0.225668
87744  0.225668
87776  0.225668
87808  0.225668
87840  0.225668
87872  0.225668
87904  0.225668
87936  0.225668
87968  0.225668
88000  0.225668
88032  0.225668
88064  0.225668
88096  0.225668
88128  0.225668
88160  0.225668
88192  0.225668
88224  0.225668
88256  0.225668
88288  0.225668
88320  0.225668
88352  0.225668
88384  0.225668
88416  0.225668
88448  0.225668
88480  0.225638
88512  0.225638
88544  0.225638
88576  0.225638
88608  0.225638
88640  0.225638
88672  0.225638
88704  0.225638
88736  0.225638
88768  0.225638
88800  0.225638
88832  0.225638
88864  0.225638
88896  0.225638
88928  0.225638
88960  0.225638
88992  0.225638
89024  0.225638
89056  0.225638
89088  0.225638
89120  0.225638
89152  0.225638
89184  0.225638
89216  0.225638
89248  0.225638
89280  0.225638
89312  0.225638
89344  0.225638
89376  0.225638
89408  0.225638
89440  0.225638
89472  0.225638
89504  0.225638
89536  0.225638
89568  0.225638
89600  0.225638
89632  0.225638
89664  0.225638
89696  0.225638
89728  0.225638
89760  0.225638
89792  0.225638
89824  0.225638
89856  0.225638
89888  0.225638
89920  0.225638
89952  0.225638
89984  0.225638
90016  0.225638
90048  0.225638
90080  0.225638
90112  0.225638
90144  0.225638
90176  0.225638
90208  0.225638
90240  0.225638
90272  0.225638
90304  0.225638
90336  0.225638
90368  0.225638
90400  0.225638
90432  0.225638
90464  0.225638
90496  0.225638
90528  0.225638
90560  0.225638
90592  0.225638
90624  0.225638
90656  0.225638
90688  0.225638
90720  0.225638
90752  0.225638
90784  0.225638
90816  0.225638
90848  0.225638
90880  0.225638
90912  0.225638
90944  0.225638
90976  0.225638
91008  0.225638
91040  0.225638
91072  0.225638
91104  0.225638
91136  0.225638
91168  0.225638
91200  0.225638
91232  0.225638
91264  0.225638
91296  0.225638
91328  0.225638
91360  0.225638
91392  0.225638
91424  0.225638
91456  0.225638
91488  0.225638
91520  0.225638
91552  0.225638
91584  0.225638
91616  0.225638
91648  0.225638
91680  0.225638
91712  0.225638
91744  0.225638
91776  0.225638
91808  0.225638
91840  0.225638
91872  0.225638
91904  0.225638
91936  0.225638
91968  0.225638
92000  0.225638
92032  0.225638
92064  0.225638
92096  0.225638
92128  0.225638
92160  0.225638
92192  0.225638
92224  0.225638
92256  0.225638
92288  0.225638
92320  0.225638
92352  0.225638
92384  0.225638
92416  0.225638
92448  0.225638
92480  0.225638
92512  0.225638
92544  0.225638
92576  0.225638
92608  0.225638
92640  0.225638
92672  0.225638
92704  0.225638
92736  0.225638
92768  0.225638
92800  0.225638
92832  0.225638
92864  0.225638
92896  0.225638
92928  0.225638
92960  0.225638
92992  0.225638
93024  0.225638
93056  0.225638
93088  0.225638
93120  0.225638
93152  0.225638
93184  0.225638
93216  0.225638
93248  0.225638
93280  0.225638
93312  0.225638
93344  0.225638
93376  0.225638
93408  0.225638
93440  0.225638
93472  0.225638
93504  0.225638
93536  0.225638
93568  0.225638
93600  0.225638
93632  0.225638
93664  0.225638
93696  0.225638
93728  0.225638
93760  0.225638
93792  0.225638
93824  0.225638
93856  0.225638
93888  0.225638
93920  0.225638
93952  0.225638
93984  0.225638
94016  0.225638
94048  0.225638
94080  0.225638
94112  0.225638
94144  0.225638
94176  0.225638
94208  0.225638
94240  0.225638
94272  0.225638
94304  0.225638
94336  0.225638
94368  0.225638
94400  0.225638
94432  0.225638
94464  0.225638
94496  0.225638
94528  0.225638
94560  0.225638
94592  0.225638
94624  0.225638
94656  0.225638
94688  0.225638
94720  0.225638
94752  0.225638
94784  0.225638
94816  0.225638
94848  0.225638
94880  0.225638
94912  0.225638
94944  0.225638
94976  0.225638
95008  0.225638
95040  0.225638
95072  0.225638
95104  0.225638
95136  0.225638
95168  0.225638
95200  0.225638
95232  0.225638
95264  0.225638
95296  0.225638
95328  0.225638
95360  0.225638
95392  0.225638
95424  0.225638
95456  0.225638
95488  0.225638
95520  0.225638
95552  0.225638
95584  0.225638
95616  0.225638
95648  0.225638
95680  0.225638
95712  0.225638
95744  0.225638
95776  0.225638
95808  0.225638
95840  0.225638
95872  0.225638
95904  0.225638
95936  0.225638
95968  0.225638
96000  0.225638
96032  0.225638
