Step  Penalty
10  0.563476
20  0.515959
30  0.51009
40  0.505475
50  0.501937
60  0.499603
70  0.497685
80  0.495606
90  0.494385
100  0.489301
110  0.486527
120  0.486181
130  0.486047
140  0.484816
150  0.484816
160  0.484816
170  0.484473
180  0.484473
190  0.484473
200  0.483507
210  0.483507
220  0.483507
230  0.483507
240  0.481545
250  0.481257
260  0.478636
270  0.478636
280  0.477967
290  0.477967
300  0.475765
310  0.475765
320  0.473928
330  0.473928
340  0.471912
350  0.471912
360  0.471912
370  0.471912
380  0.471912
390  0.471912
400  0.471912
410  0.471912
420  0.471279
430  0.471279
440  0.471233
450  0.471233
460  0.471233
470  0.471233
480  0.471233
490  0.471233
500  0.471233
510  0.470944
520  0.470944
530  0.470888
540  0.470591
550  0.470591
560  0.470591
570  0.470415
580  0.470415
590  0.470415
600  0.470415
610  0.470415
620  0.470281
630  0.470281
640  0.470281
650  0.470281
660  0.469551
670  0.469551
680  0.469551
690  0.46948
700  0.46948
710  0.469284
720  0.469284
730  0.469284
740  0.468546
750  0.468546
760  0.468094
770  0.468094
780  0.466936
790  0.465847
800  0.465847
810  0.465847
820  0.465847
830  0.465847
840  0.463601
850  0.463601
860  0.463601
870  0.463601
880  0.463601
890  0.462644
900  0.462634
910  0.462634
920  0.462634
930  0.462634
940  0.462634
950  0.462634
960  0.462634
970  0.462634
980  0.46064
990  0.455579
1000  0.455579
1010  0.455579
1020  0.455579
1030  0.455579
1040  0.45544
1050  0.45544
1060  0.45544
1070  0.45544
1080  0.45544
1090  0.45544
1100  0.455029
1110  0.454633
1120  0.454633
1130  0.454633
1140  0.454633
1150  0.452615
1160  0.452615
1170  0.452615
1180  0.452615
1190  0.452615
1200  0.452074
1210  0.450671
1220  0.450671
1230  0.450267
1240  0.448922
1250  0.448922
1260  0.448922
1270  0.447831
1280  0.447831
1290  0.447565
1300  0.447565
1310  0.447565
1320  0.446059
1330  0.445551
1340  0.445551
1350  0.442796
1360  0.440817
1370  0.440817
1380  0.440615
1390  0.440615
1400  0.440615
1410  0.440615
1420  0.440534
1430  0.440534
1440  0.440534
1450  0.440534
1460  0.440534
1470  0.440534
1480  0.440534
1490  0.440534
1500  0.440534
1510  0.440534
1520  0.440534
1530  0.440534
1540  0.440534
1550  0.440534
1560  0.440534
1570  0.439382
1580  0.439382
1590  0.438554
1600  0.438554
1610  0.438554
1620  0.438554
1630  0.438554
1640  0.438554
1650  0.438554
1660  0.438554
1670  0.438554
1680  0.438554
1690  0.438554
1700  0.438554
1710  0.438554
1720  0.438554
1730  0.438554
1740  0.438554
1750  0.438554
1760  0.438554
1770  0.438554
1780  0.438554
1790  0.438554
1800  0.438409
1810  0.438409
1820  0.438409
1830  0.438409
1840  0.438409
1850  0.438409
1860  0.438409
1870  0.438409
1880  0.438409
1890  0.438409
1900  0.438409
1910  0.438409
1920  0.437878
1930  0.437878
1940  0.437878
1950  0.437878
1960  0.437878
1970  0.437878
1980  0.437878
1990  0.437878
2000  0.437878
2010  0.437878
2020  0.437878
2030  0.437878
2040  0.437878
2050  0.437878
2060  0.437709
2070  0.437709
2080  0.437709
2090  0.436176
2100  0.436176
2110  0.436176
2120  0.436176
2130  0.436176
2140  0.436176
2150  0.436176
2160  0.436176
2170  0.436176
2180  0.436176
2190  0.436176
2200  0.436176
2210  0.436176
2220  0.436176
2230  0.436176
2240  0.436176
2250  0.436176
2260  0.436176
2270  0.436176
2280  0.436176
2290  0.436176
2300  0.436064
2310  0.436064
2320  0.436064
2330  0.436064
2340  0.436064
2350  0.436064
2360  0.436064
2370  0.436064
2380  0.436064
2390  0.436064
2400  0.436064
2410  0.436064
2420  0.436064
2430  0.436064
2440  0.436064
2450  0.436064
2460  0.436064
2470  0.436064
2480  0.436064
2490  0.436064
2500  0.436064
2510  0.436064
2520  0.436064
2530  0.436064
2540  0.436064
2550  0.435673
2560  0.435673
2570  0.435188
2580  0.435188
2590  0.435188
2600  0.435188
2610  0.435188
2620  0.435188
2630  0.435188
2640  0.435188
2650  0.433274
2660  0.433274
2670  0.433274
2680  0.433169
2690  0.433169
2700  0.433169
2710  0.433169
2720  0.433169
2730  0.433169
2740  0.433169
2750  0.433169
2760  0.433169
2770  0.433169
2780  0.433169
2790  0.433169
2800  0.433169
2810  0.432961
2820  0.432961
2830  0.432961
2840  0.432961
2850  0.432961
2860  0.432961
2870  0.432874
2880  0.432874
2890  0.432874
2900  0.432874
2910  0.432874
2920  0.432874
2930  0.431351
2940  0.431351
2950  0.431351
2960  0.431351
2970  0.431351
2980  0.431351
2990  0.431351
3000  0.431351
3010  0.431351
3020  0.431351
3030  0.431351
3040  0.431351
3050  0.431351
3060  0.431351
3070  0.431351
3080  0.431351
3090  0.431351
3100  0.431351
3110  0.431351
3120  0.431351
3130  0.431351
3140  0.431351
3150  0.431351
3160  0.431351
3170  0.431351
3180  0.431351
3190  0.431351
3200  0.431351
3210  0.431351
3220  0.431351
3230  0.431351
3240  0.43051
3250  0.43051
3260  0.43051
3270  0.43051
3280  0.43051
3290  0.43051
3300  0.43051
3310  0.43051
3320  0.43051
3330  0.43051
3340  0.43051
3350  0.43051
3360  0.43051
3370  0.43051
3380  0.43051
3390  0.43051
3400  0.43051
3410  0.43051
3420  0.43051
3430  0.430509
3440  0.430509
3450  0.430509
3460  0.430509
3470  0.430509
3480  0.430509
3490  0.429884
3500  0.429884
3510  0.429884
3520  0.429884
3530  0.429884
3540  0.429884
3550  0.429884
3560  0.429884
3570  0.429296
3580  0.429296
3590  0.429031
3600  0.429031
3610  0.429031
3620  0.429031
3630  0.429031
3640  0.429031
3650  0.429031
3660  0.429031
3670  0.429031
3680  0.429031
3690  0.428433
3700  0.428433
3710  0.428433
3720  0.428433
3730  0.428433
3740  0.428433
3750  0.428433
3760  0.428433
3770  0.428433
3780  0.427364
3790  0.427364
3800  0.427364
3810  0.427364
3820  0.427364
3830  0.427364
3840  0.427364
3850  0.427364
3860  0.427364
3870  0.427364
3880  0.427364
3890  0.427364
3900  0.427364
3910  0.427364
3920  0.427364
3930  0.427364
3940  0.427364
3950  0.427364
3960  0.427364
3970  0.426439
3980  0.426439
3990  0.426439
4000  0.426439
4010  0.426439
4020  0.42624
4030  0.42624
4040  0.42624
4050  0.42624
4060  0.42624
4070  0.42624
4080  0.42624
4090  0.42624
4100  0.42624
4110  0.42624
4120  0.42624
4130  0.426198
4140  0.426198
4150  0.426198
4160  0.425656
4170  0.425656
4180  0.424916
4190  0.424916
4200  0.424916
4210  0.424916
4220  0.424916
4230  0.424916
4240  0.424916
4250  0.424916
4260  0.424916
4270  0.424916
4280  0.424916
4290  0.424916
4300  0.424916
4310  0.422245
4320  0.422245
4330  0.422245
4340  0.422245
4350  0.422245
4360  0.422245
4370  0.422245
4380  0.422245
4390  0.422245
4400  0.422245
4410  0.422245
4420  0.422245
4430  0.422245
4440  0.422245
4450  0.422245
4460  0.422245
4470  0.422245
4480  0.422245
4490  0.422245
4500  0.422245
4510  0.422245
4520  0.422245
4530  0.422245
4540  0.421366
4550  0.421366
4560  0.421366
4570  0.421366
4580  0.420624
4590  0.420624
4600  0.420624
4610  0.420624
4620  0.420624
4630  0.420624
4640  0.420624
4650  0.420624
4660  0.420624
4670  0.420624
4680  0.420624
4690  0.420624
4700  0.420624
4710  0.419997
4720  0.419997
4730  0.419997
4740  0.419997
4750  0.419997
4760  0.419997
4770  0.419997
4780  0.419997
4790  0.419997
4800  0.419997
4810  0.419997
4820  0.419997
4830  0.419997
4840  0.419997
4850  0.419997
4860  0.419997
4870  0.419997
4880  0.419997
4890  0.419997
4900  0.419997
4910  0.419997
4920  0.419997
4930  0.419997
4940  0.419997
4950  0.419997
4960  0.419997
4970  0.419997
4980  0.419997
4990  0.419997
5000  0.419997
5010  0.419997
5020  0.419997
5030  0.419997
5040  0.419997
5050  0.419997
5060  0.419997
5070  0.419997
5080  0.419997
5090  0.419997
5100  0.419997
5110  0.419997
5120  0.419997
5130  0.419997
5140  0.419997
5150  0.419997
5160  0.419997
5170  0.419997
5180  0.419997
5190  0.419997
5200  0.419997
5210  0.419997
5220  0.419997
5230  0.419997
5240  0.419997
5250  0.419997
5260  0.419997
5270  0.419997
5280  0.419951
5290  0.419951
5300  0.419951
5310  0.419951
5320  0.419951
5330  0.418937
5340  0.418937
5350  0.418937
5360  0.418937
5370  0.418937
5380  0.418937
5390  0.418937
5400  0.418937
5410  0.418937
5420  0.418928
5430  0.418928
5440  0.418928
5450  0.418928
5460  0.418928
5470  0.417373
5480  0.417373
5490  0.417373
5500  0.417373
5510  0.417373
5520  0.417373
5530  0.417373
5540  0.416142
5550  0.416142
5560  0.416142
5570  0.416142
5580  0.416142
5590  0.416142
5600  0.416142
5610  0.416142
5620  0.416142
5630  0.416142
5640  0.414442
5650  0.414442
5660  0.414442
5670  0.414442
5680  0.414442
5690  0.414442
5700  0.414442
5710  0.414442
5720  0.414442
5730  0.413691
5740  0.413691
5750  0.413691
5760  0.413691
5770  0.413691
5780  0.413691
5790  0.413691
5800  0.413691
5810  0.413691
5820  0.413691
5830  0.413691
5840  0.413691
5850  0.413691
5860  0.413691
5870  0.413691
5880  0.413691
5890  0.413691
5900  0.413691
5910  0.413691
5920  0.413691
5930  0.413691
5940  0.413691
5950  0.413691
5960  0.413691
5970  0.413691
5980  0.413691
5990  0.413691
6000  0.413691
6010  0.413691
6020  0.413691
6030  0.413691
6040  0.413691
6050  0.413691
6060  0.413691
6070  0.413691
6080  0.413691
6090  0.413691
6100  0.413691
6110  0.413691
6120  0.413691
6130  0.413691
6140  0.413691
6150  0.413691
6160  0.413691
6170  0.413691
6180  0.413691
6190  0.413691
6200  0.413691
6210  0.413691
6220  0.413691
6230  0.413691
6240  0.413691
6250  0.413691
6260  0.413691
6270  0.413691
6280  0.412672
6290  0.412672
6300  0.412672
6310  0.412672
6320  0.412672
6330  0.412278
6340  0.409936
6350  0.409936
6360  0.409936
6370  0.409936
6380  0.409936
6390  0.409936
6400  0.409936
6410  0.409663
6420  0.409663
6430  0.409663
6440  0.409663
6450  0.409663
6460  0.409663
6470  0.409663
6480  0.409663
6490  0.409663
6500  0.409663
6510  0.409663
6520  0.409663
6530  0.409663
6540  0.409663
6550  0.409663
6560  0.409663
6570  0.409663
6580  0.409663
6590  0.409663
6600  0.409663
6610  0.409663
6620  0.409663
6630  0.409663
6640  0.408132
6650  0.408132
6660  0.408132
6670  0.406763
6680  0.406763
6690  0.406763
6700  0.406763
6710  0.406763
6720  0.406763
6730  0.406763
6740  0.406763
6750  0.405779
6760  0.405779
6770  0.405779
6780  0.405779
6790  0.405779
6800  0.405779
6810  0.405779
6820  0.405779
6830  0.405779
6840  0.405779
6850  0.405779
6860  0.405498
6870  0.405498
6880  0.405498
6890  0.405498
6900  0.405498
6910  0.405498
6920  0.405498
6930  0.40444
6940  0.40444
6950  0.40444
6960  0.40444
6970  0.40444
6980  0.40444
6990  0.40444
7000  0.40444
7010  0.40444
7020  0.40444
7030  0.40444
7040  0.40444
7050  0.40444
7060  0.40444
7070  0.40444
7080  0.40444
7090  0.40444
7100  0.403744
7110  0.403744
7120  0.403744
7130  0.403744
7140  0.403744
7150  0.403744
7160  0.403744
7170  0.403744
7180  0.403744
7190  0.403744
7200  0.403744
7210  0.403744
7220  0.403744
7230  0.403744
7240  0.403744
7250  0.403744
7260  0.403744
7270  0.403744
7280  0.403744
7290  0.403744
7300  0.403744
7310  0.403744
7320  0.403744
7330  0.403744
7340  0.403744
7350  0.403744
7360  0.403744
7370  0.403744
7380  0.403744
7390  0.403744
7400  0.403744
7410  0.403744
7420  0.403744
7430  0.403744
7440  0.403744
7450  0.403744
7460  0.403744
7470  0.403744
7480  0.403744
7490  0.403744
7500  0.403744
7510  0.403744
7520  0.403744
7530  0.403744
7540  0.403744
7550  0.403744
7560  0.403744
7570  0.403744
7580  0.403478
7590  0.403478
7600  0.403478
7610  0.403478
7620  0.403478
7630  0.403478
7640  0.403478
7650  0.403478
7660  0.403478
7670  0.403478
7680  0.403478
7690  0.403478
7700  0.403478
7710  0.403478
7720  0.403478
7730  0.403478
7740  0.403478
7750  0.403478
7760  0.403478
7770  0.403478
7780  0.403478
7790  0.403478
7800  0.403478
7810  0.403478
7820  0.403478
7830  0.403478
7840  0.403478
7850  0.403478
7860  0.403478
7870  0.403478
7880  0.403478
7890  0.403478
7900  0.403478
7910  0.403478
7920  0.403478
7930  0.403478
7940  0.403478
7950  0.403478
7960  0.403478
7970  0.403478
7980  0.403478
7990  0.403478
8000  0.403478
8010  0.403478
8020  0.403478
8030  0.403478
8040  0.403478
8050  0.403478
8060  0.403478
8070  0.403478
8080  0.403478
8090  0.403478
8100  0.403478
8110  0.403478
8120  0.403478
8130  0.403478
8140  0.403478
8150  0.403478
8160  0.403478
8170  0.403478
8180  0.403478
8190  0.403478
8200  0.403478
8210  0.403478
8220  0.403478
8230  0.403478
8240  0.403478
8250  0.403478
8260  0.403478
8270  0.403478
8280  0.403478
8290  0.403478
8300  0.403478
8310  0.403478
8320  0.403478
8330  0.403478
8340  0.402514
8350  0.402514
8360  0.402514
8370  0.402514
8380  0.402514
8390  0.402514
8400  0.402514
8410  0.402514
8420  0.402514
8430  0.402514
8440  0.402514
8450  0.402514
8460  0.402514
8470  0.402514
8480  0.402514
8490  0.402514
8500  0.402514
8510  0.402514
8520  0.402514
8530  0.402514
8540  0.402514
8550  0.402514
8560  0.402514
8570  0.402514
8580  0.402514
8590  0.402514
8600  0.402514
8610  0.402514
8620  0.402514
8630  0.402514
8640  0.402514
8650  0.402514
8660  0.402514
8670  0.402514
8680  0.402514
8690  0.402514
8700  0.402514
8710  0.402405
8720  0.402405
8730  0.402405
8740  0.402405
8750  0.401553
8760  0.401553
8770  0.401553
8780  0.401553
8790  0.401553
8800  0.401553
8810  0.401553
8820  0.401553
8830  0.401553
8840  0.401553
8850  0.401553
8860  0.401553
8870  0.401553
8880  0.401553
8890  0.401553
8900  0.401553
8910  0.401553
8920  0.401169
8930  0.401169
8940  0.401169
8950  0.401169
8960  0.401169
8970  0.401169
8980  0.401169
8990  0.401169
9000  0.401169
9010  0.401169
9020  0.401169
9030  0.401169
9040  0.398466
9050  0.398466
9060  0.398466
9070  0.398466
9080  0.398466
9090  0.398466
9100  0.398466
9110  0.398466
9120  0.398466
9130  0.398466
9140  0.398466
9150  0.398466
9160  0.398466
9170  0.398466
9180  0.398466
9190  0.398466
9200  0.398466
9210  0.398466
9220  0.398466
9230  0.398466
9240  0.398466
9250  0.398466
9260  0.398466
9270  0.398466
9280  0.398466
9290  0.398466
9300  0.398466
9310  0.398466
9320  0.398466
9330  0.398466
9340  0.398466
9350  0.398466
9360  0.398466
9370  0.398466
9380  0.398466
9390  0.398466
9400  0.398466
9410  0.398466
9420  0.398466
9430  0.398466
9440  0.398466
9450  0.398466
9460  0.398466
9470  0.398466
9480  0.398466
9490  0.398466
9500  0.398466
9510  0.398466
9520  0.398466
9530  0.398466
9540  0.398466
9550  0.398466
9560  0.398466
9570  0.398466
9580  0.398466
9590  0.398466
9600  0.398466
9610  0.398466
9620  0.398466
9630  0.398466
9640  0.398466
9650  0.398466
9660  0.398466
9670  0.398466
9680  0.398466
9690  0.398466
9700  0.398466
9710  0.398466
9720  0.398466
9730  0.398466
9740  0.398466
9750  0.398466
9760  0.398466
9770  0.398466
9780  0.398466
9790  0.398466
9800  0.398466
9810  0.398466
9820  0.398466
9830  0.398466
9840  0.398466
9850  0.398466
9860  0.398466
9870  0.398466
9880  0.398466
9890  0.398466
9900  0.398466
9910  0.398466
9920  0.398466
9930  0.398466
9940  0.398466
9950  0.398466
9960  0.398466
9970  0.398466
9980  0.398466
9990  0.398466
10000  0.398466
10010  0.398466
10020  0.398466
10030  0.398466
10040  0.398466
10050  0.398466
10060  0.398466
10070  0.398466
10080  0.398466
10090  0.398466
10100  0.398466
10110  0.398466
10120  0.398466
10130  0.398466
10140  0.398466
10150  0.398466
10160  0.398466
10170  0.398466
10180  0.39801
10190  0.39801
10200  0.39801
10210  0.39801
10220  0.39801
10230  0.39801
10240  0.39801
10250  0.39801
10260  0.39801
10270  0.39801
10280  0.39801
10290  0.39801
10300  0.39801
10310  0.39801
10320  0.39801
10330  0.39801
10340  0.39801
10350  0.39801
10360  0.39801
10370  0.39801
10380  0.39801
10390  0.39801
10400  0.39801
10410  0.39801
10420  0.39801
10430  0.39801
10440  0.39801
10450  0.39801
10460  0.39801
10470  0.39801
10480  0.39801
10490  0.39801
10500  0.39801
10510  0.39801
10520  0.39801
10530  0.39801
10540  0.39801
10550  0.39801
10560  0.39801
10570  0.39801
10580  0.39801
10590  0.39801
10600  0.39801
10610  0.39801
10620  0.39801
10630  0.39801
10640  0.39801
10650  0.39801
10660  0.39801
10670  0.39801
10680  0.39801
10690  0.39801
10700  0.39801
10710  0.39801
10720  0.39801
10730  0.39801
10740  0.39801
10750  0.39801
10760  0.39801
10770  0.39801
10780  0.39801
10790  0.39801
10800  0.39801
10810  0.39801
10820  0.39801
10830  0.39801
10840  0.39801
10850  0.39801
10860  0.39801
10870  0.39801
10880  0.39801
10890  0.39801
10900  0.39801
10910  0.39801
10920  0.39801
10930  0.39801
10940  0.39801
10950  0.39801
10960  0.39801
10970  0.39801
10980  0.39801
10990  0.39801
11000  0.39801
11010  0.39801
11020  0.39801
11030  0.39801
11040  0.39801
11050  0.39801
11060  0.39801
11070  0.39801
11080  0.39801
11090  0.39801
11100  0.39801
11110  0.39801
11120  0.39801
11130  0.39801
11140  0.39801
11150  0.39801
11160  0.39801
11170  0.39801
11180  0.39801
11190  0.39801
11200  0.39801
11210  0.39801
11220  0.39801
11230  0.39801
11240  0.39801
11250  0.39801
11260  0.39801
11270  0.39801
11280  0.39801
11290  0.39801
11300  0.39801
11310  0.39801
11320  0.39801
11330  0.39801
11340  0.39801
11350  0.39801
11360  0.39801
11370  0.39801
11380  0.39801
11390  0.39801
11400  0.39801
11410  0.39801
11420  0.39801
11430  0.397414
11440  0.397414
11450  0.397414
11460  0.397414
11470  0.397414
11480  0.397414
11490  0.397414
11500  0.397414
11510  0.396349
11520  0.396349
11530  0.396349
11540  0.396349
11550  0.396349
11560  0.396349
11570  0.396349
11580  0.396349
11590  0.396349
11600  0.396349
11610  0.396267
11620  0.396267
11630  0.396267
11640  0.396267
11650  0.396267
11660  0.396267
11670  0.396267
11680  0.396267
11690  0.396267
11700  0.396267
11710  0.396267
11720  0.396267
11730  0.396267
11740  0.396267
11750  0.396267
11760  0.396267
11770  0.396267
11780  0.396267
11790  0.396267
11800  0.396267
11810  0.396267
11820  0.396267
11830  0.396267
11840  0.396267
11850  0.396267
11860  0.396267
11870  0.396267
11880  0.396267
11890  0.396267
11900  0.396267
11910  0.396267
11920  0.396267
11930  0.396267
11940  0.396267
11950  0.396267
11960  0.396267
11970  0.396267
11980  0.396267
11990  0.396267
12000  0.396267
12010  0.396267
12020  0.396267
12030  0.396267
12040  0.396267
12050  0.396267
12060  0.396267
12070  0.396267
12080  0.396267
12090  0.396267
12100  0.396267
12110  0.396267
12120  0.396267
12130  0.396267
12140  0.396267
12150  0.396267
12160  0.396267
12170  0.396146
12180  0.396146
12190  0.396146
12200  0.396146
12210  0.396146
12220  0.396146
12230  0.396146
12240  0.396146
12250  0.396001
12260  0.396001
12270  0.396001
12280  0.396001
12290  0.396001
12300  0.396001
12310  0.396001
12320  0.396001
12330  0.396001
12340  0.396001
12350  0.396001
12360  0.396001
12370  0.396001
12380  0.396001
12390  0.396001
12400  0.396001
12410  0.396001
12420  0.396001
12430  0.396001
12440  0.396001
12450  0.396001
12460  0.396001
12470  0.396001
12480  0.396001
12490  0.396001
12500  0.396001
12510  0.396001
12520  0.396001
12530  0.396001
12540  0.396001
12550  0.396001
12560  0.396001
12570  0.396001
12580  0.396001
12590  0.396001
12600  0.396001
12610  0.396001
12620  0.396001
12630  0.396001
12640  0.396001
12650  0.396001
12660  0.396001
12670  0.396001
12680  0.396001
12690  0.396001
12700  0.396001
12710  0.396001
12720  0.396001
12730  0.396001
12740  0.396001
12750  0.396001
12760  0.396001
12770  0.396001
12780  0.396001
12790  0.396001
12800  0.396001
12810  0.396001
12820  0.396001
12830  0.396001
12840  0.396001
12850  0.396001
12860  0.396001
12870  0.396001
12880  0.396001
12890  0.396001
12900  0.396001
12910  0.396001
12920  0.396001
12930  0.396001
12940  0.396001
12950  0.396001
12960  0.396001
12970  0.396001
12980  0.396001
12990  0.396001
13000  0.396001
13010  0.396001
13020  0.396001
13030  0.396001
13040  0.396001
13050  0.396001
13060  0.396001
13070  0.396001
13080  0.396001
13090  0.396001
13100  0.396001
13110  0.396001
13120  0.396001
13130  0.396001
13140  0.396001
13150  0.396001
13160  0.396001
13170  0.396001
13180  0.396001
13190  0.396001
13200  0.396001
13210  0.396001
13220  0.396001
13230  0.396001
13240  0.396001
13250  0.396001
13260  0.396001
13270  0.396001
13280  0.396001
13290  0.396001
13300  0.396001
13310  0.396001
13320  0.396001
13330  0.396001
13340  0.396001
13350  0.396001
13360  0.39583
13370  0.39583
13380  0.39583
13390  0.39583
13400  0.39583
13410  0.39583
13420  0.39583
13430  0.39583
13440  0.39583
13450  0.39583
13460  0.39583
13470  0.39583
13480  0.39583
13490  0.39583
13500  0.395727
13510  0.395727
13520  0.395727
13530  0.395727
13540  0.395727
13550  0.395727
13560  0.395727
13570  0.395727
13580  0.395727
13590  0.395727
13600  0.395727
13610  0.395727
13620  0.395727
13630  0.395727
13640  0.395727
13650  0.395727
13660  0.395727
13670  0.395727
13680  0.395727
13690  0.395727
13700  0.395727
13710  0.395727
13720  0.395727
13730  0.395727
13740  0.395727
13750  0.395727
13760  0.395727
13770  0.395727
13780  0.395727
13790  0.395727
13800  0.395727
13810  0.395727
13820  0.395727
13830  0.395727
13840  0.395727
13850  0.395727
13860  0.395727
13870  0.395727
13880  0.395727
13890  0.395727
13900  0.395727
13910  0.395727
13920  0.395727
13930  0.395727
13940  0.395727
13950  0.395727
13960  0.395727
13970  0.395727
13980  0.395727
13990  0.395727
14000  0.395387
14010  0.395387
14020  0.395387
14030  0.395387
14040  0.395387
14050  0.395387
14060  0.395387
14070  0.395387
14080  0.395387
14090  0.395387
14100  0.395387
14110  0.395387
14120  0.395387
14130  0.395387
14140  0.395387
14150  0.395387
14160  0.395387
14170  0.395387
14180  0.395387
14190  0.394312
14200  0.394312
14210  0.394312
14220  0.394312
14230  0.394312
14240  0.394312
14250  0.394312
14260  0.394312
14270  0.394312
14280  0.394312
14290  0.394312
14300  0.394312
14310  0.394312
14320  0.394312
14330  0.394312
14340  0.394312
14350  0.394312
14360  0.394312
14370  0.394312
14380  0.394312
14390  0.394312
14400  0.394312
14410  0.394312
14420  0.394312
14430  0.394312
14440  0.394312
14450  0.394312
14460  0.394312
14470  0.394312
14480  0.394312
14490  0.394312
14500  0.394312
14510  0.394312
14520  0.394312
14530  0.394312
14540  0.394312
14550  0.394312
14560  0.394312
14570  0.394312
14580  0.394312
14590  0.394312
14600  0.394312
14610  0.394312
14620  0.394312
14630  0.394312
14640  0.394312
14650  0.394312
14660  0.394312
14670  0.394312
14680  0.394312
14690  0.394312
14700  0.394312
14710  0.394312
14720  0.394312
14730  0.394312
14740  0.394312
14750  0.394312
14760  0.394312
14770  0.394312
14780  0.394312
14790  0.394312
14800  0.394312
14810  0.394312
14820  0.394312
14830  0.394312
14840  0.394312
14850  0.394312
14860  0.394312
14870  0.394312
14880  0.394312
14890  0.394312
14900  0.394312
14910  0.394312
14920  0.394312
14930  0.394312
14940  0.394312
14950  0.394312
14960  0.394312
14970  0.394312
14980  0.394312
14990  0.394312
15000  0.394312
15010  0.394312
15020  0.394312
15030  0.394312
15040  0.394312
15050  0.394312
15060  0.394312
15070  0.394312
15080  0.394312
15090  0.394312
15100  0.394312
15110  0.394312
15120  0.394312
15130  0.394312
15140  0.394312
15150  0.394312
15160  0.394312
15170  0.394312
15180  0.394312
15190  0.394312
15200  0.394312
15210  0.394312
15220  0.394312
15230  0.394312
15240  0.394312
15250  0.394312
15260  0.394312
15270  0.394312
15280  0.394312
15290  0.394312
15300  0.394312
15310  0.394312
15320  0.394312
15330  0.394312
15340  0.394312
15350  0.394312
15360  0.394312
15370  0.394312
15380  0.394312
15390  0.394312
15400  0.394312
15410  0.394312
15420  0.394312
15430  0.394312
15440  0.394312
15450  0.394312
15460  0.394312
15470  0.394312
15480  0.394312
15490  0.394312
15500  0.394312
15510  0.394312
15520  0.394312
15530  0.394312
15540  0.394312
15550  0.394312
15560  0.394312
15570  0.394312
15580  0.394312
15590  0.394312
15600  0.394312
15610  0.394312
15620  0.394312
15630  0.394312
15640  0.394312
15650  0.394312
15660  0.394312
15670  0.394312
15680  0.394312
15690  0.394312
15700  0.394312
15710  0.394312
15720  0.394312
15730  0.394312
15740  0.394312
15750  0.394312
15760  0.394312
15770  0.394312
15780  0.394312
15790  0.394312
15800  0.394312
15810  0.394312
15820  0.394312
15830  0.394312
15840  0.394312
15850  0.394312
15860  0.394312
15870  0.394312
15880  0.394312
15890  0.394312
15900  0.394312
15910  0.394312
15920  0.394312
15930  0.394312
15940  0.394312
15950  0.394312
15960  0.394312
15970  0.394312
15980  0.394312
15990  0.394312
16000  0.394312
16010  0.394312
16020  0.394312
16030  0.394312
16040  0.394312
16050  0.394312
16060  0.394312
16070  0.394312
16080  0.394312
16090  0.394312
16100  0.394312
16110  0.394312
16120  0.394312
16130  0.394312
16140  0.394312
16150  0.394312
16160  0.394312
16170  0.394312
16180  0.394312
16190  0.394312
16200  0.394312
16210  0.394312
16220  0.394312
16230  0.394312
16240  0.394312
16250  0.394312
16260  0.394312
16270  0.394312
16280  0.394312
16290  0.394312
16300  0.394312
16310  0.394312
16320  0.394312
16330  0.394312
16340  0.394312
16350  0.394312
16360  0.394312
16370  0.394312
16380  0.394312
16390  0.394312
16400  0.394312
16410  0.393468
16420  0.393468
16430  0.393468
16440  0.393468
16450  0.393468
16460  0.393468
16470  0.393468
16480  0.393468
16490  0.393468
16500  0.393468
16510  0.393468
16520  0.393468
16530  0.393468
16540  0.393468
16550  0.393468
16560  0.393468
16570  0.393468
16580  0.393468
16590  0.393468
16600  0.393468
16610  0.393468
16620  0.393468
16630  0.393468
16640  0.393468
16650  0.393468
16660  0.393468
16670  0.393468
16680  0.393468
16690  0.393468
16700  0.393468
16710  0.393468
16720  0.393468
16730  0.393468
16740  0.393468
16750  0.393468
16760  0.393468
16770  0.393468
16780  0.393468
16790  0.393468
16800  0.393468
16810  0.393468
16820  0.393468
16830  0.393468
16840  0.393468
16850  0.393468
16860  0.393468
16870  0.393468
16880  0.393468
16890  0.393468
16900  0.393468
16910  0.393468
16920  0.393468
16930  0.393468
16940  0.393468
16950  0.393468
16960  0.393468
16970  0.393468
16980  0.393468
16990  0.393468
17000  0.393468
17010  0.393468
17020  0.393468
17030  0.393468
17040  0.393468
17050  0.393468
17060  0.393468
17070  0.393468
17080  0.393468
17090  0.393468
17100  0.393468
17110  0.393468
17120  0.393468
17130  0.393468
17140  0.393468
17150  0.393468
17160  0.393468
17170  0.393468
17180  0.393468
17190  0.393468
17200  0.393468
17210  0.393468
17220  0.393468
17230  0.393468
17240  0.393468
17250  0.393468
17260  0.393468
17270  0.393468
17280  0.393468
17290  0.393468
17300  0.393468
17310  0.393468
17320  0.393468
17330  0.393468
17340  0.393468
17350  0.393468
17360  0.393468
17370  0.393468
17380  0.393468
17390  0.393468
17400  0.393468
17410  0.393468
17420  0.393468
17430  0.393468
17440  0.393468
17450  0.393468
17460  0.393468
17470  0.393468
17480  0.393468
17490  0.393468
17500  0.393468
17510  0.393468
17520  0.393468
17530  0.393468
17540  0.393468
17550  0.393468
17560  0.393468
17570  0.393468
17580  0.393468
17590  0.393468
17600  0.393468
17610  0.393468
17620  0.393468
17630  0.393468
17640  0.393468
17650  0.393468
17660  0.393468
17670  0.393468
17680  0.393468
17690  0.393468
17700  0.393468
17710  0.393468
17720  0.393468
17730  0.393468
17740  0.393468
17750  0.393468
17760  0.393468
17770  0.393468
17780  0.393468
17790  0.393468
17800  0.393468
17810  0.393468
17820  0.393468
17830  0.393468
17840  0.393468
17850  0.393468
17860  0.393468
17870  0.393468
17880  0.393468
17890  0.393468
17900  0.393468
17910  0.393468
17920  0.393468
17930  0.393468
17940  0.393468
17950  0.393468
17960  0.393468
17970  0.393468
17980  0.393468
17990  0.393468
18000  0.393468
18010  0.393468
18020  0.393468
18030  0.393468
18040  0.393468
18050  0.393468
18060  0.393468
18070  0.393468
18080  0.393468
18090  0.393468
18100  0.393468
18110  0.393468
18120  0.393468
18130  0.393468
18140  0.393468
18150  0.393468
18160  0.393468
18170  0.393468
18180  0.393468
18190  0.393468
18200  0.393468
18210  0.393468
18220  0.393468
18230  0.393468
18240  0.393468
18250  0.393468
18260  0.393468
18270  0.393468
18280  0.393468
18290  0.393468
18300  0.393468
18310  0.393468
18320  0.393468
18330  0.393468
18340  0.393468
18350  0.393468
18360  0.393468
18370  0.393468
18380  0.393468
18390  0.393468
18400  0.393468
18410  0.393468
18420  0.393468
18430  0.393468
18440  0.393468
18450  0.393468
18460  0.393468
18470  0.393468
18480  0.393468
18490  0.393468
18500  0.393468
18510  0.393468
18520  0.393468
18530  0.393468
18540  0.393468
18550  0.393468
18560  0.393468
18570  0.393468
18580  0.393468
18590  0.393468
18600  0.393468
18610  0.393468
18620  0.393468
18630  0.393468
18640  0.393468
18650  0.393468
18660  0.393468
18670  0.393468
18680  0.393468
18690  0.393468
18700  0.393468
18710  0.393468
18720  0.393468
18730  0.393468
18740  0.393468
18750  0.393468
18760  0.393468
18770  0.393468
18780  0.393468
18790  0.393468
18800  0.393468
18810  0.393468
18820  0.393468
18830  0.393468
18840  0.393468
18850  0.393468
18860  0.393468
18870  0.393468
18880  0.393468
18890  0.393468
18900  0.393468
18910  0.393468
18920  0.393468
18930  0.393468
18940  0.393468
18950  0.393468
18960  0.393468
18970  0.393468
18980  0.393468
18990  0.393468
19000  0.393468
19010  0.393468
19020  0.393468
19030  0.393468
19040  0.393468
19050  0.393468
19060  0.393468
19070  0.393468
19080  0.393468
19090  0.393468
19100  0.393468
19110  0.393468
19120  0.393468
19130  0.393468
19140  0.393468
19150  0.393468
19160  0.393468
19170  0.393468
19180  0.393468
19190  0.393468
19200  0.393468
19210  0.393468
19220  0.393468
19230  0.393468
19240  0.393468
19250  0.393468
19260  0.393468
19270  0.393468
19280  0.393468
19290  0.393468
19300  0.393468
19310  0.393468
19320  0.393468
19330  0.393468
19340  0.393468
19350  0.393468
19360  0.393468
19370  0.393468
19380  0.393468
19390  0.393468
19400  0.393468
19410  0.393468
19420  0.393468
19430  0.393468
19440  0.393468
19450  0.393468
19460  0.393468
19470  0.393468
19480  0.393468
19490  0.393468
19500  0.393468
19510  0.393468
19520  0.393468
19530  0.393468
19540  0.393468
19550  0.393468
19560  0.393468
19570  0.393468
19580  0.393468
19590  0.393468
19600  0.393468
19610  0.393468
19620  0.393468
19630  0.393468
19640  0.393468
19650  0.393468
19660  0.393468
19670  0.393468
19680  0.393468
19690  0.393468
19700  0.393468
19710  0.393468
19720  0.393468
19730  0.393468
19740  0.393468
19750  0.393468
19760  0.393468
19770  0.393468
19780  0.393468
19790  0.393468
19800  0.393468
19810  0.393468
19820  0.393468
19830  0.393468
19840  0.393468
19850  0.393468
19860  0.393468
19870  0.393468
19880  0.393468
19890  0.393468
19900  0.393468
19910  0.393468
19920  0.393468
19930  0.393468
19940  0.393468
19950  0.393468
19960  0.393468
19970  0.393468
19980  0.393468
19990  0.393468
20000  0.393468
20010  0.393468
20020  0.393468
20030  0.393468
20040  0.393468
20050  0.393468
20060  0.393468
20070  0.393468
20080  0.393468
20090  0.393468
20100  0.393468
20110  0.393468
20120  0.393468
20130  0.393468
20140  0.393468
20150  0.393468
20160  0.393468
20170  0.393468
20180  0.393468
20190  0.393468
20200  0.393468
20210  0.393468
20220  0.393468
20230  0.393468
20240  0.393468
20250  0.393468
20260  0.393468
20270  0.393468
20280  0.393468
20290  0.393468
20300  0.393468
20310  0.393468
20320  0.393468
20330  0.393468
20340  0.393468
20350  0.393468
20360  0.393468
20370  0.393468
20380  0.393468
20390  0.393468
20400  0.393468
20410  0.393468
20420  0.393468
20430  0.393468
20440  0.393468
20450  0.393468
20460  0.393468
20470  0.393468
20480  0.393468
20490  0.393468
20500  0.393468
20510  0.393468
20520  0.393468
20530  0.393468
20540  0.393468
20550  0.393468
20560  0.393468
20570  0.393468
20580  0.393468
20590  0.393468
20600  0.393468
20610  0.393468
20620  0.393468
20630  0.393468
20640  0.393468
20650  0.393468
20660  0.393468
20670  0.393468
20680  0.393468
20690  0.393468
20700  0.393468
20710  0.393468
20720  0.393468
20730  0.393468
20740  0.393468
20750  0.393468
20760  0.393468
20770  0.393468
20780  0.393468
20790  0.393468
20800  0.393468
20810  0.393468
20820  0.393468
20830  0.393468
20840  0.393468
20850  0.393468
20860  0.393468
20870  0.393468
20880  0.393468
20890  0.393468
20900  0.393468
20910  0.393468
20920  0.393468
20930  0.393468
20940  0.393468
20950  0.393468
20960  0.393468
20970  0.393468
20980  0.393468
20990  0.393468
21000  0.393468
21010  0.393468
21020  0.393468
21030  0.393468
21040  0.393468
21050  0.393468
21060  0.393468
21070  0.393468
21080  0.393468
21090  0.393468
21100  0.393468
21110  0.393468
21120  0.393468
21130  0.393468
21140  0.393468
21150  0.393468
21160  0.393468
21170  0.393468
21180  0.393468
21190  0.393468
21200  0.393468
21210  0.393468
21220  0.393468
21230  0.393468
21240  0.393468
21250  0.393468
21260  0.393468
21270  0.393468
21280  0.393468
21290  0.393468
21300  0.393468
21310  0.393468
21320  0.393468
21330  0.392939
21340  0.392939
21350  0.392939
21360  0.392939
21370  0.392939
21380  0.392939
21390  0.392939
21400  0.392939
21410  0.392939
21420  0.39273
21430  0.39273
21440  0.39273
21450  0.39273
21460  0.39273
21470  0.39273
21480  0.39273
21490  0.39273
21500  0.39273
21510  0.39273
21520  0.39273
21530  0.39273
21540  0.39273
21550  0.39273
21560  0.39273
21570  0.39273
21580  0.39273
21590  0.39273
21600  0.39273
21610  0.39273
21620  0.39273
21630  0.39273
21640  0.39273
21650  0.39273
21660  0.39273
21670  0.39273
21680  0.39273
21690  0.39273
21700  0.39273
21710  0.391375
21720  0.391375
21730  0.391375
21740  0.391375
21750  0.391375
21760  0.391375
21770  0.391375
21780  0.391375
21790  0.391375
21800  0.391375
21810  0.391375
21820  0.391375
21830  0.391375
21840  0.391375
21850  0.391375
21860  0.391375
21870  0.391375
21880  0.391375
21890  0.391375
21900  0.391375
21910  0.391375
21920  0.391375
21930  0.391375
21940  0.391375
21950  0.391375
21960  0.391375
21970  0.391375
21980  0.391375
21990  0.391375
22000  0.391375
22010  0.391375
22020  0.391375
22030  0.391375
22040  0.391375
22050  0.391375
22060  0.391375
22070  0.391375
22080  0.391375
22090  0.391375
22100  0.391375
22110  0.391375
22120  0.391375
22130  0.391375
22140  0.391105
22150  0.391105
22160  0.391105
22170  0.391105
22180  0.391105
22190  0.391105
22200  0.391105
22210  0.391105
22220  0.391105
22230  0.391105
22240  0.391105
22250  0.391105
22260  0.391105
22270  0.391105
22280  0.391105
22290  0.391105
22300  0.391105
22310  0.391105
22320  0.391105
22330  0.391105
22340  0.391105
22350  0.391105
22360  0.391105
22370  0.391105
22380  0.391105
22390  0.391105
22400  0.391105
22410  0.391105
22420  0.391105
22430  0.391105
22440  0.391105
22450  0.391105
22460  0.391105
22470  0.391105
22480  0.391105
22490  0.391105
22500  0.391105
22510  0.391105
22520  0.391105
22530  0.391105
22540  0.391105
22550  0.391105
22560  0.391105
22570  0.391105
22580  0.391105
22590  0.391105
22600  0.391105
22610  0.391105
22620  0.391105
22630  0.391105
22640  0.391105
22650  0.391105
22660  0.391105
22670  0.391105
22680  0.391105
22690  0.391105
22700  0.391105
22710  0.391105
22720  0.391105
22730  0.391105
22740  0.391105
22750  0.391105
22760  0.391105
22770  0.391105
22780  0.391105
22790  0.391105
22800  0.391105
22810  0.391105
22820  0.391105
22830  0.391105
22840  0.391105
22850  0.391105
22860  0.391105
22870  0.391105
22880  0.391105
22890  0.391105
22900  0.391105
22910  0.391105
22920  0.391105
22930  0.391105
22940  0.391105
22950  0.391105
22960  0.391105
22970  0.391105
22980  0.391105
22990  0.391105
23000  0.391105
23010  0.391105
23020  0.391105
23030  0.391105
23040  0.391105
23050  0.391105
23060  0.391105
23070  0.391105
23080  0.391105
23090  0.391105
23100  0.391105
23110  0.391105
23120  0.391105
23130  0.391105
23140  0.391105
23150  0.391105
23160  0.391105
23170  0.391105
23180  0.391105
23190  0.391105
23200  0.391105
23210  0.391105
23220  0.391105
23230  0.391105
23240  0.391105
23250  0.391105
23260  0.391105
23270  0.391105
23280  0.391105
23290  0.391105
23300  0.391105
23310  0.391105
23320  0.391105
23330  0.391105
23340  0.391105
23350  0.391105
23360  0.391105
23370  0.391105
23380  0.391105
23390  0.391105
23400  0.391105
23410  0.391105
23420  0.391105
23430  0.391105
23440  0.391105
23450  0.391105
23460  0.391105
23470  0.391105
23480  0.391105
23490  0.391105
23500  0.391105
23510  0.391105
23520  0.391105
23530  0.391105
23540  0.391105
23550  0.391105
23560  0.391105
23570  0.391105
23580  0.391105
23590  0.391105
23600  0.391105
23610  0.391105
23620  0.391105
23630  0.391105
23640  0.391105
23650  0.391105
23660  0.391105
23670  0.391105
23680  0.391105
23690  0.391105
23700  0.391105
23710  0.391105
23720  0.391105
23730  0.391105
23740  0.391105
23750  0.391105
23760  0.391105
23770  0.391105
23780  0.391105
23790  0.391105
23800  0.391105
23810  0.391105
23820  0.391105
23830  0.391105
23840  0.391105
23850  0.391105
23860  0.391105
23870  0.391105
23880  0.391105
23890  0.391105
23900  0.391105
23910  0.391105
23920  0.391105
23930  0.391105
23940  0.391105
23950  0.391105
23960  0.391105
23970  0.391105
23980  0.391105
23990  0.391105
24000  0.391105
24010  0.391105
24020  0.391105
24030  0.391105
24040  0.391105
24050  0.391105
24060  0.391105
24070  0.391105
24080  0.391105
24090  0.391105
24100  0.391105
24110  0.391105
24120  0.391105
24130  0.391105
24140  0.391105
24150  0.391105
24160  0.391105
24170  0.391105
24180  0.391105
24190  0.391105
24200  0.391105
24210  0.391105
24220  0.391105
24230  0.391105
24240  0.391105
24250  0.391105
24260  0.391105
24270  0.391105
24280  0.391105
24290  0.391105
24300  0.391105
24310  0.391105
24320  0.391105
24330  0.391105
24340  0.391105
24350  0.391105
24360  0.391105
24370  0.391105
24380  0.391105
24390  0.391105
24400  0.391105
24410  0.391105
24420  0.391105
24430  0.391105
24440  0.391105
24450  0.391105
24460  0.391105
24470  0.391105
24480  0.391105
24490  0.391105
24500  0.391105
24510  0.391105
24520  0.391105
24530  0.391105
24540  0.391105
24550  0.391105
24560  0.391105
24570  0.391105
24580  0.391105
24590  0.391105
24600  0.391105
24610  0.391105
24620  0.391105
24630  0.391105
24640  0.391105
24650  0.391105
24660  0.391105
24670  0.391105
24680  0.391105
24690  0.391105
24700  0.391105
24710  0.391105
24720  0.391105
24730  0.391105
24740  0.391105
24750  0.391105
24760  0.391105
24770  0.391105
24780  0.391105
24790  0.391105
24800  0.391105
24810  0.391105
24820  0.391105
24830  0.391105
24840  0.391105
24850  0.391105
24860  0.391105
24870  0.391105
24880  0.391105
24890  0.391105
24900  0.391105
24910  0.391105
24920  0.391105
24930  0.391105
24940  0.391105
24950  0.391105
24960  0.391105
24970  0.391105
24980  0.391105
24990  0.391105
25000  0.391105
25010  0.391105
25020  0.391105
25030  0.391105
25040  0.391105
25050  0.391105
25060  0.391105
25070  0.391105
25080  0.391105
25090  0.391105
25100  0.391105
25110  0.391105
25120  0.391105
25130  0.391105
25140  0.391105
25150  0.391105
25160  0.391105
25170  0.391105
25180  0.391105
25190  0.391105
25200  0.391105
25210  0.391105
25220  0.391105
25230  0.391105
25240  0.391105
25250  0.391105
25260  0.391105
25270  0.391105
25280  0.391105
25290  0.391105
25300  0.391105
25310  0.391105
25320  0.391105
25330  0.391105
25340  0.391105
25350  0.391105
25360  0.391105
25370  0.391105
25380  0.391105
25390  0.391105
25400  0.391105
25410  0.391105
25420  0.391105
25430  0.391105
25440  0.391105
25450  0.391105
25460  0.391105
25470  0.391105
25480  0.391105
25490  0.391105
25500  0.391105
25510  0.391105
25520  0.391105
25530  0.391105
25540  0.391105
25550  0.391105
25560  0.391105
25570  0.391105
25580  0.391105
25590  0.391105
25600  0.391105
25610  0.391105
25620  0.391105
25630  0.391105
25640  0.391105
25650  0.391105
25660  0.390948
25670  0.390948
25680  0.390948
25690  0.390948
25700  0.390948
25710  0.390948
25720  0.390948
25730  0.390948
25740  0.390948
25750  0.390948
25760  0.390948
25770  0.390948
25780  0.390948
25790  0.390948
25800  0.390948
25810  0.390948
25820  0.390948
25830  0.390948
25840  0.390948
25850  0.390948
25860  0.390948
25870  0.390948
25880  0.390948
25890  0.390948
25900  0.390948
25910  0.390948
25920  0.390948
25930  0.390948
25940  0.390948
25950  0.390948
25960  0.390948
25970  0.390948
25980  0.390948
25990  0.390948
26000  0.390948
26010  0.390948
26020  0.390948
26030  0.390948
26040  0.390948
26050  0.390948
26060  0.390948
26070  0.390948
26080  0.390948
26090  0.390948
26100  0.390948
26110  0.390948
26120  0.390948
26130  0.390948
26140  0.390948
26150  0.390948
26160  0.390948
26170  0.390948
26180  0.390948
26190  0.390948
26200  0.390948
26210  0.390948
26220  0.390948
26230  0.390948
26240  0.390948
26250  0.390948
26260  0.390948
26270  0.390948
26280  0.390948
26290  0.390948
26300  0.390948
26310  0.390948
26320  0.390948
26330  0.390948
26340  0.390948
26350  0.390948
26360  0.390948
26370  0.390948
26380  0.390948
26390  0.390948
26400  0.390948
26410  0.390948
26420  0.390948
26430  0.390948
26440  0.390948
26450  0.390948
26460  0.390948
26470  0.390948
26480  0.390948
26490  0.390948
26500  0.390948
26510  0.390948
26520  0.390948
26530  0.390948
26540  0.390948
26550  0.390948
26560  0.390948
26570  0.390948
26580  0.390948
26590  0.390948
26600  0.390948
26610  0.390948
26620  0.390948
26630  0.390948
26640  0.390948
26650  0.390948
26660  0.390948
26670  0.390948
26680  0.390948
26690  0.390948
26700  0.390948
26710  0.390948
26720  0.390948
26730  0.390948
26740  0.390948
26750  0.390948
26760  0.390948
26770  0.390948
26780  0.390948
26790  0.390948
26800  0.390948
26810  0.390948
26820  0.390948
26830  0.390948
26840  0.390948
26850  0.390948
26860  0.390948
26870  0.390948
26880  0.390948
26890  0.390948
26900  0.390948
26910  0.390948
26920  0.390948
26930  0.390948
26940  0.390948
26950  0.390948
26960  0.390948
26970  0.390948
26980  0.390948
26990  0.390948
27000  0.390948
27010  0.390948
27020  0.390948
27030  0.390948
27040  0.390948
27050  0.390948
27060  0.390948
27070  0.390948
27080  0.390948
27090  0.390948
27100  0.390948
27110  0.390948
27120  0.390948
27130  0.390948
27140  0.390948
27150  0.390948
27160  0.390948
27170  0.390948
27180  0.390948
27190  0.390948
27200  0.390948
27210  0.390948
27220  0.390948
27230  0.390948
27240  0.390948
27250  0.390948
27260  0.390948
27270  0.390948
27280  0.390948
27290  0.390718
27300  0.390718
27310  0.390718
27320  0.390718
27330  0.390718
27340  0.390718
27350  0.390718
27360  0.390718
27370  0.390718
27380  0.390718
27390  0.390718
27400  0.390718
27410  0.390718
27420  0.390718
27430  0.390718
27440  0.390718
27450  0.390718
27460  0.390718
27470  0.390718
27480  0.390718
27490  0.390718
27500  0.390718
27510  0.390718
27520  0.390718
27530  0.390718
27540  0.390718
27550  0.390718
27560  0.390718
27570  0.390718
27580  0.390718
27590  0.390718
27600  0.390718
27610  0.390718
27620  0.390718
27630  0.390718
27640  0.390718
27650  0.390718
27660  0.390718
27670  0.390718
27680  0.390718
27690  0.390718
27700  0.390718
27710  0.390718
27720  0.390718
27730  0.390718
27740  0.390718
27750  0.390718
27760  0.390718
27770  0.390718
27780  0.390718
27790  0.390718
27800  0.390718
27810  0.390718
27820  0.390718
27830  0.390718
27840  0.390718
27850  0.390718
27860  0.390718
27870  0.390718
27880  0.390718
27890  0.390718
27900  0.390718
27910  0.390718
27920  0.390718
27930  0.390718
27940  0.390718
27950  0.390718
27960  0.390718
27970  0.390718
27980  0.390718
27990  0.390718
28000  0.390718
28010  0.390718
28020  0.390718
28030  0.390718
28040  0.390718
28050  0.390718
28060  0.390718
28070  0.390718
28080  0.390718
28090  0.390718
28100  0.390718
28110  0.390718
28120  0.390718
28130  0.390718
28140  0.390718
28150  0.390718
28160  0.390718
28170  0.390718
28180  0.390718
28190  0.390718
28200  0.390718
28210  0.390718
28220  0.390718
28230  0.390718
28240  0.390718
28250  0.390718
28260  0.390718
28270  0.390718
28280  0.390718
28290  0.390718
28300  0.390718
28310  0.390718
28320  0.390718
28330  0.390718
28340  0.390718
28350  0.390718
28360  0.390718
28370  0.390718
28380  0.390718
28390  0.390718
28400  0.390718
28410  0.390718
28420  0.390718
28430  0.390718
28440  0.390718
28450  0.390718
28460  0.390718
28470  0.390718
28480  0.390718
28490  0.390718
28500  0.390718
28510  0.390718
28520  0.390718
28530  0.390718
28540  0.390718
28550  0.390718
28560  0.390718
28570  0.390718
28580  0.390718
28590  0.390718
28600  0.390718
28610  0.390718
28620  0.390718
28630  0.390718
28640  0.390718
28650  0.390718
28660  0.390718
28670  0.390718
28680  0.390718
28690  0.390718
28700  0.390718
28710  0.390718
28720  0.390718
28730  0.390718
28740  0.390718
28750  0.390718
28760  0.390718
28770  0.390718
28780  0.390718
28790  0.390718
28800  0.390718
28810  0.390718
28820  0.390718
28830  0.390718
28840  0.390718
28850  0.390718
28860  0.390718
28870  0.390718
28880  0.390718
28890  0.390718
28900  0.390718
28910  0.390718
28920  0.390718
28930  0.390718
28940  0.390718
28950  0.390718
28960  0.390718
28970  0.390718
28980  0.390718
28990  0.390718
29000  0.390718
29010  0.390718
29020  0.390718
29030  0.390718
29040  0.390718
29050  0.390718
29060  0.390718
29070  0.390718
29080  0.390718
29090  0.390718
29100  0.390718
29110  0.390718
29120  0.390718
29130  0.390718
29140  0.390718
29150  0.390718
29160  0.390718
29170  0.390718
29180  0.390718
29190  0.390718
29200  0.390718
29210  0.390718
29220  0.390718
29230  0.390718
29240  0.390718
29250  0.390718
29260  0.390718
29270  0.390718
29280  0.390718
29290  0.390718
29300  0.390718
29310  0.390718
29320  0.390718
29330  0.390718
29340  0.390718
29350  0.390718
29360  0.390718
29370  0.390718
29380  0.390718
29390  0.390718
29400  0.390718
29410  0.390718
29420  0.390718
29430  0.390718
29440  0.390718
29450  0.390718
29460  0.390718
29470  0.390718
29480  0.390718
29490  0.390718
29500  0.390718
29510  0.390718
29520  0.390718
29530  0.390718
29540  0.390718
29550  0.390718
29560  0.390718
29570  0.390718
29580  0.390718
29590  0.390718
29600  0.390718
29610  0.390718
29620  0.390718
29630  0.390718
29640  0.390718
29650  0.390718
29660  0.390718
29670  0.390718
29680  0.390718
29690  0.390718
29700  0.390718
29710  0.390718
29720  0.390718
29730  0.390718
29740  0.390718
29750  0.390718
29760  0.390718
29770  0.390718
29780  0.390718
29790  0.390718
29800  0.390718
29810  0.390718
29820  0.390718
29830  0.390718
29840  0.390718
29850  0.390718
29860  0.390718
29870  0.390718
29880  0.390718
29890  0.390718
29900  0.390718
29910  0.390718
29920  0.390718
29930  0.390718
29940  0.390718
29950  0.390718
29960  0.390718
29970  0.390718
29980  0.390718
29990  0.390718
30000  0.390718
30010  0.390718
