Step  Penalty
50  0.492978
100  0.464232
150  0.464232
200  0.454251
250  0.442412
300  0.430176
350  0.406804
400  0.38241
450  0.380238
500  0.374635
550  0.354855
600  0.350737
650  0.334574
700  0.329714
750  0.308984
800  0.308984
850  0.304335
900  0.290514
950  0.290514
1000  0.282861
1050  0.275056
1100  0.273084
1150  0.264122
1200  0.26241
1250  0.248951
1300  0.248951
1350  0.24182
1400  0.239271
1450  0.238853
1500  0.238431
1550  0.235762
1600  0.231763
1650  0.224533
1700  0.224533
1750  0.224533
1800  0.221502
1850  0.221324
1900  0.220695
1950  0.218588
2000  0.218588
2050  0.216607
2100  0.213324
2150  0.213324
2200  0.213324
2250  0.209756
2300  0.209756
2350  0.209756
2400  0.207958
2450  0.207958
2500  0.207958
2550  0.204541
2600  0.204541
2650  0.204541
2700  0.204348
2750  0.204348
2800  0.202584
2850  0.202584
2900  0.202314
2950  0.202285
3000  0.197193
3050  0.197193
3100  0.197061
3150  0.197061
3200  0.196241
3250  0.196241
3300  0.193093
3350  0.193093
3400  0.193093
3450  0.193093
3500  0.193093
3550  0.193058
3600  0.192712
3650  0.192712
3700  0.191245
3750  0.191245
3800  0.191245
3850  0.191245
3900  0.191245
3950  0.191245
4000  0.191245
4050  0.191245
4100  0.191245
4150  0.191245
4200  0.191245
4250  0.191245
4300  0.191245
4350  0.191245
4400  0.191245
4450  0.191012
4500  0.191012
4550  0.191012
4600  0.191012
4650  0.189642
4700  0.189642
4750  0.189642
4800  0.189642
4850  0.189642
4900  0.189642
4950  0.189642
5000  0.189642
5050  0.188765
5100  0.188765
5150  0.188765
5200  0.18701
5250  0.18701
5300  0.18701
5350  0.18701
5400  0.18701
5450  0.186905
5500  0.186905
5550  0.186905
5600  0.186905
5650  0.186905
5700  0.186905
5750  0.186905
5800  0.186905
5850  0.186905
5900  0.186905
5950  0.186905
6000  0.186905
6050  0.186905
6100  0.186905
6150  0.186905
6200  0.186905
6250  0.186905
6300  0.186905
6350  0.186905
6400  0.186905
6450  0.186905
6500  0.186367
6550  0.186367
6600  0.186125
6650  0.186125
6700  0.186125
6750  0.186125
6800  0.186125
6850  0.186125
6900  0.186125
6950  0.186015
7000  0.186015
7050  0.186015
7100  0.186015
7150  0.186015
7200  0.186015
7250  0.186015
7300  0.186015
7350  0.185671
7400  0.185671
7450  0.185671
7500  0.185106
7550  0.185106
7600  0.185106
7650  0.184895
7700  0.184895
7750  0.184895
7800  0.184895
7850  0.184532
7900  0.184532
7950  0.184532
8000  0.184532
8050  0.184532
8100  0.184532
8150  0.184532
8200  0.184532
8250  0.18384
8300  0.182932
8350  0.182932
8400  0.182932
8450  0.182932
8500  0.182932
8550  0.182932
8600  0.182932
8650  0.182932
8700  0.182932
8750  0.182932
8800  0.182932
8850  0.182932
8900  0.182932
8950  0.182932
9000  0.182932
9050  0.182568
9100  0.182428
9150  0.182428
9200  0.180832
9250  0.180832
9300  0.180832
9350  0.180832
9400  0.180832
9450  0.180832
9500  0.180832
9550  0.180832
9600  0.180832
9650  0.180832
9700  0.180832
9750  0.180554
9800  0.180554
9850  0.180554
9900  0.180554
9950  0.178993
10000  0.178993
10050  0.178993
10100  0.178993
10150  0.178993
10200  0.178993
10250  0.178993
10300  0.178993
10350  0.178993
10400  0.178993
10450  0.178993
10500  0.178993
10550  0.178993
10600  0.178993
10650  0.178993
10700  0.178993
10750  0.178257
10800  0.178257
10850  0.178257
10900  0.178257
10950  0.178257
11000  0.178257
11050  0.177898
11100  0.177898
11150  0.177898
11200  0.177898
11250  0.177898
11300  0.177898
11350  0.177898
11400  0.177898
11450  0.177898
11500  0.177898
11550  0.177898
11600  0.177898
11650  0.177898
11700  0.177898
11750  0.177898
11800  0.177898
11850  0.177898
11900  0.177898
11950  0.177898
12000  0.177898
12050  0.177898
12100  0.177898
12150  0.177898
12200  0.177898
12250  0.177898
12300  0.177898
12350  0.177898
12400  0.177898
12450  0.177898
12500  0.177898
12550  0.177898
12600  0.177898
12650  0.177898
12700  0.177898
12750  0.177898
12800  0.177898
12850  0.177898
12900  0.177898
12950  0.177898
13000  0.177898
13050  0.177898
13100  0.177898
13150  0.177898
13200  0.177898
13250  0.176392
13300  0.176392
13350  0.176392
13400  0.176392
13450  0.176392
13500  0.176392
13550  0.176392
13600  0.176392
13650  0.176392
13700  0.176392
13750  0.176392
13800  0.176392
13850  0.176392
13900  0.176392
13950  0.176392
14000  0.176392
14050  0.176392
14100  0.176392
14150  0.176392
14200  0.176392
14250  0.176392
14300  0.176392
14350  0.176392
14400  0.176392
14450  0.176392
14500  0.176392
14550  0.176392
14600  0.176392
14650  0.176392
14700  0.176392
14750  0.176392
14800  0.176392
14850  0.176392
14900  0.17572
14950  0.17572
15000  0.17572
15050  0.17572
15100  0.17572
15150  0.17572
15200  0.17572
15250  0.17572
15300  0.17572
15350  0.17572
15400  0.17572
15450  0.17572
15500  0.17572
15550  0.17572
15600  0.17572
15650  0.17572
15700  0.17572
15750  0.17572
15800  0.17572
15850  0.17572
15900  0.17572
15950  0.17572
16000  0.17572
16050  0.17572
16100  0.17572
16150  0.17572
16200  0.17572
16250  0.17572
16300  0.17572
16350  0.17572
16400  0.17572
16450  0.17572
16500  0.17572
16550  0.17572
16600  0.17572
16650  0.17572
16700  0.17572
16750  0.17572
16800  0.17572
16850  0.17572
16900  0.17572
16950  0.17572
17000  0.17572
17050  0.17572
17100  0.17572
17150  0.17572
17200  0.17572
17250  0.17572
17300  0.17572
17350  0.17572
17400  0.17572
17450  0.17572
17500  0.17572
17550  0.17572
17600  0.17572
17650  0.17572
17700  0.17572
17750  0.17572
17800  0.17572
17850  0.17572
17900  0.17572
17950  0.17572
18000  0.17572
18050  0.17572
18100  0.17572
18150  0.17572
18200  0.17572
18250  0.17572
18300  0.17572
18350  0.17572
18400  0.17572
18450  0.17572
18500  0.17572
18550  0.17572
18600  0.17572
18650  0.17572
18700  0.175709
18750  0.175709
18800  0.175709
18850  0.175709
18900  0.175709
18950  0.175709
19000  0.175709
19050  0.175709
19100  0.175709
19150  0.175709
19200  0.175709
19250  0.175709
19300  0.175709
19350  0.175709
19400  0.175709
19450  0.175709
19500  0.175709
19550  0.175709
19600  0.175709
19650  0.175709
19700  0.175709
19750  0.175709
19800  0.175709
19850  0.175709
19900  0.175709
19950  0.175709
20000  0.175709
20050  0.175709
20100  0.175709
20150  0.175709
20200  0.175709
20250  0.175709
20300  0.175709
20350  0.175709
20400  0.175709
20450  0.175709
20500  0.175709
20550  0.175709
20600  0.175709
20650  0.175709
20700  0.175709
20750  0.175709
20800  0.175709
20850  0.175709
20900  0.175709
20950  0.175709
21000  0.175709
21050  0.175709
21100  0.175709
21150  0.175709
21200  0.175709
21250  0.175709
21300  0.175709
21350  0.175709
21400  0.175709
21450  0.175709
21500  0.175709
21550  0.175709
21600  0.175709
21650  0.175709
21700  0.175709
21750  0.175709
21800  0.175709
21850  0.175709
21900  0.175709
21950  0.175709
22000  0.175709
22050  0.175709
22100  0.175709
22150  0.175709
22200  0.175709
22250  0.175709
22300  0.175709
22350  0.175709
22400  0.175709
22450  0.175709
22500  0.175709
22550  0.175709
22600  0.175709
22650  0.175709
22700  0.175709
22750  0.175709
22800  0.175709
22850  0.175709
22900  0.175709
22950  0.175709
23000  0.175018
23050  0.175018
23100  0.175018
23150  0.175018
23200  0.174621
23250  0.174621
23300  0.174621
23350  0.174621
23400  0.174621
23450  0.174621
23500  0.174621
23550  0.174621
23600  0.174621
23650  0.174621
23700  0.174621
23750  0.174621
23800  0.174621
23850  0.174621
23900  0.174621
23950  0.174621
24000  0.174621
24050  0.174621
24100  0.174621
24150  0.174621
24200  0.174621
24250  0.174621
24300  0.174621
24350  0.174621
24400  0.174621
24450  0.174621
24500  0.174621
24550  0.174621
24600  0.174621
24650  0.174621
24700  0.174621
24750  0.174621
24800  0.174621
24850  0.174621
24900  0.174621
24950  0.174621
25000  0.174621
25050  0.174621
25100  0.174621
25150  0.174621
25200  0.174621
25250  0.174621
25300  0.174621
25350  0.174621
25400  0.174621
25450  0.174621
25500  0.174621
25550  0.174621
25600  0.174621
25650  0.174621
25700  0.174621
25750  0.174621
25800  0.174621
25850  0.174621
25900  0.174621
25950  0.174621
26000  0.174621
26050  0.174621
26100  0.174621
26150  0.174621
26200  0.174621
26250  0.174621
26300  0.174621
26350  0.174621
26400  0.174621
26450  0.174621
26500  0.174621
26550  0.174621
26600  0.174621
26650  0.174621
26700  0.174621
26750  0.174621
26800  0.174621
26850  0.174621
26900  0.174621
26950  0.174621
27000  0.174621
27050  0.174621
27100  0.174621
27150  0.174621
27200  0.174621
27250  0.174621
27300  0.174621
27350  0.174621
27400  0.174621
27450  0.174621
27500  0.174621
27550  0.174621
27600  0.174621
27650  0.174621
27700  0.174621
27750  0.174621
27800  0.174621
27850  0.174621
27900  0.174621
27950  0.174621
28000  0.174621
28050  0.174621
28100  0.174621
28150  0.174621
28200  0.174621
28250  0.174621
28300  0.174621
28350  0.174621
28400  0.174621
28450  0.174621
28500  0.174621
28550  0.174621
28600  0.174621
28650  0.174621
28700  0.174621
28750  0.174621
28800  0.174621
28850  0.174621
28900  0.174621
28950  0.174621
29000  0.174621
29050  0.174621
29100  0.174621
29150  0.174621
29200  0.174621
29250  0.174621
29300  0.174621
29350  0.174621
29400  0.174621
29450  0.174621
29500  0.17448
29550  0.17448
29600  0.17448
29650  0.17448
29700  0.17448
29750  0.17448
29800  0.17448
29850  0.17448
29900  0.17448
29950  0.17448
30000  0.17448
30050  0.17448
30100  0.17448
30150  0.17448
30200  0.17448
30250  0.17448
30300  0.17448
30350  0.17448
30400  0.17448
30450  0.17448
30500  0.17448
30550  0.17448
30600  0.174122
30650  0.174122
30700  0.174122
30750  0.174122
30800  0.174122
30850  0.174122
30900  0.174122
30950  0.174122
31000  0.174122
31050  0.174122
31100  0.174122
31150  0.174122
31200  0.174122
31250  0.174122
31300  0.174122
31350  0.174122
31400  0.174122
31450  0.174122
31500  0.174122
31550  0.174122
31600  0.174122
31650  0.174122
31700  0.174122
31750  0.174122
31800  0.174122
31850  0.174122
31900  0.174122
31950  0.174122
32000  0.174122
32050  0.174122
32100  0.174122
32150  0.174122
32200  0.174122
32250  0.174122
32300  0.174122
32350  0.174122
32400  0.174122
32450  0.174122
32500  0.174122
32550  0.174122
32600  0.174122
32650  0.174122
32700  0.174122
32750  0.174122
32800  0.174122
32850  0.174122
32900  0.174122
32950  0.174122
33000  0.174122
33050  0.174122
33100  0.174122
33150  0.174122
33200  0.174122
33250  0.174122
33300  0.174122
33350  0.174122
33400  0.174122
33450  0.174068
33500  0.174068
33550  0.174068
33600  0.174068
33650  0.174068
33700  0.174068
33750  0.174068
33800  0.174068
33850  0.174068
33900  0.174068
33950  0.174068
34000  0.174068
34050  0.174068
34100  0.174068
34150  0.174068
34200  0.174068
34250  0.174068
34300  0.174068
34350  0.174068
34400  0.174068
34450  0.174068
34500  0.173657
34550  0.173657
34600  0.173657
34650  0.173657
34700  0.173657
34750  0.173657
34800  0.173657
34850  0.173657
34900  0.173657
34950  0.173657
35000  0.173657
35050  0.173657
35100  0.173657
35150  0.173657
35200  0.173657
35250  0.173657
35300  0.173657
35350  0.173657
35400  0.173657
35450  0.173657
35500  0.173657
35550  0.173657
35600  0.173657
35650  0.173657
35700  0.173657
35750  0.173657
35800  0.173657
35850  0.173657
35900  0.173657
35950  0.173657
36000  0.173657
36050  0.173657
36100  0.173657
36150  0.173657
36200  0.173657
36250  0.173657
36300  0.173657
36350  0.173657
36400  0.173657
36450  0.173657
36500  0.173657
36550  0.173657
36600  0.173657
36650  0.173657
36700  0.173657
36750  0.173657
36800  0.173657
36850  0.173657
36900  0.173657
36950  0.173657
37000  0.173657
37050  0.173657
37100  0.173657
37150  0.173657
37200  0.173657
37250  0.173657
37300  0.173657
37350  0.173657
37400  0.173657
37450  0.173657
37500  0.173657
37550  0.173657
37600  0.173657
37650  0.173657
37700  0.173657
37750  0.173657
37800  0.173657
37850  0.173657
37900  0.173657
37950  0.173657
38000  0.173657
38050  0.173657
38100  0.172924
38150  0.172924
38200  0.172924
38250  0.172924
38300  0.172924
38350  0.172924
38400  0.172924
38450  0.172924
38500  0.172924
38550  0.172924
38600  0.172924
38650  0.172924
38700  0.172924
38750  0.172924
38800  0.172924
38850  0.172924
38900  0.172924
38950  0.172924
39000  0.172924
39050  0.172924
39100  0.172924
39150  0.172924
39200  0.172924
39250  0.172924
39300  0.172924
39350  0.172924
39400  0.172924
39450  0.172924
39500  0.172924
39550  0.172924
39600  0.172924
39650  0.172924
39700  0.172924
39750  0.172924
39800  0.172924
39850  0.172924
39900  0.172924
39950  0.172924
40000  0.172924
40050  0.172924
40100  0.172924
40150  0.172924
40200  0.172924
40250  0.172924
40300  0.172924
40350  0.172924
40400  0.172924
40450  0.172924
40500  0.172924
40550  0.172924
40600  0.172924
40650  0.172924
40700  0.172924
40750  0.172924
40800  0.172924
40850  0.172924
40900  0.172924
40950  0.172924
41000  0.172924
41050  0.172924
41100  0.172924
41150  0.172924
41200  0.172924
41250  0.172924
41300  0.172924
41350  0.172924
41400  0.172924
41450  0.172924
41500  0.172924
41550  0.172924
41600  0.172924
41650  0.172924
41700  0.172924
41750  0.172924
41800  0.172924
41850  0.172924
41900  0.172924
41950  0.172924
42000  0.172924
42050  0.172924
42100  0.172924
42150  0.172924
42200  0.172924
42250  0.172924
42300  0.172924
42350  0.172839
42400  0.172839
42450  0.172839
42500  0.172839
42550  0.172839
42600  0.172839
42650  0.172839
42700  0.172839
42750  0.172839
42800  0.172017
42850  0.172017
42900  0.172017
42950  0.172017
43000  0.172017
43050  0.172017
43100  0.172017
43150  0.172017
43200  0.172017
43250  0.172017
43300  0.172017
43350  0.172017
43400  0.172017
43450  0.172017
43500  0.172017
43550  0.172017
43600  0.172017
43650  0.172017
43700  0.172017
43750  0.172017
43800  0.172017
43850  0.172017
43900  0.172017
43950  0.172017
44000  0.172017
44050  0.172017
44100  0.172017
44150  0.172017
44200  0.172017
44250  0.172017
44300  0.172017
44350  0.172017
44400  0.172017
44450  0.172017
44500  0.172017
44550  0.172017
44600  0.172017
44650  0.172017
44700  0.172017
44750  0.172017
44800  0.172017
44850  0.172017
44900  0.172017
44950  0.172017
45000  0.172017
45050  0.172017
45100  0.172017
45150  0.172017
45200  0.172017
45250  0.172017
45300  0.172017
45350  0.172017
45400  0.172017
45450  0.172017
45500  0.172017
45550  0.172017
45600  0.172017
45650  0.172017
45700  0.172017
45750  0.172017
45800  0.172017
45850  0.172017
45900  0.172017
45950  0.172017
46000  0.172017
46050  0.172017
46100  0.172017
46150  0.172017
46200  0.172017
46250  0.172017
46300  0.172017
46350  0.172017
46400  0.172017
46450  0.172017
46500  0.172017
46550  0.172017
46600  0.172017
46650  0.172017
46700  0.172017
46750  0.172017
46800  0.172017
46850  0.172017
46900  0.172017
46950  0.172017
47000  0.172017
47050  0.172017
47100  0.172017
47150  0.171983
47200  0.171983
47250  0.171983
47300  0.171983
47350  0.171983
47400  0.171983
47450  0.171983
47500  0.171983
47550  0.171983
47600  0.171983
47650  0.171983
47700  0.171983
47750  0.171781
47800  0.171781
47850  0.171781
47900  0.171781
47950  0.171781
48000  0.171781
48050  0.171781
48100  0.171781
48150  0.171781
48200  0.171781
48250  0.171781
48300  0.171781
48350  0.171781
48400  0.171781
48450  0.171781
48500  0.171781
48550  0.171781
48600  0.171781
48650  0.171781
48700  0.171781
48750  0.171781
48800  0.171781
48850  0.171781
48900  0.171781
48950  0.171781
49000  0.171781
49050  0.171781
49100  0.171781
49150  0.171781
49200  0.171781
49250  0.171781
49300  0.171781
49350  0.171781
49400  0.171781
49450  0.171781
49500  0.171781
49550  0.171781
49600  0.171781
49650  0.171781
49700  0.171781
49750  0.171781
49800  0.171781
49850  0.171781
49900  0.171781
49950  0.171781
50000  0.171781
50050  0.171781
50100  0.171781
50150  0.171781
50200  0.171781
50250  0.171781
50300  0.171781
50350  0.171781
50400  0.171781
50450  0.171781
50500  0.171781
50550  0.171781
50600  0.171781
50650  0.171781
50700  0.171781
50750  0.171781
50800  0.171781
50850  0.171781
50900  0.171781
50950  0.171781
51000  0.171781
51050  0.171781
51100  0.171781
51150  0.171781
51200  0.171781
51250  0.171781
51300  0.171781
51350  0.171781
51400  0.171781
51450  0.171781
51500  0.171781
51550  0.171781
51600  0.171781
51650  0.171781
51700  0.171781
51750  0.171781
51800  0.171781
51850  0.171781
51900  0.171781
51950  0.171781
52000  0.171781
52050  0.171781
52100  0.171781
52150  0.171781
52200  0.171781
52250  0.171781
52300  0.171781
52350  0.171781
52400  0.171781
52450  0.171781
52500  0.171781
52550  0.171781
52600  0.171781
52650  0.171781
52700  0.171781
52750  0.171781
52800  0.171781
52850  0.171781
52900  0.171781
52950  0.171781
53000  0.171781
53050  0.171781
53100  0.171781
53150  0.171781
53200  0.171781
53250  0.171781
53300  0.171781
53350  0.171781
53400  0.171781
53450  0.171781
53500  0.171781
53550  0.171781
53600  0.171781
53650  0.171781
53700  0.171781
53750  0.171781
53800  0.171781
53850  0.171781
53900  0.171781
53950  0.171781
54000  0.171781
54050  0.171781
54100  0.171781
54150  0.171781
54200  0.171781
54250  0.171781
54300  0.171781
54350  0.171781
54400  0.171781
54450  0.171781
54500  0.171781
54550  0.171781
54600  0.171781
54650  0.171781
54700  0.171781
54750  0.171781
54800  0.171781
54850  0.171781
54900  0.171781
54950  0.171781
55000  0.171781
55050  0.171781
55100  0.171781
55150  0.171781
55200  0.171781
55250  0.171781
55300  0.171781
55350  0.171781
55400  0.171781
55450  0.171781
55500  0.171781
55550  0.171781
55600  0.171781
55650  0.171781
55700  0.171781
55750  0.171781
55800  0.171781
55850  0.171781
55900  0.171781
55950  0.171781
56000  0.171781
56050  0.171781
56100  0.171781
56150  0.171781
56200  0.171781
56250  0.171781
56300  0.171781
56350  0.171781
56400  0.171781
56450  0.171781
56500  0.171781
56550  0.171781
56600  0.171781
56650  0.171781
56700  0.171781
56750  0.171781
56800  0.171781
56850  0.171781
56900  0.171781
56950  0.171781
57000  0.171781
57050  0.171781
57100  0.171781
57150  0.171781
57200  0.171781
57250  0.171781
57300  0.171781
57350  0.171781
57400  0.171781
57450  0.171781
57500  0.171781
57550  0.171781
57600  0.171781
57650  0.171781
57700  0.171781
57750  0.171781
57800  0.171781
57850  0.171781
57900  0.171781
57950  0.171781
58000  0.170677
58050  0.170677
58100  0.170677
58150  0.170677
58200  0.170677
58250  0.170677
58300  0.170677
58350  0.170677
58400  0.170677
58450  0.170677
58500  0.170677
58550  0.170677
58600  0.170677
58650  0.170677
58700  0.170677
58750  0.170677
58800  0.170677
58850  0.170677
58900  0.170677
58950  0.170677
59000  0.170677
59050  0.170677
59100  0.170677
59150  0.170677
59200  0.170677
59250  0.170677
59300  0.170677
59350  0.170677
59400  0.170677
59450  0.170677
59500  0.170677
59550  0.170677
59600  0.170677
59650  0.170677
59700  0.170677
59750  0.170677
59800  0.170677
59850  0.170677
59900  0.170677
59950  0.170677
60000  0.170677
60050  0.170677
60100  0.170677
60150  0.170677
60200  0.170677
60250  0.170677
60300  0.170677
60350  0.170677
60400  0.170677
60450  0.170677
60500  0.170677
60550  0.170677
60600  0.170677
60650  0.170677
60700  0.170677
60750  0.170677
60800  0.170677
60850  0.170677
60900  0.170677
60950  0.170677
61000  0.170677
61050  0.170677
61100  0.170677
61150  0.170677
61200  0.170677
61250  0.170677
61300  0.170677
61350  0.170677
61400  0.170677
61450  0.170677
61500  0.170677
61550  0.170677
61600  0.170677
61650  0.170677
61700  0.170677
61750  0.170677
61800  0.170677
61850  0.170677
61900  0.170677
61950  0.170677
62000  0.170677
62050  0.170677
62100  0.170677
62150  0.170677
62200  0.170677
62250  0.170677
62300  0.170677
62350  0.170677
62400  0.170677
62450  0.170677
62500  0.170677
62550  0.170677
62600  0.170677
62650  0.170677
62700  0.170677
62750  0.170677
62800  0.170677
62850  0.170677
62900  0.170677
62950  0.170677
63000  0.170677
63050  0.170677
63100  0.170677
63150  0.170677
63200  0.170677
63250  0.170677
63300  0.170677
63350  0.170677
63400  0.170677
63450  0.170677
63500  0.170677
63550  0.170677
63600  0.170677
63650  0.170677
63700  0.170677
63750  0.170677
63800  0.170677
63850  0.170677
63900  0.170677
63950  0.170677
64000  0.170677
64050  0.170677
64100  0.170677
64150  0.170677
64200  0.170677
64250  0.170677
64300  0.170677
64350  0.170677
64400  0.170677
64450  0.170677
64500  0.170677
64550  0.170677
64600  0.170677
64650  0.170677
64700  0.170677
64750  0.170677
64800  0.170677
64850  0.170677
64900  0.170677
64950  0.170677
65000  0.170677
65050  0.170677
65100  0.170677
65150  0.170677
65200  0.170677
65250  0.170677
65300  0.170677
65350  0.170677
65400  0.170677
65450  0.170677
65500  0.170677
65550  0.170677
65600  0.170677
65650  0.170677
65700  0.170677
65750  0.170677
65800  0.170677
65850  0.170677
65900  0.170677
65950  0.170677
66000  0.170677
66050  0.170677
66100  0.170677
66150  0.170677
66200  0.170677
66250  0.170677
66300  0.170677
66350  0.170677
66400  0.170677
66450  0.170677
66500  0.170677
66550  0.170677
66600  0.170677
66650  0.170677
66700  0.170677
66750  0.170677
66800  0.170677
66850  0.170677
66900  0.170677
66950  0.170677
67000  0.170677
67050  0.170677
67100  0.170677
67150  0.170677
67200  0.170677
67250  0.170677
67300  0.170677
67350  0.170677
67400  0.170677
67450  0.170677
67500  0.170677
67550  0.170677
67600  0.170677
67650  0.170677
67700  0.170677
67750  0.170677
67800  0.170677
67850  0.170677
67900  0.170677
67950  0.170677
68000  0.170677
68050  0.170677
68100  0.170677
68150  0.170677
68200  0.170677
68250  0.170677
68300  0.170677
68350  0.170677
68400  0.170677
68450  0.169657
68500  0.169657
68550  0.169657
68600  0.169657
68650  0.169657
68700  0.169657
68750  0.169657
68800  0.169657
68850  0.169657
68900  0.169657
68950  0.169657
69000  0.169657
69050  0.169657
69100  0.169657
69150  0.169657
69200  0.169657
69250  0.169657
69300  0.169657
69350  0.169657
69400  0.169657
69450  0.169657
69500  0.169657
69550  0.169657
69600  0.169657
69650  0.169657
69700  0.169657
69750  0.169657
69800  0.169657
69850  0.169657
69900  0.169657
69950  0.169657
70000  0.169657
70050  0.169657
70100  0.169657
70150  0.169657
70200  0.169657
70250  0.169657
70300  0.169657
70350  0.169657
70400  0.169657
70450  0.169657
70500  0.169657
70550  0.169657
70600  0.169657
70650  0.169657
70700  0.169657
70750  0.169657
70800  0.169657
70850  0.169657
70900  0.169657
70950  0.169657
71000  0.169657
71050  0.169657
71100  0.169657
71150  0.169657
71200  0.169657
71250  0.169657
71300  0.169657
71350  0.169657
71400  0.169657
71450  0.169657
71500  0.169657
71550  0.169657
71600  0.169657
71650  0.169657
71700  0.169657
71750  0.169657
71800  0.169657
71850  0.169657
71900  0.169657
71950  0.169657
72000  0.169657
72050  0.169657
72100  0.169657
72150  0.169657
72200  0.169657
72250  0.169657
72300  0.169245
72350  0.169245
