Step  Penalty
50  0.491132
100  0.478338
150  0.466689
200  0.454787
250  0.454787
300  0.445833
350  0.445833
400  0.434108
450  0.42048
500  0.42048
550  0.407504
600  0.407504
650  0.407504
700  0.407504
750  0.393187
800  0.385543
850  0.385543
900  0.379926
950  0.370386
1000  0.369866
1050  0.369866
1100  0.362678
1150  0.359158
1200  0.345916
1250  0.345916
1300  0.339506
1350  0.339506
1400  0.333139
1450  0.326745
1500  0.326745
1550  0.321951
1600  0.321951
1650  0.318708
1700  0.313878
1750  0.30521
1800  0.30521
1850  0.30521
1900  0.30521
1950  0.29819
2000  0.296005
2050  0.296005
2100  0.296005
2150  0.296005
2200  0.292681
2250  0.290884
2300  0.290884
2350  0.290528
2400  0.287409
2450  0.287409
2500  0.282071
2550  0.282071
2600  0.281016
2650  0.281016
2700  0.280089
2750  0.279843
2800  0.278207
2850  0.276137
2900  0.270116
2950  0.270116
3000  0.270116
3050  0.270116
3100  0.270116
3150  0.270116
3200  0.270116
3250  0.270116
3300  0.270116
3350  0.270116
3400  0.270116
3450  0.270116
3500  0.269037
3550  0.266138
3600  0.264715
3650  0.264715
3700  0.264715
3750  0.264715
3800  0.264715
3850  0.261377
3900  0.261377
3950  0.261377
4000  0.261377
4050  0.261377
4100  0.261377
4150  0.261377
4200  0.261377
4250  0.259382
4300  0.259382
4350  0.258927
4400  0.258927
4450  0.258927
4500  0.256946
4550  0.256946
4600  0.256149
4650  0.253057
4700  0.253057
4750  0.253057
4800  0.253057
4850  0.253057
4900  0.253057
4950  0.253057
5000  0.253057
5050  0.253057
5100  0.253057
5150  0.253057
5200  0.253057
5250  0.253057
5300  0.253057
5350  0.253057
5400  0.253057
5450  0.253057
5500  0.253057
5550  0.253057
5600  0.250895
5650  0.250895
5700  0.250895
5750  0.250895
5800  0.250895
5850  0.250895
5900  0.250895
5950  0.250895
6000  0.250895
6050  0.250895
6100  0.250895
6150  0.250895
6200  0.250895
6250  0.25052
6300  0.25052
6350  0.25052
6400  0.250086
6450  0.250086
6500  0.250086
6550  0.250086
6600  0.250086
6650  0.250086
6700  0.250086
6750  0.250086
6800  0.250086
6850  0.250086
6900  0.250086
6950  0.244373
7000  0.244373
7050  0.24429
7100  0.24429
7150  0.24429
7200  0.24429
7250  0.24429
7300  0.24429
7350  0.24429
7400  0.24429
7450  0.24429
7500  0.24429
7550  0.24429
7600  0.24429
7650  0.24429
7700  0.24429
7750  0.24429
7800  0.24429
7850  0.24429
7900  0.24429
7950  0.24429
8000  0.24429
8050  0.24429
8100  0.24429
8150  0.24429
8200  0.24429
8250  0.24429
8300  0.24429
8350  0.24429
8400  0.24429
8450  0.241695
8500  0.241695
8550  0.241695
8600  0.241695
8650  0.241695
8700  0.241695
8750  0.241695
8800  0.241695
8850  0.241695
8900  0.241695
8950  0.241695
9000  0.241695
9050  0.241695
9100  0.241695
9150  0.241695
9200  0.241695
9250  0.241695
9300  0.241695
9350  0.241695
9400  0.241695
9450  0.241695
9500  0.241695
9550  0.241695
9600  0.241695
9650  0.241695
9700  0.241695
9750  0.241695
9800  0.241695
9850  0.241695
9900  0.241695
9950  0.241695
10000  0.241695
10050  0.241695
10100  0.241695
10150  0.241695
10200  0.241695
10250  0.241695
10300  0.241695
10350  0.241695
10400  0.241695
10450  0.241695
10500  0.241695
10550  0.241695
10600  0.241695
10650  0.241695
10700  0.241695
10750  0.241695
10800  0.241695
10850  0.241695
10900  0.241695
10950  0.241695
11000  0.241695
11050  0.241695
11100  0.241695
11150  0.241695
11200  0.241695
11250  0.241695
11300  0.241695
11350  0.241695
11400  0.241695
11450  0.241695
11500  0.241695
11550  0.241695
11600  0.241695
11650  0.241695
11700  0.241695
11750  0.241695
11800  0.241695
11850  0.241695
11900  0.241695
11950  0.241695
12000  0.241695
12050  0.241695
12100  0.241695
12150  0.241695
12200  0.241695
12250  0.241695
12300  0.241695
12350  0.241695
12400  0.241695
12450  0.241695
12500  0.241695
12550  0.241695
12600  0.241695
12650  0.241695
12700  0.241695
12750  0.241695
12800  0.241695
12850  0.241695
12900  0.241695
12950  0.241695
13000  0.241695
13050  0.241695
13100  0.241695
13150  0.241695
13200  0.241695
13250  0.24107
13300  0.24107
13350  0.24107
13400  0.24107
13450  0.24107
13500  0.24107
13550  0.24107
13600  0.24107
13650  0.24107
13700  0.24107
13750  0.24107
13800  0.24107
13850  0.24107
13900  0.24107
13950  0.24107
14000  0.24107
14050  0.24107
14100  0.24107
14150  0.24107
14200  0.24107
14250  0.24107
14300  0.24107
14350  0.24107
14400  0.24107
14450  0.24107
14500  0.24107
14550  0.24107
14600  0.24107
14650  0.24107
14700  0.24107
14750  0.24107
14800  0.24107
14850  0.24107
14900  0.24107
14950  0.24107
15000  0.24107
15050  0.24107
15100  0.24107
15150  0.24107
15200  0.24107
15250  0.24107
15300  0.24107
15350  0.24107
15400  0.24107
15450  0.24107
15500  0.24107
15550  0.24107
15600  0.24107
15650  0.24107
15700  0.24107
15750  0.24107
15800  0.24107
15850  0.24107
15900  0.24107
15950  0.24107
16000  0.24107
16050  0.24107
16100  0.24107
16150  0.239738
16200  0.239738
16250  0.239738
16300  0.239738
16350  0.239738
16400  0.239738
16450  0.239738
16500  0.239738
16550  0.239738
16600  0.239738
16650  0.239738
16700  0.239738
16750  0.239738
16800  0.239738
16850  0.239738
16900  0.239738
16950  0.239738
17000  0.239738
17050  0.239738
17100  0.239738
17150  0.239738
17200  0.239738
17250  0.239738
17300  0.239738
17350  0.235844
17400  0.235844
17450  0.235844
17500  0.235844
17550  0.235844
17600  0.235844
17650  0.235844
17700  0.235844
17750  0.235844
17800  0.235844
17850  0.235844
17900  0.235844
17950  0.235844
18000  0.235844
18050  0.235844
18100  0.235844
18150  0.235844
18200  0.235844
18250  0.235844
18300  0.235844
18350  0.235844
18400  0.235844
18450  0.235844
18500  0.235844
18550  0.235844
18600  0.235844
18650  0.235844
18700  0.235844
18750  0.235844
18800  0.235844
18850  0.235844
18900  0.235844
18950  0.235844
19000  0.235844
19050  0.235844
19100  0.235844
19150  0.235844
19200  0.235844
19250  0.235844
19300  0.235844
19350  0.235844
19400  0.235844
19450  0.235844
19500  0.235844
19550  0.235844
19600  0.235844
19650  0.235844
19700  0.235844
19750  0.235844
19800  0.235844
19850  0.235844
19900  0.235844
19950  0.235844
20000  0.235844
20050  0.235844
20100  0.235844
20150  0.235844
20200  0.235844
20250  0.235844
20300  0.235844
20350  0.235844
20400  0.235844
20450  0.235844
20500  0.235844
20550  0.235844
20600  0.235844
20650  0.235844
20700  0.235844
20750  0.235844
20800  0.235844
20850  0.235844
20900  0.235844
20950  0.235844
21000  0.235844
21050  0.235844
21100  0.235844
21150  0.235844
21200  0.235844
21250  0.235844
21300  0.235844
21350  0.235844
21400  0.235844
21450  0.235844
21500  0.235844
21550  0.235844
21600  0.235844
21650  0.235844
21700  0.235844
21750  0.235844
21800  0.235844
21850  0.235844
21900  0.235844
21950  0.235844
22000  0.235844
22050  0.235844
22100  0.235844
22150  0.235844
22200  0.235844
22250  0.235844
22300  0.235844
22350  0.235844
22400  0.235844
22450  0.235844
22500  0.235844
22550  0.230701
22600  0.230701
22650  0.230701
22700  0.230701
22750  0.230701
22800  0.230701
22850  0.230701
22900  0.230701
22950  0.230701
23000  0.230701
23050  0.230701
23100  0.230701
23150  0.230701
23200  0.230701
23250  0.230701
23300  0.230701
23350  0.230701
23400  0.230701
23450  0.230701
23500  0.230701
23550  0.230701
23600  0.230701
23650  0.230701
23700  0.230701
23750  0.230701
23800  0.230701
23850  0.230701
23900  0.230701
23950  0.230701
24000  0.230701
24050  0.230701
24100  0.230701
24150  0.230701
24200  0.230701
24250  0.230701
24300  0.230701
24350  0.230701
24400  0.230701
24450  0.230701
24500  0.230701
24550  0.230701
24600  0.230701
24650  0.230701
24700  0.230701
24750  0.230701
24800  0.230701
24850  0.230701
24900  0.230701
24950  0.230701
25000  0.230701
25050  0.230701
25100  0.230701
25150  0.230701
25200  0.230701
25250  0.230701
25300  0.230701
25350  0.230701
25400  0.230701
25450  0.230701
25500  0.230701
25550  0.230701
25600  0.230701
25650  0.230701
25700  0.230701
25750  0.230701
25800  0.230701
25850  0.230701
25900  0.230701
25950  0.230701
26000  0.230701
26050  0.230701
26100  0.230701
26150  0.230701
26200  0.230701
26250  0.230701
26300  0.230701
26350  0.230701
26400  0.230701
26450  0.230701
26500  0.230701
26550  0.230701
26600  0.230701
26650  0.230701
26700  0.230701
26750  0.230701
26800  0.230701
26850  0.230701
26900  0.230701
26950  0.230701
27000  0.230701
27050  0.230701
27100  0.230701
27150  0.230701
27200  0.230701
27250  0.230701
27300  0.230701
27350  0.230701
27400  0.230701
27450  0.230701
27500  0.230701
27550  0.230701
27600  0.230701
27650  0.230701
27700  0.230701
27750  0.230701
27800  0.230701
27850  0.230701
27900  0.230701
27950  0.230701
28000  0.230701
28050  0.230701
28100  0.230701
28150  0.230701
28200  0.230701
28250  0.230701
28300  0.230701
28350  0.230701
28400  0.230701
28450  0.230701
28500  0.230701
28550  0.230701
28600  0.230701
28650  0.230701
28700  0.230701
28750  0.230701
28800  0.230701
28850  0.230701
28900  0.230701
28950  0.230701
29000  0.230701
29050  0.230701
29100  0.230701
29150  0.230701
29200  0.230701
29250  0.230701
29300  0.230701
29350  0.230701
29400  0.230701
29450  0.230701
29500  0.230701
29550  0.230701
29600  0.230701
29650  0.230701
29700  0.230701
29750  0.230701
29800  0.230701
29850  0.230701
29900  0.230701
29950  0.230701
30000  0.230701
30050  0.230701
30100  0.230701
30150  0.230701
30200  0.230701
30250  0.230701
30300  0.230701
30350  0.230701
30400  0.230701
30450  0.230701
30500  0.230701
30550  0.230701
30600  0.230701
30650  0.230701
30700  0.230701
30750  0.230701
30800  0.230701
30850  0.230701
30900  0.230701
30950  0.230701
31000  0.230701
31050  0.230701
31100  0.230701
31150  0.230701
31200  0.230701
31250  0.230701
31300  0.230701
31350  0.230701
31400  0.230701
31450  0.230701
31500  0.230701
31550  0.230701
31600  0.230701
31650  0.230701
31700  0.230701
31750  0.230701
31800  0.230701
31850  0.230701
31900  0.230701
31950  0.230701
32000  0.230701
32050  0.230701
32100  0.230701
32150  0.230701
32200  0.230701
32250  0.230701
32300  0.230701
32350  0.230701
32400  0.230701
32450  0.230701
32500  0.230701
32550  0.230701
32600  0.230701
32650  0.230701
32700  0.230701
32750  0.230701
32800  0.230701
32850  0.230701
32900  0.230701
32950  0.230701
33000  0.230701
33050  0.230701
33100  0.230701
33150  0.230701
33200  0.230701
33250  0.230701
33300  0.230701
33350  0.230701
33400  0.230701
33450  0.230701
33500  0.230701
33550  0.230701
33600  0.230701
33650  0.230701
33700  0.230701
33750  0.230701
33800  0.230701
33850  0.230701
33900  0.230701
33950  0.230701
34000  0.230701
34050  0.230701
34100  0.230701
34150  0.230701
34200  0.230701
34250  0.230701
34300  0.230701
34350  0.230701
34400  0.230701
34450  0.230701
34500  0.230701
34550  0.230701
34600  0.230701
34650  0.230701
34700  0.230701
34750  0.230701
34800  0.230701
34850  0.230701
34900  0.230701
34950  0.230701
35000  0.230701
35050  0.230701
35100  0.230701
35150  0.230701
35200  0.230701
35250  0.230701
35300  0.230701
35350  0.230701
35400  0.230701
35450  0.230701
35500  0.230701
35550  0.230701
35600  0.230701
35650  0.230701
35700  0.230701
35750  0.230701
35800  0.230701
35850  0.230701
35900  0.230701
35950  0.230701
36000  0.230701
36050  0.230701
36100  0.230701
36150  0.230701
36200  0.230701
36250  0.230701
36300  0.230701
36350  0.230701
36400  0.230701
36450  0.230701
36500  0.230701
36550  0.230701
36600  0.230701
36650  0.230701
36700  0.230701
36750  0.230701
36800  0.230701
36850  0.230701
36900  0.230701
36950  0.230701
37000  0.230701
37050  0.230701
37100  0.230701
37150  0.230701
37200  0.230701
37250  0.230701
37300  0.230701
37350  0.230701
37400  0.230701
37450  0.230701
37500  0.230701
37550  0.230701
37600  0.230701
37650  0.230701
37700  0.230701
37750  0.230701
37800  0.230701
37850  0.230701
37900  0.230701
37950  0.230701
38000  0.230701
38050  0.230701
38100  0.230701
38150  0.230701
38200  0.230701
38250  0.230701
38300  0.230701
38350  0.230701
38400  0.230701
38450  0.230701
38500  0.230701
38550  0.230701
38600  0.230701
38650  0.230701
38700  0.230701
38750  0.230701
38800  0.230701
38850  0.230701
38900  0.230701
38950  0.230701
39000  0.230701
39050  0.230701
39100  0.230701
39150  0.230701
39200  0.230701
39250  0.230701
39300  0.230701
39350  0.230701
39400  0.230701
39450  0.230701
39500  0.230701
39550  0.230701
39600  0.230701
39650  0.230701
39700  0.230701
39750  0.230701
39800  0.230701
39850  0.230701
39900  0.230701
39950  0.230701
40000  0.230701
40050  0.230701
40100  0.230701
40150  0.230701
40200  0.230701
40250  0.230701
40300  0.230701
40350  0.230701
40400  0.230701
40450  0.230701
40500  0.230701
40550  0.230701
40600  0.230701
40650  0.230701
40700  0.230701
40750  0.230701
40800  0.230701
40850  0.230701
40900  0.230701
40950  0.230701
41000  0.230701
41050  0.230701
41100  0.230701
41150  0.230701
41200  0.230701
41250  0.230701
41300  0.230701
41350  0.230701
41400  0.230701
41450  0.230701
41500  0.230701
41550  0.230701
41600  0.230701
41650  0.230701
41700  0.230701
41750  0.230701
41800  0.230701
41850  0.230701
41900  0.230701
41950  0.230701
42000  0.230701
42050  0.230701
42100  0.230701
42150  0.230701
42200  0.230701
42250  0.230701
42300  0.230701
42350  0.230701
42400  0.230701
42450  0.230701
42500  0.230701
42550  0.230701
42600  0.230701
42650  0.230701
42700  0.230701
42750  0.230701
42800  0.230701
42850  0.230701
42900  0.230701
42950  0.230701
43000  0.230701
43050  0.230701
43100  0.230701
43150  0.230701
43200  0.230701
43250  0.230701
43300  0.230701
43350  0.230701
43400  0.230701
43450  0.230701
43500  0.230701
43550  0.230701
43600  0.230701
43650  0.230701
43700  0.230701
43750  0.230701
43800  0.230701
43850  0.230701
43900  0.230701
43950  0.230701
44000  0.230701
44050  0.230701
44100  0.230701
44150  0.230701
44200  0.230701
44250  0.230701
44300  0.230701
44350  0.230701
44400  0.230701
44450  0.230701
44500  0.230701
44550  0.230701
44600  0.230701
44650  0.230701
44700  0.230701
44750  0.230701
44800  0.230701
44850  0.230701
44900  0.230701
44950  0.230701
45000  0.230701
45050  0.230701
45100  0.230701
45150  0.230701
45200  0.230701
45250  0.230701
45300  0.230701
45350  0.230701
45400  0.230701
45450  0.230701
45500  0.230701
45550  0.230701
45600  0.230701
45650  0.230701
45700  0.230701
45750  0.230701
45800  0.230701
45850  0.230701
45900  0.230701
45950  0.230701
46000  0.230701
46050  0.230701
46100  0.230701
46150  0.230701
46200  0.230701
46250  0.230701
46300  0.230701
46350  0.230701
46400  0.230701
46450  0.230701
46500  0.230701
46550  0.230701
46600  0.230701
46650  0.230701
46700  0.230701
46750  0.230701
46800  0.230701
46850  0.230701
46900  0.230701
46950  0.230701
47000  0.230701
47050  0.230701
47100  0.230701
47150  0.230701
47200  0.230701
47250  0.230701
47300  0.230701
47350  0.230701
47400  0.230701
47450  0.230701
47500  0.230701
47550  0.230701
47600  0.230701
47650  0.230701
47700  0.230701
47750  0.230701
47800  0.230701
47850  0.230701
47900  0.230701
47950  0.230701
48000  0.230701
48050  0.230701
48100  0.230701
48150  0.230701
48200  0.230701
48250  0.230701
48300  0.230701
48350  0.230701
48400  0.230701
48450  0.230701
48500  0.230701
48550  0.230701
48600  0.230701
48650  0.230701
48700  0.230701
48750  0.230701
48800  0.230701
48850  0.230701
48900  0.230701
48950  0.230701
49000  0.230701
49050  0.230701
49100  0.230701
49150  0.230701
49200  0.230701
49250  0.230701
49300  0.230701
49350  0.230701
49400  0.230701
49450  0.230701
49500  0.230701
49550  0.230701
49600  0.230701
49650  0.230701
49700  0.230701
49750  0.230701
49800  0.230701
49850  0.230701
49900  0.230701
49950  0.230701
50000  0.230701
50050  0.230701
50100  0.230701
50150  0.230701
50200  0.230701
50250  0.230701
50300  0.230701
50350  0.230701
50400  0.230701
50450  0.230701
50500  0.230701
50550  0.230701
50600  0.230701
50650  0.230701
50700  0.230701
50750  0.230701
50800  0.230701
50850  0.230701
50900  0.230701
50950  0.230701
51000  0.230701
51050  0.230701
51100  0.230701
51150  0.230701
51200  0.230701
51250  0.230701
51300  0.230701
51350  0.230701
51400  0.230701
51450  0.230701
51500  0.230701
51550  0.230701
51600  0.230701
51650  0.230701
51700  0.230701
51750  0.230701
51800  0.230701
51850  0.230701
51900  0.230701
51950  0.230701
52000  0.230701
52050  0.230701
52100  0.230701
52150  0.230701
52200  0.230701
52250  0.230701
52300  0.230701
52350  0.230701
52400  0.230701
52450  0.230701
52500  0.230701
52550  0.230701
52600  0.230701
52650  0.230701
52700  0.230701
52750  0.230701
52800  0.230701
52850  0.230701
52900  0.230701
52950  0.230701
53000  0.230701
53050  0.230701
53100  0.230701
53150  0.230701
53200  0.230701
53250  0.230701
53300  0.230701
53350  0.230701
53400  0.230701
53450  0.230701
53500  0.230701
53550  0.230701
53600  0.230701
53650  0.230701
53700  0.230701
53750  0.230701
53800  0.230701
53850  0.230701
53900  0.230701
53950  0.230701
54000  0.230701
54050  0.230701
54100  0.230701
54150  0.230701
54200  0.230701
54250  0.230701
54300  0.230701
54350  0.230701
54400  0.230701
54450  0.230701
54500  0.230701
54550  0.230701
54600  0.230701
54650  0.230701
54700  0.230701
54750  0.230701
54800  0.230701
54850  0.230701
54900  0.230701
54950  0.230701
55000  0.230701
55050  0.230701
55100  0.230701
55150  0.230701
55200  0.230701
55250  0.230701
55300  0.230701
55350  0.230701
55400  0.230701
55450  0.230701
55500  0.230701
55550  0.230701
55600  0.230701
55650  0.230701
55700  0.230701
55750  0.230701
55800  0.230701
55850  0.230701
55900  0.230701
55950  0.230701
56000  0.230701
56050  0.230701
56100  0.230701
56150  0.230701
56200  0.230701
56250  0.230701
56300  0.230701
56350  0.230701
56400  0.230701
56450  0.230701
56500  0.230701
56550  0.230701
56600  0.230701
56650  0.230701
56700  0.230701
56750  0.230701
56800  0.230701
56850  0.230701
56900  0.230701
56950  0.230701
57000  0.230701
57050  0.230701
57100  0.230701
57150  0.230701
57200  0.230701
57250  0.230701
57300  0.230701
57350  0.230701
57400  0.230701
57450  0.230701
57500  0.230701
57550  0.230701
57600  0.230701
57650  0.230701
57700  0.230701
57750  0.230701
57800  0.230701
57850  0.230701
57900  0.230701
57950  0.230701
58000  0.230701
58050  0.230701
58100  0.230701
58150  0.230701
58200  0.230701
58250  0.230701
58300  0.230701
58350  0.230701
58400  0.230701
58450  0.230701
58500  0.230701
58550  0.230701
58600  0.230701
58650  0.230701
58700  0.230701
58750  0.230701
58800  0.230701
58850  0.230701
58900  0.230701
58950  0.230701
59000  0.230701
59050  0.230701
59100  0.230701
59150  0.230701
59200  0.230701
59250  0.230701
59300  0.230701
59350  0.230701
59400  0.230701
59450  0.230701
59500  0.230701
59550  0.230701
59600  0.230701
59650  0.230701
59700  0.230701
59750  0.230701
59800  0.230701
59850  0.230701
59900  0.230701
59950  0.230701
60000  0.230701
60050  0.230701
60100  0.230701
60150  0.230701
60200  0.230701
60250  0.230701
60300  0.230701
60350  0.230701
60400  0.230701
60450  0.230701
60500  0.230701
60550  0.230701
60600  0.230701
60650  0.230701
60700  0.230701
60750  0.230701
60800  0.230701
60850  0.230701
60900  0.230701
60950  0.230701
61000  0.230701
61050  0.230701
61100  0.230701
61150  0.230701
61200  0.230701
61250  0.230701
61300  0.230701
61350  0.230701
61400  0.230701
61450  0.230701
61500  0.230701
61550  0.230701
61600  0.230701
61650  0.230701
61700  0.230701
61750  0.230701
61800  0.230701
61850  0.230701
61900  0.230701
61950  0.230701
62000  0.230701
62050  0.230701
62100  0.230701
62150  0.230701
62200  0.230701
62250  0.230701
62300  0.230701
62350  0.230701
62400  0.230701
62450  0.230701
62500  0.230701
62550  0.230701
62600  0.230701
62650  0.230701
62700  0.230701
62750  0.230701
62800  0.230701
62850  0.230701
62900  0.230701
62950  0.230701
63000  0.230701
63050  0.230701
63100  0.230701
63150  0.230701
63200  0.230701
63250  0.230701
63300  0.230701
63350  0.230701
63400  0.230701
63450  0.230701
63500  0.230701
63550  0.230701
63600  0.230701
63650  0.230701
63700  0.230701
63750  0.230701
63800  0.230701
63850  0.230701
63900  0.230701
63950  0.230701
64000  0.230701
64050  0.230701
64100  0.230701
64150  0.230701
64200  0.230701
64250  0.230701
64300  0.230701
64350  0.230701
64400  0.230701
64450  0.230701
64500  0.230701
64550  0.230701
64600  0.230701
64650  0.230701
64700  0.230701
64750  0.230701
64800  0.230701
64850  0.230701
64900  0.230701
64950  0.230701
65000  0.230701
65050  0.230701
65100  0.230701
65150  0.230701
65200  0.230701
65250  0.230701
65300  0.230352
65350  0.230352
65400  0.230352
65450  0.230352
65500  0.230352
65550  0.230352
65600  0.230352
65650  0.230352
65700  0.230352
65750  0.230352
65800  0.230352
65850  0.230352
65900  0.230352
65950  0.230352
66000  0.230352
66050  0.230352
66100  0.230352
66150  0.230352
66200  0.230352
66250  0.230352
66300  0.230352
66350  0.230352
66400  0.230352
66450  0.230352
66500  0.230352
66550  0.230352
66600  0.230352
66650  0.230352
66700  0.230352
66750  0.230352
66800  0.230352
66850  0.230352
66900  0.230352
66950  0.230352
67000  0.230352
67050  0.230352
67100  0.230352
67150  0.230352
67200  0.230352
67250  0.230352
67300  0.230352
67350  0.230352
67400  0.230352
67450  0.230352
67500  0.230352
67550  0.230352
67600  0.230352
67650  0.230352
67700  0.230352
67750  0.230352
67800  0.230352
67850  0.230352
67900  0.230352
67950  0.230352
68000  0.230352
68050  0.230352
68100  0.230352
68150  0.230352
68200  0.230352
68250  0.230352
68300  0.230352
68350  0.230352
68400  0.230352
68450  0.230352
68500  0.230352
68550  0.230352
68600  0.230352
68650  0.230352
68700  0.230352
68750  0.230352
68800  0.230352
68850  0.230352
68900  0.230352
68950  0.230352
69000  0.230352
69050  0.230352
69100  0.230352
69150  0.230352
69200  0.230352
69250  0.230352
69300  0.230352
69350  0.230352
69400  0.230352
69450  0.230352
69500  0.230352
69550  0.230352
69600  0.230352
69650  0.230352
69700  0.230352
69750  0.230352
69800  0.230352
69850  0.230352
69900  0.230352
69950  0.230352
70000  0.230352
70050  0.230352
70100  0.230352
70150  0.230352
70200  0.230352
70250  0.230352
70300  0.230352
70350  0.230352
70400  0.230352
70450  0.230352
70500  0.230352
70550  0.230352
70600  0.230352
70650  0.230352
70700  0.230352
70750  0.230352
70800  0.230352
70850  0.230352
70900  0.230352
70950  0.230352
71000  0.230352
71050  0.230352
71100  0.230352
71150  0.230352
71200  0.227622
71250  0.227622
71300  0.227622
71350  0.227622
71400  0.227622
71450  0.227622
71500  0.227622
71550  0.227622
71600  0.227622
71650  0.227622
71700  0.227622
71750  0.227622
71800  0.227622
71850  0.227622
71900  0.227622
71950  0.227622
72000  0.227622
72050  0.227622
72100  0.227622
72150  0.227622
72200  0.227622
72250  0.227622
72300  0.227622
72350  0.227622
72400  0.227622
72450  0.227622
72500  0.227622
72550  0.227622
72600  0.227622
72650  0.227622
72700  0.227622
72750  0.227622
72800  0.227622
72850  0.227622
72900  0.227622
72950  0.227622
73000  0.227622
73050  0.227622
73100  0.227622
73150  0.227622
73200  0.227622
73250  0.227622
73300  0.227622
73350  0.227622
73400  0.227622
73450  0.227622
73500  0.227622
73550  0.227622
73600  0.227622
73650  0.227622
73700  0.227622
73750  0.227622
73800  0.227622
73850  0.227622
73900  0.227622
73950  0.227622
74000  0.227622
74050  0.227622
74100  0.227622
74150  0.227622
74200  0.227622
74250  0.227622
74300  0.227622
74350  0.227622
74400  0.227622
74450  0.227622
74500  0.227622
74550  0.227622
74600  0.227622
74650  0.227622
74700  0.227622
74750  0.227622
74800  0.227622
74850  0.227622
74900  0.227622
74950  0.227622
75000  0.227622
75050  0.227622
75100  0.227622
75150  0.227622
75200  0.227622
75250  0.227622
75300  0.227622
75350  0.227622
75400  0.227622
75450  0.227622
75500  0.227622
75550  0.227622
75600  0.227622
75650  0.227622
75700  0.227622
75750  0.227622
75800  0.227622
75850  0.227622
75900  0.227622
75950  0.227622
76000  0.227622
76050  0.227622
76100  0.227622
76150  0.227622
76200  0.227622
76250  0.227622
76300  0.227622
76350  0.227622
76400  0.227622
76450  0.227622
76500  0.227622
76550  0.227622
76600  0.227622
76650  0.227622
76700  0.227622
76750  0.227622
76800  0.227622
76850  0.227622
76900  0.227622
76950  0.227622
77000  0.227622
77050  0.227622
77100  0.227622
77150  0.227622
77200  0.227622
77250  0.227622
77300  0.227622
77350  0.227622
77400  0.227622
77450  0.227622
77500  0.227622
77550  0.227622
77600  0.227622
77650  0.227622
77700  0.227622
77750  0.227622
77800  0.227622
77850  0.227622
77900  0.227622
77950  0.227622
78000  0.227622
78050  0.227622
78100  0.227622
78150  0.227622
78200  0.227622
78250  0.227622
78300  0.227622
78350  0.227622
78400  0.227622
78450  0.227622
78500  0.227622
78550  0.227622
78600  0.227622
78650  0.227622
78700  0.227622
78750  0.227622
78800  0.227622
78850  0.227622
78900  0.227622
78950  0.227622
79000  0.227622
79050  0.227622
79100  0.227622
79150  0.227622
79200  0.227622
79250  0.227622
79300  0.227622
79350  0.227622
79400  0.227622
79450  0.227622
79500  0.227622
79550  0.227622
79600  0.227622
79650  0.227622
79700  0.227622
79750  0.227622
79800  0.227622
79850  0.227622
79900  0.227622
79950  0.227622
80000  0.227622
80050  0.227622
80100  0.227622
80150  0.227622
80200  0.227622
80250  0.227622
80300  0.227622
80350  0.227622
80400  0.227622
80450  0.227622
80500  0.227622
80550  0.227622
80600  0.227622
80650  0.227622
80700  0.227622
80750  0.227622
80800  0.227622
80850  0.227622
80900  0.227622
80950  0.227622
81000  0.227622
81050  0.227622
81100  0.227622
81150  0.227622
81200  0.227622
81250  0.227622
81300  0.227622
81350  0.227622
81400  0.227622
81450  0.227622
81500  0.227622
81550  0.227622
81600  0.227622
81650  0.227622
81700  0.227622
81750  0.227622
81800  0.227622
81850  0.227622
81900  0.227622
81950  0.227622
82000  0.227622
82050  0.227622
82100  0.227622
82150  0.227622
82200  0.227622
82250  0.227622
82300  0.227622
82350  0.227622
82400  0.227622
82450  0.227622
82500  0.227622
82550  0.227622
82600  0.227622
82650  0.227622
82700  0.227622
82750  0.227622
82800  0.227622
82850  0.227622
82900  0.227622
82950  0.227622
83000  0.227622
83050  0.227622
83100  0.227622
83150  0.227622
83200  0.227622
83250  0.227622
83300  0.227622
83350  0.227622
83400  0.227622
83450  0.227622
83500  0.227622
83550  0.227622
83600  0.227622
83650  0.227622
83700  0.227622
83750  0.227622
83800  0.227622
83850  0.227622
83900  0.227622
83950  0.227622
84000  0.227622
84050  0.227622
84100  0.227622
84150  0.227622
84200  0.227622
84250  0.227622
84300  0.227622
84350  0.227622
84400  0.227622
84450  0.227622
84500  0.227622
84550  0.227622
84600  0.227622
84650  0.227622
84700  0.227622
84750  0.227622
84800  0.227622
84850  0.227622
84900  0.227622
84950  0.227622
85000  0.227622
85050  0.227622
85100  0.227622
85150  0.227622
85200  0.227622
85250  0.227622
85300  0.227622
85350  0.227622
85400  0.227622
85450  0.227622
85500  0.227622
85550  0.227622
85600  0.227622
85650  0.227622
85700  0.227622
85750  0.227622
85800  0.227622
85850  0.227622
85900  0.227622
85950  0.227622
86000  0.227622
86050  0.227622
86100  0.227622
86150  0.227622
86200  0.227622
86250  0.227622
86300  0.227622
86350  0.227622
86400  0.227622
86450  0.227622
86500  0.227622
86550  0.227622
86600  0.227622
86650  0.227622
86700  0.227622
86750  0.227622
86800  0.227622
86850  0.227622
86900  0.227622
86950  0.227622
87000  0.227622
87050  0.227622
87100  0.227622
87150  0.227622
87200  0.227622
87250  0.227622
87300  0.227622
87350  0.227622
87400  0.227622
87450  0.227622
87500  0.227622
87550  0.227622
87600  0.227622
87650  0.227622
87700  0.227622
87750  0.227622
87800  0.227622
87850  0.227622
87900  0.227622
87950  0.227622
88000  0.227622
88050  0.227622
88100  0.227622
88150  0.227622
88200  0.227622
88250  0.227622
88300  0.227622
88350  0.227622
88400  0.227622
88450  0.227622
88500  0.227622
88550  0.227622
88600  0.227622
88650  0.227622
88700  0.227622
88750  0.227622
88800  0.227622
88850  0.227622
88900  0.227622
88950  0.227622
89000  0.227622
89050  0.227622
89100  0.227622
89150  0.227622
89200  0.227622
89250  0.227622
89300  0.227622
89350  0.227622
89400  0.227622
89450  0.227622
89500  0.227622
89550  0.227622
89600  0.227622
89650  0.227622
89700  0.227622
89750  0.227622
89800  0.227622
89850  0.227622
89900  0.227622
89950  0.227622
90000  0.227622
90050  0.227622
90100  0.227622
90150  0.227622
90200  0.227622
90250  0.227622
90300  0.227622
90350  0.227622
90400  0.227622
90450  0.227622
90500  0.227622
90550  0.227622
90600  0.227622
90650  0.227622
90700  0.227622
90750  0.227622
90800  0.227622
90850  0.227622
90900  0.227622
90950  0.227622
91000  0.227622
91050  0.227622
91100  0.227622
91150  0.227622
91200  0.227622
91250  0.227622
91300  0.227622
91350  0.227622
91400  0.227622
91450  0.227622
91500  0.227622
91550  0.227622
91600  0.227622
91650  0.227622
91700  0.227622
91750  0.227622
91800  0.227622
91850  0.227622
91900  0.227622
91950  0.227622
92000  0.227622
92050  0.227622
92100  0.227622
92150  0.227622
92200  0.227622
92250  0.227622
92300  0.227622
92350  0.227622
92400  0.227622
92450  0.227622
92500  0.227622
92550  0.227622
92600  0.227622
92650  0.227622
92700  0.227622
92750  0.227622
92800  0.227622
92850  0.227622
92900  0.227622
92950  0.227622
93000  0.227622
93050  0.227622
93100  0.227622
93150  0.227622
93200  0.227622
93250  0.227622
93300  0.227622
93350  0.227622
93400  0.227622
93450  0.227622
93500  0.227622
93550  0.227622
93600  0.227622
93650  0.227622
93700  0.227622
93750  0.227622
93800  0.227622
93850  0.227622
93900  0.227622
93950  0.227622
94000  0.227622
94050  0.227622
94100  0.227622
94150  0.227622
94200  0.227622
94250  0.227622
94300  0.227622
94350  0.227622
94400  0.227622
94450  0.227622
94500  0.227622
94550  0.227622
94600  0.227622
94650  0.227622
94700  0.227622
94750  0.227622
94800  0.227622
94850  0.227622
94900  0.227622
94950  0.227622
95000  0.227622
95050  0.227622
95100  0.227622
95150  0.227622
95200  0.227622
95250  0.227622
95300  0.227622
95350  0.227622
95400  0.227622
95450  0.227622
95500  0.227622
95550  0.227622
95600  0.227622
95650  0.227622
95700  0.227622
95750  0.227622
95800  0.227622
95850  0.227622
95900  0.227622
95950  0.227622
96000  0.227622
96050  0.227622
96100  0.227622
96150  0.227622
96200  0.227622
96250  0.227622
96300  0.227622
96350  0.227622
96400  0.227622
96450  0.227622
96500  0.227622
96550  0.227622
96600  0.227622
96650  0.227622
96700  0.227622
96750  0.227622
96800  0.227622
96850  0.227622
96900  0.227622
96950  0.227622
97000  0.227622
97050  0.227622
97100  0.227622
97150  0.227622
97200  0.227622
97250  0.227622
97300  0.227622
97350  0.227622
97400  0.227622
97450  0.227622
97500  0.227622
97550  0.227622
97600  0.227622
97650  0.227622
97700  0.227622
97750  0.227622
97800  0.227622
97850  0.227622
97900  0.227622
97950  0.227622
98000  0.227622
98050  0.227622
98100  0.227622
98150  0.227622
98200  0.227622
98250  0.227622
98300  0.227622
98350  0.227622
98400  0.227622
98450  0.227622
98500  0.227622
98550  0.227622
98600  0.227622
98650  0.227622
98700  0.227622
98750  0.227622
98800  0.227622
98850  0.227622
98900  0.227622
98950  0.227622
99000  0.227622
99050  0.227622
99100  0.227622
99150  0.227622
99200  0.227622
99250  0.227622
99300  0.227622
99350  0.227622
99400  0.227622
99450  0.227622
99500  0.227622
99550  0.227622
99600  0.227622
99650  0.227622
99700  0.227622
99750  0.227622
99800  0.227622
99850  0.227622
99900  0.227622
99950  0.227622
100000  0.227622
100050  0.227622
100100  0.227622
100150  0.227622
100200  0.227622
100250  0.227622
100300  0.227622
100350  0.227622
100400  0.227622
100450  0.227622
100500  0.227622
100550  0.227622
100600  0.227622
100650  0.227622
100700  0.227622
100750  0.227622
100800  0.227622
100850  0.227622
100900  0.227622
100950  0.227622
101000  0.227622
101050  0.227622
101100  0.227622
101150  0.227622
101200  0.227622
101250  0.227622
101300  0.227622
101350  0.227622
101400  0.227622
101450  0.227622
101500  0.227622
101550  0.227622
101600  0.227622
101650  0.227622
101700  0.227622
101750  0.227622
101800  0.227622
101850  0.227622
101900  0.227622
101950  0.227622
102000  0.227622
102050  0.227622
102100  0.227622
102150  0.227622
102200  0.227622
102250  0.227622
102300  0.227622
102350  0.227622
102400  0.227622
102450  0.227622
102500  0.227622
102550  0.227622
102600  0.227622
102650  0.227622
102700  0.227622
102750  0.227622
102800  0.227622
102850  0.227622
102900  0.227622
102950  0.227622
103000  0.227622
103050  0.227622
103100  0.227622
103150  0.227622
103200  0.227622
103250  0.227622
103300  0.227622
103350  0.227622
103400  0.227622
103450  0.227622
103500  0.227622
103550  0.227622
103600  0.227622
103650  0.227565
103700  0.227565
103750  0.227565
103800  0.227565
103850  0.227565
103900  0.227565
103950  0.227565
104000  0.227565
104050  0.227565
104100  0.227565
104150  0.227565
104200  0.227565
104250  0.227565
104300  0.227565
104350  0.227565
104400  0.227565
104450  0.227565
104500  0.227565
104550  0.227565
104600  0.227565
104650  0.227565
104700  0.227565
104750  0.227565
104800  0.227565
104850  0.227565
104900  0.227565
104950  0.227565
105000  0.227565
105050  0.227565
105100  0.227565
105150  0.227565
105200  0.227565
105250  0.227565
105300  0.227565
105350  0.227565
105400  0.227565
105450  0.227565
105500  0.227565
105550  0.227565
105600  0.227565
105650  0.227565
105700  0.227565
105750  0.227565
105800  0.227565
105850  0.227565
105900  0.227565
105950  0.227565
106000  0.227565
106050  0.227565
106100  0.227565
106150  0.227565
106200  0.227565
106250  0.227565
106300  0.227565
106350  0.227565
106400  0.227565
106450  0.227565
106500  0.227565
106550  0.227565
106600  0.227565
106650  0.227565
106700  0.227565
106750  0.227565
106800  0.227565
106850  0.227565
106900  0.227565
106950  0.227565
107000  0.227565
107050  0.227565
107100  0.227565
107150  0.227565
107200  0.227565
107250  0.227565
107300  0.227565
107350  0.227565
107400  0.227565
107450  0.227565
107500  0.227565
107550  0.227565
107600  0.227565
107650  0.227565
107700  0.227565
107750  0.227565
107800  0.227565
107850  0.227565
107900  0.227565
107950  0.227565
108000  0.227565
108050  0.227565
108100  0.227565
108150  0.227565
108200  0.227565
108250  0.227565
108300  0.227565
108350  0.227565
108400  0.227565
108450  0.227565
108500  0.227565
108550  0.227565
108600  0.227565
108650  0.227565
108700  0.227565
108750  0.227565
108800  0.227565
108850  0.227565
108900  0.227565
108950  0.227565
109000  0.227565
109050  0.227565
109100  0.227565
109150  0.227565
109200  0.227565
109250  0.227565
109300  0.227565
109350  0.227565
109400  0.227565
109450  0.227565
109500  0.227565
109550  0.227565
109600  0.227565
109650  0.227565
109700  0.227565
109750  0.227565
109800  0.227565
109850  0.227565
109900  0.227565
109950  0.227565
110000  0.227565
110050  0.227565
110100  0.227565
110150  0.227565
110200  0.227565
110250  0.227565
110300  0.227565
110350  0.227565
110400  0.227565
110450  0.227565
110500  0.227565
110550  0.227565
110600  0.227565
110650  0.227565
110700  0.227565
110750  0.227565
110800  0.227565
110850  0.227565
110900  0.227565
110950  0.227565
111000  0.227565
111050  0.227565
111100  0.227565
111150  0.227565
111200  0.227565
111250  0.227565
111300  0.227565
111350  0.227565
111400  0.227565
111450  0.227565
111500  0.227565
111550  0.227565
111600  0.227565
111650  0.227565
111700  0.227565
111750  0.227565
111800  0.227565
111850  0.227565
111900  0.227565
111950  0.227565
112000  0.227565
112050  0.227565
112100  0.227565
112150  0.227565
112200  0.227565
112250  0.227565
112300  0.227565
112350  0.227565
112400  0.227565
112450  0.227565
112500  0.227565
112550  0.227565
112600  0.227565
112650  0.227565
112700  0.227565
112750  0.227565
112800  0.227565
112850  0.227565
112900  0.227565
112950  0.227565
113000  0.227565
113050  0.227565
113100  0.227565
113150  0.227565
113200  0.227565
113250  0.227565
113300  0.227565
113350  0.227565
113400  0.227565
113450  0.227565
113500  0.227565
113550  0.227565
113600  0.227565
113650  0.227565
113700  0.227565
113750  0.227565
113800  0.227565
113850  0.227565
113900  0.227565
113950  0.227565
114000  0.227565
114050  0.227565
114100  0.227565
114150  0.227565
114200  0.227565
114250  0.227565
114300  0.227565
114350  0.227565
114400  0.227565
114450  0.227565
114500  0.227565
114550  0.227565
114600  0.227565
114650  0.227565
114700  0.227565
114750  0.227565
114800  0.227565
114850  0.227565
114900  0.227565
114950  0.227565
115000  0.227565
115050  0.227565
115100  0.227565
115150  0.227565
115200  0.227565
115250  0.227565
115300  0.227565
115350  0.227565
115400  0.227565
115450  0.227565
115500  0.227565
115550  0.227565
115600  0.227565
115650  0.227565
115700  0.227565
115750  0.227565
115800  0.227565
115850  0.227565
115900  0.227565
115950  0.227565
116000  0.227565
116050  0.227565
116100  0.227565
116150  0.227565
116200  0.227565
116250  0.227565
116300  0.227565
116350  0.227565
116400  0.227565
116450  0.227565
116500  0.227565
116550  0.227565
116600  0.227565
116650  0.227565
116700  0.227565
116750  0.227565
116800  0.227565
116850  0.227565
116900  0.227565
116950  0.227565
117000  0.227565
117050  0.227565
117100  0.227565
117150  0.227565
117200  0.227565
117250  0.227565
117300  0.227565
117350  0.227565
117400  0.227565
117450  0.227565
117500  0.227565
117550  0.227565
117600  0.227565
117650  0.227565
117700  0.227565
117750  0.227565
117800  0.227565
117850  0.227565
117900  0.227565
117950  0.227565
118000  0.227565
118050  0.227565
118100  0.227565
118150  0.227565
118200  0.227565
118250  0.227565
118300  0.227565
118350  0.227565
118400  0.227565
118450  0.227565
118500  0.227565
118550  0.227565
118600  0.227565
118650  0.227565
118700  0.227565
118750  0.227565
118800  0.227565
118850  0.227565
118900  0.227565
118950  0.227565
119000  0.227565
119050  0.227565
119100  0.227565
119150  0.227565
119200  0.227565
119250  0.227565
119300  0.227565
119350  0.227565
119400  0.227565
119450  0.227565
119500  0.227565
119550  0.227565
119600  0.227565
119650  0.227565
119700  0.227565
119750  0.227565
119800  0.227565
119850  0.227565
119900  0.227565
119950  0.227565
120000  0.227565
120050  0.227565
120100  0.227565
120150  0.227565
120200  0.227565
120250  0.227565
120300  0.227565
120350  0.227565
120400  0.227565
120450  0.227565
120500  0.227565
120550  0.227565
120600  0.227565
120650  0.227565
120700  0.227565
120750  0.227565
120800  0.227565
120850  0.227565
120900  0.227565
120950  0.227565
121000  0.227565
121050  0.227565
121100  0.227565
121150  0.227565
121200  0.227565
121250  0.227565
121300  0.227565
121350  0.227565
121400  0.227565
121450  0.227565
121500  0.227565
121550  0.227565
121600  0.227565
121650  0.227565
121700  0.227565
121750  0.227565
121800  0.227565
121850  0.227565
121900  0.227565
121950  0.227565
122000  0.227565
122050  0.227565
122100  0.227565
122150  0.227565
122200  0.227565
122250  0.227565
122300  0.227565
122350  0.227565
122400  0.227565
122450  0.227565
122500  0.227565
122550  0.227565
122600  0.227565
122650  0.227565
122700  0.227565
122750  0.227565
122800  0.227565
122850  0.227565
122900  0.227565
122950  0.227565
123000  0.227565
123050  0.227565
123100  0.227565
123150  0.227565
123200  0.227565
123250  0.227565
123300  0.227565
123350  0.227565
123400  0.227565
123450  0.227565
123500  0.227565
123550  0.227565
123600  0.227565
123650  0.227565
123700  0.227565
123750  0.227565
123800  0.227565
123850  0.227565
123900  0.227565
123950  0.227565
124000  0.227565
124050  0.227565
124100  0.227565
124150  0.227565
124200  0.227565
124250  0.227565
124300  0.227565
124350  0.227565
124400  0.227565
124450  0.227565
124500  0.227565
124550  0.227565
124600  0.227565
124650  0.227565
124700  0.227565
124750  0.227565
124800  0.227565
124850  0.227565
124900  0.227565
124950  0.227565
125000  0.227565
125050  0.227565
125100  0.227565
125150  0.227565
125200  0.227565
125250  0.227565
125300  0.227565
125350  0.227565
125400  0.227565
125450  0.227565
125500  0.227565
125550  0.227565
