Step  Penalty
50  0.567081
100  0.521051
150  0.5047
200  0.471445
250  0.447698
300  0.421747
350  0.392375
400  0.361577
450  0.336137
500  0.314726
550  0.299797
600  0.287998
650  0.279825
700  0.271299
750  0.264792
800  0.259589
850  0.256293
900  0.25342
950  0.250895
1000  0.247955
1050  0.244623
1100  0.242428
1150  0.24105
1200  0.239505
1250  0.239009
1300  0.23837
1350  0.237106
1400  0.236285
1450  0.235947
1500  0.235311
1550  0.234571
1600  0.234339
1650  0.233615
1700  0.233306
1750  0.233111
1800  0.233064
1850  0.233019
1900  0.232838
1950  0.232656
2000  0.232579
2050  0.232422
2100  0.232294
2150  0.232212
2200  0.232212
2250  0.232006
2300  0.231965
2350  0.231919
2400  0.231614
2450  0.231328
2500  0.231307
2550  0.231213
2600  0.231213
2650  0.23113
2700  0.231074
2750  0.231031
2800  0.231031
2850  0.230974
2900  0.230871
2950  0.230848
3000  0.230637
3050  0.230466
3100  0.230299
3150  0.230299
3200  0.230299
3250  0.230169
3300  0.230169
3350  0.230163
3400  0.230163
3450  0.230163
3500  0.230163
3550  0.230163
3600  0.230163
3650  0.230053
3700  0.229959
3750  0.229958
3800  0.229915
3850  0.229787
3900  0.229508
3950  0.229494
4000  0.229494
4050  0.229423
4100  0.229423
4150  0.229389
4200  0.229371
4250  0.229371
4300  0.229371
4350  0.229371
4400  0.229371
4450  0.229371
4500  0.229354
4550  0.229354
4600  0.229283
4650  0.229283
4700  0.229248
4750  0.229212
4800  0.229092
4850  0.229092
4900  0.229092
4950  0.229092
5000  0.229092
5050  0.229092
5100  0.229092
5150  0.229092
5200  0.229092
5250  0.229092
5300  0.229092
5350  0.229092
5400  0.228956
5450  0.228956
5500  0.228956
5550  0.228956
5600  0.228888
5650  0.228888
5700  0.228888
5750  0.228888
5800  0.228888
5850  0.228859
5900  0.228813
5950  0.228813
6000  0.228813
6050  0.228813
6100  0.228813
6150  0.228813
6200  0.228813
6250  0.22878
6300  0.228757
6350  0.228757
6400  0.228757
6450  0.228735
6500  0.228735
6550  0.228735
6600  0.228735
6650  0.228705
6700  0.228705
6750  0.228705
6800  0.228705
6850  0.228674
6900  0.228637
6950  0.228627
7000  0.228627
7050  0.228627
7100  0.228621
7150  0.228621
7200  0.228621
7250  0.22854
7300  0.22854
7350  0.228516
7400  0.228514
7450  0.228514
7500  0.22844
7550  0.22844
7600  0.22844
7650  0.22844
7700  0.228423
7750  0.228423
7800  0.228407
7850  0.228357
7900  0.228357
7950  0.228343
8000  0.228343
8050  0.228343
8100  0.228343
8150  0.228343
8200  0.228267
8250  0.228267
8300  0.228267
8350  0.228267
8400  0.228267
8450  0.228262
8500  0.22817
8550  0.22817
8600  0.22817
8650  0.22817
8700  0.22817
8750  0.22817
8800  0.22817
8850  0.22817
8900  0.22817
8950  0.22817
9000  0.22817
9050  0.228142
9100  0.228142
9150  0.2281
9200  0.2281
9250  0.228044
9300  0.228044
9350  0.228044
9400  0.228044
9450  0.227983
9500  0.227983
9550  0.227983
9600  0.227983
9650  0.227983
9700  0.227948
9750  0.227933
9800  0.227933
9850  0.227933
9900  0.227885
9950  0.227885
10000  0.227748
10050  0.227748
10100  0.227748
10150  0.227685
10200  0.227636
10250  0.227636
10300  0.227636
10350  0.227636
10400  0.227636
10450  0.227611
10500  0.227611
10550  0.227514
10600  0.227514
10650  0.227514
10700  0.227514
10750  0.227514
10800  0.227491
10850  0.227491
10900  0.227432
10950  0.227432
11000  0.227432
11050  0.227432
11100  0.22743
11150  0.22743
11200  0.22743
11250  0.22743
11300  0.227405
11350  0.227405
11400  0.227405
11450  0.227405
11500  0.227405
11550  0.227405
11600  0.227405
11650  0.227405
11700  0.227405
11750  0.227405
11800  0.227405
11850  0.227404
11900  0.227404
11950  0.227404
12000  0.227404
12050  0.227404
12100  0.227404
12150  0.227346
12200  0.227346
12250  0.227346
12300  0.227346
12350  0.227344
12400  0.227344
12450  0.227344
12500  0.22708
12550  0.22708
12600  0.22708
12650  0.22708
12700  0.22708
12750  0.22708
12800  0.22708
12850  0.227075
12900  0.227075
12950  0.227075
13000  0.227075
13050  0.226997
13100  0.226997
13150  0.22697
13200  0.22697
13250  0.22697
13300  0.22697
13350  0.22697
13400  0.22697
13450  0.22697
13500  0.22697
13550  0.22697
13600  0.226934
13650  0.226934
13700  0.226913
13750  0.226913
13800  0.226873
13850  0.226873
13900  0.226873
13950  0.226873
14000  0.226856
14050  0.226856
14100  0.226856
14150  0.226698
14200  0.22665
14250  0.22665
14300  0.22665
14350  0.22665
14400  0.22665
14450  0.22665
14500  0.226601
14550  0.226601
14600  0.226601
14650  0.226581
14700  0.226581
14750  0.226563
14800  0.226563
14850  0.226563
14900  0.226563
14950  0.226563
15000  0.226513
15050  0.226513
15100  0.226513
15150  0.226485
15200  0.226485
15250  0.226451
15300  0.226451
15350  0.226451
15400  0.226451
15450  0.226451
15500  0.226451
15550  0.226451
15600  0.226437
15650  0.226437
15700  0.226437
15750  0.226365
15800  0.226365
15850  0.226365
15900  0.226365
15950  0.226365
16000  0.226365
16050  0.226365
16100  0.226365
16150  0.226365
16200  0.226365
16250  0.226365
16300  0.226365
16350  0.226365
16400  0.226354
16450  0.226354
16500  0.226354
16550  0.226354
16600  0.226354
16650  0.226354
16700  0.226354
16750  0.226353
16800  0.22635
16850  0.22635
16900  0.226333
16950  0.226218
17000  0.226218
17050  0.226218
17100  0.226218
17150  0.226218
17200  0.226218
17250  0.226218
17300  0.226218
17350  0.226218
17400  0.226135
17450  0.226133
17500  0.226133
17550  0.226133
17600  0.226133
17650  0.226133
17700  0.226133
17750  0.226133
17800  0.226133
17850  0.226133
17900  0.226133
17950  0.226119
18000  0.226119
18050  0.226119
18100  0.226119
18150  0.226119
18200  0.226119
18250  0.226119
18300  0.226119
18350  0.226119
18400  0.226119
18450  0.226119
18500  0.226119
18550  0.226119
18600  0.226119
18650  0.226119
18700  0.226119
18750  0.226115
18800  0.226071
18850  0.226071
18900  0.226071
18950  0.226071
19000  0.225965
19050  0.225965
19100  0.225963
19150  0.225963
19200  0.225898
19250  0.225898
19300  0.225898
19350  0.225898
19400  0.225898
19450  0.225898
19500  0.225869
19550  0.225869
19600  0.225825
19650  0.225808
19700  0.225808
19750  0.225808
19800  0.225808
19850  0.225808
19900  0.225808
19950  0.225808
20000  0.225792
20050  0.225792
20100  0.225792
20150  0.225792
20200  0.225792
20250  0.225792
20300  0.225792
20350  0.225792
20400  0.225753
20450  0.225753
20500  0.225675
20550  0.225675
20600  0.225616
20650  0.225561
20700  0.225537
20750  0.225537
20800  0.225537
20850  0.225537
20900  0.225537
20950  0.225537
21000  0.225447
21050  0.225447
21100  0.225447
21150  0.225447
21200  0.225447
21250  0.22527
21300  0.22527
21350  0.225245
21400  0.225245
21450  0.225245
21500  0.225245
21550  0.225245
21600  0.225245
21650  0.225245
21700  0.22523
21750  0.22523
21800  0.22523
21850  0.22523
21900  0.22523
21950  0.22523
22000  0.22523
22050  0.22523
22100  0.22523
22150  0.22523
22200  0.22523
22250  0.225177
22300  0.225177
22350  0.22517
22400  0.22517
22450  0.22517
22500  0.22517
22550  0.22517
22600  0.22517
22650  0.22517
22700  0.22517
22750  0.22517
22800  0.22517
22850  0.22517
22900  0.22517
22950  0.22517
23000  0.22517
23050  0.22517
23100  0.22517
23150  0.22517
23200  0.225146
23250  0.225146
23300  0.225145
23350  0.225145
23400  0.225145
23450  0.225145
23500  0.225049
23550  0.225016
23600  0.225016
23650  0.225008
23700  0.225008
23750  0.225008
23800  0.225001
23850  0.225001
23900  0.224893
23950  0.224816
24000  0.22481
24050  0.22481
24100  0.22481
24150  0.22481
24200  0.22481
24250  0.22481
24300  0.22481
24350  0.22481
24400  0.22481
24450  0.22481
24500  0.22481
24550  0.22481
24600  0.22481
24650  0.22481
24700  0.224734
24750  0.224734
24800  0.224734
24850  0.224734
24900  0.224668
24950  0.224668
25000  0.224668
25050  0.224668
25100  0.224668
25150  0.224668
25200  0.224668
25250  0.224681
25300  0.224681
25350  0.224656
25400  0.224656
25450  0.224656
25500  0.224656
25550  0.224656
25600  0.224656
25650  0.224656
25700  0.224656
25750  0.224656
25800  0.224656
25850  0.224656
25900  0.224656
25950  0.224656
26000  0.224656
26050  0.224656
26100  0.224656
26150  0.224627
26200  0.224627
26250  0.224627
26300  0.224574
26350  0.224574
26400  0.224574
26450  0.224574
26500  0.224543
26550  0.224543
26600  0.224543
26650  0.224543
26700  0.224543
26750  0.224543
26800  0.224543
26850  0.224543
26900  0.224543
26950  0.224543
27000  0.224543
27050  0.224543
27100  0.224543
27150  0.224543
27200  0.224543
27250  0.224543
27300  0.224437
27350  0.224437
27400  0.224437
27450  0.224437
27500  0.224437
27550  0.224437
27600  0.224437
27650  0.224429
27700  0.224429
27750  0.224422
27800  0.224422
27850  0.224422
27900  0.224355
27950  0.224355
28000  0.224355
28050  0.224355
28100  0.224355
28150  0.224355
28200  0.224355
28250  0.224355
28300  0.224355
28350  0.224318
28400  0.224318
28450  0.224318
28500  0.224318
28550  0.224318
28600  0.224318
28650  0.224318
28700  0.224318
28750  0.224307
28800  0.224307
28850  0.224307
28900  0.224273
28950  0.224258
29000  0.224124
29050  0.224124
29100  0.224124
29150  0.224124
29200  0.224124
29250  0.224124
29300  0.224124
29350  0.224124
29400  0.22407
29450  0.22407
29500  0.224034
29550  0.224034
29600  0.224034
29650  0.224034
29700  0.224034
29750  0.224034
29800  0.224034
29850  0.224034
29900  0.224034
29950  0.224034
30000  0.224034
30050  0.224034
30100  0.224034
30150  0.224034
30200  0.224034
30250  0.224034
30300  0.223999
30350  0.223999
30400  0.223999
30450  0.223999
30500  0.223924
30550  0.223924
30600  0.223924
30650  0.223924
30700  0.223898
30750  0.223898
30800  0.223898
30850  0.223898
30900  0.223898
30950  0.223898
31000  0.223898
31050  0.223898
31100  0.223898
31150  0.223898
31200  0.223898
31250  0.223869
31300  0.223869
31350  0.223869
31400  0.223869
31450  0.223869
31500  0.223869
31550  0.223869
31600  0.223869
31650  0.223869
31700  0.223869
31750  0.223869
31800  0.223869
31850  0.223869
31900  0.223869
31950  0.223869
32000  0.223869
32050  0.223869
32100  0.223869
32150  0.223869
32200  0.223869
32250  0.223869
32300  0.223869
32350  0.223869
32400  0.223869
32450  0.223779
32500  0.223779
32550  0.223779
32600  0.223704
32650  0.223704
32700  0.223704
32750  0.223704
32800  0.223704
32850  0.223704
32900  0.223704
32950  0.223704
33000  0.223685
33050  0.223685
33100  0.223665
33150  0.223665
33200  0.223665
33250  0.223665
33300  0.223665
33350  0.223665
33400  0.223665
33450  0.223665
33500  0.223665
33550  0.223665
33600  0.223665
33650  0.22363
33700  0.22363
33750  0.22363
33800  0.22363
33850  0.22363
33900  0.22363
33950  0.22363
34000  0.22363
34050  0.22363
34100  0.22363
34150  0.22363
34200  0.22363
34250  0.223608
34300  0.223608
34350  0.223608
34400  0.223608
34450  0.223608
34500  0.223608
34550  0.223608
34600  0.223608
34650  0.223608
34700  0.223608
34750  0.223599
34800  0.223599
34850  0.223599
34900  0.223599
34950  0.223599
35000  0.223599
35050  0.223599
35100  0.223599
35150  0.223599
35200  0.223599
35250  0.223599
35300  0.223599
35350  0.223599
35400  0.223599
35450  0.223599
35500  0.223599
35550  0.223599
35600  0.223599
35650  0.223599
35700  0.223599
35750  0.223599
35800  0.223599
35850  0.223599
35900  0.223599
35950  0.223599
36000  0.223599
36050  0.223599
36100  0.223599
36150  0.223554
36200  0.223554
36250  0.223554
36300  0.223554
36350  0.223554
36400  0.223554
36450  0.223554
36500  0.223554
36550  0.223554
36600  0.223554
36650  0.223554
36700  0.223554
36750  0.223554
36800  0.223554
36850  0.223554
36900  0.223554
36950  0.223554
37000  0.223554
37050  0.223554
37100  0.223554
37150  0.223554
37200  0.223554
37250  0.223554
37300  0.223554
37350  0.223554
37400  0.223554
37450  0.223554
37500  0.223554
37550  0.223508
37600  0.223508
37650  0.223508
37700  0.223508
37750  0.223508
37800  0.223508
37850  0.223508
37900  0.223508
37950  0.223508
38000  0.223508
38050  0.223508
38100  0.223508
38150  0.223508
38200  0.223508
38250  0.223508
38300  0.223508
38350  0.223475
38400  0.223475
38450  0.223475
38500  0.223395
38550  0.223395
38600  0.223361
38650  0.223361
38700  0.223361
38750  0.223361
38800  0.223361
38850  0.223361
38900  0.223361
38950  0.223361
39000  0.223361
39050  0.223361
39100  0.223361
39150  0.223361
39200  0.223361
39250  0.223361
39300  0.223361
39350  0.223361
39400  0.223273
39450  0.223273
39500  0.223273
39550  0.223273
39600  0.223273
39650  0.223273
39700  0.223273
39750  0.223273
39800  0.223273
39850  0.223273
39900  0.223273
39950  0.223273
40000  0.223273
40050  0.223273
40100  0.223273
40150  0.223273
40200  0.223273
40250  0.223273
40300  0.223236
40350  0.223236
40400  0.223236
40450  0.223198
40500  0.223198
40550  0.223198
40600  0.223198
40650  0.223198
40700  0.223198
40750  0.223185
40800  0.223185
40850  0.223185
40900  0.223185
40950  0.223185
41000  0.223185
41050  0.223185
41100  0.223185
41150  0.223185
41200  0.223185
41250  0.223185
41300  0.223185
41350  0.223185
41400  0.223134
41450  0.223134
41500  0.223134
41550  0.223134
41600  0.223134
41650  0.223134
41700  0.223134
41750  0.223134
41800  0.223134
41850  0.223134
41900  0.223134
41950  0.223134
42000  0.223134
42050  0.223134
42100  0.223134
42150  0.223134
42200  0.223134
42250  0.223134
42300  0.223134
42350  0.223044
42400  0.223044
42450  0.223044
42500  0.223044
42550  0.223044
42600  0.223044
42650  0.223044
42700  0.223044
42750  0.223044
42800  0.223044
42850  0.223044
42900  0.223044
42950  0.223044
43000  0.223044
43050  0.223044
43100  0.223044
43150  0.223044
43200  0.223044
43250  0.223044
43300  0.223044
43350  0.223044
43400  0.223044
43450  0.223044
43500  0.223044
43550  0.223044
43600  0.223044
43650  0.223044
43700  0.223044
43750  0.223044
43800  0.223044
43850  0.223044
43900  0.223044
43950  0.223044
44000  0.223044
44050  0.223044
44100  0.223038
44150  0.223038
44200  0.223038
44250  0.223038
44300  0.223038
44350  0.223038
44400  0.223038
44450  0.223038
44500  0.223038
44550  0.223038
44600  0.223038
44650  0.223038
44700  0.223038
44750  0.223038
44800  0.223038
44850  0.223038
44900  0.223038
44950  0.223038
45000  0.223038
45050  0.223038
45100  0.223038
45150  0.223038
45200  0.223038
45250  0.223038
45300  0.223038
45350  0.223038
45400  0.223038
45450  0.223038
45500  0.223038
45550  0.223038
45600  0.223038
45650  0.223038
45700  0.223038
45750  0.223038
45800  0.223038
45850  0.223038
45900  0.223038
45950  0.223038
46000  0.223038
46050  0.223038
46100  0.223038
46150  0.223038
46200  0.223038
46250  0.223038
46300  0.223038
46350  0.223038
46400  0.223038
46450  0.223038
46500  0.223038
46550  0.223038
46600  0.223038
46650  0.223038
46700  0.223038
46750  0.223038
46800  0.223038
46850  0.223038
46900  0.223038
46950  0.223038
47000  0.223038
47050  0.223038
47100  0.223038
47150  0.223038
47200  0.223018
47250  0.223018
47300  0.223018
47350  0.223018
47400  0.223018
47450  0.223018
47500  0.223018
47550  0.223018
47600  0.223018
47650  0.223018
47700  0.223018
47750  0.223018
47800  0.223018
47850  0.223018
47900  0.223018
47950  0.223018
48000  0.223018
48050  0.223018
48100  0.223018
48150  0.223018
48200  0.223018
48250  0.223018
48300  0.223018
48350  0.223018
48400  0.223018
48450  0.223018
48500  0.223018
48550  0.223018
48600  0.223018
48650  0.223018
48700  0.223018
48750  0.223018
48800  0.223018
48850  0.223008
48900  0.223008
48950  0.223008
49000  0.223008
49050  0.223008
49100  0.223008
49150  0.223008
49200  0.222928
49250  0.222928
49300  0.222928
49350  0.222928
49400  0.222928
49450  0.222928
49500  0.222928
49550  0.222887
49600  0.222887
49650  0.222885
49700  0.222885
49750  0.222885
49800  0.222885
49850  0.222885
49900  0.222885
49950  0.222885
50000  0.222885
50050  0.222885
50100  0.222839
50150  0.222839
50200  0.222839
50250  0.222839
50300  0.222839
50350  0.222839
50400  0.222839
50450  0.222839
50500  0.222839
50550  0.222839
50600  0.222839
50650  0.222839
50700  0.222839
50750  0.222839
50800  0.222839
50850  0.222839
50900  0.222839
50950  0.222839
51000  0.222839
51050  0.222839
51100  0.222839
51150  0.222839
51200  0.222839
51250  0.222839
51300  0.222839
51350  0.222839
51400  0.222839
51450  0.222839
51500  0.222839
51550  0.222839
51600  0.222839
51650  0.222839
51700  0.222839
51750  0.222839
51800  0.222839
51850  0.222839
51900  0.222839
51950  0.222839
52000  0.222839
52050  0.222839
52100  0.222839
52150  0.222839
52200  0.222839
52250  0.222839
52300  0.222839
52350  0.222839
52400  0.222839
52450  0.222839
52500  0.222839
52550  0.222839
52600  0.222839
52650  0.222839
52700  0.222839
52750  0.222839
52800  0.222839
52850  0.222839
52900  0.222839
52950  0.222839
53000  0.222839
53050  0.222839
53100  0.222839
53150  0.222839
53200  0.222839
53250  0.222839
53300  0.222839
53350  0.222839
53400  0.222839
53450  0.222839
53500  0.222839
53550  0.222839
53600  0.222839
53650  0.222839
53700  0.222839
53750  0.222839
53800  0.222839
53850  0.22282
53900  0.22282
53950  0.22282
54000  0.222798
54050  0.222798
54100  0.222798
54150  0.222798
54200  0.222798
54250  0.222798
54300  0.222798
54350  0.222798
54400  0.222798
54450  0.222798
54500  0.222781
54550  0.222781
54600  0.222781
54650  0.222781
54700  0.222781
54750  0.222781
54800  0.222781
54850  0.222781
54900  0.222781
54950  0.222781
55000  0.222781
55050  0.222743
55100  0.222743
55150  0.222743
55200  0.222743
55250  0.222743
55300  0.222743
55350  0.222743
55400  0.222743
55450  0.222743
55500  0.222743
55550  0.222743
55600  0.222743
55650  0.222743
55700  0.222743
55750  0.222743
55800  0.222743
55850  0.222743
55900  0.222743
55950  0.222743
56000  0.222692
56050  0.222692
56100  0.222691
56150  0.222691
56200  0.222691
56250  0.222691
56300  0.222691
56350  0.222691
56400  0.222691
56450  0.222691
56500  0.222691
56550  0.222691
56600  0.222691
56650  0.222691
56700  0.222691
56750  0.222691
56800  0.222691
56850  0.222691
56900  0.222691
56950  0.222691
57000  0.222691
57050  0.222691
57100  0.222691
57150  0.222691
57200  0.222691
57250  0.222691
57300  0.222691
57350  0.222691
57400  0.222691
57450  0.222691
57500  0.222691
57550  0.222691
57600  0.222691
57650  0.222691
57700  0.222691
57750  0.222691
57800  0.222691
57850  0.222609
57900  0.222609
57950  0.222609
58000  0.222609
58050  0.222609
58100  0.222568
58150  0.222514
58200  0.222514
58250  0.222514
58300  0.222514
58350  0.222514
58400  0.222514
58450  0.22247
58500  0.22247
58550  0.22247
58600  0.22247
58650  0.22247
58700  0.22247
58750  0.22247
58800  0.22247
58850  0.22247
58900  0.22247
58950  0.22247
59000  0.22247
59050  0.22247
59100  0.22247
59150  0.22247
59200  0.22247
59250  0.222468
59300  0.222468
59350  0.222468
59400  0.222468
59450  0.222468
59500  0.222468
59550  0.222468
59600  0.222468
59650  0.222468
59700  0.222468
59750  0.222468
59800  0.222468
59850  0.222468
59900  0.222468
59950  0.222468
60000  0.222468
60050  0.222468
60100  0.222468
60150  0.222468
60200  0.222468
60250  0.222468
60300  0.222468
60350  0.222468
60400  0.222468
60450  0.222468
60500  0.222468
60550  0.222468
60600  0.222355
60650  0.222355
60700  0.222355
60750  0.222355
60800  0.222355
60850  0.222355
60900  0.222355
60950  0.222355
61000  0.222355
61050  0.222355
61100  0.222355
61150  0.222355
61200  0.222355
61250  0.222355
61300  0.222355
61350  0.222355
61400  0.222355
61450  0.222355
61500  0.222355
61550  0.222355
61600  0.222355
61650  0.222355
61700  0.222355
61750  0.222355
61800  0.222355
61850  0.222355
61900  0.222355
61950  0.222355
62000  0.222355
62050  0.222355
62100  0.222355
62150  0.222355
62200  0.222355
62250  0.222355
62300  0.222355
62350  0.222355
62400  0.222355
62450  0.222355
62500  0.222355
62550  0.222355
62600  0.222355
62650  0.222355
62700  0.222355
62750  0.222355
62800  0.222355
62850  0.222355
62900  0.222355
62950  0.222355
63000  0.222355
63050  0.222355
63100  0.222355
63150  0.222355
63200  0.222355
63250  0.222355
63300  0.222355
63350  0.222355
63400  0.222355
63450  0.22233
63500  0.22233
63550  0.22233
63600  0.22233
63650  0.22233
63700  0.22233
63750  0.22233
63800  0.22233
63850  0.22233
63900  0.22233
63950  0.22233
64000  0.22233
64050  0.22233
64100  0.22233
64150  0.22233
64200  0.22233
64250  0.22233
64300  0.22233
64350  0.22233
64400  0.22233
64450  0.22233
64500  0.22233
64550  0.22233
64600  0.22233
64650  0.22233
64700  0.222242
64750  0.222242
64800  0.222242
64850  0.222242
64900  0.222242
64950  0.222242
65000  0.222242
65050  0.222242
65100  0.222242
65150  0.222241
65200  0.222241
65250  0.222241
65300  0.222241
65350  0.222241
65400  0.22221
65450  0.22221
65500  0.22221
65550  0.22221
65600  0.22221
65650  0.22221
65700  0.22221
65750  0.22221
65800  0.22221
65850  0.222188
65900  0.222188
65950  0.222188
66000  0.222188
66050  0.222188
66100  0.222188
66150  0.222188
66200  0.222188
66250  0.222188
66300  0.222188
66350  0.222071
66400  0.222071
66450  0.222071
66500  0.222071
66550  0.222071
66600  0.222071
66650  0.222071
66700  0.222071
66750  0.222071
66800  0.222071
66850  0.222071
66900  0.222028
66950  0.222028
67000  0.222028
67050  0.222028
67100  0.222028
67150  0.222028
67200  0.222028
67250  0.222028
67300  0.222028
67350  0.222028
67400  0.222028
67450  0.222028
67500  0.221969
67550  0.22196
67600  0.22196
67650  0.22196
67700  0.22196
67750  0.22196
67800  0.22196
67850  0.22196
67900  0.22196
67950  0.22196
68000  0.22196
68050  0.22196
68100  0.22196
68150  0.22196
68200  0.22196
68250  0.22196
68300  0.22196
68350  0.22196
68400  0.22196
68450  0.22196
68500  0.22196
68550  0.221895
68600  0.221895
68650  0.221895
68700  0.221895
68750  0.221895
68800  0.221895
68850  0.221895
68900  0.221895
68950  0.221895
69000  0.221895
69050  0.221895
69100  0.221895
69150  0.221895
69200  0.221895
69250  0.221895
69300  0.221895
69350  0.221895
69400  0.221895
69450  0.221895
69500  0.221895
69550  0.221895
69600  0.221895
69650  0.221895
69700  0.221895
69750  0.221895
69800  0.221895
69850  0.221895
69900  0.221895
69950  0.221895
70000  0.221895
70050  0.221895
70100  0.221895
70150  0.221895
70200  0.221895
70250  0.221895
70300  0.221895
70350  0.221895
70400  0.221895
70450  0.221895
70500  0.221895
70550  0.221895
70600  0.221895
70650  0.221895
70700  0.221895
70750  0.221895
70800  0.221895
70850  0.221895
70900  0.221895
70950  0.221895
71000  0.221895
71050  0.221895
71100  0.221895
71150  0.221895
71200  0.221895
71250  0.221895
71300  0.221895
71350  0.221895
71400  0.221895
71450  0.221895
71500  0.221895
71550  0.221895
71600  0.221895
71650  0.221895
71700  0.221895
71750  0.221895
71800  0.221895
71850  0.221895
71900  0.221895
71950  0.221895
72000  0.221895
72050  0.221895
72100  0.221895
72150  0.221895
72200  0.221895
72250  0.221895
72300  0.221895
72350  0.221895
72400  0.221895
72450  0.221895
72500  0.221895
72550  0.221895
72600  0.221895
72650  0.221895
72700  0.221895
72750  0.221895
72800  0.221895
72850  0.221895
72900  0.221875
72950  0.221875
73000  0.221875
73050  0.221875
73100  0.221875
73150  0.221875
73200  0.221875
73250  0.221875
73300  0.221875
73350  0.221875
73400  0.221875
73450  0.221875
73500  0.221875
73550  0.221875
73600  0.221875
73650  0.221875
73700  0.221875
73750  0.221875
73800  0.221875
73850  0.221875
73900  0.221875
73950  0.221875
74000  0.221875
74050  0.221875
74100  0.221875
74150  0.221875
74200  0.221875
74250  0.221875
74300  0.221875
74350  0.221875
74400  0.221875
74450  0.221875
74500  0.221875
74550  0.221875
74600  0.221875
74650  0.221875
74700  0.221875
74750  0.221875
74800  0.221875
74850  0.221875
74900  0.221875
74950  0.221875
75000  0.221875
75050  0.221875
75100  0.221875
75150  0.221875
75200  0.221805
75250  0.221805
75300  0.221805
75350  0.221805
75400  0.221805
75450  0.221805
75500  0.221805
75550  0.221805
75600  0.221692
75650  0.221692
75700  0.221692
75750  0.221692
75800  0.221692
75850  0.221692
75900  0.221692
75950  0.221692
76000  0.221692
76050  0.221692
76100  0.221692
76150  0.221692
76200  0.221692
76250  0.221692
76300  0.221692
76350  0.221692
76400  0.221692
76450  0.221692
76500  0.221692
76550  0.221692
76600  0.221692
76650  0.221692
76700  0.221692
76750  0.221692
76800  0.221692
76850  0.221692
76900  0.221692
76950  0.221692
77000  0.221692
77050  0.221692
77100  0.221692
77150  0.221692
77200  0.221692
77250  0.221692
77300  0.221692
77350  0.221692
77400  0.221692
77450  0.221692
77500  0.221692
77550  0.221692
77600  0.221692
77650  0.221692
77700  0.221692
77750  0.221692
77800  0.221692
77850  0.221692
77900  0.221692
77950  0.221692
78000  0.221692
78050  0.221692
78100  0.221692
78150  0.221692
78200  0.221692
78250  0.221692
78300  0.221692
78350  0.221692
78400  0.221692
78450  0.221692
78500  0.221692
78550  0.221692
78600  0.221689
78650  0.221689
78700  0.221689
78750  0.221689
78800  0.221689
78850  0.221689
78900  0.221689
78950  0.221689
79000  0.221689
79050  0.221689
79100  0.221689
79150  0.221689
79200  0.221689
79250  0.221689
79300  0.221689
79350  0.221689
79400  0.221689
79450  0.221689
79500  0.221689
79550  0.221689
79600  0.221689
79650  0.221689
79700  0.221689
79750  0.221689
79800  0.221689
79850  0.221689
79900  0.221689
79950  0.221689
80000  0.221689
80050  0.221689
80100  0.221689
80150  0.221689
80200  0.221689
80250  0.221689
80300  0.221689
80350  0.221689
80400  0.221689
80450  0.221689
80500  0.221689
80550  0.221689
80600  0.221689
80650  0.221689
80700  0.221689
80750  0.221689
80800  0.221689
80850  0.221689
80900  0.221689
80950  0.221689
81000  0.221689
81050  0.221689
81100  0.221689
81150  0.221689
81200  0.221689
81250  0.221623
81300  0.221623
81350  0.221623
81400  0.221623
81450  0.221623
81500  0.221623
81550  0.221623
81600  0.221623
81650  0.221623
81700  0.221605
81750  0.221605
81800  0.221605
81850  0.221605
81900  0.221605
81950  0.221605
82000  0.221605
82050  0.221605
82100  0.221605
82150  0.221605
82200  0.221605
82250  0.221605
82300  0.221605
82350  0.221605
82400  0.221531
82450  0.221529
82500  0.221529
82550  0.221529
82600  0.221529
82650  0.221529
82700  0.221529
82750  0.221529
82800  0.221529
82850  0.221529
82900  0.221529
82950  0.221529
83000  0.221529
83050  0.221529
83100  0.221529
83150  0.221529
83200  0.221529
83250  0.221529
83300  0.221529
83350  0.221529
83400  0.221529
83450  0.221529
83500  0.221529
83550  0.221498
83600  0.221498
83650  0.221498
83700  0.221498
83750  0.221498
83800  0.221498
83850  0.221498
83900  0.221498
83950  0.221498
84000  0.221498
84050  0.221498
84100  0.221498
84150  0.221498
84200  0.221498
84250  0.221498
84300  0.221498
84350  0.221498
84400  0.221498
84450  0.221498
84500  0.221498
84550  0.221498
84600  0.221498
84650  0.221498
84700  0.221498
84750  0.221498
84800  0.221498
84850  0.221498
84900  0.221498
84950  0.221498
85000  0.221498
85050  0.221498
85100  0.221498
85150  0.221498
85200  0.221498
85250  0.221498
85300  0.221498
85350  0.221498
85400  0.221498
85450  0.221498
85500  0.221498
85550  0.221498
85600  0.221498
85650  0.221498
85700  0.221498
85750  0.221498
85800  0.221498
85850  0.221498
85900  0.221498
85950  0.221498
86000  0.221498
86050  0.221498
86100  0.221498
86150  0.221498
86200  0.221498
86250  0.221498
86300  0.221498
86350  0.221498
86400  0.221498
86450  0.221498
86500  0.221498
86550  0.221498
86600  0.221498
86650  0.221498
86700  0.221498
86750  0.221498
86800  0.221498
86850  0.221498
86900  0.221498
86950  0.221498
87000  0.221498
87050  0.221498
87100  0.221498
87150  0.221498
87200  0.221498
87250  0.221498
87300  0.221498
87350  0.221498
87400  0.221498
87450  0.221498
87500  0.221498
87550  0.221498
87600  0.221498
87650  0.221498
87700  0.221498
87750  0.221498
87800  0.221498
87850  0.221488
87900  0.221488
87950  0.221488
88000  0.221488
88050  0.221488
88100  0.221488
88150  0.221488
88200  0.221488
88250  0.221488
88300  0.221488
88350  0.221488
88400  0.221488
88450  0.221488
88500  0.221488
88550  0.221488
88600  0.221488
88650  0.221488
88700  0.221488
88750  0.221488
88800  0.221488
88850  0.221488
88900  0.221488
88950  0.221488
89000  0.221488
89050  0.221488
89100  0.221488
89150  0.221488
89200  0.221488
89250  0.221488
89300  0.221488
89350  0.221488
89400  0.221488
89450  0.221488
89500  0.221488
89550  0.221488
89600  0.221488
89650  0.221405
89700  0.221405
89750  0.221405
89800  0.221405
89850  0.221405
89900  0.221405
89950  0.221405
90000  0.221405
90050  0.221405
90100  0.221405
90150  0.221405
90200  0.221405
90250  0.221405
90300  0.221405
90350  0.221405
90400  0.221405
90450  0.221405
90500  0.221405
90550  0.221405
90600  0.221405
90650  0.221405
90700  0.221405
90750  0.221405
90800  0.221405
90850  0.221405
90900  0.221405
90950  0.221405
91000  0.221405
91050  0.221405
91100  0.221405
91150  0.221405
91200  0.221405
91250  0.221405
91300  0.221405
91350  0.221405
91400  0.221369
91450  0.221369
91500  0.221369
91550  0.221365
91600  0.221365
91650  0.221365
91700  0.221333
91750  0.221333
91800  0.221333
91850  0.221333
91900  0.221333
91950  0.221315
92000  0.221315
92050  0.221315
92100  0.221315
92150  0.221315
92200  0.221315
92250  0.221315
92300  0.221315
92350  0.221315
92400  0.221315
92450  0.221315
92500  0.221315
92550  0.221315
92600  0.221315
92650  0.221315
92700  0.221315
92750  0.221315
92800  0.221315
92850  0.221315
92900  0.221315
92950  0.221315
93000  0.221315
93050  0.221315
93100  0.221315
93150  0.221315
93200  0.221315
93250  0.221315
93300  0.221315
93350  0.221315
93400  0.221315
93450  0.221315
93500  0.221315
93550  0.221315
93600  0.221315
93650  0.221315
93700  0.221315
93750  0.221315
93800  0.221315
93850  0.221315
93900  0.221315
93950  0.221315
94000  0.221315
94050  0.221315
94100  0.221315
94150  0.221315
94200  0.221315
94250  0.221315
94300  0.221315
94350  0.221315
94400  0.221315
94450  0.221315
94500  0.221315
94550  0.221315
94600  0.221245
94650  0.221245
94700  0.221245
94750  0.221245
94800  0.221245
94850  0.221245
94900  0.221245
94950  0.221245
95000  0.221245
95050  0.221245
95100  0.221245
95150  0.221223
95200  0.221223
95250  0.221223
95300  0.221223
95350  0.221223
95400  0.221223
95450  0.221223
95500  0.221223
95550  0.221223
95600  0.221223
95650  0.221223
95700  0.221223
95750  0.221223
95800  0.221223
95850  0.221223
95900  0.221223
95950  0.221223
96000  0.221223
96050  0.221223
96100  0.221223
96150  0.221223
96200  0.221223
96250  0.221223
96300  0.221223
96350  0.221223
96400  0.221223
96450  0.221223
96500  0.221223
96550  0.221223
96600  0.221223
96650  0.221223
96700  0.221223
96750  0.221223
96800  0.221223
96850  0.221223
96900  0.221223
96950  0.221223
97000  0.221223
97050  0.221223
97100  0.221223
97150  0.221223
97200  0.221223
97250  0.221223
97300  0.221223
97350  0.221223
97400  0.221223
97450  0.221223
97500  0.221223
97550  0.221223
97600  0.221223
97650  0.221223
97700  0.221223
97750  0.221223
97800  0.221223
97850  0.221223
97900  0.221223
97950  0.221223
98000  0.221223
98050  0.221223
98100  0.221223
98150  0.221223
98200  0.221223
98250  0.221223
98300  0.221223
98350  0.221223
98400  0.221223
98450  0.221223
98500  0.221223
98550  0.221223
98600  0.221223
98650  0.221223
98700  0.221223
98750  0.221223
98800  0.221223
98850  0.221223
98900  0.221223
98950  0.221223
99000  0.221169
99050  0.221169
99100  0.221169
99150  0.221169
99200  0.221169
99250  0.221169
99300  0.221169
99350  0.221169
99400  0.221169
99450  0.221169
99500  0.221169
99550  0.221169
99600  0.221169
99650  0.221169
99700  0.221169
99750  0.221169
99800  0.221169
99850  0.221169
99900  0.221169
99950  0.221169
100000  0.221169
100050  0.221169
100100  0.221169
100150  0.221169
100200  0.221169
100250  0.221169
100300  0.221169
100350  0.221169
100400  0.221169
100450  0.221169
100500  0.221169
100550  0.221169
100600  0.221169
100650  0.221169
100700  0.221169
100750  0.221169
100800  0.221169
100850  0.221169
100900  0.221168
100950  0.221168
101000  0.221168
101050  0.221168
101100  0.221168
101150  0.221168
101200  0.221168
101250  0.221168
101300  0.221168
101350  0.221168
101400  0.221168
101450  0.221168
101500  0.221168
101550  0.221168
101600  0.221168
101650  0.221168
101700  0.221168
101750  0.221168
101800  0.221168
101850  0.221168
101900  0.221168
101950  0.221168
102000  0.221168
102050  0.221168
102100  0.221147
102150  0.221147
102200  0.221147
102250  0.221129
102300  0.221129
102350  0.221129
102400  0.221129
102450  0.221129
102500  0.221129
102550  0.221129
102600  0.221129
102650  0.221129
102700  0.221129
102750  0.221129
102800  0.221129
102850  0.221129
102900  0.221129
102950  0.221129
103000  0.221129
103050  0.221129
103100  0.221129
103150  0.221129
103200  0.221129
103250  0.221129
103300  0.221129
103350  0.221129
103400  0.221129
103450  0.221129
103500  0.221129
103550  0.221129
103600  0.221129
103650  0.221129
103700  0.221129
103750  0.221129
103800  0.221129
103850  0.221129
103900  0.221129
103950  0.221129
104000  0.221129
104050  0.221129
104100  0.221129
104150  0.221129
104200  0.221129
104250  0.221129
104300  0.221129
104350  0.221129
104400  0.221129
104450  0.221129
104500  0.221129
104550  0.221129
104600  0.221129
104650  0.221129
104700  0.221129
104750  0.221129
104800  0.221129
104850  0.221129
104900  0.221129
104950  0.221129
105000  0.221129
105050  0.221129
105100  0.221129
105150  0.221129
105200  0.221129
105250  0.221129
105300  0.221129
105350  0.221129
105400  0.221129
105450  0.221129
105500  0.221129
105550  0.221129
105600  0.221129
105650  0.221129
105700  0.221129
105750  0.221129
105800  0.221129
105850  0.221089
105900  0.221089
105950  0.221089
106000  0.221089
106050  0.221089
106100  0.221089
106150  0.221089
106200  0.221089
106250  0.221089
106300  0.221089
106350  0.221089
106400  0.221089
106450  0.221089
106500  0.221089
106550  0.221089
106600  0.221089
106650  0.221089
106700  0.221089
106750  0.221089
106800  0.221089
106850  0.221089
106900  0.221089
106950  0.221089
107000  0.221089
107050  0.221089
107100  0.221089
107150  0.221089
107200  0.221089
107250  0.221089
107300  0.221089
107350  0.221089
107400  0.221089
107450  0.221089
107500  0.221089
107550  0.221089
107600  0.221089
107650  0.221089
107700  0.221089
107750  0.221089
107800  0.221089
107850  0.221089
107900  0.221089
107950  0.221089
108000  0.221089
108050  0.221089
108100  0.221089
108150  0.221089
108200  0.221089
108250  0.221089
108300  0.221089
108350  0.221089
108400  0.221089
108450  0.221089
108500  0.221089
108550  0.221089
108600  0.221089
108650  0.221032
108700  0.221032
108750  0.221032
108800  0.221032
108850  0.221032
108900  0.221032
108950  0.221032
109000  0.221032
109050  0.221032
109100  0.220941
109150  0.220941
109200  0.220941
109250  0.220941
109300  0.220941
109350  0.220941
109400  0.220941
109450  0.220941
109500  0.220941
109550  0.220941
109600  0.220941
109650  0.220941
109700  0.220941
109750  0.220941
109800  0.220941
109850  0.220941
109900  0.220941
109950  0.220941
110000  0.220941
110050  0.220941
110100  0.220941
110150  0.220941
110200  0.220941
110250  0.220941
110300  0.220941
110350  0.220941
110400  0.220941
110450  0.220941
110500  0.220941
110550  0.220941
110600  0.220941
110650  0.220941
110700  0.220941
110750  0.220941
110800  0.220941
110850  0.220941
110900  0.220941
110950  0.220941
111000  0.220887
111050  0.220887
111100  0.220887
111150  0.220887
111200  0.220887
111250  0.220887
111300  0.220887
111350  0.220887
111400  0.220887
111450  0.220887
111500  0.220887
111550  0.220887
111600  0.220887
111650  0.220887
111700  0.220887
