Step  Penalty
100  0.59893
200  0.524763
300  0.509476
400  0.49509
500  0.476398
600  0.453953
700  0.429928
800  0.409441
900  0.389361
1000  0.368266
1100  0.352271
1200  0.338046
1300  0.327581
1400  0.316908
1500  0.307853
1600  0.299176
1700  0.291343
1800  0.283275
1900  0.276992
2000  0.269971
2100  0.265124
2200  0.261673
2300  0.258485
2400  0.254698
2500  0.251896
2600  0.249444
2700  0.247686
2800  0.24595
2900  0.243908
3000  0.242161
3100  0.240404
3200  0.238961
3300  0.237377
3400  0.235743
3500  0.234677
3600  0.233569
3700  0.232693
3800  0.231908
3900  0.231166
4000  0.230246
4100  0.2293
4200  0.228597
4300  0.227495
4400  0.22697
4500  0.226383
4600  0.225951
4700  0.225668
4800  0.225292
4900  0.224958
5000  0.224569
5100  0.224408
5200  0.223938
5300  0.223458
5400  0.223119
5500  0.222982
5600  0.222727
5700  0.222471
5800  0.222405
5900  0.222092
6000  0.221954
6100  0.221704
6200  0.221551
6300  0.221457
6400  0.221336
6500  0.22116
6600  0.220999
6700  0.220774
6800  0.220635
6900  0.220568
7000  0.220475
7100  0.220409
7200  0.220313
7300  0.220178
7400  0.2201
7500  0.220039
7600  0.219923
7700  0.219877
7800  0.219727
7900  0.219727
8000  0.219593
8100  0.219548
8200  0.219389
8300  0.219365
8400  0.219354
8500  0.219354
8600  0.219306
8700  0.219225
8800  0.219158
8900  0.219125
9000  0.219046
9100  0.218983
9200  0.218983
9300  0.218891
9400  0.218758
9500  0.218717
9600  0.218713
9700  0.218667
9800  0.218626
9900  0.218549
10000  0.218549
10100  0.218523
10200  0.218301
10300  0.218301
10400  0.218267
10500  0.218208
10600  0.218136
10700  0.218121
10800  0.218053
10900  0.218053
11000  0.218053
11100  0.218037
11200  0.218028
11300  0.218028
11400  0.217969
11500  0.217924
11600  0.217852
11700  0.217826
11800  0.217821
11900  0.217821
12000  0.217806
12100  0.217746
12200  0.217746
12300  0.217746
12400  0.217669
12500  0.217669
12600  0.217669
12700  0.217669
12800  0.217616
12900  0.217616
13000  0.217616
13100  0.217604
13200  0.217573
13300  0.217536
13400  0.217536
13500  0.217504
13600  0.217458
13700  0.217362
13800  0.217354
13900  0.217354
14000  0.217304
14100  0.217304
14200  0.217304
14300  0.217365
14400  0.217288
14500  0.217288
14600  0.217526
14700  0.21725
14800  0.217235
14900  0.217225
15000  0.217199
15100  0.217199
15200  0.217128
15300  0.217086
15400  0.217025
15500  0.217025
15600  0.216958
15700  0.216953
15800  0.216918
15900  0.21687
16000  0.216851
16100  0.21684
16200  0.216827
16300  0.216827
16400  0.216768
16500  0.216768
16600  0.216726
16700  0.216707
16800  0.216707
16900  0.216707
17000  0.216707
17100  0.216603
17200  0.216599
17300  0.216542
17400  0.216522
17500  0.216522
17600  0.216506
17700  0.216519
17800  0.216481
17900  0.216481
18000  0.216481
18100  0.216481
18200  0.216407
18300  0.216361
18400  0.216361
18500  0.216324
18600  0.216324
18700  0.216324
18800  0.216324
18900  0.216319
19000  0.216252
19100  0.216243
19200  0.216231
19300  0.216212
19400  0.216127
19500  0.216127
19600  0.216501
19700  0.216127
19800  0.216127
19900  0.216127
20000  0.216127
20100  0.216127
20200  0.216085
20300  0.216085
20400  0.216085
20500  0.216085
20600  0.216039
20700  0.216039
20800  0.216039
20900  0.215981
21000  0.215981
21100  0.21596
21200  0.215917
21300  0.215917
21400  0.215917
21500  0.215909
21600  0.215876
21700  0.215869
21800  0.215865
21900  0.215865
22000  0.215865
22100  0.215855
22200  0.215855
22300  0.215829
22400  0.215788
22500  0.215725
22600  0.215933
22700  0.215725
22800  0.21572
22900  0.21572
23000  0.215952
23100  0.21571
23200  0.215933
23300  0.215703
23400  0.215694
23500  0.215668
23600  0.215651
23700  0.215651
23800  0.215651
23900  0.215615
24000  0.215615
24100  0.215615
24200  0.215615
24300  0.215615
24400  0.215615
24500  0.215615
24600  0.215615
24700  0.215615
24800  0.215615
24900  0.215615
25000  0.215615
25100  0.215615
25200  0.215615
25300  0.215615
25400  0.215615
25500  0.215551
25600  0.215551
25700  0.215551
25800  0.215532
25900  0.215532
26000  0.215532
26100  0.215532
26200  0.215532
26300  0.215532
26400  0.215532
26500  0.215532
26600  0.215532
26700  0.215532
26800  0.215532
26900  0.215526
27000  0.215513
27100  0.215513
27200  0.215509
27300  0.215509
27400  0.21546
27500  0.215429
27600  0.215406
27700  0.215406
27800  0.215396
27900  0.215396
28000  0.215396
28100  0.215396
28200  0.215396
28300  0.215366
28400  0.215366
28500  0.215318
28600  0.215253
28700  0.215253
28800  0.215151
28900  0.215151
29000  0.215132
29100  0.215097
29200  0.215097
29300  0.215097
29400  0.215097
29500  0.215097
29600  0.215097
29700  0.215097
29800  0.215097
29900  0.215097
30000  0.215097
30100  0.215097
30200  0.215097
30300  0.215097
30400  0.215059
30500  0.215059
30600  0.215026
30700  0.215026
30800  0.215026
30900  0.215026
31000  0.215026
31100  0.215007
31200  0.215007
31300  0.215007
31400  0.215007
31500  0.215005
31600  0.214965
31700  0.214965
31800  0.214965
31900  0.214965
32000  0.214939
32100  0.21498
32200  0.215341
32300  0.214939
32400  0.214939
32500  0.214933
32600  0.214933
32700  0.214933
32800  0.214933
32900  0.214903
33000  0.214903
33100  0.214903
33200  0.214903
33300  0.214908
33400  0.214908
33500  0.214908
33600  0.214908
33700  0.214891
33800  0.214891
33900  0.214891
34000  0.214874
34100  0.214856
34200  0.214856
34300  0.214856
34400  0.214832
34500  0.214832
34600  0.214832
34700  0.214832
34800  0.214832
34900  0.214832
35000  0.214818
35100  0.214818
35200  0.214818
35300  0.214818
35400  0.214818
35500  0.214808
35600  0.214789
35700  0.214734
35800  0.214734
35900  0.214734
36000  0.214861
36100  0.214719
36200  0.214719
36300  0.214719
36400  0.21469
36500  0.21469
36600  0.21469
36700  0.21469
36800  0.21469
36900  0.21469
37000  0.21469
37100  0.21469
37200  0.21469
37300  0.21469
37400  0.21469
37500  0.214647
37600  0.214579
37700  0.214579
37800  0.214579
37900  0.214579
38000  0.214842
38100  0.214579
38200  0.214579
38300  0.214563
38400  0.214563
38500  0.214563
38600  0.214563
38700  0.214539
38800  0.214539
38900  0.214539
39000  0.214742
39100  0.214663
39200  0.214663
39300  0.214539
39400  0.214539
39500  0.214539
39600  0.214539
39700  0.214539
39800  0.214539
39900  0.214539
40000  0.214539
40100  0.214539
40200  0.214836
40300  0.214604
40400  0.214665
40500  0.214495
40600  0.214485
40700  0.214485
40800  0.214539
40900  0.214451
41000  0.214451
41100  0.214451
41200  0.21442
41300  0.21442
41400  0.21442
41500  0.21442
41600  0.21442
41700  0.214402
41800  0.214402
41900  0.2144
42000  0.2144
42100  0.2144
42200  0.2144
42300  0.2144
42400  0.2144
42500  0.2144
42600  0.2144
42700  0.2144
42800  0.2144
42900  0.2144
43000  0.2144
43100  0.214364
43200  0.214364
43300  0.214364
43400  0.214358
43500  0.214358
43600  0.214358
43700  0.214358
43800  0.214357
43900  0.214357
44000  0.214357
44100  0.214357
44200  0.214357
44300  0.214345
44400  0.214345
44500  0.214345
44600  0.214345
44700  0.214345
44800  0.214345
44900  0.214345
45000  0.214301
45100  0.214254
45200  0.214251
45300  0.214251
45400  0.214251
45500  0.214291
45600  0.214291
45700  0.214291
45800  0.214291
45900  0.214291
46000  0.214291
46100  0.214237
46200  0.214237
46300  0.214237
46400  0.214237
46500  0.214231
46600  0.214235
46700  0.214231
46800  0.214231
46900  0.214231
47000  0.214231
47100  0.214318
47200  0.214231
47300  0.214231
47400  0.214153
47500  0.214153
47600  0.214153
47700  0.214153
47800  0.214153
47900  0.214153
48000  0.214153
48100  0.214153
48200  0.214153
48300  0.214153
48400  0.214315
48500  0.214153
48600  0.214153
48700  0.214153
48800  0.214126
48900  0.214119
49000  0.214119
49100  0.2141
49200  0.2141
49300  0.214202
49400  0.2141
49500  0.2141
49600  0.2141
49700  0.2141
49800  0.2141
49900  0.2141
50000  0.2141
50100  0.2141
50200  0.214254
50300  0.2141
50400  0.2141
50500  0.2141
50600  0.2141
50700  0.214164
50800  0.214047
50900  0.214047
51000  0.214047
51100  0.214047
51200  0.214047
51300  0.214047
51400  0.214047
51500  0.214047
51600  0.214022
51700  0.214022
51800  0.214022
51900  0.214315
52000  0.214022
52100  0.214022
52200  0.214254
52300  0.214022
52400  0.214022
52500  0.214022
52600  0.214022
52700  0.214022
52800  0.214022
52900  0.214022
53000  0.214022
53100  0.214022
53200  0.214022
53300  0.214022
53400  0.214022
53500  0.214022
53600  0.214022
53700  0.213973
53800  0.213973
53900  0.213972
54000  0.213972
54100  0.213972
54200  0.213972
54300  0.213972
54400  0.213972
54500  0.213972
54600  0.213972
54700  0.213972
54800  0.213972
54900  0.213972
55000  0.213972
55100  0.213972
55200  0.213972
55300  0.213972
55400  0.213972
55500  0.213972
55600  0.213972
55700  0.213972
55800  0.213962
55900  0.213962
56000  0.213913
56100  0.213913
56200  0.213913
56300  0.213913
56400  0.213913
56500  0.213913
56600  0.213913
56700  0.213913
56800  0.213872
56900  0.213872
57000  0.213872
57100  0.213872
57200  0.213872
57300  0.213847
57400  0.213847
57500  0.213847
57600  0.213847
57700  0.213847
57800  0.213817
57900  0.214045
58000  0.213817
58100  0.213817
58200  0.213817
58300  0.213817
58400  0.213817
58500  0.213817
58600  0.213779
58700  0.213775
58800  0.213775
58900  0.213775
59000  0.213775
59100  0.213775
59200  0.213775
59300  0.213775
59400  0.213775
59500  0.213775
59600  0.213775
59700  0.213775
59800  0.213775
59900  0.213775
60000  0.213775
60100  0.213775
60200  0.213775
60300  0.213775
60400  0.213775
60500  0.213775
60600  0.213775
60700  0.213775
60800  0.213775
60900  0.213775
61000  0.213775
61100  0.213775
61200  0.213775
61300  0.213775
61400  0.213733
61500  0.213733
61600  0.213733
61700  0.213733
61800  0.213733
61900  0.213733
62000  0.213733
62100  0.213733
62200  0.213733
62300  0.213733
62400  0.213714
62500  0.213714
62600  0.213714
62700  0.213714
62800  0.21371
62900  0.21371
63000  0.21371
63100  0.21371
63200  0.21371
63300  0.21371
63400  0.21371
63500  0.21371
63600  0.21371
63700  0.21371
63800  0.21371
63900  0.21371
64000  0.21371
64100  0.21371
64200  0.21371
64300  0.21371
64400  0.21371
64500  0.21371
64600  0.213702
64700  0.213702
64800  0.213691
64900  0.213691
65000  0.213691
65100  0.213691
65200  0.213691
65300  0.213691
65400  0.213691
65500  0.213691
65600  0.213691
65700  0.213691
65800  0.213691
65900  0.213691
66000  0.213691
66100  0.213691
66200  0.213691
66300  0.213691
66400  0.213691
66500  0.213649
66600  0.213649
66700  0.213649
66800  0.213649
66900  0.213641
67000  0.213618
67100  0.213618
67200  0.213618
67300  0.213596
67400  0.21358
67500  0.21358
67600  0.21358
67700  0.21358
67800  0.21358
67900  0.21358
68000  0.21358
68100  0.21358
68200  0.21358
68300  0.213544
68400  0.213544
68500  0.213544
68600  0.213544
68700  0.213544
68800  0.213544
68900  0.213544
69000  0.21348
69100  0.21348
69200  0.21348
69300  0.21348
69400  0.213467
69500  0.213467
69600  0.213467
69700  0.213467
69800  0.213467
69900  0.213467
70000  0.213467
70100  0.213467
70200  0.213467
70300  0.213467
70400  0.213467
70500  0.213467
70600  0.213467
70700  0.213467
70800  0.213467
70900  0.213467
71000  0.213467
71100  0.213467
71200  0.213467
71300  0.213372
71400  0.213372
71500  0.213372
71600  0.213372
71700  0.213372
71800  0.213372
71900  0.213372
72000  0.213372
72100  0.213372
72200  0.213372
72300  0.213372
72400  0.213365
72500  0.213365
72600  0.213365
72700  0.213363
72800  0.213363
72900  0.213325
73000  0.213325
73100  0.213325
73200  0.213325
73300  0.213325
73400  0.213325
73500  0.213325
73600  0.213325
73700  0.213325
73800  0.213325
73900  0.213325
74000  0.213325
74100  0.213325
74200  0.213325
74300  0.213325
74400  0.213354
74500  0.213325
74600  0.213942
74700  0.213942
74800  0.213308
74900  0.213308
75000  0.213308
75100  0.213308
75200  0.213308
75300  0.213308
75400  0.213293
75500  0.213293
75600  0.213293
75700  0.213293
75800  0.213293
75900  0.213293
76000  0.213293
76100  0.21326
76200  0.213222
76300  0.213222
76400  0.213222
76500  0.213222
76600  0.213222
76700  0.213222
76800  0.213222
76900  0.213222
77000  0.213222
77100  0.213222
77200  0.213222
77300  0.213222
77400  0.213222
77500  0.213222
77600  0.213222
77700  0.213222
77800  0.213222
77900  0.213222
78000  0.213222
78100  0.213222
78200  0.21316
78300  0.21316
78400  0.21316
78500  0.21316
78600  0.21316
78700  0.21316
78800  0.21316
78900  0.21316
79000  0.21316
79100  0.21316
79200  0.21316
79300  0.21316
79400  0.21316
79500  0.21316
79600  0.21316
79700  0.21316
79800  0.21316
79900  0.21316
80000  0.21316
80100  0.21316
80200  0.21316
80300  0.21316
80400  0.21314
80500  0.21314
80600  0.21314
80700  0.21314
80800  0.21314
80900  0.213136
81000  0.213136
81100  0.213136
81200  0.213136
81300  0.213136
81400  0.213136
81500  0.213136
81600  0.213136
81700  0.213136
81800  0.213136
81900  0.213136
82000  0.213136
82100  0.213136
82200  0.213136
82300  0.213136
82400  0.213136
82500  0.213136
82600  0.213123
82700  0.213123
82800  0.213123
82900  0.213104
83000  0.213104
83100  0.213104
83200  0.213104
83300  0.213104
83400  0.213104
83500  0.213104
83600  0.213104
83700  0.213104
83800  0.213085
83900  0.213085
84000  0.213085
84100  0.213085
84200  0.213085
84300  0.213085
84400  0.213085
84500  0.213085
84600  0.213085
84700  0.213085
84800  0.213085
84900  0.213085
85000  0.213085
85100  0.213085
85200  0.213073
85300  0.213073
85400  0.21306
85500  0.21306
85600  0.21306
85700  0.21306
85800  0.21306
85900  0.21306
86000  0.213056
86100  0.213056
86200  0.213056
86300  0.213056
86400  0.213056
86500  0.213056
86600  0.213056
86700  0.213056
86800  0.213056
86900  0.213056
87000  0.213056
87100  0.213056
87200  0.213056
87300  0.213056
87400  0.213056
87500  0.213055
87600  0.213055
87700  0.213055
87800  0.213055
87900  0.213049
88000  0.213049
88100  0.213049
88200  0.213049
88300  0.213049
88400  0.213049
88500  0.213049
88600  0.213049
88700  0.213049
88800  0.213049
88900  0.213049
89000  0.213049
89100  0.213049
89200  0.213049
89300  0.213049
89400  0.213049
89500  0.213049
89600  0.213049
89700  0.213049
89800  0.213049
89900  0.213049
90000  0.21304
90100  0.21304
90200  0.213037
90300  0.213037
90400  0.213037
90500  0.213037
90600  0.213037
90700  0.213037
90800  0.213037
90900  0.213037
91000  0.213037
91100  0.213037
91200  0.213037
91300  0.213037
91400  0.213037
91500  0.213037
91600  0.213037
91700  0.213037
91800  0.213037
91900  0.213037
92000  0.213037
92100  0.213037
92200  0.213037
92300  0.213012
92400  0.213012
92500  0.213012
92600  0.213012
92700  0.213012
92800  0.213012
92900  0.213012
93000  0.213012
93100  0.213012
93200  0.213012
93300  0.213012
93400  0.213012
93500  0.213012
93600  0.213012
93700  0.212988
93800  0.212988
93900  0.212988
94000  0.212988
94100  0.212988
94200  0.212988
94300  0.212988
94400  0.212988
94500  0.212988
94600  0.212988
94700  0.212988
94800  0.212988
94900  0.212988
95000  0.212988
95100  0.212988
95200  0.212988
95300  0.212988
95400  0.212979
95500  0.212979
95600  0.21297
95700  0.21297
95800  0.21297
95900  0.21297
96000  0.21297
96100  0.21297
96200  0.21297
96300  0.21297
96400  0.21297
96500  0.21297
96600  0.21297
96700  0.21297
96800  0.21297
96900  0.21297
97000  0.21297
97100  0.21297
97200  0.21297
97300  0.21297
97400  0.21297
97500  0.21297
97600  0.21297
97700  0.21297
97800  0.21297
97900  0.212894
98000  0.212894
98100  0.212894
98200  0.212894
98300  0.212894
98400  0.212894
98500  0.212846
98600  0.212846
98700  0.212846
98800  0.212846
98900  0.212846
99000  0.212846
99100  0.212846
99200  0.212846
99300  0.212846
99400  0.212846
99500  0.212846
99600  0.212846
99700  0.212846
99800  0.212846
99900  0.212808
100000  0.212808
100100  0.212808
100200  0.212808
100300  0.212808
100400  0.212808
100500  0.212808
100600  0.212808
100700  0.212785
100800  0.212785
100900  0.212769
101000  0.212769
101100  0.212769
101200  0.212769
101300  0.212769
101400  0.212769
101500  0.212769
101600  0.212769
101700  0.212769
101800  0.212769
101900  0.212769
102000  0.212766
102100  0.212766
102200  0.212766
102300  0.212766
102400  0.212766
102500  0.212766
102600  0.212748
102700  0.212748
102800  0.212748
102900  0.212734
103000  0.212734
103100  0.212734
103200  0.212734
103300  0.212734
103400  0.212734
103500  0.212734
103600  0.212734
103700  0.212734
103800  0.212734
103900  0.212734
104000  0.212734
104100  0.212734
104200  0.212734
104300  0.212734
104400  0.212734
104500  0.212734
104600  0.212734
104700  0.212734
104800  0.212734
104900  0.212734
105000  0.212734
105100  0.212734
105200  0.21267
105300  0.21267
105400  0.21267
105500  0.21267
105600  0.21267
105700  0.21267
105800  0.21267
105900  0.21267
106000  0.21267
106100  0.21267
106200  0.21267
106300  0.21267
106400  0.21267
106500  0.21267
106600  0.21267
106700  0.21267
106800  0.21267
106900  0.21267
107000  0.21267
107100  0.21267
107200  0.21267
107300  0.21267
107400  0.21267
107500  0.21267
107600  0.212642
107700  0.212642
107800  0.212642
107900  0.212642
108000  0.212642
108100  0.212642
108200  0.212642
108300  0.212639
108400  0.212562
108500  0.212562
108600  0.212562
108700  0.212562
108800  0.212547
108900  0.212547
109000  0.212547
109100  0.212547
109200  0.212547
109300  0.212547
109400  0.212547
109500  0.212547
109600  0.212547
109700  0.212547
109800  0.212547
109900  0.212547
110000  0.212547
110100  0.212547
110200  0.212547
110300  0.212547
110400  0.212547
110500  0.212547
110600  0.212547
110700  0.2125
