Step  Penalty
50  0.473597
100  0.473597
150  0.435184
200  0.435184
250  0.407808
300  0.385459
350  0.36106
400  0.334961
450  0.320396
500  0.304999
550  0.288915
600  0.274667
650  0.268055
700  0.260094
750  0.248794
800  0.244132
850  0.244132
900  0.237011
950  0.237011
1000  0.235097
1050  0.235097
1100  0.234038
1150  0.229298
1200  0.227703
1250  0.226156
1300  0.226156
1350  0.225877
1400  0.223466
1450  0.223191
1500  0.223191
1550  0.222287
1600  0.222287
1650  0.222287
1700  0.222287
1750  0.217863
1800  0.217863
1850  0.217863
1900  0.217863
1950  0.217863
2000  0.217863
2050  0.217863
2100  0.217863
2150  0.217863
2200  0.217863
2250  0.217863
2300  0.217863
2350  0.217863
2400  0.217863
2450  0.217863
2500  0.217863
2550  0.217863
2600  0.217863
2650  0.217863
2700  0.217863
2750  0.217863
2800  0.217863
2850  0.217863
2900  0.217863
2950  0.217863
3000  0.217863
3050  0.217863
3100  0.217863
3150  0.216539
3200  0.216539
3250  0.216539
3300  0.216539
3350  0.216539
3400  0.216539
3450  0.216539
3500  0.216539
3550  0.216539
3600  0.216423
3650  0.216423
3700  0.216423
3750  0.216423
3800  0.216423
3850  0.216423
3900  0.216423
3950  0.216423
4000  0.216423
4050  0.216423
4100  0.216423
4150  0.216423
4200  0.216423
4250  0.216423
4300  0.216423
4350  0.216423
4400  0.216423
4450  0.216423
4500  0.216423
4550  0.216423
4600  0.216423
4650  0.216423
4700  0.216423
4750  0.216423
4800  0.216423
4850  0.216423
4900  0.216423
4950  0.216423
5000  0.216423
5050  0.216423
5100  0.216423
5150  0.216423
5200  0.216423
5250  0.216423
5300  0.216423
5350  0.216423
5400  0.216423
5450  0.216423
5500  0.216423
5550  0.216423
5600  0.216423
5650  0.216423
5700  0.216423
5750  0.216423
5800  0.216423
5850  0.216423
5900  0.216423
5950  0.216423
6000  0.216423
6050  0.216423
6100  0.216423
6150  0.216423
6200  0.216423
6250  0.216423
6300  0.216423
6350  0.216423
6400  0.216423
6450  0.216423
6500  0.216423
6550  0.216423
6600  0.216423
6650  0.216423
6700  0.216423
6750  0.216423
6800  0.216423
6850  0.216423
6900  0.216423
6950  0.216423
7000  0.216423
7050  0.216423
7100  0.216423
7150  0.216423
7200  0.216423
7250  0.216423
7300  0.216423
7350  0.216423
7400  0.216423
7450  0.216423
7500  0.216423
7550  0.216423
7600  0.216423
7650  0.216423
7700  0.216423
7750  0.216423
7800  0.216423
7850  0.216423
7900  0.216423
7950  0.216423
8000  0.216423
8050  0.216423
8100  0.216423
8150  0.216423
8200  0.216423
8250  0.216423
8300  0.216423
8350  0.216423
8400  0.216423
8450  0.216423
8500  0.216423
8550  0.216423
8600  0.216423
8650  0.216423
8700  0.216423
8750  0.216423
8800  0.216423
8850  0.216423
8900  0.216423
8950  0.216423
9000  0.216423
9050  0.216423
9100  0.216423
9150  0.216423
9200  0.216423
9250  0.216423
9300  0.216423
9350  0.216423
9400  0.216423
9450  0.216423
9500  0.216423
9550  0.216423
9600  0.216423
9650  0.216423
9700  0.216423
9750  0.216423
9800  0.216423
9850  0.216423
9900  0.216423
9950  0.216423
10000  0.216423
10050  0.216423
10100  0.216423
10150  0.216423
10200  0.216423
10250  0.216423
10300  0.216423
10350  0.216423
10400  0.216423
10450  0.216423
10500  0.216423
10550  0.216423
10600  0.216423
10650  0.216423
10700  0.216423
10750  0.216423
10800  0.216423
10850  0.216423
10900  0.216423
10950  0.216423
11000  0.216423
11050  0.216423
11100  0.216423
11150  0.216423
11200  0.216423
11250  0.216423
11300  0.216423
11350  0.216423
11400  0.216423
11450  0.216423
11500  0.216423
11550  0.216423
11600  0.216423
11650  0.216423
11700  0.216423
11750  0.216423
11800  0.216423
11850  0.216423
11900  0.216423
11950  0.216423
12000  0.216423
12050  0.216423
12100  0.216423
12150  0.216423
12200  0.216423
12250  0.216423
12300  0.216423
12350  0.216423
12400  0.216423
12450  0.216423
12500  0.216423
12550  0.216423
12600  0.216423
12650  0.216423
12700  0.216423
12750  0.216423
12800  0.216423
12850  0.216423
12900  0.216423
12950  0.216423
13000  0.216423
13050  0.216423
13100  0.216423
13150  0.216423
13200  0.216423
13250  0.216423
13300  0.216423
13350  0.216423
13400  0.216423
13450  0.216423
13500  0.216423
13550  0.216423
13600  0.216423
13650  0.216423
13700  0.216423
13750  0.216423
13800  0.216423
13850  0.216423
13900  0.216423
13950  0.216423
14000  0.216423
14050  0.216423
14100  0.216423
14150  0.216423
14200  0.216423
14250  0.216423
14300  0.216423
14350  0.216423
14400  0.216423
14450  0.216423
14500  0.216423
14550  0.216423
14600  0.216423
14650  0.216423
14700  0.216423
14750  0.216423
14800  0.216423
14850  0.216423
14900  0.216423
14950  0.216423
15000  0.216423
15050  0.216423
15100  0.216423
15150  0.216423
15200  0.216423
15250  0.216423
15300  0.216423
15350  0.216423
15400  0.216423
15450  0.216423
15500  0.216423
15550  0.216423
15600  0.216423
15650  0.216423
15700  0.216423
15750  0.216423
15800  0.216423
15850  0.216423
15900  0.216423
15950  0.216423
16000  0.216423
16050  0.216423
16100  0.216423
16150  0.216423
16200  0.216423
16250  0.216423
16300  0.216423
16350  0.216423
16400  0.216423
16450  0.216423
16500  0.216423
16550  0.216423
16600  0.216423
16650  0.216423
16700  0.216423
16750  0.216423
16800  0.216423
16850  0.216423
16900  0.216423
16950  0.216423
17000  0.216423
17050  0.216423
17100  0.216423
17150  0.216423
17200  0.216423
17250  0.216423
17300  0.216423
17350  0.216423
17400  0.216423
17450  0.216423
17500  0.216423
17550  0.216423
17600  0.216423
17650  0.216423
17700  0.216423
17750  0.216423
17800  0.216423
17850  0.216423
17900  0.216423
17950  0.216423
18000  0.216423
18050  0.216423
18100  0.216423
18150  0.216423
18200  0.216423
18250  0.216423
18300  0.216423
18350  0.216423
18400  0.216423
18450  0.216423
18500  0.216423
18550  0.216423
18600  0.216423
18650  0.216423
18700  0.216423
18750  0.216423
18800  0.216423
18850  0.216423
18900  0.216423
18950  0.216423
19000  0.216423
19050  0.216423
19100  0.216423
19150  0.216423
19200  0.216423
19250  0.216423
19300  0.216423
19350  0.216423
19400  0.216423
19450  0.216423
19500  0.216423
19550  0.216423
19600  0.216423
19650  0.216423
19700  0.216423
19750  0.216423
19800  0.216423
19850  0.216423
19900  0.216423
19950  0.216423
20000  0.216423
20050  0.216423
20100  0.216423
20150  0.216423
20200  0.216423
20250  0.216423
20300  0.216423
20350  0.216423
20400  0.216423
20450  0.216423
20500  0.216423
20550  0.216423
20600  0.216423
20650  0.216423
20700  0.216423
20750  0.216423
20800  0.216423
20850  0.216423
20900  0.216423
20950  0.216423
21000  0.216423
21050  0.216423
21100  0.216423
21150  0.216423
21200  0.216423
21250  0.216423
21300  0.216423
21350  0.216423
21400  0.216423
21450  0.216423
21500  0.216423
21550  0.216423
21600  0.216423
21650  0.216423
21700  0.216423
21750  0.216423
21800  0.216423
21850  0.216423
21900  0.216423
21950  0.216423
22000  0.216423
22050  0.216423
22100  0.216423
22150  0.216423
22200  0.216423
22250  0.216423
22300  0.216423
22350  0.216423
22400  0.216423
22450  0.216423
22500  0.216423
22550  0.216423
22600  0.216423
22650  0.216423
22700  0.216423
22750  0.216423
22800  0.216423
22850  0.216423
22900  0.216423
22950  0.216423
23000  0.216423
23050  0.216423
23100  0.216423
23150  0.216423
23200  0.216423
23250  0.216423
23300  0.216423
23350  0.216423
23400  0.216423
23450  0.216423
23500  0.216423
23550  0.216423
23600  0.216423
23650  0.216423
23700  0.216423
23750  0.216423
23800  0.216423
23850  0.216423
23900  0.216423
23950  0.216423
24000  0.216423
24050  0.216423
24100  0.216423
24150  0.216423
24200  0.216423
24250  0.216423
24300  0.216423
24350  0.216423
24400  0.216423
24450  0.216423
24500  0.216423
24550  0.216423
24600  0.216423
24650  0.216423
24700  0.216423
24750  0.216423
24800  0.216423
24850  0.216423
24900  0.216423
24950  0.216423
25000  0.216423
25050  0.216423
25100  0.216423
25150  0.216423
25200  0.216423
25250  0.216423
25300  0.216423
25350  0.216423
25400  0.216423
25450  0.216423
25500  0.216423
25550  0.216423
25600  0.216423
25650  0.216423
25700  0.216423
25750  0.216423
25800  0.216423
25850  0.216423
25900  0.216423
25950  0.216423
26000  0.216423
26050  0.216423
26100  0.216423
26150  0.216423
26200  0.216423
26250  0.216423
26300  0.216423
26350  0.216423
26400  0.216423
26450  0.216423
26500  0.216423
26550  0.216423
26600  0.216423
26650  0.216423
26700  0.216423
26750  0.216423
26800  0.216423
26850  0.216423
26900  0.216423
26950  0.216423
27000  0.216423
27050  0.216423
27100  0.216423
27150  0.216423
27200  0.216423
27250  0.216423
27300  0.216423
27350  0.216423
27400  0.216423
27450  0.216423
27500  0.216423
27550  0.216423
27600  0.216423
27650  0.216423
27700  0.216423
27750  0.216423
27800  0.216423
27850  0.216423
27900  0.216423
27950  0.216423
28000  0.216423
28050  0.216423
28100  0.216423
28150  0.216423
28200  0.216423
28250  0.216423
28300  0.216423
28350  0.216423
28400  0.216423
28450  0.216423
28500  0.216423
28550  0.216423
28600  0.216423
28650  0.216423
28700  0.216423
28750  0.216423
28800  0.216423
28850  0.216423
28900  0.216423
28950  0.216423
29000  0.216423
29050  0.216423
29100  0.216423
29150  0.216423
29200  0.216423
29250  0.216423
29300  0.216423
29350  0.216423
29400  0.216423
29450  0.216423
29500  0.216423
29550  0.216423
29600  0.216423
29650  0.216423
29700  0.216423
29750  0.216423
29800  0.216423
29850  0.216423
29900  0.216423
29950  0.216423
30000  0.216423
30050  0.216423
30100  0.216423
30150  0.216423
30200  0.216423
30250  0.216423
30300  0.216423
30350  0.216423
30400  0.216423
30450  0.216423
30500  0.216423
30550  0.216423
30600  0.216423
30650  0.216423
30700  0.216423
30750  0.216423
30800  0.216423
30850  0.216423
30900  0.216423
30950  0.216423
31000  0.216423
31050  0.216423
31100  0.216423
31150  0.216423
31200  0.216423
31250  0.216423
31300  0.216423
31350  0.216423
31400  0.216423
31450  0.216423
31500  0.216423
31550  0.216423
31600  0.216423
31650  0.216423
31700  0.216423
31750  0.216423
31800  0.216423
31850  0.216423
31900  0.216423
31950  0.216423
32000  0.216423
32050  0.216423
32100  0.216423
32150  0.216423
32200  0.216423
32250  0.216423
32300  0.216423
32350  0.216423
32400  0.216423
32450  0.216423
32500  0.216423
32550  0.216423
32600  0.216423
32650  0.216423
32700  0.216423
32750  0.216423
32800  0.216423
32850  0.216423
32900  0.216423
32950  0.216423
33000  0.216423
33050  0.216423
33100  0.216423
33150  0.216423
33200  0.216423
33250  0.216423
33300  0.216423
33350  0.216423
33400  0.216423
33450  0.216423
33500  0.216423
33550  0.216423
33600  0.216423
33650  0.216423
33700  0.216423
33750  0.216423
33800  0.216423
33850  0.216423
33900  0.216423
33950  0.216423
34000  0.216423
34050  0.216423
34100  0.216423
34150  0.216423
34200  0.216423
34250  0.216423
34300  0.216423
34350  0.216423
34400  0.216423
34450  0.216423
34500  0.216423
34550  0.216423
34600  0.216423
34650  0.216423
34700  0.216423
34750  0.216423
34800  0.216423
34850  0.216423
34900  0.216423
34950  0.216423
35000  0.216423
35050  0.216423
35100  0.216423
35150  0.216423
35200  0.216423
35250  0.216423
35300  0.216423
35350  0.216423
35400  0.216423
35450  0.216423
35500  0.216423
35550  0.216423
35600  0.216423
35650  0.216423
35700  0.216423
35750  0.216423
35800  0.216423
35850  0.216423
35900  0.216423
35950  0.216423
36000  0.216423
36050  0.216423
36100  0.216423
36150  0.216423
36200  0.216423
36250  0.216423
36300  0.216423
36350  0.216423
36400  0.216423
36450  0.216423
36500  0.216423
36550  0.216423
36600  0.216423
36650  0.216423
36700  0.216423
36750  0.216423
36800  0.216423
36850  0.216423
36900  0.216423
36950  0.216423
37000  0.216423
37050  0.216423
37100  0.216423
37150  0.216423
37200  0.216423
37250  0.216423
37300  0.216423
37350  0.216423
37400  0.216423
37450  0.216423
37500  0.216423
37550  0.216423
37600  0.216423
37650  0.216423
37700  0.216423
37750  0.216423
37800  0.216423
37850  0.216423
37900  0.216423
37950  0.216423
38000  0.216423
38050  0.216423
38100  0.216423
38150  0.216423
38200  0.216423
38250  0.216423
38300  0.216423
38350  0.216423
38400  0.216423
38450  0.216423
38500  0.216423
38550  0.216423
38600  0.216423
38650  0.216423
38700  0.216423
38750  0.216423
38800  0.216423
38850  0.216423
38900  0.216423
38950  0.216423
39000  0.216423
39050  0.216423
39100  0.216423
39150  0.216423
39200  0.216423
39250  0.216326
39300  0.216326
39350  0.216326
39400  0.216326
39450  0.216326
39500  0.216326
39550  0.216326
39600  0.216326
39650  0.216326
39700  0.216326
39750  0.216326
39800  0.216326
39850  0.216326
39900  0.216326
39950  0.216326
40000  0.216326
40050  0.216326
40100  0.216326
40150  0.216326
40200  0.216326
40250  0.216326
40300  0.216326
40350  0.216326
40400  0.216326
40450  0.216326
40500  0.216326
40550  0.216326
40600  0.216326
40650  0.216326
40700  0.216326
40750  0.216326
40800  0.216326
40850  0.216326
40900  0.216326
40950  0.216326
41000  0.216326
41050  0.216326
41100  0.216326
41150  0.216326
41200  0.216326
41250  0.216326
41300  0.216326
41350  0.216326
41400  0.216326
41450  0.216326
41500  0.216326
41550  0.216326
41600  0.216326
41650  0.216326
41700  0.216326
41750  0.216326
41800  0.216326
41850  0.216326
41900  0.216326
41950  0.216326
42000  0.216326
42050  0.216326
42100  0.216326
42150  0.216326
42200  0.216326
42250  0.216326
42300  0.216326
42350  0.216326
42400  0.216326
42450  0.216326
42500  0.216326
42550  0.216326
42600  0.216326
42650  0.216326
42700  0.216326
42750  0.216326
42800  0.216326
42850  0.216326
42900  0.216326
42950  0.216326
43000  0.216326
43050  0.216326
43100  0.216326
43150  0.216326
43200  0.216326
43250  0.216326
43300  0.216326
43350  0.216326
43400  0.216326
43450  0.216326
43500  0.216326
43550  0.216326
43600  0.216326
43650  0.216326
43700  0.216326
43750  0.216326
43800  0.216326
43850  0.216326
43900  0.216326
43950  0.216326
44000  0.216326
44050  0.216326
44100  0.216326
44150  0.216326
44200  0.216326
44250  0.216326
44300  0.216326
44350  0.216326
44400  0.216326
44450  0.216326
44500  0.216326
44550  0.216326
44600  0.216326
44650  0.216326
44700  0.216326
44750  0.216326
44800  0.216326
44850  0.216326
44900  0.216326
44950  0.216326
45000  0.216326
45050  0.216326
45100  0.216326
45150  0.216326
45200  0.216326
45250  0.216326
45300  0.216326
45350  0.216326
45400  0.216326
45450  0.216326
45500  0.216326
45550  0.216326
45600  0.216326
45650  0.216326
45700  0.216326
45750  0.216058
45800  0.216058
45850  0.216058
45900  0.216058
45950  0.216058
46000  0.216058
46050  0.216058
46100  0.216058
46150  0.216058
46200  0.216058
46250  0.216058
46300  0.216058
46350  0.216058
46400  0.216058
46450  0.216058
46500  0.216058
46550  0.216058
46600  0.216058
46650  0.216058
46700  0.216058
46750  0.216058
46800  0.216058
46850  0.216058
46900  0.216058
46950  0.216058
47000  0.216058
47050  0.216058
47100  0.216058
47150  0.216058
47200  0.216058
47250  0.216058
47300  0.216058
47350  0.216058
47400  0.216058
47450  0.216058
47500  0.216058
47550  0.216058
47600  0.216058
47650  0.216058
47700  0.216058
47750  0.216058
47800  0.216058
47850  0.216058
47900  0.216058
47950  0.216058
48000  0.216058
48050  0.216058
48100  0.216058
48150  0.216058
48200  0.216058
48250  0.216058
48300  0.216058
48350  0.216058
48400  0.216058
48450  0.216058
48500  0.216058
48550  0.216058
48600  0.216058
48650  0.216058
48700  0.216058
48750  0.216058
48800  0.216058
48850  0.216058
48900  0.216058
48950  0.216058
49000  0.216058
49050  0.216058
49100  0.216058
49150  0.216058
49200  0.216058
49250  0.216058
49300  0.216058
49350  0.216058
49400  0.216058
49450  0.216058
49500  0.216058
49550  0.216058
49600  0.216058
49650  0.216058
49700  0.216058
49750  0.216058
49800  0.216058
49850  0.216058
49900  0.216058
49950  0.216058
50000  0.216058
50050  0.216058
50100  0.216058
50150  0.216058
50200  0.216058
50250  0.216058
50300  0.216058
50350  0.216058
50400  0.216058
50450  0.216058
50500  0.216058
50550  0.216058
50600  0.216058
50650  0.216058
50700  0.216058
50750  0.216058
50800  0.216058
50850  0.216058
50900  0.216058
50950  0.216058
51000  0.216058
51050  0.216058
51100  0.216058
51150  0.216058
51200  0.216058
51250  0.216058
51300  0.216058
51350  0.216058
51400  0.216058
51450  0.216058
51500  0.216058
51550  0.216058
51600  0.216058
51650  0.216058
51700  0.216058
51750  0.216058
51800  0.216058
51850  0.216058
51900  0.216058
51950  0.216058
52000  0.216058
52050  0.216058
52100  0.216058
52150  0.216058
52200  0.216058
52250  0.216058
52300  0.216058
52350  0.216058
52400  0.216058
52450  0.216058
52500  0.216058
52550  0.216058
52600  0.216058
52650  0.216058
52700  0.216058
52750  0.216058
52800  0.216058
52850  0.216058
52900  0.216058
52950  0.216058
53000  0.216058
53050  0.216058
53100  0.216058
53150  0.216058
53200  0.216058
53250  0.216058
53300  0.216058
53350  0.216058
53400  0.216058
53450  0.216058
53500  0.216058
53550  0.216058
53600  0.216058
53650  0.216058
53700  0.216058
53750  0.216058
53800  0.216058
53850  0.216058
53900  0.216058
53950  0.216058
54000  0.215953
54050  0.215953
54100  0.215953
54150  0.215953
54200  0.215953
54250  0.215953
54300  0.215953
54350  0.215953
54400  0.215953
54450  0.215953
54500  0.215953
54550  0.215953
54600  0.215953
54650  0.215953
54700  0.215953
54750  0.215953
54800  0.215953
54850  0.215953
54900  0.215953
54950  0.215953
55000  0.215953
55050  0.215953
55100  0.215953
55150  0.215953
55200  0.215953
55250  0.215953
55300  0.215953
55350  0.215953
55400  0.215953
55450  0.215953
55500  0.215953
55550  0.215953
55600  0.215953
55650  0.215953
55700  0.215953
55750  0.215953
55800  0.215953
55850  0.215953
55900  0.215953
55950  0.215953
56000  0.215953
56050  0.215953
56100  0.215953
56150  0.215953
56200  0.215953
56250  0.215953
56300  0.215953
56350  0.215953
56400  0.215953
56450  0.215953
56500  0.215953
56550  0.215953
56600  0.215953
56650  0.215953
56700  0.215953
56750  0.215953
56800  0.215953
56850  0.215953
56900  0.215953
56950  0.215953
57000  0.215953
57050  0.215953
57100  0.215953
57150  0.215953
57200  0.215953
57250  0.215953
57300  0.215953
57350  0.215953
57400  0.215953
57450  0.215953
57500  0.215953
57550  0.215953
57600  0.215953
57650  0.215953
57700  0.215953
57750  0.215953
57800  0.215953
57850  0.215953
57900  0.215953
57950  0.215953
58000  0.215953
58050  0.215953
58100  0.215953
58150  0.215953
58200  0.215953
58250  0.215953
58300  0.215953
58350  0.215953
58400  0.215953
58450  0.215953
58500  0.215953
58550  0.215953
58600  0.215953
58650  0.215953
58700  0.215953
58750  0.215953
58800  0.215953
58850  0.215953
58900  0.215953
58950  0.215953
59000  0.215953
59050  0.215953
59100  0.215953
59150  0.215953
59200  0.215953
59250  0.215953
59300  0.215953
59350  0.215953
59400  0.215953
59450  0.215953
59500  0.215953
59550  0.215953
59600  0.215953
59650  0.215953
59700  0.215953
59750  0.215953
59800  0.215953
59850  0.215953
59900  0.215953
59950  0.215953
60000  0.215953
60050  0.215953
60100  0.215953
60150  0.215953
60200  0.215953
60250  0.215953
60300  0.215953
60350  0.215953
60400  0.215953
60450  0.215953
60500  0.215953
60550  0.215953
60600  0.215953
60650  0.215953
60700  0.215953
60750  0.215953
60800  0.215953
60850  0.215953
60900  0.215953
60950  0.215953
61000  0.215953
61050  0.215953
61100  0.215953
61150  0.215953
61200  0.215953
61250  0.215953
61300  0.215953
61350  0.215953
61400  0.215953
61450  0.215953
61500  0.215953
61550  0.215953
61600  0.215953
61650  0.215953
61700  0.215953
61750  0.215953
61800  0.215953
61850  0.215953
61900  0.215953
61950  0.215953
62000  0.215953
62050  0.215953
62100  0.215953
62150  0.215953
62200  0.215953
62250  0.215953
62300  0.215953
62350  0.215953
62400  0.215953
62450  0.215953
62500  0.215953
62550  0.215953
62600  0.215953
62650  0.215953
62700  0.215953
62750  0.215953
62800  0.215953
62850  0.215953
62900  0.215953
62950  0.215953
63000  0.215953
63050  0.215953
63100  0.215953
63150  0.215953
63200  0.215953
63250  0.215953
63300  0.215953
63350  0.215953
63400  0.215953
63450  0.215953
63500  0.215953
63550  0.215953
63600  0.215953
63650  0.215953
63700  0.215953
63750  0.215953
63800  0.215953
63850  0.215953
63900  0.215953
63950  0.215953
64000  0.215953
64050  0.215953
64100  0.215953
64150  0.215953
64200  0.215953
64250  0.215953
64300  0.215953
64350  0.215953
64400  0.215953
64450  0.215953
64500  0.215953
64550  0.215953
64600  0.215953
64650  0.215953
64700  0.215953
64750  0.215953
64800  0.215953
64850  0.215953
64900  0.215953
64950  0.215953
65000  0.215953
65050  0.215953
65100  0.215953
65150  0.215953
65200  0.215953
65250  0.215953
65300  0.215953
65350  0.215953
65400  0.215953
65450  0.215953
65500  0.215953
65550  0.215953
65600  0.215953
65650  0.215953
65700  0.215953
65750  0.215953
65800  0.215953
65850  0.215953
65900  0.215953
65950  0.215953
66000  0.215953
66050  0.215953
66100  0.215953
66150  0.215953
66200  0.215953
66250  0.215953
66300  0.215953
66350  0.215953
66400  0.215953
66450  0.215953
66500  0.215953
66550  0.215953
66600  0.215953
66650  0.215953
66700  0.215953
66750  0.215953
66800  0.215953
66850  0.215953
66900  0.215953
66950  0.215953
67000  0.215953
67050  0.215953
67100  0.215953
67150  0.215953
67200  0.215953
67250  0.215953
67300  0.215953
67350  0.215953
67400  0.215953
67450  0.215953
67500  0.215953
67550  0.215953
67600  0.215953
67650  0.215953
67700  0.215953
67750  0.215953
67800  0.215953
67850  0.215953
67900  0.215953
67950  0.215953
68000  0.215953
68050  0.215953
68100  0.215953
68150  0.215953
68200  0.215953
68250  0.215953
68300  0.215953
68350  0.215953
68400  0.215953
68450  0.215953
68500  0.215953
68550  0.215953
68600  0.215953
68650  0.215953
68700  0.215953
68750  0.215953
68800  0.215953
68850  0.215953
68900  0.215953
68950  0.215953
69000  0.215953
69050  0.215953
69100  0.215953
69150  0.215953
69200  0.215953
69250  0.215953
69300  0.215953
69350  0.215953
69400  0.215953
69450  0.215953
69500  0.215953
69550  0.215953
69600  0.215953
69650  0.215953
69700  0.215953
69750  0.215953
69800  0.215953
69850  0.215953
69900  0.215953
69950  0.215953
70000  0.215953
70050  0.215953
70100  0.215953
70150  0.215953
70200  0.215953
70250  0.215953
70300  0.215953
70350  0.215953
70400  0.215953
70450  0.215953
70500  0.215953
70550  0.215953
70600  0.215953
70650  0.215953
70700  0.215953
70750  0.215953
70800  0.215953
70850  0.215953
70900  0.215953
70950  0.215953
71000  0.215953
71050  0.215953
71100  0.215953
71150  0.215953
71200  0.215953
71250  0.215953
71300  0.215953
71350  0.215953
71400  0.215953
71450  0.215953
71500  0.215953
71550  0.215953
71600  0.215953
71650  0.215953
71700  0.215953
71750  0.215953
71800  0.215953
71850  0.215953
71900  0.215953
71950  0.215953
72000  0.215953
72050  0.215953
72100  0.215953
72150  0.215953
72200  0.215953
72250  0.215953
72300  0.215953
72350  0.215953
72400  0.215953
72450  0.215953
72500  0.215953
72550  0.215953
72600  0.215953
72650  0.215953
72700  0.215953
72750  0.215953
72800  0.215953
72850  0.215953
72900  0.215953
72950  0.215953
73000  0.215953
73050  0.215953
73100  0.215953
73150  0.215953
73200  0.215953
73250  0.215953
73300  0.215953
73350  0.215953
73400  0.215953
73450  0.215953
73500  0.215953
73550  0.215953
73600  0.215953
73650  0.215953
73700  0.215953
73750  0.215953
73800  0.215953
73850  0.215953
73900  0.215953
73950  0.215953
74000  0.215953
74050  0.215953
74100  0.215953
74150  0.215953
74200  0.215953
74250  0.215953
74300  0.215953
74350  0.215953
74400  0.215953
74450  0.215953
74500  0.215953
74550  0.215953
74600  0.215953
74650  0.215953
74700  0.215953
74750  0.215953
74800  0.215953
74850  0.215953
74900  0.215953
74950  0.215953
75000  0.215953
75050  0.215953
75100  0.215953
75150  0.215953
75200  0.215953
75250  0.215953
75300  0.215953
75350  0.215953
75400  0.215953
75450  0.215953
75500  0.215953
75550  0.215953
75600  0.215953
75650  0.215953
75700  0.215953
75750  0.215953
75800  0.215953
75850  0.215953
75900  0.215953
75950  0.215953
76000  0.215953
76050  0.215953
76100  0.215953
76150  0.215953
76200  0.215953
76250  0.215953
76300  0.215953
76350  0.215953
76400  0.215953
76450  0.215953
76500  0.215953
76550  0.215953
76600  0.215953
76650  0.215953
76700  0.215953
76750  0.215953
76800  0.215953
76850  0.215953
76900  0.215953
76950  0.215953
77000  0.215953
77050  0.215953
77100  0.215953
77150  0.215953
77200  0.215953
77250  0.215953
77300  0.215953
77350  0.215953
77400  0.215953
77450  0.215953
77500  0.215953
77550  0.215953
77600  0.215953
77650  0.215953
77700  0.215953
77750  0.215953
77800  0.215953
77850  0.215953
77900  0.215953
77950  0.215953
78000  0.215953
78050  0.215953
78100  0.215953
78150  0.215953
78200  0.215953
78250  0.215953
78300  0.215953
78350  0.215953
78400  0.215953
78450  0.215953
78500  0.215953
78550  0.215953
78600  0.215953
78650  0.215953
78700  0.215953
78750  0.215953
78800  0.215953
78850  0.215953
78900  0.215953
78950  0.215953
79000  0.215953
79050  0.215953
79100  0.215953
79150  0.215953
79200  0.215953
79250  0.215953
79300  0.215953
79350  0.215953
79400  0.215953
79450  0.215953
79500  0.215953
79550  0.215953
79600  0.215953
79650  0.215953
79700  0.215953
79750  0.215953
79800  0.215953
79850  0.215953
79900  0.215953
79950  0.215953
80000  0.215953
80050  0.215953
80100  0.215953
80150  0.215953
80200  0.215953
80250  0.215953
80300  0.215953
80350  0.215953
80400  0.215953
80450  0.215953
80500  0.215953
80550  0.215953
80600  0.215953
80650  0.215953
80700  0.215953
80750  0.215953
80800  0.215953
80850  0.215953
80900  0.215953
80950  0.215953
81000  0.215382
81050  0.215382
81100  0.215382
81150  0.215382
81200  0.215382
81250  0.215382
81300  0.215382
81350  0.215382
81400  0.215382
81450  0.215382
81500  0.215382
81550  0.215382
81600  0.215382
81650  0.215382
81700  0.215382
81750  0.215382
81800  0.215382
81850  0.215382
81900  0.215382
81950  0.215382
82000  0.215382
82050  0.215382
82100  0.215382
82150  0.215382
82200  0.215382
82250  0.215382
82300  0.215382
82350  0.215382
82400  0.215382
82450  0.215382
82500  0.215382
82550  0.215382
82600  0.215382
82650  0.215382
82700  0.215382
82750  0.215382
82800  0.215382
82850  0.215382
82900  0.215382
82950  0.215382
83000  0.215382
83050  0.215382
83100  0.215382
83150  0.215382
83200  0.215382
83250  0.215382
83300  0.215382
83350  0.215382
83400  0.215382
83450  0.215382
83500  0.215382
83550  0.215382
83600  0.215382
83650  0.215382
83700  0.215382
83750  0.215382
83800  0.215382
83850  0.215382
83900  0.215382
83950  0.215382
84000  0.215382
84050  0.215382
84100  0.215382
84150  0.215382
84200  0.215382
84250  0.215382
84300  0.215382
84350  0.215382
84400  0.215382
84450  0.215382
84500  0.215382
84550  0.215382
84600  0.215382
84650  0.215382
84700  0.215382
84750  0.215382
84800  0.215382
84850  0.215382
84900  0.215382
84950  0.215382
85000  0.215382
85050  0.215382
85100  0.215382
85150  0.215382
85200  0.215382
85250  0.215382
85300  0.215382
85350  0.215382
85400  0.215382
85450  0.215382
85500  0.215382
85550  0.215382
85600  0.215382
85650  0.215382
85700  0.215382
85750  0.215382
85800  0.215382
85850  0.215382
85900  0.215382
85950  0.215382
86000  0.215382
86050  0.215382
86100  0.215382
86150  0.215382
86200  0.215382
86250  0.215382
86300  0.215382
86350  0.215382
86400  0.215382
86450  0.215382
86500  0.215382
86550  0.215382
86600  0.215382
86650  0.215382
86700  0.215382
86750  0.215382
86800  0.215382
86850  0.215382
86900  0.215382
86950  0.215382
87000  0.215382
87050  0.215382
87100  0.215382
87150  0.215382
87200  0.215382
87250  0.215382
87300  0.215382
87350  0.215382
87400  0.215382
87450  0.215382
87500  0.215382
87550  0.215382
87600  0.215382
87650  0.215382
87700  0.215382
87750  0.215382
87800  0.215382
87850  0.215382
87900  0.215382
87950  0.215382
88000  0.215382
88050  0.215382
88100  0.215382
88150  0.215382
88200  0.215382
88250  0.215382
88300  0.215382
88350  0.215382
88400  0.215382
88450  0.215382
88500  0.215382
88550  0.215382
88600  0.215382
88650  0.215382
88700  0.215382
88750  0.215382
88800  0.215382
88850  0.215382
88900  0.215382
88950  0.215047
89000  0.215047
89050  0.215047
89100  0.215047
89150  0.215047
89200  0.215047
89250  0.215047
89300  0.215047
89350  0.215047
89400  0.215047
89450  0.215047
89500  0.215047
89550  0.215047
89600  0.215047
89650  0.215047
89700  0.215047
89750  0.215047
89800  0.215047
89850  0.215047
89900  0.215047
89950  0.215047
90000  0.215047
90050  0.215047
90100  0.215047
90150  0.215047
90200  0.215047
90250  0.215047
90300  0.215047
90350  0.215047
90400  0.215047
90450  0.215047
90500  0.215047
90550  0.215047
90600  0.215047
90650  0.215047
90700  0.215047
90750  0.215047
90800  0.215047
90850  0.215047
90900  0.215047
90950  0.215047
91000  0.215047
91050  0.215047
91100  0.215047
91150  0.215047
91200  0.215047
91250  0.215047
91300  0.215047
91350  0.215047
91400  0.215047
91450  0.215047
91500  0.215047
91550  0.215047
91600  0.215047
91650  0.215047
91700  0.215047
91750  0.215047
91800  0.215047
91850  0.215047
91900  0.215047
91950  0.215047
92000  0.215047
92050  0.215047
92100  0.215047
92150  0.215047
92200  0.215047
92250  0.215047
92300  0.215047
92350  0.215047
92400  0.215047
92450  0.215047
92500  0.215047
92550  0.215047
92600  0.215047
92650  0.215047
92700  0.215047
92750  0.215047
92800  0.215047
92850  0.215047
92900  0.215047
92950  0.215047
93000  0.215047
93050  0.215047
93100  0.215047
93150  0.215047
93200  0.215047
93250  0.215047
93300  0.215047
93350  0.215047
93400  0.215047
93450  0.215047
93500  0.215047
93550  0.215047
93600  0.215047
93650  0.215047
93700  0.215047
93750  0.215047
93800  0.215047
93850  0.215047
93900  0.215047
93950  0.215047
94000  0.215047
94050  0.215047
94100  0.215047
94150  0.215047
94200  0.215047
94250  0.215047
94300  0.215047
94350  0.215047
94400  0.215047
94450  0.215047
94500  0.215047
94550  0.215047
94600  0.215047
94650  0.215047
94700  0.215047
94750  0.215047
94800  0.215047
94850  0.215047
94900  0.215047
94950  0.215047
95000  0.215047
95050  0.215047
95100  0.215047
95150  0.215047
95200  0.215047
95250  0.215047
95300  0.215047
95350  0.215047
95400  0.215047
95450  0.215047
95500  0.215047
95550  0.215047
95600  0.215047
95650  0.215047
95700  0.215047
95750  0.215047
95800  0.215047
95850  0.215047
95900  0.215047
95950  0.215047
96000  0.215047
96050  0.215047
96100  0.215047
96150  0.215047
96200  0.215047
96250  0.215047
96300  0.215047
96350  0.215047
96400  0.215047
96450  0.215047
96500  0.215047
96550  0.215047
96600  0.215047
96650  0.215047
96700  0.215047
96750  0.215047
96800  0.215047
96850  0.215047
96900  0.215047
96950  0.215047
97000  0.215047
97050  0.215047
97100  0.215047
97150  0.215047
97200  0.215047
97250  0.215047
97300  0.215047
97350  0.215047
97400  0.215047
97450  0.215047
97500  0.215047
97550  0.215047
97600  0.215047
97650  0.215047
97700  0.215047
97750  0.215047
97800  0.215047
97850  0.215047
97900  0.215047
97950  0.215047
98000  0.215047
98050  0.215047
98100  0.215047
98150  0.215047
98200  0.215047
98250  0.215047
98300  0.215047
98350  0.215047
98400  0.215047
98450  0.215047
98500  0.215047
98550  0.215047
98600  0.215047
98650  0.215047
98700  0.215047
98750  0.215047
98800  0.215047
98850  0.215047
98900  0.215047
98950  0.215047
99000  0.215047
99050  0.215047
99100  0.215047
99150  0.215047
99200  0.215047
99250  0.215047
99300  0.215047
99350  0.215047
99400  0.215047
99450  0.215047
99500  0.215047
99550  0.215047
99600  0.215047
99650  0.215047
99700  0.215047
99750  0.215047
99800  0.215047
99850  0.215047
99900  0.215047
99950  0.215047
100000  0.215047
100050  0.215047
100100  0.215047
100150  0.215047
100200  0.215047
100250  0.215047
100300  0.215047
100350  0.215047
100400  0.215047
100450  0.215047
100500  0.215047
100550  0.215047
100600  0.215047
100650  0.215047
100700  0.215047
100750  0.215047
100800  0.215047
100850  0.215047
100900  0.215047
100950  0.215047
101000  0.215047
101050  0.215047
101100  0.215047
101150  0.215047
101200  0.215047
101250  0.215047
101300  0.215047
101350  0.215047
101400  0.215047
101450  0.215047
101500  0.215047
101550  0.215047
101600  0.215047
101650  0.215047
101700  0.215047
101750  0.215047
101800  0.215047
101850  0.215047
101900  0.215047
101950  0.215047
102000  0.215047
102050  0.215047
102100  0.215047
102150  0.215047
102200  0.215047
102250  0.215047
102300  0.215047
102350  0.215047
102400  0.215047
102450  0.215047
102500  0.215047
102550  0.215047
102600  0.215047
102650  0.215047
102700  0.215047
102750  0.215047
102800  0.215047
102850  0.215047
102900  0.215047
102950  0.215047
103000  0.215047
103050  0.215047
103100  0.215047
103150  0.215047
103200  0.215047
103250  0.215047
103300  0.215047
103350  0.215047
103400  0.215047
103450  0.215047
103500  0.215047
103550  0.215047
103600  0.215047
103650  0.215047
103700  0.215047
103750  0.215047
103800  0.215047
103850  0.215047
103900  0.215047
103950  0.215047
104000  0.215047
104050  0.215047
104100  0.215047
104150  0.215047
104200  0.215047
104250  0.215047
104300  0.215047
104350  0.215047
104400  0.215047
104450  0.215047
104500  0.215047
104550  0.215047
104600  0.215047
104650  0.215047
104700  0.215047
104750  0.215047
104800  0.215047
104850  0.215047
104900  0.215047
104950  0.215047
105000  0.215047
105050  0.215047
105100  0.215047
105150  0.215047
105200  0.215047
105250  0.215047
105300  0.215047
105350  0.215047
105400  0.215047
105450  0.215047
105500  0.215047
105550  0.215047
105600  0.215047
105650  0.215047
105700  0.215047
105750  0.215047
105800  0.215047
105850  0.215047
105900  0.215047
105950  0.215047
106000  0.215047
106050  0.215047
106100  0.215047
106150  0.215047
106200  0.215047
106250  0.215047
106300  0.215047
106350  0.215047
106400  0.215047
106450  0.215047
106500  0.215047
106550  0.215047
106600  0.215047
106650  0.215047
106700  0.215047
106750  0.215047
106800  0.215047
106850  0.215047
106900  0.215047
106950  0.215047
107000  0.215047
107050  0.215047
107100  0.215047
107150  0.215047
107200  0.215047
107250  0.215047
107300  0.215047
107350  0.215047
107400  0.215047
107450  0.215047
107500  0.215047
107550  0.215047
107600  0.215047
107650  0.215047
107700  0.215047
107750  0.215047
107800  0.215047
107850  0.215047
107900  0.215047
107950  0.215047
108000  0.215047
108050  0.215047
108100  0.215047
108150  0.215047
108200  0.215047
108250  0.215047
108300  0.215047
108350  0.215047
108400  0.215047
108450  0.215047
108500  0.215047
108550  0.215047
108600  0.215047
108650  0.215047
108700  0.215047
108750  0.215047
108800  0.215047
108850  0.215047
108900  0.215047
108950  0.215047
109000  0.215047
109050  0.215047
109100  0.215047
109150  0.215047
109200  0.215047
109250  0.215047
109300  0.215047
109350  0.215047
109400  0.215047
109450  0.215047
109500  0.215047
109550  0.215047
109600  0.215047
109650  0.215047
109700  0.215047
109750  0.215047
109800  0.215047
109850  0.215047
109900  0.215047
109950  0.215047
110000  0.215047
110050  0.215047
110100  0.215047
110150  0.215047
110200  0.215047
110250  0.215047
110300  0.215047
110350  0.215047
110400  0.215047
110450  0.215047
110500  0.215047
110550  0.215047
110600  0.215047
110650  0.215047
110700  0.215047
110750  0.215047
110800  0.215047
110850  0.215047
110900  0.215047
110950  0.215047
111000  0.215047
111050  0.215047
111100  0.215047
111150  0.215047
111200  0.215047
111250  0.215047
111300  0.215047
111350  0.215047
111400  0.215047
111450  0.215047
111500  0.215047
111550  0.215047
111600  0.215047
111650  0.215047
111700  0.215047
111750  0.215047
111800  0.215047
111850  0.215047
111900  0.215047
111950  0.215047
112000  0.215047
112050  0.215047
112100  0.215047
112150  0.215047
112200  0.215047
112250  0.215047
112300  0.215047
112350  0.215047
112400  0.215047
112450  0.215047
112500  0.215047
112550  0.215047
112600  0.215047
112650  0.215047
112700  0.215047
112750  0.215047
112800  0.215047
112850  0.215047
112900  0.215047
112950  0.215047
113000  0.215047
113050  0.215047
113100  0.215047
113150  0.215047
113200  0.215047
113250  0.215047
113300  0.215047
113350  0.215047
113400  0.215047
113450  0.215047
113500  0.215047
113550  0.215047
113600  0.215047
113650  0.215047
113700  0.215047
113750  0.215047
113800  0.215047
113850  0.215047
113900  0.215047
113950  0.215047
114000  0.215047
114050  0.215047
114100  0.215047
114150  0.215047
114200  0.215047
114250  0.215047
114300  0.215047
114350  0.215047
114400  0.215047
114450  0.215047
