Step  Penalty
100  0.53049
200  0.512692
300  0.49921
400  0.487275
500  0.470572
600  0.449552
700  0.428335
800  0.405314
900  0.383769
1000  0.366446
1100  0.351044
1200  0.33745
1300  0.325267
1400  0.314221
1500  0.303787
1600  0.295803
1700  0.288701
1800  0.281141
1900  0.274545
2000  0.269449
2100  0.264457
2200  0.260457
2300  0.255666
2400  0.252068
2500  0.248267
2600  0.245372
2700  0.242007
2800  0.239478
2900  0.237306
3000  0.235574
3100  0.234089
3200  0.23263
3300  0.231786
3400  0.230788
3500  0.229974
3600  0.229501
3700  0.228836
3800  0.228129
3900  0.227572
4000  0.227088
4100  0.226551
4200  0.226058
4300  0.225597
4400  0.22515
4500  0.224671
4600  0.224387
4700  0.224034
4800  0.223643
4900  0.223169
5000  0.222824
5100  0.222511
5200  0.222137
5300  0.221864
5400  0.221626
5500  0.221484
5600  0.221291
5700  0.220914
5800  0.220643
5900  0.220445
6000  0.220266
6100  0.220057
6200  0.219968
6300  0.219926
6400  0.219839
6500  0.219664
6600  0.219376
6700  0.219226
6800  0.219078
6900  0.218905
7000  0.218827
7100  0.218612
7200  0.218557
7300  0.218477
7400  0.2184
7500  0.218272
7600  0.218139
7700  0.218047
7800  0.217922
7900  0.217872
8000  0.217835
8100  0.217723
8200  0.217703
8300  0.217603
8400  0.217538
8500  0.217359
8600  0.217312
8700  0.217276
8800  0.217215
8900  0.216996
9000  0.216956
9100  0.21691
9200  0.216843
9300  0.216774
9400  0.216713
9500  0.216658
9600  0.216468
9700  0.216303
9800  0.216221
9900  0.216171
10000  0.215993
10100  0.215907
10200  0.215881
10300  0.215842
10400  0.215713
10500  0.21567
10600  0.215672
10700  0.215568
10800  0.215375
10900  0.215299
11000  0.215273
11100  0.215226
11200  0.215046
11300  0.215024
11400  0.214977
11500  0.214969
11600  0.21491
11700  0.214894
11800  0.214877
11900  0.214842
12000  0.214754
12100  0.214724
12200  0.214673
12300  0.214564
12400  0.214501
12500  0.214457
12600  0.214449
12700  0.214348
12800  0.214336
12900  0.214348
13000  0.214288
13100  0.214272
13200  0.21423
13300  0.21423
13400  0.214209
13500  0.214209
13600  0.214192
13700  0.214082
13800  0.214082
13900  0.21408
14000  0.21408
14100  0.214012
14200  0.213991
14300  0.213978
14400  0.213957
14500  0.213941
14600  0.213918
14700  0.213876
14800  0.213813
14900  0.213813
15000  0.213729
15100  0.213711
15200  0.213686
15300  0.213665
15400  0.213659
15500  0.213638
15600  0.213603
15700  0.213603
15800  0.213597
15900  0.213596
16000  0.213592
16100  0.213558
16200  0.213442
16300  0.213413
16400  0.213402
16500  0.213387
16600  0.213372
16700  0.213357
16800  0.213327
16900  0.213314
17000  0.213314
17100  0.213302
17200  0.213311
17300  0.213302
17400  0.213308
17500  0.213305
17600  0.21327
17700  0.21323
17800  0.213229
17900  0.213233
18000  0.213203
18100  0.213202
18200  0.213192
18300  0.213199
18400  0.213193
18500  0.213178
18600  0.213154
18700  0.213149
18800  0.213154
18900  0.213144
19000  0.213135
19100  0.213131
19200  0.213133
19300  0.213112
19400  0.213112
19500  0.213093
19600  0.213088
19700  0.213054
19800  0.213056
19900  0.213064
20000  0.213047
20100  0.213034
20200  0.213026
20300  0.213017
20400  0.213
20500  0.212995
20600  0.212998
20700  0.212941
20800  0.212938
20900  0.212907
21000  0.212892
21100  0.212864
21200  0.21284
21300  0.212846
21400  0.212819
21500  0.212821
21600  0.212805
21700  0.212801
21800  0.212757
21900  0.212725
22000  0.212671
22100  0.212655
22200  0.212645
22300  0.212642
22400  0.212638
22500  0.212624
22600  0.212623
22700  0.212627
22800  0.212582
22900  0.212568
23000  0.212573
23100  0.212569
23200  0.212571
23300  0.212543
23400  0.212526
23500  0.212516
23600  0.212516
23700  0.212514
23800  0.212481
23900  0.212467
24000  0.212467
24100  0.212467
24200  0.212466
24300  0.212437
24400  0.212446
24500  0.212384
24600  0.212382
24700  0.21238
24800  0.21238
24900  0.212383
25000  0.212367
25100  0.212366
25200  0.212347
25300  0.21235
25400  0.212318
25500  0.212286
25600  0.212289
25700  0.212292
25800  0.212254
25900  0.212252
26000  0.212253
26100  0.212229
26200  0.21215
26300  0.212128
26400  0.212126
26500  0.212086
26600  0.212079
26700  0.21207
26800  0.212072
26900  0.212059
27000  0.212027
27100  0.21202
27200  0.211976
27300  0.21197
27400  0.211971
27500  0.211972
27600  0.211963
27700  0.211897
27800  0.211895
27900  0.211895
28000  0.211892
28100  0.211892
28200  0.211892
28300  0.211892
28400  0.211892
28500  0.211892
28600  0.211825
28700  0.211825
28800  0.211803
28900  0.211803
29000  0.211803
29100  0.211808
29200  0.211799
29300  0.211788
29400  0.211783
29500  0.211778
29600  0.211778
29700  0.211778
29800  0.211778
29900  0.211778
30000  0.211778
30100  0.211753
30200  0.211753
30300  0.211733
30400  0.211733
30500  0.211732
30600  0.211732
30700  0.211721
30800  0.211691
30900  0.211687
31000  0.211682
31100  0.211639
31200  0.211633
31300  0.211623
31400  0.211613
31500  0.211615
31600  0.211568
31700  0.211577
31800  0.211549
31900  0.211548
32000  0.211543
32100  0.211543
32200  0.211527
32300  0.211519
32400  0.211463
32500  0.21146
32600  0.211436
32700  0.211439
32800  0.211415
32900  0.211403
33000  0.211392
33100  0.211342
33200  0.211344
33300  0.211342
33400  0.211309
33500  0.211294
33600  0.21129
33700  0.211233
33800  0.211227
33900  0.211171
34000  0.211176
34100  0.211125
34200  0.211109
34300  0.211086
34400  0.211091
34500  0.211083
34600  0.211074
34700  0.211069
34800  0.21106
34900  0.21101
35000  0.211011
35100  0.211003
35200  0.210986
35300  0.210962
35400  0.210957
35500  0.210898
35600  0.210898
35700  0.210866
35800  0.210834
35900  0.21083
36000  0.210814
36100  0.210811
36200  0.21081
36300  0.210795
36400  0.210802
36500  0.210796
36600  0.210792
36700  0.210792
36800  0.21075
36900  0.210718
37000  0.210699
37100  0.210691
37200  0.210688
37300  0.210684
37400  0.210692
37500  0.210683
37600  0.210688
37700  0.210677
37800  0.210628
37900  0.210616
38000  0.210615
38100  0.210616
38200  0.210616
38300  0.210613
38400  0.210586
38500  0.210573
38600  0.210522
38700  0.210524
38800  0.210523
38900  0.210525
39000  0.21052
39100  0.210519
39200  0.210497
39300  0.210468
39400  0.210467
39500  0.210455
39600  0.210459
39700  0.210358
39800  0.210358
39900  0.210339
40000  0.210309
40100  0.210291
40200  0.21029
40300  0.210237
40400  0.210226
40500  0.210231
40600  0.210214
40700  0.210212
40800  0.210208
40900  0.210202
41000  0.21017
41100  0.210171
41200  0.210101
41300  0.210084
41400  0.210086
41500  0.210081
41600  0.210077
41700  0.21006
41800  0.21006
41900  0.210035
42000  0.210046
42100  0.210035
42200  0.209966
42300  0.209961
42400  0.209947
42500  0.209851
42600  0.209821
42700  0.209789
42800  0.209795
42900  0.209785
43000  0.20978
43100  0.209773
43200  0.209721
43300  0.209718
43400  0.20972
43500  0.209674
43600  0.209671
43700  0.20967
43800  0.209605
43900  0.209604
44000  0.20958
44100  0.209551
44200  0.209547
44300  0.209489
44400  0.209485
44500  0.209466
44600  0.209438
44700  0.209417
44800  0.209408
44900  0.20931
45000  0.209261
45100  0.209262
45200  0.209247
45300  0.20921
45400  0.20921
45500  0.209175
45600  0.209182
45700  0.209183
45800  0.209164
45900  0.209153
46000  0.20912
46100  0.209123
46200  0.209051
46300  0.20905
46400  0.209049
46500  0.209031
46600  0.209022
46700  0.208999
46800  0.208997
46900  0.208971
47000  0.208941
47100  0.208922
47200  0.208925
47300  0.208924
47400  0.208918
47500  0.208926
47600  0.208917
47700  0.208926
47800  0.208922
47900  0.208888
48000  0.20888
48100  0.208881
48200  0.208878
48300  0.208878
48400  0.208868
48500  0.208833
48600  0.208837
48700  0.208785
48800  0.208781
48900  0.208764
49000  0.208771
49100  0.208777
49200  0.208756
49300  0.208766
49400  0.208763
49500  0.208767
49600  0.208741
49700  0.208742
49800  0.208728
49900  0.208686
50000  0.20869
50100  0.20865
50200  0.208588
50300  0.208579
50400  0.208523
50500  0.208515
50600  0.208489
50700  0.208469
50800  0.208407
50900  0.208424
51000  0.208386
51100  0.208375
51200  0.20839
51300  0.208374
51400  0.208318
51500  0.20832
51600  0.208317
51700  0.208314
51800  0.208285
51900  0.20829
52000  0.208291
52100  0.208275
52200  0.208264
52300  0.208247
52400  0.208243
52500  0.208212
52600  0.208215
52700  0.208223
52800  0.208203
52900  0.208216
53000  0.208197
53100  0.208197
53200  0.208151
53300  0.208154
53400  0.208154
53500  0.208149
53600  0.208107
53700  0.208042
53800  0.208001
53900  0.20797
54000  0.207962
54100  0.207953
54200  0.20787
54300  0.207862
54400  0.207868
54500  0.207865
54600  0.207861
54700  0.207837
54800  0.207769
54900  0.207718
55000  0.207714
55100  0.207712
55200  0.207714
55300  0.207664
55400  0.207656
55500  0.20758
55600  0.207568
55700  0.207528
55800  0.207483
55900  0.207456
56000  0.207435
56100  0.207409
56200  0.207248
56300  0.207158
56400  0.207164
56500  0.207082
56600  0.207045
56700  0.20698
56800  0.206962
56900  0.206903
57000  0.20677
57100  0.206727
57200  0.20672
57300  0.206641
57400  0.206591
57500  0.206554
57600  0.20655
57700  0.206483
57800  0.206366
57900  0.206338
58000  0.206286
58100  0.206196
58200  0.206163
58300  0.206062
58400  0.206039
58500  0.206042
58600  0.205905
58700  0.205741
58800  0.205741
58900  0.205604
59000  0.205542
59100  0.205496
59200  0.205399
59300  0.205254
59400  0.205042
59500  0.204806
59600  0.204649
59700  0.204476
59800  0.204275
59900  0.203988
60000  0.203882
60100  0.203653
60200  0.203528
60300  0.203402
60400  0.203353
60500  0.203152
60600  0.202947
60700  0.202687
60800  0.202524
60900  0.202402
61000  0.20223
61100  0.2021
61200  0.202
61300  0.201814
61400  0.201694
61500  0.201631
61600  0.201588
61700  0.201543
61800  0.201455
61900  0.201302
62000  0.2012
62100  0.201085
62200  0.201045
62300  0.200983
62400  0.200878
62500  0.200863
62600  0.200814
62700  0.20077
62800  0.200736
62900  0.200713
63000  0.200701
63100  0.200663
63200  0.200585
63300  0.200511
63400  0.200445
63500  0.200396
63600  0.200358
63700  0.200344
63800  0.200214
63900  0.200192
64000  0.200144
64100  0.200078
64200  0.200072
64300  0.199989
64400  0.199919
64500  0.199854
64600  0.199782
64700  0.199785
64800  0.199786
64900  0.19968
65000  0.19967
65100  0.199668
65200  0.199599
65300  0.199591
65400  0.199569
65500  0.199562
65600  0.199527
65700  0.199513
65800  0.199469
65900  0.199429
66000  0.199331
66100  0.199275
66200  0.19926
66300  0.199128
66400  0.199119
66500  0.199065
66600  0.199057
66700  0.199036
66800  0.198984
66900  0.198929
67000  0.198929
67100  0.198936
67200  0.198932
67300  0.198879
67400  0.198853
67500  0.198821
67600  0.198785
67700  0.198756
67800  0.198756
67900  0.198694
68000  0.198688
68100  0.198609
68200  0.198629
68300  0.198592
68400  0.198604
68500  0.198575
68600  0.198557
68700  0.198507
68800  0.198495
68900  0.198496
69000  0.198451
69100  0.198442
69200  0.198425
69300  0.19841
69400  0.1984
69500  0.198368
69600  0.198333
69700  0.198322
69800  0.198295
69900  0.198303
70000  0.198291
70100  0.198277
70200  0.198223
70300  0.198213
70400  0.198196
70500  0.198166
70600  0.198136
70700  0.198149
70800  0.198127
70900  0.198108
71000  0.198104
71100  0.198098
71200  0.198093
71300  0.198098
71400  0.198077
71500  0.19803
71600  0.198036
71700  0.198013
71800  0.197971
71900  0.197966
72000  0.197975
72100  0.197961
72200  0.197968
72300  0.197914
72400  0.197922
72500  0.197904
72600  0.197914
72700  0.197907
72800  0.197909
72900  0.197898
73000  0.197881
73100  0.197885
73200  0.197851
73300  0.197853
73400  0.197852
73500  0.197825
73600  0.197798
73700  0.197757
73800  0.197748
73900  0.197685
74000  0.197664
74100  0.197655
74200  0.197661
74300  0.197645
74400  0.197631
74500  0.197621
74600  0.197606
74700  0.197609
74800  0.197613
74900  0.197596
75000  0.197605
75100  0.197613
75200  0.197575
75300  0.19754
75400  0.197531
75500  0.197484
75600  0.197486
75700  0.197463
75800  0.197468
75900  0.197446
76000  0.197431
76100  0.197389
76200  0.19736
76300  0.197363
76400  0.197363
76500  0.197365
76600  0.197356
76700  0.197347
76800  0.197307
76900  0.197299
77000  0.197287
77100  0.19726
77200  0.197248
77300  0.197251
77400  0.19723
77500  0.197228
77600  0.197234
77700  0.197197
77800  0.197165
77900  0.197159
78000  0.197155
78100  0.19716
78200  0.197159
78300  0.197143
78400  0.197157
78500  0.19713
78600  0.197114
78700  0.197098
78800  0.197065
78900  0.197056
79000  0.197034
79100  0.197047
79200  0.197042
79300  0.197042
79400  0.197015
79500  0.196991
79600  0.196983
79700  0.196953
79800  0.196961
79900  0.196949
80000  0.196883
80100  0.196865
80200  0.19683
80300  0.196832
80400  0.196827
80500  0.196837
80600  0.196809
80700  0.196791
80800  0.19679
80900  0.196758
81000  0.196739
81100  0.196737
81200  0.196725
81300  0.196706
81400  0.196673
81500  0.196621
81600  0.196619
81700  0.196615
81800  0.196601
81900  0.196575
82000  0.196549
82100  0.196496
82200  0.196506
82300  0.196489
82400  0.196494
82500  0.196481
82600  0.196482
82700  0.196474
82800  0.196463
82900  0.196443
83000  0.196451
83100  0.196427
83200  0.196424
83300  0.196414
83400  0.196402
83500  0.196397
83600  0.196358
83700  0.196354
83800  0.196359
83900  0.196342
84000  0.196353
84100  0.196268
84200  0.196275
84300  0.196277
84400  0.196266
84500  0.196219
84600  0.196202
84700  0.196182
84800  0.196185
84900  0.196159
85000  0.196141
85100  0.196124
85200  0.196117
85300  0.196111
85400  0.196051
85500  0.196043
85600  0.196016
85700  0.196027
85800  0.19602
85900  0.195969
86000  0.195971
86100  0.195959
86200  0.195946
86300  0.195932
86400  0.195925
86500  0.19591
86600  0.195892
86700  0.195908
86800  0.19592
86900  0.195898
87000  0.195861
87100  0.195839
87200  0.19584
87300  0.195831
87400  0.195817
87500  0.195783
87600  0.195755
87700  0.195741
87800  0.195696
87900  0.195674
88000  0.195663
88100  0.195628
88200  0.195586
88300  0.19559
88400  0.195586
88500  0.195577
88600  0.195553
88700  0.195547
88800  0.195558
88900  0.195538
89000  0.195537
89100  0.195536
89200  0.195516
89300  0.195517
89400  0.195501
89500  0.195476
89600  0.195482
89700  0.195462
89800  0.195467
89900  0.195456
90000  0.195404
90100  0.19539
90200  0.195386
90300  0.195393
90400  0.195388
90500  0.195326
90600  0.195342
90700  0.195288
90800  0.195277
90900  0.195234
91000  0.195192
91100  0.195182
91200  0.195172
91300  0.19513
91400  0.195115
91500  0.19511
91600  0.195091
91700  0.19507
91800  0.195075
91900  0.195062
92000  0.195033
92100  0.195028
92200  0.194981
92300  0.194962
92400  0.194864
92500  0.194854
92600  0.194777
92700  0.194696
92800  0.194705
92900  0.194621
93000  0.194529
93100  0.194504
93200  0.194479
93300  0.194447
93400  0.194397
93500  0.194421
93600  0.194352
93700  0.19429
93800  0.194222
93900  0.194209
94000  0.1942
94100  0.194134
94200  0.194098
94300  0.194033
94400  0.193989
94500  0.193877
94600  0.193871
94700  0.193789
94800  0.193698
94900  0.193659
95000  0.193571
95100  0.193422
95200  0.193382
95300  0.193318
95400  0.193254
95500  0.193172
95600  0.193129
95700  0.193039
95800  0.192886
95900  0.192902
96000  0.192861
96100  0.192774
96200  0.192714
96300  0.192669
96400  0.192561
96500  0.19244
96600  0.192352
96700  0.192207
96800  0.192026
96900  0.191906
97000  0.191769
97100  0.191593
97200  0.191555
97300  0.191485
97400  0.191332
97500  0.191174
97600  0.19106
97700  0.190906
97800  0.190889
97900  0.190808
98000  0.190702
98100  0.190536
98200  0.19037
98300  0.190227
98400  0.19015
98500  0.190028
98600  0.189924
98700  0.189794
98800  0.189648
98900  0.189377
99000  0.189343
99100  0.189072
99200  0.188924
99300  0.188758
99400  0.188698
99500  0.188578
99600  0.188356
99700  0.188258
99800  0.188186
99900  0.187983
100000  0.187779
100100  0.18765
100200  0.18755
100300  0.187427
100400  0.187192
100500  0.186874
100600  0.186685
100700  0.186447
100800  0.186267
100900  0.186118
101000  0.185894
101100  0.185809
101200  0.185698
101300  0.185626
101400  0.185476
101500  0.185284
101600  0.185023
101700  0.184891
101800  0.184568
101900  0.18438
102000  0.184134
102100  0.183899
102200  0.18352
102300  0.18305
102400  0.18284
102500  0.182604
102600  0.182417
102700  0.182297
102800  0.181987
102900  0.181825
103000  0.181654
103100  0.181271
103200  0.180993
103300  0.180822
103400  0.180757
103500  0.18073
103600  0.180513
103700  0.180289
103800  0.179955
103900  0.179827
104000  0.17964
104100  0.179472
104200  0.179353
104300  0.179001
104400  0.178769
104500  0.178515
104600  0.178297
104700  0.177962
104800  0.177855
104900  0.177735
105000  0.17742
105100  0.177108
105200  0.176816
105300  0.176667
105400  0.1765
105500  0.176281
105600  0.176079
105700  0.175747
105800  0.175414
105900  0.175391
106000  0.175192
106100  0.175117
106200  0.174899
106300  0.174835
106400  0.174733
106500  0.174686
106600  0.174668
106700  0.174539
106800  0.174472
106900  0.17444
107000  0.174289
107100  0.174202
107200  0.173889
107300  0.173884
107400  0.173743
107500  0.173664
107600  0.173605
107700  0.173462
107800  0.17342
107900  0.1734
108000  0.173334
108100  0.173283
108200  0.173147
108300  0.173115
108400  0.17304
108500  0.172918
108600  0.172945
108700  0.172879
108800  0.172799
108900  0.172733
109000  0.172707
109100  0.172644
109200  0.172604
109300  0.172556
109400  0.172541
109500  0.172462
109600  0.172388
109700  0.172308
109800  0.1722
109900  0.17222
110000  0.172156
110100  0.172149
110200  0.172148
110300  0.17207
110400  0.171953
110500  0.171891
110600  0.17184
110700  0.171784
110800  0.171773
110900  0.171754
111000  0.171756
111100  0.171697
111200  0.171592
111300  0.171551
111400  0.171563
111500  0.171465
111600  0.171503
111700  0.171518
111800  0.171468
111900  0.171434
112000  0.171422
112100  0.171365
112200  0.17133
112300  0.171298
112400  0.171299
112500  0.171258
112600  0.171243
112700  0.171189
112800  0.171201
112900  0.17119
113000  0.171166
113100  0.171191
113200  0.171141
113300  0.171149
113400  0.171166
113500  0.171142
113600  0.171145
113700  0.171104
113800  0.171071
113900  0.171061
114000  0.17105
114100  0.171047
